date	precipitation	temperature	discharge_spec
20051001	4.04	10.56	0.4
20051002	0.02	9.9	0.41
20051003	0.0	10.46	0.4
20051004	0.0	10.78	0.39
20051005	0.0	10.42	0.4
20051006	0.25	12.64	0.39
20051007	0.08	13.38	0.39
20051008	5.16	12.31	0.39
20051009	0.0	9.36	0.39
20051010	0.0	13.78	0.39
20051011	8.76	16.36	0.39
20051012	6.61	15.63	0.4
20051013	0.04	11.25	0.4
20051014	0.09	11.36	0.39
20051015	0.0	14.22	0.39
20051016	0.18	12.62	0.39
20051017	0.0	12.85	0.39
20051018	8.95	10.24	0.39
20051019	5.83	10.46	0.41
20051020	5.44	10.4	0.39
20051021	2.21	11.57	0.4
20051022	0.0	10.7	0.39
20051023	17.27	9.81	0.41
20051024	13.41	13.97	0.44
20051025	2.12	13.04	0.44
20051026	0.24	13.77	0.43
20051027	1.89	15.42	0.41
20051028	0.2	13.93	0.4
20051029	4.57	13.72	0.4
20051030	6.43	14.66	0.44
20051031	3.08	11.64	0.44
20051101	15.52	9.68	0.44
20051102	14.72	13.94	0.48
20051103	2.68	12.76	0.51
20051104	0.0	7.95	0.5
20051105	10.97	8.93	0.5
20051106	12.08	11.46	0.59
20051107	0.29	9.53	0.59
20051108	17.16	11.38	0.63
20051109	0.89	6.4	0.66
20051110	0.0	11.32	0.66
20051111	2.51	11.14	0.68
20051112	0.0	6.12	0.68
20051113	0.0	4.59	0.68
20051114	0.4	3.96	0.68
20051115	1.18	8.34	0.68
20051116	0.0	4.12	0.68
20051117	0.0	0.31	0.68
20051118	0.0	-0.36	0.67
20051119	0.0	-0.39	0.66
20051120	0.0	-0.86	0.66
20051121	0.07	0.0	0.65
20051122	0.04	2.19	0.64
20051123	0.0	1.62	0.63
20051124	1.75	4.09	0.62
20051125	0.17	-0.12	0.62
20051126	0.11	2.43	0.61
20051127	0.79	1.98	0.61
20051128	5.67	0.69	0.6
20051129	0.17	0.35	0.6
20051130	4.64	2.78	0.6
20051201	27.45	7.18	0.66
20051202	16.38	6.42	0.81
20051203	0.81	6.03	0.84
20051204	0.0	5.11	0.84
20051205	1.14	5.06	0.84
20051206	0.35	3.22	0.86
20051207	13.05	2.31	0.9
20051208	0.04	4.67	0.94
20051209	0.0	2.83	0.93
20051210	0.0	5.03	0.92
20051211	0.15	3.16	0.92
20051212	0.09	4.32	0.92
20051213	0.0	2.77	0.92
20051214	0.0	5.68	0.91
20051215	0.88	7.38	0.9
20051216	0.88	7.41	0.88
20051217	0.0	0.48	0.87
20051218	0.05	0.47	0.87
20051219	0.19	3.93	0.86
20051220	0.04	3.72	0.84
20051221	0.04	6.89	0.83
20051222	0.0	7.04	0.82
20051223	0.0	7.27	0.81
20051224	0.41	5.06	0.8
20051225	0.0	1.93	0.78
20051226	0.15	1.59	0.77
20051227	0.07	-0.55	0.76
20051228	0.0	-2.38	0.75
20051229	7.94	-3.11	0.75
20051230	9.03	3.65	0.85
20051231	2.62	5.43	0.82
20060101	0.0	5.31	0.8
20060102	0.03	3.81	0.78
20060103	1.19	6.38	0.78
20060104	0.03	4.16	0.78
20060105	0.0	0.89	0.77
20060106	0.02	0.78	0.77
20060107	2.53	0.51	0.77
20060108	4.51	1.37	0.77
20060109	0.02	3.29	0.78
20060110	3.11	6.45	0.77
20060111	0.0	6.49	0.77
20060112	0.03	2.54	0.77
20060113	0.12	5.94	0.77
20060114	2.66	5.75	0.77
20060115	0.0	5.24	0.77
20060116	4.3	5.98	0.77
20060117	0.77	6.42	0.77
20060118	0.0	8.57	0.77
20060119	3.59	8.49	0.76
20060120	0.0	6.82	0.75
20060121	0.0	4.41	0.75
20060122	0.0	0.72	0.74
20060123	0.0	0.14	0.74
20060124	0.0	-0.93	0.73
20060125	0.0	0.85	0.73
20060126	0.0	1.22	0.71
20060127	1.01	1.48	0.71
20060128	0.0	0.41	0.7
20060129	0.0	0.51	0.69
20060130	0.0	2.59	0.68
20060131	0.0	1.53	0.68
20060201	0.0	-0.61	0.68
20060202	0.0	-1.79	0.68
20060203	0.0	-0.69	0.67
20060204	0.0	2.47	0.67
20060205	0.0	3.19	0.66
20060206	0.0	4.59	0.65
20060207	3.69	6.66	0.66
20060208	0.18	4.89	0.65
20060209	0.0	1.35	0.64
20060210	0.0	-0.39	0.64
20060211	11.36	0.92	0.64
20060212	0.97	6.42	0.67
20060213	1.29	7.81	0.66
20060214	8.68	6.74	0.67
20060215	0.2	7.33	0.69
20060216	1.12	4.88	0.67
20060217	0.0	4.9	0.66
20060218	0.06	2.0	0.66
20060219	0.22	2.42	0.65
20060220	0.07	3.46	0.64
20060221	1.35	2.0	0.65
20060222	0.0	1.75	0.65
20060223	5.18	0.72	0.66
20060224	0.0	0.42	0.65
20060225	0.17	2.52	0.65
20060226	0.09	2.54	0.65
20060227	2.33	2.75	0.65
20060228	0.06	1.09	0.65
20060301	0.4	-0.72	0.65
20060302	0.0	-1.08	0.65
20060303	0.0	-1.7	0.65
20060304	0.0	-1.01	0.64
20060305	0.14	1.92	0.63
20060306	2.06	2.32	0.63
20060307	13.22	3.06	0.67
20060308	4.62	8.54	0.71
20060309	2.97	6.65	0.69
20060310	0.2	4.58	0.66
20060311	0.04	2.64	0.66
20060312	0.14	-0.15	0.65
20060313	0.0	1.13	0.65
20060314	0.92	3.45	0.66
20060315	0.0	3.68	0.66
20060316	0.43	0.76	0.66
20060317	0.07	1.07	0.66
20060318	0.0	1.55	0.66
20060319	0.05	3.77	0.66
20060320	0.0	3.24	0.66
20060321	0.0	2.22	0.66
20060322	0.0	1.3	0.65
20060323	5.23	2.53	0.65
20060324	1.57	7.18	0.66
20060325	3.24	9.74	0.66
20060326	4.47	11.23	0.66
20060327	8.39	9.94	0.72
20060328	3.2	7.48	0.7
20060329	10.21	7.45	0.74
20060330	4.25	10.78	0.8
20060331	4.97	10.23	0.78
20060401	0.17	8.51	0.79
20060402	2.56	7.8	0.8
20060403	0.0	6.37	0.81
20060404	0.0	3.08	0.81
20060405	0.0	3.06	0.82
20060406	0.0	4.99	0.83
20060407	6.73	6.19	0.84
20060408	0.19	5.2	0.86
20060409	3.5	3.46	0.85
20060410	0.07	3.11	0.86
20060411	3.66	4.91	0.86
20060412	0.0	7.54	0.82
20060413	0.34	9.63	0.81
20060414	0.0	8.72	0.81
20060415	0.0	9.14	0.8
20060416	0.0	9.46	0.79
20060417	0.0	8.41	0.78
20060418	2.56	8.3	0.78
20060419	5.96	8.79	0.78
20060420	1.21	9.3	0.79
20060421	0.09	10.53	0.77
20060422	1.73	9.25	0.76
20060423	0.54	9.2	0.75
20060424	0.03	9.02	0.7
20060425	0.01	10.53	0.68
20060426	0.0	10.1	0.66
20060427	0.0	10.41	0.64
20060428	0.0	9.23	0.63
20060429	0.0	8.39	0.63
20060430	6.15	7.25	0.63
20060501	0.0	8.45	0.63
20060502	0.43	8.96	0.62
20060503	0.09	12.12	0.62
20060504	0.36	16.14	0.61
20060505	0.0	12.65	0.6
20060506	0.06	10.25	0.6
20060507	11.66	10.8	0.59
20060508	12.87	11.17	0.69
20060509	1.39	11.88	0.65
20060510	0.33	13.14	0.61
20060511	0.0	13.89	0.59
20060512	2.44	14.62	0.59
20060513	3.42	11.09	0.58
20060514	0.64	10.82	0.58
20060515	2.18	11.94	0.58
20060516	0.0	12.71	0.57
20060517	11.38	12.07	0.59
20060518	10.07	12.21	0.64
20060519	13.68	11.27	0.63
20060520	3.24	10.66	0.71
20060521	18.38	10.32	0.77
20060522	12.78	9.59	0.89
20060523	1.72	8.2	0.84
20060524	7.11	8.96	0.83
20060525	6.02	11.19	0.84
20060526	0.03	13.21	0.86
20060527	5.09	12.75	0.87
20060528	0.15	11.25	0.86
20060529	5.96	9.12	0.87
20060530	0.0	8.28	0.86
20060531	0.03	9.12	0.88
20060601	0.0	10.81	0.85
20060602	0.0	12.83	0.85
20060603	0.0	14.66	0.85
20060604	0.22	14.88	0.85
20060605	0.0	13.71	0.84
20060606	0.0	14.01	0.84
20060607	0.0	16.8	0.82
20060608	0.0	17.28	0.82
20060609	0.0	18.88	0.8
20060610	0.0	19.97	0.79
20060611	3.35	19.15	0.78
20060612	0.34	19.02	0.78
20060613	2.09	14.44	0.77
20060614	0.0	13.58	0.76
20060615	0.0	14.0	0.76
20060616	0.0	15.63	0.74
20060617	0.0	18.36	0.73
20060618	0.03	15.78	0.73
20060619	0.0	14.63	0.71
20060620	1.14	14.79	0.7
20060621	0.0	12.98	0.69
20060622	0.01	12.35	0.68
20060623	0.98	13.4	0.68
20060624	0.0	15.32	0.67
20060625	1.8	15.77	0.66
20060626	1.03	12.66	0.66
20060627	0.0	13.25	0.66
20060628	0.0	15.17	0.65
20060629	0.0	16.38	0.64
20060630	0.0	17.84	0.63
20060701	0.0	20.0	0.61
20060702	3.64	21.58	0.61
20060703	0.0	21.71	0.6
20060704	0.47	20.45	0.6
20060705	14.82	18.25	0.64
20060706	2.96	18.12	0.67
20060707	0.6	16.1	0.64
20060708	1.94	15.12	0.63
20060709	0.27	15.47	0.62
20060710	0.18	16.02	0.61
20060711	0.0	16.41	0.61
20060712	0.16	16.12	0.6
20060713	0.0	16.53	0.59
20060714	0.0	15.29	0.59
20060715	0.0	16.31	0.59
20060716	0.0	18.59	0.58
20060717	0.0	20.76	0.58
20060718	0.0	22.54	0.56
20060719	0.02	23.2	0.56
20060720	0.0	20.91	0.55
20060721	0.38	20.56	0.55
20060722	29.78	19.26	0.62
20060723	0.31	18.2	0.59
20060724	0.0	19.14	0.57
20060725	0.75	21.79	0.56
20060726	0.98	21.32	0.56
20060727	0.12	19.83	0.55
20060728	0.0	18.97	0.54
20060729	4.71	18.31	0.54
20060730	0.95	17.45	0.54
20060731	15.54	16.45	0.54
20060801	0.0	15.51	0.52
20060802	2.78	14.84	0.51
20060803	0.0	16.1	0.5
20060804	0.08	15.8	0.5
20060805	0.0	17.75	0.5
20060806	0.0	19.97	0.49
20060807	0.0	17.25	0.48
20060808	0.7	16.5	0.48
20060809	0.0	15.58	0.47
20060810	0.02	14.33	0.48
20060811	0.04	14.01	0.47
20060812	1.16	14.49	0.47
20060813	1.15	13.6	0.47
20060814	0.0	15.07	0.47
20060815	0.54	14.28	0.46
20060816	4.4	15.26	0.47
20060817	11.72	14.98	0.48
20060818	12.16	14.05	0.49
20060819	5.88	14.89	0.48
20060820	3.3	15.33	0.48
20060821	0.44	14.96	0.47
20060822	0.38	14.5	0.47
20060823	8.62	15.09	0.47
20060824	0.0	14.5	0.47
20060825	1.56	13.21	0.47
20060826	4.14	15.19	0.47
20060827	5.46	15.04	0.46
20060828	1.59	13.9	0.47
20060829	4.1	13.06	0.47
20060830	0.15	13.08	0.47
20060831	0.16	16.6	0.46
20060901	0.95	16.28	0.46
20060902	4.11	15.51	0.46
20060903	0.0	17.88	0.46
20060904	0.01	15.86	0.45
20060905	0.0	19.03	0.43
20060906	1.54	17.88	0.43
20060907	0.0	13.97	0.42
20060908	0.0	12.81	0.42
20060909	0.0	14.07	0.42
20060910	0.0	15.54	0.43
20060911	10.52	17.38	0.43
20060912	0.0	17.11	0.43
20060913	21.96	17.62	0.44
20060914	18.92	15.39	0.5
20060915	0.11	14.7	0.47
20060916	0.08	14.85	0.46
20060917	0.12	15.5	0.46
20060918	1.37	15.41	0.45
20060919	0.0	13.71	0.45
20060920	0.0	15.54	0.45
20060921	0.16	19.53	0.45
20060922	10.54	14.79	0.45
20060923	4.82	15.97	0.46
20060924	0.21	16.32	0.46
20060925	0.0	14.45	0.45
20060926	0.0	14.15	0.45
20060927	0.85	14.41	0.43
20060928	0.89	15.64	0.43
20060929	11.21	13.84	0.48
20060930	14.12	13.43	0.46
20061001	16.13	13.94	0.49
20061002	0.36	13.09	0.51
20061003	8.69	10.75	0.5
20061004	0.3	10.07	0.51
20061005	4.25	11.91	0.5
20061006	4.33	14.23	0.5
20061007	0.1	11.42	0.5
20061008	1.04	12.17	0.5
20061009	5.17	13.9	0.51
20061010	2.49	14.16	0.51
20061011	7.81	14.19	0.55
20061012	0.05	11.37	0.54
20061013	0.05	11.6	0.53
20061014	0.0	12.14	0.53
20061015	0.0	12.77	0.54
20061016	0.0	12.49	0.53
20061017	0.78	12.6	0.54
20061018	16.04	12.99	0.55
20061019	17.16	13.61	0.62
20061020	0.09	12.31	0.65
20061021	2.92	12.48	0.64
20061022	11.27	11.6	0.68
20061023	5.91	9.86	0.71
20061024	0.16	9.78	0.73
20061025	6.17	9.98	0.75
20061026	0.12	12.84	0.77
20061027	0.0	9.08	0.78
20061028	0.0	13.49	0.79
20061029	0.0	12.05	0.79
20061030	0.0	12.91	0.79
20061031	0.0	10.18	0.8
20061101	0.0	4.06	0.79
20061102	0.0	1.68	0.79
20061103	0.0	2.19	0.78
20061104	0.0	3.94	0.78
20061105	0.0	6.25	0.76
20061106	0.0	5.23	0.75
20061107	0.02	5.77	0.74
20061108	2.64	9.45	0.73
20061109	0.0	5.9	0.72
20061110	8.1	6.14	0.73
20061111	0.0	9.38	0.72
20061112	0.52	8.91	0.71
20061113	0.02	11.49	0.7
20061114	2.87	10.64	0.69
20061115	2.12	12.45	0.69
20061116	8.79	8.66	0.68
20061117	8.91	6.4	0.71
20061118	0.08	4.43	0.71
20061119	3.12	5.15	0.69
20061120	0.13	8.91	0.69
20061121	0.34	5.14	0.69
20061122	11.84	6.59	0.7
20061123	3.61	9.04	0.73
20061124	14.89	8.78	0.8
20061125	6.8	8.69	0.83
20061126	6.23	9.01	0.87
20061127	7.02	10.98	0.95
20061128	0.18	9.32	1.01
20061129	0.06	8.13	1.04
20061130	6.14	8.68	1.08
20061201	0.93	10.17	1.13
20061202	9.64	8.3	1.15
20061203	7.26	8.07	1.23
20061204	4.1	9.19	1.25
20061205	2.59	10.45	1.3
20061206	10.71	7.46	1.36
20061207	7.23	8.33	1.5
20061208	0.0	5.83	1.54
20061209	0.0	3.78	1.58
20061210	9.9	4.97	1.61
20061211	4.9	8.24	1.71
20061212	1.2	6.8	1.68
20061213	0.17	9.97	1.67
20061214	0.0	11.07	1.65
20061215	7.77	9.0	1.65
20061216	0.0	4.47	1.64
20061217	0.34	4.25	1.59
20061218	0.29	4.78	1.55
20061219	0.0	2.39	1.5
20061220	0.0	-0.34	1.46
20061221	0.01	-0.67	1.42
20061222	0.0	-1.0	1.38
20061223	0.01	1.27	1.34
20061224	0.0	3.54	1.31
20061225	0.0	4.42	1.27
20061226	0.0	3.22	1.24
20061227	0.87	4.28	1.22
20061228	1.22	7.99	1.19
20061229	13.27	8.05	1.24
20061230	16.57	9.06	1.38
20061231	5.48	8.56	1.4
20070101	4.03	5.73	1.42
20070102	0.52	5.79	1.44
20070103	4.98	8.5	1.52
20070104	0.03	8.06	1.52
20070105	0.6	7.72	1.52
20070106	10.44	5.45	1.63
20070107	5.28	8.8	1.65
20070108	0.71	8.45	1.67
20070109	20.63	10.93	1.77
20070110	2.52	7.17	1.92
20070111	2.02	8.68	1.97
20070112	0.69	9.5	2.01
20070113	1.21	9.18	2.03
20070114	0.0	5.28	2.0
20070115	2.53	6.98	1.97
20070116	3.92	8.28	1.93
20070117	7.73	7.74	1.92
20070118	6.5	9.37	1.89
20070119	7.86	10.35	1.87
20070120	4.17	7.97	1.87
20070121	1.7	4.44	1.85
20070122	0.21	1.81	1.85
20070123	0.89	-0.47	1.84
20070124	0.09	0.95	1.84
20070125	0.4	0.04	1.83
20070126	0.0	3.31	1.77
20070127	0.0	5.43	1.72
20070128	0.0	5.91	1.68
20070129	0.0	6.61	1.63
20070130	0.0	5.11	1.59
20070131	0.0	5.7	1.56
20070201	0.0	7.71	1.52
20070202	0.0	6.67	1.47
20070203	0.0	2.11	1.44
20070204	0.0	1.25	1.4
20070205	0.0	0.76	1.38
20070206	0.0	-1.22	1.35
20070207	5.0	-2.03	1.32
20070208	3.25	-0.26	1.32
20070209	11.18	0.09	1.31
20070210	7.92	3.97	1.42
20070211	2.98	6.99	1.47
20070212	7.44	6.81	1.47
20070213	3.31	6.49	1.48
20070214	0.01	6.04	1.48
20070215	4.09	6.3	1.5
20070216	2.64	6.43	1.55
20070217	0.0	5.31	1.54
20070218	0.15	5.34	1.54
20070219	3.22	7.0	1.54
20070220	0.36	8.37	1.55
20070221	4.45	7.55	1.54
20070222	10.26	8.09	1.58
20070223	8.56	8.05	1.61
20070224	1.77	7.71	1.63
20070225	1.56	6.79	1.63
20070226	6.7	6.47	1.65
20070227	6.86	7.86	1.72
20070228	2.57	8.02	1.77
20070301	0.01	5.78	1.76
20070302	18.24	4.92	1.8
20070303	0.48	6.45	1.91
20070304	19.83	6.57	2.05
20070305	20.01	6.88	2.34
20070306	1.44	8.6	2.73
20070307	0.0	6.37	2.75
20070308	2.25	6.75	2.78
20070309	0.01	7.28	2.71
20070310	0.0	7.16	2.61
20070311	0.0	8.1	2.53
20070312	0.0	8.62	2.45
20070313	0.0	6.51	2.36
20070314	0.0	6.37	2.28
20070315	0.05	6.41	2.21
20070316	0.0	6.48	2.13
20070317	1.78	9.27	2.06
20070318	4.08	5.12	2.01
20070319	1.96	2.65	1.96
20070320	0.0	2.17	1.89
20070321	2.3	1.44	1.85
20070322	0.37	3.66	1.81
20070323	0.22	5.61	1.76
20070324	0.37	4.66	1.71
20070325	0.03	7.31	1.67
20070326	0.04	7.21	1.63
20070327	0.0	6.98	1.59
20070328	2.31	6.85	1.56
20070329	2.01	5.36	1.52
20070330	0.0	5.73	1.51
20070331	0.0	8.09	1.46
20070401	0.0	8.04	1.43
20070402	0.0	8.74	1.4
20070403	0.03	5.6	1.36
20070404	0.0	5.31	1.34
20070405	0.0	7.49	1.32
20070406	0.0	8.32	1.3
20070407	0.0	7.9	1.27
20070408	0.0	8.85	1.25
20070409	0.0	9.02	1.23
20070410	0.0	10.51	1.2
20070411	0.0	10.26	1.18
20070412	0.0	10.46	1.16
20070413	0.0	10.26	1.14
20070414	0.0	13.57	1.11
20070415	0.0	13.53	1.1
20070416	0.0	13.08	1.07
20070417	0.0	10.2	1.01
20070418	0.0	8.55	0.98
20070419	0.0	9.73	0.97
20070420	0.0	10.07	0.95
20070421	0.0	11.17	0.94
20070422	0.2	11.68	0.93
20070423	2.93	12.25	0.93
20070424	1.23	13.23	0.92
20070425	0.0	12.26	0.91
20070426	0.07	10.76	0.89
20070427	0.0	11.27	0.88
20070428	0.0	12.19	0.87
20070429	0.0	11.6	0.87
20070430	0.0	11.95	0.86
20070501	0.0	12.93	0.85
20070502	0.0	11.83	0.84
20070503	0.0	9.86	0.83
20070504	0.0	8.81	0.83
20070505	0.0	9.5	0.82
20070506	7.15	11.84	0.81
20070507	3.87	11.9	0.83
20070508	4.05	11.13	0.83
20070509	3.85	10.73	0.82
20070510	29.14	10.78	0.88
20070511	13.09	10.11	0.95
20070512	9.09	11.39	0.91
20070513	25.01	10.45	1.01
20070514	4.09	9.47	1.0
20070515	10.3	10.26	1.0
20070516	5.45	10.42	0.97
20070517	0.19	14.39	0.95
20070518	0.01	12.86	0.93
20070519	0.13	10.8	0.89
20070520	0.0	10.58	0.88
20070521	0.0	11.0	0.88
20070522	0.0	12.56	0.91
20070523	0.0	14.57	0.9
20070524	0.0	15.87	0.89
20070525	0.29	13.27	0.89
20070526	8.01	9.75	0.9
20070527	29.45	7.67	1.01
20070528	1.78	6.79	1.11
20070529	1.04	8.18	1.0
20070530	3.65	9.31	0.98
20070531	2.05	11.88	0.97
20070601	0.0	13.78	0.97
20070602	0.0	15.2	0.94
20070603	0.03	15.38	0.93
20070604	0.0	14.82	0.92
20070605	0.0	14.09	0.91
20070606	0.0	12.64	0.91
20070607	0.06	12.83	0.91
20070608	0.0	15.35	0.9
20070609	0.0	17.05	0.9
20070610	0.0	16.86	0.89
20070611	0.0	16.36	0.89
20070612	0.0	16.49	0.88
20070613	8.72	15.34	0.88
20070614	18.3	14.29	0.94
20070615	7.81	13.58	1.02
20070616	0.42	13.83	0.95
20070617	2.12	14.08	0.91
20070618	5.28	14.12	0.92
20070619	0.95	16.21	0.9
20070620	0.22	15.43	0.89
20070621	9.05	14.58	0.89
20070622	4.6	14.07	0.91
20070623	4.38	14.26	0.9
20070624	44.86	12.54	1.05
20070625	6.77	11.95	1.23
20070626	0.0	11.05	1.22
20070627	2.52	11.81	1.2
20070628	6.07	12.17	1.22
20070629	1.68	14.22	1.27
20070630	14.98	14.61	1.3
20070701	15.53	14.86	1.42
20070702	9.21	13.97	1.44
20070703	10.18	13.19	1.52
20070704	1.08	13.47	1.55
20070705	1.79	13.56	1.59
20070706	0.0	13.92	1.63
20070707	0.0	14.07	1.61
20070708	7.44	12.99	1.61
20070709	4.85	12.82	1.71
20070710	0.0	13.23	1.64
20070711	0.01	14.0	1.59
20070712	0.63	15.78	1.58
20070713	5.12	15.46	1.56
20070714	1.85	16.19	1.52
20070715	3.18	14.8	1.5
20070716	0.54	16.39	1.48
20070717	2.6	14.73	1.44
20070718	0.29	15.66	1.42
20070719	20.94	15.39	1.3
20070720	124.27	13.12	4.51
20070721	8.79	12.04	5.44
20070722	1.95	13.44	4.1
20070723	6.9	13.79	3.9
20070724	0.0	14.89	3.61
20070725	2.0	14.36	3.47
20070726	15.12	14.27	3.47
20070727	0.0	15.03	3.31
20070728	9.91	14.67	3.12
20070729	0.0	13.51	3.04
20070730	0.0	12.93	2.9
20070731	0.0	13.86	2.78
20070801	0.27	14.98	2.67
20070802	1.03	14.45	2.61
20070803	0.19	15.9	2.5
20070804	0.0	17.57	2.41
20070805	0.0	19.31	2.33
20070806	0.05	15.5	2.25
20070807	0.0	13.32	2.2
20070808	0.0	13.41	2.12
20070809	0.0	14.24	2.05
20070810	0.0	14.93	1.99
20070811	1.11	16.57	1.93
20070812	0.04	14.97	1.88
20070813	8.92	14.37	1.84
20070814	14.96	15.87	1.87
20070815	9.56	15.19	1.83
20070816	0.36	12.54	1.76
20070817	0.81	13.24	1.71
20070818	9.39	14.27	1.69
20070819	6.4	13.85	1.67
20070820	0.0	12.23	1.67
20070821	0.0	13.98	1.61
20070822	0.0	15.8	1.58
20070823	0.0	15.83	1.55
20070824	0.0	15.55	1.51
20070825	0.0	16.84	1.48
20070826	0.0	15.35	1.46
20070827	0.0	13.22	1.44
20070828	0.0	13.73	1.42
20070829	0.0	13.11	1.4
20070830	0.0	14.07	1.38
20070831	0.01	14.74	1.35
20070901	0.0	15.16	1.34
20070902	1.02	15.15	1.32
20070903	0.0	13.56	1.31
20070904	0.0	12.36	1.29
20070905	0.0	15.55	1.27
20070906	0.0	16.45	1.25
20070907	0.0	15.85	1.23
20070908	0.0	13.98	1.22
20070909	0.0	14.43	1.21
20070910	0.0	14.74	1.19
20070911	0.0	12.51	1.18
20070912	0.0	14.2	1.17
20070913	0.0	14.25	1.15
20070914	0.0	13.81	1.14
20070915	0.0	12.41	1.13
20070916	0.67	13.52	1.12
20070917	0.0	10.84	1.09
20070918	0.01	8.62	1.08
20070919	1.02	12.92	1.07
20070920	1.59	14.96	1.06
20070921	0.04	14.51	1.05
20070922	0.0	14.18	1.02
20070923	8.98	14.69	1.02
20070924	0.37	12.77	1.04
20070925	4.07	10.85	1.0
20070926	0.0	7.93	0.99
20070927	1.8	7.87	0.99
20070928	4.67	10.58	0.98
20070929	0.0	11.78	0.98
20070930	0.76	9.91	0.98
20071001	2.36	10.99	0.96
20071002	0.28	11.74	0.95
20071003	0.14	12.61	0.95
20071004	0.05	11.2	0.93
20071005	0.0	9.62	0.93
20071006	0.0	10.71	0.91
20071007	0.0	11.2	0.9
20071008	8.24	11.06	0.9
20071009	7.07	11.73	0.94
20071010	0.06	11.61	0.92
20071011	0.0	10.25	0.92
20071012	0.1	13.9	0.89
20071013	0.01	14.16	0.87
20071014	0.0	12.41	0.87
20071015	2.44	12.28	0.87
20071016	38.64	12.22	0.99
20071017	0.0	9.27	1.0
20071018	0.0	6.43	0.93
20071019	0.0	6.05	0.91
20071020	0.0	5.95	0.9
20071021	0.0	6.15	0.9
20071022	0.0	6.79	0.9
20071023	0.01	6.22	0.89
20071024	0.0	6.55	0.89
20071025	0.09	8.57	0.9
20071026	0.16	8.54	0.9
20071027	0.23	11.76	0.89
20071028	1.61	12.77	0.89
20071029	0.0	8.32	0.89
20071030	0.0	8.86	0.86
20071031	0.0	10.19	0.86
20071101	0.0	11.37	0.86
20071102	0.0	10.5	0.86
20071103	0.0	9.8	0.85
20071104	0.0	6.74	0.85
20071105	0.48	7.24	0.83
20071106	0.0	7.18	0.82
20071107	0.0	9.8	0.82
20071108	5.82	9.19	0.82
20071109	0.08	6.84	0.81
20071110	0.0	10.24	0.81
20071111	1.95	8.31	0.8
20071112	1.45	1.52	0.8
20071113	1.12	6.41	0.8
20071114	0.0	4.69	0.8
20071115	0.01	1.14	0.8
20071116	0.55	1.85	0.8
20071117	7.78	5.03	0.8
20071118	38.75	3.86	0.96
20071119	4.0	4.99	1.0
20071120	6.37	6.13	0.93
20071121	4.15	7.26	0.94
20071122	0.11	5.99	0.96
20071123	0.0	1.74	0.96
20071124	1.01	3.09	0.97
20071125	1.37	7.38	0.98
20071126	0.73	6.76	0.98
20071127	0.44	7.71	0.97
20071128	0.87	8.3	0.97
20071129	0.01	6.77	0.97
20071130	7.8	10.06	1.0
20071201	4.81	6.63	1.02
20071202	5.37	8.07	1.04
20071203	0.02	6.44	1.03
20071204	9.74	9.19	1.03
20071205	2.41	10.65	1.1
20071206	7.79	11.18	1.11
20071207	2.92	7.09	1.12
20071208	17.7	6.14	1.22
20071209	2.86	5.71	1.22
20071210	0.76	4.1	1.23
20071211	0.01	0.66	1.23
20071212	0.01	0.69	1.23
20071213	0.02	0.47	1.24
20071214	0.01	0.34	1.25
20071215	0.0	0.25	1.24
20071216	0.0	-0.16	1.23
20071217	0.0	1.0	1.22
20071218	0.0	1.93	1.23
20071219	0.0	1.93	1.22
20071220	0.02	-0.84	1.21
20071221	0.01	-0.06	1.19
20071222	0.38	2.61	1.18
20071223	0.59	0.46	1.18
20071224	15.32	6.82	1.18
20071225	1.53	5.53	1.25
20071226	0.32	5.37	1.19
20071227	0.13	9.8	1.16
20071228	13.01	9.47	1.2
20071229	0.12	5.83	1.23
20071230	0.21	5.56	1.18
20071231	0.25	6.03	1.18
20080101	0.06	6.25	1.17
20080102	0.01	2.8	1.17
20080103	0.01	-0.12	1.17
20080104	9.55	3.84	1.2
20080105	0.1	4.99	1.22
20080106	4.12	3.95	1.19
20080107	0.82	5.96	1.18
20080108	4.62	6.82	1.2
20080109	0.57	4.69	1.19
20080110	2.99	8.39	1.19
20080111	43.8	3.87	1.58
20080112	4.18	4.41	1.72
20080113	4.35	8.45	1.88
20080114	17.37	7.11	2.03
20080115	15.67	7.57	2.65
20080116	0.25	3.98	2.9
20080117	6.87	6.21	3.0
20080118	0.63	9.48	2.95
20080119	1.82	10.55	2.86
20080120	0.25	11.24	2.78
20080121	3.35	9.1	2.71
20080122	0.09	4.55	2.63
20080123	0.14	9.76	2.55
20080124	0.01	7.05	2.45
20080125	0.0	6.81	2.37
20080126	0.01	7.11	2.29
20080127	0.01	6.11	2.21
20080128	0.0	4.24	2.14
20080129	1.79	7.03	2.08
20080130	0.21	4.09	2.01
20080131	4.12	5.38	1.99
20080201	0.0	3.15	1.92
20080202	0.04	2.19	1.87
20080203	7.77	4.74	1.84
20080204	7.76	4.39	1.84
20080205	10.34	8.34	1.88
20080206	0.73	5.77	1.83
20080207	0.0	7.13	1.77
20080208	0.0	6.7	1.76
20080209	0.0	5.38	1.76
20080210	0.0	3.69	1.75
20080211	0.0	3.81	1.73
20080212	0.0	4.54	1.71
20080213	0.0	3.78	1.69
20080214	0.02	2.58	1.67
20080215	0.0	2.81	1.64
20080216	0.0	-0.26	1.61
20080217	0.0	-1.29	1.6
20080218	0.0	-0.35	1.58
20080219	0.0	-0.58	1.55
20080220	0.02	0.74	1.55
20080221	0.01	6.97	1.52
20080222	0.0	9.52	1.48
20080223	0.0	7.81	1.47
20080224	0.87	7.36	1.44
20080225	5.44	4.54	1.42
20080226	0.0	7.84	1.4
20080227	0.0	5.66	1.36
20080228	0.0	4.9	1.32
20080229	1.2	6.11	1.31
20080301	0.0	8.52	1.29
20080302	0.19	8.57	1.28
20080303	0.38	3.36	1.23
20080304	0.01	2.63	1.22
20080305	0.0	2.81	1.21
20080306	1.53	7.48	1.21
20080307	0.32	6.49	1.2
20080308	2.79	6.95	1.19
20080309	13.41	5.15	1.19
20080310	5.49	5.23	1.31
20080311	2.62	7.12	1.24
20080312	0.42	6.04	1.18
20080313	2.77	6.37	1.19
20080314	0.38	7.0	1.17
20080315	42.73	8.76	1.39
20080316	3.98	5.96	1.75
20080317	0.0	3.98	1.61
20080318	0.0	3.0	1.63
20080319	0.0	3.3	1.64
20080320	1.94	5.38	1.64
20080321	4.21	5.0	1.65
20080322	1.64	2.0	1.64
20080323	1.12	1.56	1.64
20080324	0.39	2.26	1.63
20080325	0.15	3.35	1.6
20080326	0.08	5.36	1.59
20080327	4.04	4.81	1.58
20080328	6.87	6.16	1.6
20080329	16.85	6.66	1.68
20080330	0.01	7.77	1.69
20080331	0.52	7.47	1.61
20080401	0.0	9.32	1.59
20080402	0.0	9.14	1.59
20080403	0.0	10.28	1.58
20080404	1.03	8.86	1.55
20080405	6.12	5.37	1.55
20080406	2.46	1.04	1.55
20080407	0.0	2.54	1.54
20080408	1.76	3.04	1.51
20080409	0.23	4.23	1.5
20080410	2.52	5.29	1.48
20080411	4.26	5.42	1.47
20080412	0.67	6.09	1.44
20080413	4.13	5.47	1.4
20080414	1.14	5.12	1.39
20080415	4.61	4.05	1.38
20080416	0.0	4.44	1.35
20080417	0.0	4.82	1.31
20080418	0.02	5.87	1.29
20080419	2.2	6.24	1.29
20080420	1.14	7.61	1.27
20080421	1.41	8.74	1.25
20080422	1.44	9.51	1.23
20080423	6.46	10.09	1.22
20080424	2.88	9.15	1.24
20080425	0.04	10.14	1.21
20080426	0.0	12.34	1.18
20080427	4.05	11.37	1.18
20080428	2.01	8.34	1.17
20080429	14.15	7.0	1.22
20080430	7.95	6.78	1.27
20080501	0.97	8.52	1.21
20080502	0.16	9.14	1.18
20080503	0.23	12.69	1.16
20080504	6.58	14.48	1.16
20080505	0.25	13.91	1.16
20080506	0.0	14.53	1.14
20080507	0.0	15.81	1.12
20080508	0.31	16.13	1.11
20080509	1.69	15.73	1.09
20080510	0.0	16.58	1.07
20080511	0.0	17.49	1.06
20080512	0.0	15.73	1.05
20080513	0.0	13.39	1.0
20080514	0.54	12.22	0.99
20080515	22.51	10.12	1.03
20080516	0.1	9.72	1.04
20080517	1.17	10.01	1.0
20080518	0.67	9.39	0.99
20080519	0.03	8.12	0.99
20080520	0.0	8.97	0.96
20080521	0.0	10.83	0.97
20080522	0.0	12.62	0.95
20080523	0.56	13.39	0.94
20080524	6.2	13.22	0.93
20080525	22.38	11.26	1.06
20080526	16.93	11.01	1.05
20080527	8.14	11.19	1.04
20080528	11.76	12.4	1.18
20080529	4.93	13.08	1.1
20080530	0.0	13.89	1.09
20080531	0.03	14.76	1.05
20080601	0.0	13.43	1.04
20080602	10.54	14.1	1.05
20080603	21.2	12.61	1.38
20080604	0.0	12.77	1.25
20080605	0.0	13.24	1.22
20080606	0.0	12.3	1.22
20080607	0.0	12.69	1.22
20080608	0.0	15.67	1.21
20080609	0.0	17.09	1.21
20080610	0.0	15.83	1.21
20080611	5.69	13.63	1.2
20080612	0.67	11.44	1.2
20080613	0.22	10.69	1.17
20080614	0.0	11.76	1.14
20080615	0.0	11.08	1.13
20080616	0.0	11.49	1.12
20080617	0.03	12.26	1.1
20080618	2.21	12.99	1.09
20080619	0.0	13.71	1.08
20080620	2.38	12.91	1.06
20080621	6.39	13.07	1.07
20080622	0.0	14.86	1.05
20080623	0.05	13.32	1.03
20080624	0.0	14.59	1.01
20080625	0.01	14.9	1.0
20080626	2.26	13.19	0.99
20080627	0.63	14.16	0.99
20080628	0.0	15.46	0.98
20080629	0.0	14.22	0.97
20080630	0.0	14.27	0.95
20080701	1.59	16.81	0.91
20080702	7.26	13.97	0.93
20080703	2.26	13.79	0.92
20080704	2.24	13.74	0.9
20080705	13.05	14.88	0.91
20080706	20.52	13.62	0.99
20080707	9.13	13.24	1.02
20080708	4.4	12.93	0.95
20080709	18.54	13.52	1.07
20080710	0.42	14.91	1.02
20080711	7.73	13.25	0.98
20080712	3.76	11.87	0.97
20080713	0.0	13.61	0.95
20080714	0.0	14.75	0.92
20080715	0.0	17.43	0.9
20080716	0.0	14.3	0.89
20080717	0.04	13.53	0.88
20080718	0.11	14.75	0.88
20080719	0.2	14.61	0.87
20080720	0.0	12.63	0.85
20080721	0.0	13.19	0.85
20080722	0.0	15.13	0.85
20080723	0.0	17.96	0.84
20080724	0.0	18.69	0.83
20080725	0.0	18.52	0.81
20080726	0.0	18.17	0.79
20080727	0.0	19.08	0.78
20080728	25.66	19.62	0.83
20080729	0.12	16.97	0.91
20080730	0.0	17.54	0.81
20080731	10.39	17.82	0.81
20080801	4.34	16.18	0.82
20080802	8.16	16.5	0.8
20080803	1.32	15.58	0.78
20080804	5.54	14.85	0.77
20080805	8.6	15.23	0.81
20080806	0.39	18.37	0.81
20080807	3.96	16.82	0.77
20080808	0.14	15.04	0.76
20080809	8.09	14.35	0.78
20080810	0.34	15.67	0.78
20080811	15.2	14.7	0.77
20080812	5.29	13.67	0.86
20080813	11.2	12.79	0.9
20080814	0.75	13.31	0.86
20080815	0.02	13.31	0.84
20080816	6.18	14.43	0.84
20080817	9.86	14.09	0.86
20080818	3.33	14.84	0.9
20080819	1.86	15.0	0.87
20080820	3.26	14.86	0.86
20080821	1.41	15.34	0.86
20080822	0.43	13.65	0.84
20080823	5.36	13.29	0.85
20080824	0.1	14.76	0.85
20080825	0.0	15.7	0.85
20080826	0.0	16.18	0.84
20080827	0.0	15.69	0.82
20080828	0.0	16.24	0.82
20080829	0.08	17.73	0.81
20080830	0.01	18.12	0.81
20080831	4.73	14.56	0.81
20080901	17.2	13.85	0.84
20080902	3.0	13.11	0.89
20080903	13.9	12.3	0.9
20080904	18.65	12.22	1.05
20080905	22.2	12.99	1.22
20080906	11.48	13.49	1.29
20080907	1.2	13.45	1.32
20080908	8.76	13.13	1.36
20080909	3.71	13.62	1.47
20080910	2.89	14.75	1.47
20080911	1.14	14.57	1.47
20080912	15.02	12.16	1.39
20080913	0.0	13.14	1.38
20080914	0.0	12.22	1.35
20080915	0.0	12.17	1.35
20080916	0.0	11.37	1.36
20080917	0.0	11.72	1.35
20080918	0.0	11.5	1.34
20080919	0.0	12.4	1.31
20080920	0.0	12.13	1.3
20080921	0.0	11.3	1.28
20080922	3.02	12.28	1.26
20080923	0.04	11.26	1.24
20080924	0.01	12.54	1.22
20080925	0.0	12.99	1.2
20080926	0.0	11.12	1.19
20080927	0.0	10.39	1.17
20080928	0.03	10.18	1.16
20080929	0.92	10.52	1.14
20080930	2.77	12.0	1.14
20081001	1.03	10.52	1.13
20081002	1.08	7.65	1.11
20081003	0.09	6.7	1.1
20081004	14.34	8.92	1.1
20081005	4.91	10.03	1.14
20081006	1.2	9.02	1.11
20081007	4.08	13.33	1.11
20081008	0.01	9.79	1.11
20081009	0.0	9.86	1.08
20081010	0.0	12.62	1.06
20081011	0.0	12.29	1.06
20081012	0.0	13.32	1.05
20081013	0.0	12.98	1.05
20081014	0.09	12.31	1.04
20081015	0.32	11.62	1.02
20081016	0.0	8.63	1.01
20081017	0.0	7.82	1.01
20081018	0.1	9.43	1.0
20081019	0.03	10.83	1.0
20081020	9.49	11.53	1.0
20081021	0.01	7.7	0.99
20081022	0.0	7.15	0.98
20081023	1.52	10.68	0.97
20081024	0.0	9.06	0.96
20081025	8.51	8.41	0.95
20081026	1.05	10.81	0.99
20081027	0.25	5.24	0.98
20081028	3.74	2.24	0.95
20081029	4.86	1.29	0.95
20081030	0.17	3.13	0.95
20081031	0.01	2.7	0.94
20081101	24.13	4.08	1.02
20081102	1.34	7.1	1.11
20081103	1.18	8.39	1.04
20081104	0.08	8.61	1.03
20081105	1.07	8.56	1.02
20081106	2.21	7.87	1.02
20081107	3.66	8.1	1.02
20081108	18.05	9.26	1.08
20081109	12.97	7.19	1.24
20081110	11.47	6.54	1.38
20081111	0.33	7.02	1.36
20081112	0.24	6.03	1.38
20081113	4.44	7.15	1.42
20081114	0.12	10.22	1.42
20081115	0.16	10.61	1.43
20081116	0.91	8.55	1.42
20081117	3.11	6.35	1.42
20081118	0.15	8.01	1.42
20081119	0.02	8.04	1.4
20081120	2.49	9.75	1.39
20081121	1.77	7.11	1.4
20081122	0.94	3.01	1.38
20081123	8.93	2.89	1.4
20081124	0.18	3.27	1.39
20081125	0.0	2.03	1.36
20081126	0.16	5.93	1.36
20081127	4.57	7.2	1.36
20081128	0.29	2.26	1.36
20081129	0.03	0.28	1.35
20081130	2.61	1.22	1.34
20081201	0.02	0.36	1.32
20081202	2.13	1.39	1.31
20081203	13.97	0.21	1.32
20081204	0.55	4.25	1.4
20081205	1.59	3.59	1.35
20081206	0.0	2.34	1.32
20081207	0.4	-0.03	1.31
20081208	3.36	3.06	1.31
20081209	0.1	1.9	1.31
20081210	0.57	0.47	1.31
20081211	0.73	0.14	1.3
20081212	25.68	2.59	1.32
20081213	9.64	4.6	1.79
20081214	0.0	1.77	1.72
20081215	0.0	1.77	1.71
20081216	2.0	2.79	1.72
20081217	0.19	4.38	1.72
20081218	2.34	8.23	1.71
20081219	0.31	5.77	1.69
20081220	0.0	9.64	1.67
20081221	0.0	9.37	1.63
20081222	0.32	9.09	1.6
20081223	0.0	7.03	1.59
20081224	0.0	6.14	1.55
20081225	0.01	5.08	1.51
20081226	0.1	2.09	1.47
20081227	0.01	0.19	1.44
20081228	0.0	0.7	1.43
20081229	0.0	-0.53	1.4
20081230	0.0	-2.0	1.38
20081231	0.0	-2.91	1.35
20090101	0.0	-2.04	1.32
20090102	0.02	0.06	1.31
20090103	0.02	-2.56	1.28
20090104	1.81	-2.49	1.26
20090105	0.19	-0.5	1.25
20090106	0.01	-4.37	1.23
20090107	0.04	-0.88	1.21
20090108	0.0	1.11	1.2
20090109	0.0	-1.77	1.19
20090110	0.01	-2.41	1.17
20090111	5.9	5.34	1.16
20090112	5.87	7.89	1.24
20090113	0.55	5.28	1.2
20090114	0.28	1.56	1.16
20090115	1.36	5.5	1.15
20090116	4.51	6.32	1.15
20090117	9.96	6.85	1.21
20090118	9.96	3.88	1.28
20090119	0.24	3.18	1.35
20090120	0.05	2.56	1.29
20090121	12.3	2.47	1.31
20090122	7.71	6.01	1.47
20090123	0.27	3.45	1.51
20090124	5.68	2.02	1.52
20090125	0.24	5.36	1.59
20090126	0.01	4.24	1.58
20090127	6.68	2.86	1.59
20090128	0.54	5.59	1.63
20090129	0.1	3.34	1.6
20090130	0.0	3.0	1.59
20090131	0.0	2.31	1.58
20090201	0.15	-0.82	1.56
20090202	1.78	-2.2	1.56
20090203	2.75	-1.11	1.55
20090204	4.86	0.2	1.55
20090205	7.44	-0.49	1.54
20090206	4.95	-0.44	1.54
20090207	2.01	-0.46	1.51
20090208	3.78	-0.18	1.48
20090209	23.29	1.61	1.6
20090210	0.49	2.11	1.65
20090211	6.11	1.21	1.59
20090212	1.39	-0.09	1.59
20090213	0.0	3.09	1.65
20090214	0.0	1.62	1.68
20090215	0.14	4.81	1.79
20090216	0.0	5.86	1.96
20090217	0.0	6.89	2.12
20090218	0.15	6.79	2.18
20090219	0.11	6.06	2.2
20090220	0.0	4.66	2.18
20090221	0.0	5.6	2.16
20090222	0.0	6.95	2.1
20090223	0.0	7.03	2.06
20090224	0.09	7.44	2.03
20090225	0.0	6.96	1.99
20090226	0.0	5.84	1.93
20090227	0.0	7.54	1.91
20090228	0.0	5.98	1.85
20090301	0.0	5.33	1.81
20090302	0.43	4.79	1.77
20090303	19.27	6.08	1.83
20090304	0.0	2.18	1.81
20090305	0.0	1.66	1.73
20090306	0.17	3.34	1.68
20090307	0.87	7.31	1.65
20090308	3.5	4.9	1.63
20090309	2.75	5.33	1.59
20090310	0.12	6.5	1.58
20090311	0.07	5.86	1.54
20090312	0.0	8.66	1.51
20090313	0.0	7.03	1.5
20090314	0.0	8.02	1.47
20090315	0.0	7.06	1.43
20090316	0.0	7.02	1.42
20090317	0.0	6.83	1.39
20090318	0.0	6.42	1.36
20090319	0.0	5.86	1.32
20090320	0.0	6.11	1.31
20090321	0.0	6.04	1.29
20090322	0.0	7.44	1.29
20090323	0.15	6.96	1.26
20090324	1.03	5.75	1.25
20090325	0.4	7.51	1.24
20090326	1.73	7.32	1.23
20090327	0.89	4.99	1.21
20090328	2.71	4.61	1.18
20090329	0.0	3.12	1.17
20090330	0.0	5.71	1.15
20090331	0.0	8.42	1.14
20090401	0.0	8.79	1.14
20090402	0.0	7.59	1.13
20090403	0.11	6.75	1.12
20090404	0.0	8.68	1.1
20090405	0.0	6.77	1.1
20090406	1.54	8.68	1.1
20090407	6.65	8.44	1.08
20090408	1.02	8.89	1.08
20090409	2.6	10.27	1.08
20090410	1.95	9.21	1.07
20090411	0.0	8.01	1.05
20090412	0.0	8.06	1.03
20090413	0.02	9.02	1.03
20090414	2.18	9.93	1.01
20090415	0.72	11.31	1.0
20090416	12.63	9.59	1.02
20090417	0.81	8.5	1.05
20090418	0.0	7.84	1.0
20090419	0.0	8.08	0.97
20090420	0.0	9.56	0.96
20090421	0.0	9.69	0.95
20090422	0.0	9.84	0.93
20090423	0.0	10.8	0.92
20090424	2.67	11.88	0.91
20090425	0.15	9.71	0.9
20090426	6.11	8.59	0.89
20090427	6.93	6.58	0.91
20090428	0.16	6.37	0.9
20090429	0.17	8.7	0.89
20090430	0.88	10.71	0.89
20090501	0.06	11.3	0.88
20090502	0.15	10.27	0.85
20090503	0.0	8.86	0.85
20090504	0.24	7.76	0.85
20090505	0.03	11.81	0.85
20090506	0.07	12.22	0.83
20090507	1.06	10.73	0.83
20090508	1.12	9.4	0.83
20090509	0.0	9.4	0.82
20090510	0.0	10.45	0.82
20090511	0.0	9.65	0.8
20090512	0.2	9.71	0.79
20090513	1.97	9.85	0.8
20090514	9.26	11.07	0.82
20090515	1.89	10.25	0.83
20090516	3.73	9.68	0.8
20090517	10.82	8.94	0.84
20090518	7.87	10.41	0.84
20090519	4.17	10.41	0.83
20090520	0.0	11.0	0.8
20090521	0.58	11.09	0.79
20090522	0.0	10.96	0.79
20090523	0.0	12.99	0.77
20090524	0.0	13.2	0.76
20090525	0.09	13.46	0.76
20090526	0.21	11.12	0.75
20090527	2.19	11.21	0.75
20090528	0.0	14.97	0.75
20090529	0.0	16.14	0.74
20090530	0.0	14.98	0.74
20090531	0.0	15.65	0.73
20090601	0.0	16.61	0.73
20090602	0.0	16.98	0.72
20090603	0.0	13.65	0.72
20090604	0.0	11.25	0.72
20090605	6.89	10.63	0.72
20090606	17.21	9.71	0.74
20090607	7.48	9.67	0.79
20090608	0.95	10.71	0.74
20090609	0.0	11.35	0.72
20090610	5.83	11.55	0.72
20090611	0.0	11.9	0.71
20090612	0.0	12.06	0.71
20090613	0.0	15.49	0.7
20090614	0.0	15.22	0.69
20090615	4.04	13.9	0.7
20090616	0.0	14.44	0.69
20090617	1.15	13.48	0.68
20090618	0.02	12.44	0.68
20090619	4.96	12.46	0.67
20090620	0.59	12.69	0.67
20090621	1.19	13.6	0.67
20090622	0.0	15.36	0.67
20090623	0.0	16.94	0.67
20090624	0.0	15.87	0.66
20090625	0.01	16.73	0.66
20090626	12.31	15.89	0.67
20090627	0.42	16.89	0.67
20090628	0.01	17.95	0.66
20090629	0.13	20.14	0.65
20090630	0.18	20.12	0.64
20090701	0.0	21.25	0.64
20090702	0.0	20.65	0.63
20090703	0.83	17.65	0.62
20090704	0.0	16.66	0.63
20090705	0.8	16.54	0.62
20090706	1.56	14.39	0.62
20090707	15.24	14.09	0.65
20090708	2.28	14.13	0.63
20090709	0.0	13.02	0.62
20090710	1.29	13.57	0.62
20090711	9.28	15.54	0.63
20090712	0.7	15.88	0.63
20090713	0.19	15.1	0.62
20090714	3.61	14.82	0.62
20090715	0.0	15.93	0.61
20090716	9.2	14.73	0.62
20090717	4.33	13.51	0.63
20090718	0.89	14.37	0.62
20090719	6.18	13.72	0.63
20090720	7.07	14.16	0.62
20090721	6.31	14.67	0.66
20090722	0.64	15.27	0.63
20090723	0.7	14.94	0.61
20090724	1.32	14.06	0.6
20090725	0.0	15.42	0.59
20090726	6.64	14.05	0.59
20090727	1.41	14.0	0.6
20090728	0.87	14.31	0.59
20090729	23.51	13.86	0.68
20090730	0.23	13.12	0.69
20090731	3.2	14.02	0.62
20090801	4.46	14.34	0.62
20090802	0.04	13.63	0.61
20090803	2.46	15.38	0.6
20090804	19.84	17.0	0.65
20090805	1.56	17.6	0.71
20090806	13.5	15.43	0.71
20090807	0.0	15.54	0.7
20090808	0.0	14.97	0.66
20090809	0.0	16.15	0.66
20090810	0.77	15.84	0.65
20090811	0.0	17.52	0.64
20090812	2.36	16.65	0.62
20090813	0.0	16.03	0.61
20090814	0.02	15.79	0.6
20090815	0.0	17.38	0.6
20090816	0.0	15.78	0.6
20090817	0.0	15.85	0.6
20090818	0.0	16.01	0.59
20090819	0.06	18.47	0.58
20090820	0.24	16.66	0.57
20090821	2.82	13.46	0.58
20090822	0.0	14.62	0.57
20090823	0.0	17.66	0.57
20090824	0.6	15.19	0.57
20090825	2.69	13.79	0.57
20090826	4.6	15.3	0.57
20090827	0.19	15.98	0.57
20090828	1.04	12.83	0.57
20090829	0.0	12.55	0.57
20090830	0.26	13.64	0.57
20090831	0.0	17.41	0.57
20090901	12.65	13.91	0.59
20090902	14.32	13.27	0.64
20090903	1.26	12.77	0.62
20090904	0.0	12.21	0.58
20090905	0.0	12.39	0.57
20090906	0.0	13.64	0.57
20090907	0.0	16.04	0.57
20090908	0.73	17.53	0.56
20090909	0.04	13.45	0.56
20090910	0.0	12.15	0.53
20090911	0.0	12.71	0.53
20090912	0.0	13.56	0.52
20090913	0.0	12.28	0.52
20090914	0.0	12.71	0.52
20090915	0.0	13.28	0.52
20090916	0.0	12.76	0.52
20090917	0.0	11.67	0.52
20090918	0.0	13.21	0.52
20090919	0.01	14.63	0.52
20090920	0.0	13.28	0.51
20090921	0.0	12.23	0.51
20090922	0.55	14.45	0.51
20090923	0.0	13.54	0.51
20090924	0.0	11.52	0.51
20090925	0.0	11.24	0.51
20090926	0.0	11.88	0.52
20090927	0.0	12.03	0.52
20090928	0.0	13.29	0.52
20090929	0.0	14.1	0.52
20090930	0.0	14.45	0.52
20091001	0.0	11.71	0.52
20091002	0.0	11.07	0.51
20091003	1.11	12.36	0.51
20091004	0.0	10.27	0.52
20091005	3.2	10.27	0.51
20091006	12.17	14.8	0.52
20091007	1.63	9.56	0.52
20091008	0.0	7.98	0.51
20091009	0.76	8.74	0.51
20091010	0.0	11.92	0.51
20091011	3.21	11.69	0.51
20091012	0.0	8.41	0.51
20091013	0.0	7.96	0.51
20091014	0.19	10.58	0.5
20091015	2.97	10.34	0.51
20091016	0.0	10.24	0.5
20091017	0.0	7.35	0.5
20091018	0.0	6.73	0.5
20091019	0.58	8.75	0.5
20091020	4.77	8.86	0.5
20091021	0.05	10.8	0.5
20091022	4.01	10.83	0.5
20091023	3.61	10.83	0.5
20091024	3.0	13.21	0.5
20091025	0.5	11.85	0.5
20091026	2.3	11.55	0.49
20091027	0.0	12.94	0.49
20091028	0.07	12.27	0.49
20091029	0.0	11.55	0.49
20091030	4.21	12.02	0.49
20091031	7.83	12.6	0.49
20091101	5.2	11.07	0.56
20091102	4.58	7.37	0.52
20091103	4.37	9.05	0.55
20091104	2.3	7.33	0.54
20091105	2.38	8.19	0.53
20091106	3.22	7.88	0.54
20091107	2.14	6.16	0.53
20091108	1.68	6.24	0.53
20091109	3.96	4.13	0.53
20091110	2.45	5.3	0.53
20091111	4.48	6.47	0.54
20091112	14.65	9.15	0.62
20091113	19.65	9.72	0.76
20091114	5.37	9.74	0.85
20091115	6.25	8.34	0.84
20091116	0.86	9.45	0.85
20091117	0.66	8.97	0.83
20091118	0.29	11.58	0.81
20091119	5.52	12.02	0.81
20091120	1.39	10.67	0.84
20091121	16.85	10.63	0.94
20091122	12.79	8.13	0.98
20091123	5.43	9.1	1.08
20091124	8.7	10.91	1.09
20091125	7.84	8.19	1.15
20091126	3.72	6.14	1.21
20091127	3.7	4.98	1.23
20091128	4.14	4.18	1.26
20091129	15.71	5.22	1.35
20091130	0.14	3.49	1.46
20091201	1.85	1.38	1.47
20091202	1.8	6.38	1.51
20091203	0.08	4.67	1.5
20091204	3.63	3.74	1.48
20091205	15.39	8.05	1.51
20091206	0.89	8.57	1.63
20091207	6.75	6.85	1.64
20091208	3.44	6.88	1.68
20091209	1.15	8.44	1.68
20091210	0.74	5.79	1.67
20091211	0.15	1.87	1.64
20091212	0.19	4.17	1.63
20091213	0.37	3.35	1.6
20091214	4.18	2.56	1.59
20091215	1.17	1.82	1.56
20091216	3.71	1.49	1.52
20091217	0.08	0.88	1.5
20091218	0.11	-1.87	1.46
20091219	1.35	-2.68	1.43
20091220	0.25	-0.86	1.39
20091221	0.1	-0.93	1.35
20091222	0.41	-1.24	1.32
20091223	2.99	-1.31	1.3
20091224	1.26	0.76	1.28
20091225	0.78	1.21	1.26
20091226	1.66	5.02	1.23
20091227	0.1	3.8	1.23
20091228	0.31	-0.17	1.21
20091229	15.99	1.69	1.27
20091230	6.14	2.15	1.38
20091231	0.0	1.36	1.36
20100101	0.0	-1.66	1.36
20100102	0.15	-0.23	1.36
20100103	0.0	-1.76	1.36
20100104	0.03	-4.21	1.36
20100105	9.32	-1.93	1.38
20100106	1.04	-1.97	1.36
20100107	0.45	-5.57	1.35
20100108	0.0	-4.23	1.32
20100109	0.21	-3.27	1.3
20100110	3.73	-0.3	1.29
20100111	0.99	-0.57	1.28
20100112	2.09	-0.37	1.25
20100113	1.81	-0.95	1.23
20100114	6.12	-0.01	1.21
20100115	13.45	2.44	1.28
20100116	4.86	4.79	1.56
20100117	0.03	4.25	1.6
20100118	0.12	4.99	1.63
20100119	3.48	4.24	1.69
20100120	4.81	2.03	1.79
20100121	6.54	2.16	1.8
20100122	15.21	6.16	2.0
20100123	0.07	3.27	2.05
20100124	0.75	2.21	2.08
20100125	0.0	1.76	2.09
20100126	0.0	0.19	2.06
20100127	0.23	1.92	2.04
20100128	10.13	4.42	2.03
20100129	0.01	2.47	2.04
20100130	0.0	-0.99	1.97
20100131	0.09	-1.23	1.89
20100201	1.3	0.91	1.85
20100202	2.18	4.5	1.83
20100203	1.98	2.04	1.79
20100204	1.7	5.05	1.75
20100205	0.51	5.24	1.71
20100206	0.15	2.74	1.65
20100207	0.66	2.04	1.63
20100208	0.64	0.85	1.59
20100209	0.3	0.94	1.55
20100210	0.01	-0.16	1.52
20100211	0.0	-0.87	1.48
20100212	0.68	1.43	1.47
20100213	0.18	1.36	1.44
20100214	0.0	1.62	1.42
20100215	1.96	1.94	1.4
20100216	1.05	2.46	1.38
20100217	3.34	1.04	1.36
20100218	8.8	1.06	1.36
20100219	1.14	0.81	1.36
20100220	1.44	0.01	1.32
20100221	2.61	1.47	1.32
20100222	2.7	1.0	1.32
20100223	2.66	1.13	1.31
20100224	2.32	5.03	1.32
20100225	5.19	5.38	1.32
20100226	6.39	3.92	1.38
20100227	8.46	3.99	1.4
20100228	0.7	3.41	1.47
20100301	0.01	2.62	1.46
20100302	0.0	2.08	1.46
20100303	0.0	2.46	1.47
20100304	0.0	1.78	1.47
20100305	0.02	1.58	1.47
20100306	0.0	2.55	1.47
20100307	0.0	-1.53	1.46
20100308	0.0	-0.02	1.46
20100309	0.0	3.53	1.44
20100310	0.0	3.21	1.43
20100311	0.06	1.52	1.39
20100312	1.5	4.29	1.38
20100313	0.0	4.5	1.36
20100314	0.12	5.81	1.32
20100315	0.0	5.27	1.32
20100316	0.0	4.91	1.31
20100317	0.0	7.56	1.3
20100318	1.22	9.26	1.26
20100319	10.03	8.49	1.28
20100320	6.3	8.87	1.31
20100321	0.0	6.84	1.28
20100322	2.38	7.04	1.22
20100323	4.5	5.65	1.22
20100324	10.88	9.51	1.28
20100325	5.48	9.76	1.32
20100326	5.11	7.83	1.3
20100327	0.86	7.5	1.31
20100328	2.21	7.01	1.3
20100329	2.83	7.52	1.32
20100330	4.75	7.15	1.34
20100331	0.9	2.97	1.35
20100401	4.59	3.78	1.35
20100402	5.83	5.43	1.38
20100403	6.42	5.32	1.43
20100404	0.39	5.51	1.44
20100405	0.0	7.65	1.43
20100406	0.83	9.24	1.43
20100407	0.0	7.69	1.42
20100408	0.0	7.5	1.4
20100409	0.0	9.12	1.39
20100410	0.0	10.05	1.36
20100411	0.0	8.06	1.35
20100412	0.0	7.27	1.35
20100413	0.0	7.12	1.34
20100414	0.0	6.95	1.32
20100415	0.0	5.96	1.31
20100416	0.0	6.86	1.3
20100417	0.0	7.65	1.29
20100418	0.0	8.54	1.28
20100419	0.0	7.88	1.24
20100420	0.0	6.63	1.23
20100421	0.0	5.2	1.22
20100422	0.0	6.24	1.22
20100423	0.0	8.34	1.21
20100424	0.81	10.49	1.2
20100425	0.45	11.32	1.18
20100426	0.05	11.07	1.17
20100427	0.0	11.25	1.15
20100428	0.0	13.14	1.14
20100429	4.54	10.73	1.13
20100430	2.85	9.32	1.12
20100501	35.42	9.3	1.2
20100502	0.0	6.74	1.31
20100503	0.47	5.8	1.15
20100504	0.05	6.56	1.11
20100505	0.36	9.17	1.1
20100506	0.0	9.11	1.09
20100507	0.96	7.39	1.08
20100508	1.79	6.77	1.07
20100509	0.05	7.2	1.07
20100510	0.36	6.58	1.06
20100511	0.05	5.62	1.04
20100512	0.58	5.21	1.02
20100513	0.05	6.53	1.02
20100514	0.0	7.91	1.02
20100515	0.45	9.37	1.01
20100516	0.71	9.16	1.0
20100517	0.0	9.76	1.0
20100518	0.0	10.84	0.96
20100519	0.0	12.76	0.96
20100520	0.0	15.29	0.95
20100521	0.01	16.66	0.95
20100522	0.0	16.46	0.94
20100523	0.0	17.88	0.93
20100524	0.0	16.78	0.92
20100525	0.0	13.05	0.92
20100526	3.63	10.71	0.92
20100527	0.0	9.99	0.91
20100528	0.39	11.06	0.89
20100529	5.04	10.77	0.9
20100530	0.0	12.44	0.89
20100531	0.79	11.7	0.88
20100601	2.53	10.79	0.89
20100602	0.05	13.07	0.88
20100603	0.0	15.4	0.87
20100604	0.0	16.58	0.85
20100605	0.0	17.04	0.84
20100606	4.44	14.98	0.85
20100607	14.4	13.21	0.86
20100608	6.79	13.32	0.92
20100609	1.06	14.07	0.87
20100610	0.1	13.29	0.84
20100611	0.0	13.18	0.83
20100612	0.14	13.19	0.83
20100613	2.14	13.04	0.83
20100614	0.12	12.68	0.82
20100615	1.58	11.7	0.82
20100616	0.0	12.5	0.81
20100617	0.0	13.79	0.8
20100618	0.18	13.15	0.78
20100619	0.0	10.67	0.79
20100620	0.1	12.06	0.78
20100621	0.0	15.81	0.78
20100622	0.0	16.48	0.78
20100623	0.0	16.26	0.78
20100624	0.0	16.45	0.78
20100625	0.0	16.56	0.75
20100626	0.0	18.27	0.75
20100627	0.0	18.38	0.75
20100628	1.22	17.62	0.74
20100629	0.54	17.91	0.74
20100630	0.0	17.44	0.74
20100701	0.16	17.57	0.73
20100702	0.05	17.42	0.73
20100703	0.0	16.27	0.72
20100704	0.0	15.62	0.72
20100705	0.0	15.23	0.71
20100706	0.0	15.21	0.71
20100707	0.0	16.83	0.71
20100708	0.0	17.21	0.71
20100709	0.0	18.65	0.71
20100710	0.0	20.07	0.71
20100711	0.26	17.27	0.7
20100712	0.23	14.82	0.71
20100713	3.64	14.21	0.71
20100714	5.62	16.4	0.71
20100715	7.63	15.48	0.71
20100716	3.67	14.79	0.71
20100717	0.02	13.98	0.7
20100718	0.0	15.8	0.69
20100719	0.86	18.35	0.69
20100720	0.4	17.77	0.69
20100721	0.52	16.29	0.68
20100722	19.05	14.44	0.7
20100723	0.0	14.62	0.7
20100724	0.0	15.58	0.68
20100725	1.58	17.6	0.67
20100726	0.95	18.22	0.67
20100727	3.16	17.77	0.67
20100728	0.0	15.32	0.66
20100729	0.0	15.09	0.66
20100730	2.44	15.2	0.66
20100731	0.15	16.39	0.66
20100801	0.16	15.89	0.66
20100802	0.0	15.41	0.66
20100803	0.21	14.88	0.66
20100804	3.02	14.13	0.64
20100805	0.05	14.02	0.64
20100806	0.62	15.0	0.64
20100807	0.59	15.9	0.64
20100808	0.0	15.55	0.64
20100809	4.2	15.55	0.63
20100810	1.89	14.91	0.64
20100811	0.05	14.45	0.64
20100812	0.97	13.82	0.63
20100813	8.05	13.06	0.63
20100814	6.26	13.74	0.64
20100815	0.0	16.26	0.62
20100816	0.99	15.92	0.62
20100817	0.07	15.32	0.62
20100818	1.69	13.73	0.61
20100819	9.68	14.37	0.62
20100820	2.57	17.66	0.63
20100821	8.76	17.45	0.64
20100822	29.35	16.55	0.69
20100823	7.84	14.58	0.75
20100824	0.0	13.43	0.68
20100825	49.17	12.53	0.73
20100826	8.17	13.39	0.85
20100827	0.32	12.62	0.82
20100828	0.0	12.91	0.77
20100829	1.45	12.79	0.73
20100830	0.0	11.34	0.7
20100831	0.0	11.93	0.69
20100901	0.0	13.27	0.61
20100902	0.0	13.71	0.61
20100903	0.0	13.79	0.61
20100904	0.0	14.05	0.57
20100905	2.63	14.92	0.59
20100906	14.14	14.92	0.61
20100907	0.01	13.65	0.62
20100908	0.05	13.28	0.6
20100909	0.8	14.46	0.59
20100910	0.43	16.11	0.59
20100911	0.12	16.17	0.58
20100912	0.0	12.99	0.57
20100913	0.3	13.77	0.57
20100914	3.05	15.25	0.57
20100915	0.43	11.84	0.57
20100916	0.14	11.91	0.57
20100917	0.0	9.93	0.56
20100918	0.02	9.85	0.56
20100919	0.01	13.19	0.56
20100920	0.0	15.0	0.56
20100921	0.0	13.72	0.55
20100922	4.09	14.46	0.55
20100923	1.88	14.23	0.55
20100924	0.41	10.04	0.54
20100925	0.0	7.44	0.54
20100926	0.28	8.59	0.53
20100927	0.82	11.33	0.53
20100928	3.43	13.08	0.53
20100929	4.13	12.62	0.54
20100930	8.05	10.51	0.54
20101001	14.64	12.54	0.64
20101002	14.31	10.97	0.64
20101003	1.47	12.08	0.67
20101004	0.64	11.56	0.64
20101005	5.32	13.46	0.63
20101006	0.22	12.43	0.63
20101007	0.44	11.61	0.62
20101008	0.0	15.24	0.61
20101009	0.0	13.81	0.6
20101010	0.0	13.42	0.6
20101011	0.0	10.68	0.59
20101012	0.0	8.73	0.59
20101013	0.0	7.44	0.59
20101014	0.0	7.54	0.59
20101015	0.78	9.2	0.59
20101016	0.25	7.25	0.59
20101017	0.0	5.86	0.59
20101018	1.74	9.39	0.58
20101019	4.74	7.78	0.59
20101020	0.08	3.62	0.59
20101021	0.0	5.44	0.58
20101022	7.69	8.57	0.57
20101023	2.09	7.83	0.59
20101024	0.1	4.19	0.61
20101025	0.46	2.78	0.59
20101026	5.07	8.58	0.59
20101027	0.11	11.9	0.59
20101028	0.27	11.61	0.58
20101029	0.02	11.49	0.56
20101030	0.56	9.42	0.56
20101031	0.21	9.4	0.57
20101101	0.09	9.4	0.55
20101102	0.03	12.02	0.55
20101103	0.0	12.13	0.54
20101104	0.06	14.68	0.54
20101105	10.77	12.31	0.54
20101106	6.3	7.18	0.58
20101107	19.97	3.85	0.63
20101108	7.44	4.55	0.78
20101109	0.0	5.32	0.75
20101110	5.16	2.68	0.73
20101111	2.43	8.27	0.75
20101112	2.34	9.1	0.73
20101113	0.02	7.04	0.73
20101114	0.0	4.04	0.74
20101115	0.44	2.23	0.74
20101116	1.9	2.92	0.74
20101117	5.7	5.4	0.75
20101118	0.48	6.15	0.78
20101119	0.09	4.48	0.78
20101120	0.14	4.83	0.77
20101121	0.21	4.1	0.77
20101122	0.01	4.21	0.77
20101123	0.0	3.72	0.77
20101124	0.01	0.75	0.76
20101125	0.0	-0.66	0.73
20101126	0.06	-1.93	0.73
20101127	0.04	-2.59	0.73
20101128	0.0	-5.7	0.73
20101129	1.19	-3.3	0.73
20101130	1.77	-1.03	0.72
20101201	0.16	-2.43	0.71
20101202	0.02	-1.94	0.71
20101203	2.36	-3.94	0.71
20101204	1.91	1.6	0.71
20101205	0.06	-1.1	0.71
20101206	0.0	-5.33	0.7
20101207	0.0	-6.26	0.7
20101208	0.12	-2.29	0.66
20101209	0.06	-0.4	0.65
20101210	0.0	3.78	0.65
20101211	0.0	4.67	0.66
20101212	0.0	1.23	0.66
20101213	0.11	0.89	0.66
20101214	2.07	1.36	0.65
20101215	0.06	2.1	0.65
20101216	3.86	2.7	0.66
20101217	2.57	-3.2	0.65
20101218	6.0	-3.49	0.64
20101219	0.0	-7.6	0.62
20101220	2.58	-6.51	0.63
20101221	4.76	-2.75	0.64
20101222	0.0	-2.12	0.63
20101223	0.0	-1.91	0.62
20101224	0.0	-3.42	0.62
20101225	0.07	-7.09	0.57
20101226	0.02	-4.94	0.56
20101227	7.45	1.66	0.64
20101228	1.52	3.26	0.65
20101229	0.58	5.24	0.67
20101230	0.0	4.77	0.74
20101231	0.0	3.93	0.81
20110101	1.96	3.81	0.84
20110102	0.02	0.78	0.84
20110103	0.16	-0.54	0.84
20110104	0.5	1.23	0.84
20110105	3.04	4.26	0.86
20110106	7.08	1.75	0.86
20110107	4.71	3.22	0.94
20110108	0.05	4.71	0.94
20110109	0.02	2.31	0.93
20110110	10.22	3.97	0.96
20110111	6.64	4.65	1.03
20110112	9.67	7.89	1.15
20110113	7.98	10.65	1.19
20110114	2.69	8.92	1.26
20110115	2.14	8.9	1.28
20110116	2.14	9.11	1.34
20110117	3.32	5.18	1.36
20110118	0.06	2.87	1.35
20110119	0.02	1.08	1.32
20110120	0.1	-0.15	1.31
20110121	0.32	-1.64	1.29
20110122	0.33	0.72	1.26
20110123	0.0	4.25	1.24
20110124	0.06	4.07	1.22
20110125	2.56	5.44	1.21
20110126	0.44	4.0	1.18
20110127	0.0	0.24	1.16
20110128	0.0	-1.04	1.14
20110129	0.0	-1.78	1.11
20110130	0.0	-0.67	1.1
20110131	0.19	-2.53	1.08
20110201	0.04	3.46	1.06
20110202	0.57	5.64	1.03
20110203	0.58	5.79	1.02
20110204	0.29	9.87	1.01
20110205	0.04	10.24	0.99
20110206	0.05	10.04	0.98
20110207	0.0	7.72	0.94
20110208	0.01	3.32	0.93
20110209	0.0	6.95	0.93
20110210	3.56	8.09	0.93
20110211	0.56	8.34	0.92
20110212	1.96	6.49	0.9
20110213	15.45	6.14	0.95
20110214	1.6	3.81	0.98
20110215	6.84	3.89	0.95
20110216	0.19	4.13	0.95
20110217	0.0	4.4	0.94
20110218	9.66	3.58	0.96
20110219	0.92	3.91	1.04
20110220	1.61	3.38	1.02
20110221	2.06	3.47	1.02
20110222	3.19	5.07	1.03
20110223	0.42	7.64	1.04
20110224	0.1	8.38	1.04
20110225	11.63	9.13	1.06
20110226	2.67	6.84	1.14
20110227	4.98	4.21	1.15
20110228	0.12	2.99	1.15
20110301	0.0	2.69	1.15
20110302	0.0	1.73	1.16
20110303	0.0	0.31	1.16
20110304	0.0	1.2	1.16
20110305	0.35	1.54	1.16
20110306	0.0	2.39	1.15
20110307	0.0	1.49	1.14
20110308	0.89	1.95	1.13
20110309	0.33	6.17	1.12
20110310	0.0	7.9	1.11
20110311	0.0	6.26	1.11
20110312	1.81	8.28	1.09
20110313	0.2	5.85	1.08
20110314	0.0	3.79	1.07
20110315	0.0	7.74	1.05
20110316	0.0	6.83	1.02
20110317	0.22	5.83	1.01
20110318	0.24	4.29	1.01
20110319	0.0	4.13	1.0
20110320	0.0	6.51	0.98
20110321	0.0	8.4	0.96
20110322	0.0	8.98	0.94
20110323	0.0	8.66	0.93
20110324	0.0	8.55	0.92
20110325	0.0	8.25	0.91
20110326	0.0	6.64	0.9
20110327	0.0	6.82	0.89
20110328	0.0	6.72	0.89
20110329	0.06	7.89	0.87
20110330	4.93	8.87	0.87
20110331	0.16	11.28	0.86
20110401	0.18	11.54	0.85
20110402	0.0	11.37	0.84
20110403	2.42	7.73	0.84
20110404	0.36	7.35	0.83
20110405	0.0	10.15	0.82
20110406	0.0	12.98	0.81
20110407	0.0	11.11	0.8
20110408	0.0	11.01	0.78
20110409	0.0	11.75	0.77
20110410	0.0	10.61	0.77
20110411	0.3	9.67	0.75
20110412	0.0	7.24	0.75
20110413	0.57	6.16	0.74
20110414	0.0	8.67	0.74
20110415	0.0	9.91	0.74
20110416	0.0	10.55	0.73
20110417	0.0	10.49	0.73
20110418	0.0	11.08	0.72
20110419	0.0	11.95	0.72
20110420	0.0	12.7	0.7
20110421	0.0	14.59	0.71
20110422	0.0	15.29	0.71
20110423	0.06	15.02	0.7
20110424	0.0	12.76	0.68
20110425	0.0	12.29	0.67
20110426	0.81	9.83	0.67
20110427	0.0	9.9	0.66
20110428	0.24	8.92	0.65
20110429	2.98	11.51	0.65
20110430	0.0	12.56	0.65
20110501	0.0	12.23	0.64
20110502	0.0	9.82	0.64
20110503	0.0	8.31	0.64
20110504	0.0	9.09	0.64
20110505	0.0	12.12	0.64
20110506	9.29	14.9	0.63
20110507	21.93	15.07	0.69
20110508	1.03	13.8	0.69
20110509	0.29	12.13	0.64
20110510	0.0	12.19	0.64
20110511	0.0	11.41	0.63
20110512	0.0	10.47	0.62
20110513	0.0	9.68	0.62
20110514	1.6	9.21	0.61
20110515	0.11	9.97	0.61
20110516	0.0	12.13	0.61
20110517	0.0	12.56	0.61
20110518	0.14	12.06	0.61
20110519	0.0	10.24	0.6
20110520	0.0	11.28	0.57
20110521	1.51	11.98	0.6
20110522	0.51	11.67	0.59
20110523	1.5	10.96	0.58
20110524	0.0	10.65	0.58
20110525	0.36	11.61	0.58
20110526	3.64	10.75	0.58
20110527	0.0	10.33	0.58
20110528	0.1	11.43	0.57
20110529	3.4	13.22	0.57
20110530	6.04	10.89	0.59
20110531	0.1	10.06	0.58
20110601	0.0	11.72	0.57
20110602	0.0	14.87	0.57
20110603	0.0	16.34	0.57
20110604	0.59	15.84	0.56
20110605	0.61	11.94	0.56
20110606	0.01	11.22	0.56
20110607	1.65	11.0	0.56
20110608	0.82	11.36	0.55
20110609	0.0	11.13	0.55
20110610	1.96	9.19	0.55
20110611	4.51	10.0	0.55
20110612	17.8	9.54	0.59
20110613	0.2	14.31	0.57
20110614	0.0	13.88	0.55
20110615	1.99	14.74	0.55
20110616	2.48	12.28	0.55
20110617	3.6	11.35	0.54
20110618	1.81	12.18	0.53
20110619	0.0	12.61	0.53
20110620	5.04	13.31	0.53
20110621	0.71	14.92	0.53
20110622	1.26	13.88	0.52
20110623	0.1	12.52	0.52
20110624	9.51	11.63	0.52
20110625	0.01	15.15	0.53
20110626	0.0	19.31	0.52
20110627	0.33	20.1	0.52
20110628	0.0	14.43	0.52
20110629	0.07	12.73	0.52
20110630	0.0	12.35	0.52
20110701	0.0	12.88	0.52
20110702	0.0	14.64	0.52
20110703	0.0	15.8	0.52
20110704	0.0	17.36	0.52
20110705	2.12	15.53	0.52
20110706	2.82	13.74	0.51
20110707	4.52	13.88	0.51
20110708	6.38	13.08	0.51
20110709	2.2	14.81	0.51
20110710	0.0	14.6	0.5
20110711	0.05	15.62	0.5
20110712	0.0	14.8	0.5
20110713	0.0	13.5	0.5
20110714	0.0	14.65	0.5
20110715	2.73	15.21	0.49
20110716	8.9	14.22	0.51
20110717	5.38	13.3	0.5
20110718	0.39	13.02	0.5
20110719	0.23	13.51	0.49
20110720	0.0	13.39	0.49
20110721	0.63	13.84	0.49
20110722	0.04	12.97	0.49
20110723	0.0	13.12	0.49
20110724	0.0	14.28	0.49
20110725	0.0	14.86	0.49
20110726	0.0	15.44	0.49
20110727	0.0	15.83	0.49
20110728	0.01	16.55	0.48
20110729	0.0	14.78	0.48
20110730	0.0	14.89	0.48
20110731	0.03	17.08	0.48
20110801	0.0	18.45	0.48
20110802	0.0	18.62	0.46
20110803	2.07	18.4	0.44
20110804	4.64	16.39	0.45
20110805	0.0	16.04	0.44
20110806	1.16	13.93	0.44
20110807	1.82	13.32	0.44
20110808	0.01	13.68	0.44
20110809	0.0	13.57	0.43
20110810	0.1	14.46	0.43
20110811	0.56	16.64	0.43
20110812	0.75	16.49	0.43
20110813	0.0	15.78	0.44
20110814	0.0	15.14	0.43
20110815	0.4	13.85	0.43
20110816	0.25	15.38	0.43
20110817	0.02	13.21	0.43
20110818	7.61	11.43	0.43
20110819	0.0	13.69	0.43
20110820	0.73	15.66	0.43
20110821	0.0	16.17	0.43
20110822	0.34	15.1	0.43
20110823	0.1	14.19	0.43
20110824	23.53	14.24	0.44
20110825	2.92	13.65	0.47
20110826	10.91	12.09	0.45
20110827	1.76	12.57	0.46
20110828	0.05	12.96	0.44
20110829	0.0	11.83	0.44
20110830	0.0	12.41	0.43
20110831	0.0	12.89	0.43
20110901	0.0	14.09	0.43
20110902	0.0	15.71	0.43
20110903	2.12	15.87	0.43
20110904	3.32	14.6	0.43
20110905	4.56	12.67	0.43
20110906	2.48	13.96	0.43
20110907	0.15	12.76	0.42
20110908	0.56	14.46	0.42
20110909	0.42	16.94	0.42
20110910	0.4	17.32	0.42
20110911	2.2	14.55	0.42
20110912	0.0	15.53	0.42
20110913	1.37	12.8	0.41
20110914	0.0	12.18	0.41
20110915	0.0	11.26	0.41
20110916	0.83	13.95	0.41
20110917	2.52	11.85	0.41
20110918	0.37	10.69	0.41
20110919	0.0	12.68	0.41
20110920	10.29	14.22	0.42
20110921	0.12	12.46	0.42
20110922	0.17	12.31	0.41
20110923	0.0	12.0	0.41
20110924	0.41	12.92	0.41
20110925	2.56	14.71	0.41
20110926	0.0	14.56	0.41
20110927	0.02	14.6	0.41
20110928	0.0	17.38	0.41
20110929	0.0	17.94	0.41
20110930	0.0	18.2	0.4
20111001	0.0	18.3	0.4
20111002	0.0	17.47	0.4
20111003	0.0	17.73	0.39
20111004	0.02	13.96	0.38
20111005	3.94	15.65	0.38
20111006	0.7	10.73	0.39
20111007	0.88	10.34	0.38
20111008	0.08	11.44	0.39
20111009	0.0	15.41	0.38
20111010	0.0	15.43	0.38
20111011	0.0	15.2	0.39
20111012	0.0	14.22	0.38
20111013	0.0	13.06	0.38
20111014	0.0	11.14	0.38
20111015	0.0	8.17	0.38
20111016	0.0	9.55	0.38
20111017	7.6	10.83	0.38
20111018	0.0	8.01	0.39
20111019	1.13	5.98	0.38
20111020	0.0	5.64	0.38
20111021	0.0	9.23	0.39
20111022	0.0	9.19	0.39
20111023	0.0	13.3	0.39
20111024	2.62	12.79	0.39
20111025	6.32	10.28	0.39
20111026	6.11	7.89	0.4
20111027	10.7	9.81	0.41
20111028	0.0	8.26	0.4
20111029	0.73	9.84	0.39
20111030	0.1	13.35	0.39
20111031	1.12	13.57	0.38
20111101	0.2	10.36	0.38
20111102	4.63	10.84	0.38
20111103	1.99	13.26	0.4
20111104	5.65	11.3	0.41
20111105	0.0	9.3	0.4
20111106	0.0	6.91	0.39
20111107	1.07	6.84	0.39
20111108	1.66	8.81	0.39
20111109	0.82	10.28	0.39
20111110	0.26	10.63	0.39
20111111	5.7	10.0	0.38
20111112	0.0	10.95	0.41
20111113	0.0	11.45	0.4
20111114	0.06	7.98	0.4
20111115	0.0	7.21	0.39
20111116	0.44	5.88	0.39
20111117	0.02	9.09	0.39
20111118	0.0	10.17	0.4
20111119	0.07	7.6	0.38
20111120	0.12	6.5	0.4
20111121	3.37	8.15	0.39
20111122	0.03	8.44	0.39
20111123	0.01	6.03	0.39
20111124	1.6	10.1	0.39
20111125	0.1	8.74	0.41
20111126	0.37	9.2	0.4
20111127	0.02	8.52	0.39
20111128	1.67	5.97	0.39
20111129	3.11	9.42	0.41
20111130	4.01	7.53	0.41
20111201	0.0	6.63	0.39
20111202	0.95	4.34	0.42
20111203	0.0	8.46	0.42
20111204	0.45	5.62	0.43
20111205	0.0	3.32	0.43
20111206	2.04	4.24	0.43
20111207	0.1	5.83	0.4
20111208	8.66	7.11	0.43
20111209	0.01	3.27	0.46
20111210	0.41	2.08	0.45
20111211	10.38	5.7	0.48
20111212	16.51	5.04	0.54
20111213	9.11	4.96	0.59
20111214	4.52	2.9	0.57
20111215	7.74	3.78	0.54
20111216	3.87	1.9	0.55
20111217	0.19	1.85	0.54
20111218	0.22	1.16	0.52
20111219	4.44	3.8	0.53
20111220	4.66	5.86	0.52
20111221	0.0	9.21	0.53
20111222	0.0	9.12	0.52
20111223	7.46	7.3	0.55
20111224	0.09	5.51	0.56
20111225	0.0	9.4	0.55
20111226	0.1	9.64	0.55
20111227	0.64	8.48	0.55
20111228	0.01	6.75	0.55
20111229	3.2	6.33	0.55
20111230	5.57	6.47	0.57
20111231	0.02	10.32	0.58
20120101	2.61	8.52	0.58
20120102	6.32	4.14	0.57
20120103	7.45	7.0	0.64
20120104	7.81	6.22	0.63
20120105	0.3	7.74	0.64
20120106	0.46	5.8	0.63
20120107	0.16	7.67	0.63
20120108	0.1	7.64	0.64
20120109	0.04	8.03	0.64
20120110	0.0	7.82	0.64
20120111	0.0	8.16	0.65
20120112	0.0	7.28	0.65
20120113	0.01	1.79	0.65
20120114	0.0	0.03	0.64
20120115	0.02	1.48	0.64
20120116	0.01	0.74	0.64
20120117	0.34	0.41	0.64
20120118	6.24	7.33	0.64
20120119	0.4	6.97	0.65
20120120	0.28	6.72	0.64
20120121	0.45	8.35	0.64
20120122	0.0	6.82	0.63
20120123	10.33	4.71	0.62
20120124	0.7	5.84	0.66
20120125	3.67	7.97	0.65
20120126	4.48	4.41	0.65
20120127	1.97	3.49	0.65
20120128	0.0	2.22	0.65
20120129	0.16	1.17	0.64
20120130	0.01	0.72	0.64
20120131	0.0	-0.46	0.63
20120201	0.0	-0.98	0.63
20120202	0.0	-2.03	0.62
20120203	0.0	-2.91	0.6
20120204	10.88	-2.03	0.62
20120205	2.18	1.49	0.65
20120206	1.17	2.24	0.64
20120207	0.06	0.13	0.65
20120208	0.0	-2.0	0.65
20120209	2.85	-1.0	0.64
20120210	0.63	-0.49	0.64
20120211	0.0	-3.54	0.62
20120212	0.27	1.36	0.57
20120213	1.19	4.06	0.56
20120214	0.0	4.95	0.57
20120215	0.0	6.94	0.57
20120216	0.0	6.4	0.57
20120217	0.1	7.96	0.57
20120218	1.88	5.75	0.56
20120219	0.0	2.09	0.56
20120220	0.1	3.2	0.56
20120221	0.0	7.06	0.56
20120222	0.76	8.07	0.56
20120223	0.01	10.28	0.56
20120224	0.02	8.53	0.56
20120225	0.0	5.85	0.56
20120226	0.0	5.53	0.55
20120227	0.24	7.56	0.55
20120228	0.04	8.4	0.55
20120229	0.02	8.04	0.55
20120301	0.0	6.29	0.55
20120302	0.78	6.04	0.54
20120303	5.36	7.45	0.54
20120304	9.01	4.14	0.57
20120305	0.0	4.5	0.57
20120306	1.31	4.14	0.56
20120307	2.4	6.43	0.55
20120308	0.0	6.07	0.54
20120309	0.1	8.13	0.54
20120310	0.0	9.57	0.53
20120311	0.05	8.03	0.52
20120312	0.23	6.18	0.52
20120313	0.0	5.93	0.52
20120314	0.12	5.28	0.53
20120315	0.0	4.98	0.52
20120316	2.49	7.15	0.52
20120317	6.27	6.9	0.52
20120318	1.88	4.68	0.52
20120319	0.0	5.17	0.52
20120320	0.0	7.79	0.52
20120321	0.0	7.69	0.52
20120322	0.1	8.9	0.51
20120323	0.0	9.49	0.51
20120324	0.0	9.99	0.51
20120325	0.0	8.94	0.51
20120326	0.0	9.39	0.51
20120327	0.0	9.77	0.51
20120328	0.0	9.87	0.51
20120329	0.0	10.13	0.51
20120330	0.0	7.86	0.51
20120331	0.0	7.27	0.48
20120401	0.0	5.21	0.46
20120402	0.05	6.78	0.46
20120403	3.79	6.6	0.47
20120404	1.8	3.47	0.47
20120405	0.0	4.47	0.47
20120406	0.76	4.76	0.47
20120407	0.71	7.49	0.47
20120408	1.99	8.4	0.47
20120409	5.99	7.97	0.48
20120410	1.58	6.46	0.48
20120411	1.3	5.85	0.48
20120412	2.88	6.31	0.47
20120413	0.0	5.45	0.46
20120414	0.0	5.11	0.45
20120415	0.1	3.9	0.45
20120416	5.14	4.73	0.45
20120417	5.33	6.89	0.46
20120418	11.53	6.23	0.48
20120419	5.13	6.78	0.55
20120420	1.55	6.06	0.56
20120421	1.25	6.0	0.52
20120422	2.39	6.81	0.49
20120423	4.01	6.5	0.49
20120424	11.06	6.85	0.5
20120425	12.88	6.78	0.63
20120426	12.97	8.68	0.73
20120427	12.08	7.64	0.79
20120428	28.31	6.31	0.87
20120429	12.81	5.73	1.16
20120430	15.01	10.74	1.22
20120501	2.05	9.87	1.47
20120502	12.12	9.84	1.51
20120503	2.55	7.19	1.67
20120504	0.5	6.8	1.64
20120505	0.06	5.25	1.63
20120506	0.81	5.68	1.61
20120507	16.51	7.46	1.65
20120508	0.89	10.47	1.64
20120509	10.18	9.97	1.63
20120510	1.2	13.1	1.63
20120511	0.01	9.45	1.56
20120512	0.0	8.06	1.54
20120513	0.7	8.93	1.52
20120514	3.08	8.48	1.5
20120515	1.31	6.46	1.47
20120516	0.0	7.26	1.43
20120517	0.0	8.76	1.39
20120518	2.21	10.03	1.35
20120519	0.0	9.18	1.31
20120520	0.0	9.02	1.28
20120521	0.0	10.99	1.24
20120522	0.0	14.42	1.2
20120523	0.0	15.15	1.16
20120524	0.0	16.49	1.13
20120525	0.0	18.22	1.09
20120526	0.0	17.63	1.06
20120527	0.0	16.45	1.05
20120528	0.0	16.45	1.01
20120529	0.0	15.26	0.99
20120530	0.49	15.43	0.98
20120531	0.58	13.68	0.96
20120601	0.19	14.44	0.95
20120602	15.1	13.13	0.95
20120603	15.01	9.96	1.01
20120604	0.0	9.33	0.97
20120605	4.25	10.11	0.94
20120606	8.53	13.04	0.92
20120607	19.69	12.2	0.98
20120608	0.81	11.33	1.02
20120609	0.0	11.28	0.94
20120610	7.84	11.77	0.92
20120611	20.44	10.86	1.01
20120612	0.0	10.47	1.0
20120613	0.1	10.99	0.96
20120614	21.02	11.55	1.0
20120615	1.2	12.76	1.04
20120616	1.63	12.5	1.0
20120617	3.28	12.37	0.99
20120618	0.0	12.34	0.98
20120619	0.0	13.0	0.95
20120620	9.0	14.05	0.95
20120621	8.13	12.46	0.98
20120622	2.51	12.05	0.99
20120623	11.36	12.26	0.98
20120624	0.79	13.07	1.0
20120625	0.0	13.78	0.97
20120626	4.68	15.19	0.97
20120627	1.08	17.06	0.96
20120628	5.82	17.45	0.95
20120629	6.39	14.63	0.96
20120630	0.58	13.4	0.96
20120701	1.31	12.22	0.94
20120702	7.3	13.77	0.95
20120703	5.87	14.64	0.97
20120704	3.15	15.62	0.98
20120705	3.05	15.52	0.95
20120706	19.88	13.73	1.03
20120707	8.71	14.01	1.1
20120708	2.39	14.48	1.1
20120709	0.0	14.0	1.09
20120710	1.79	12.61	1.09
20120711	4.16	12.71	1.1
20120712	17.77	12.14	1.15
20120713	11.24	13.45	1.23
20120714	2.2	12.67	1.25
20120715	2.4	12.64	1.23
20120716	3.04	13.69	1.26
20120717	1.21	15.84	1.27
20120718	4.0	15.3	1.27
20120719	0.0	13.55	1.27
20120720	0.06	12.63	1.25
20120721	0.0	13.39	1.23
20120722	0.0	15.75	1.21
20120723	0.0	17.21	1.18
20120724	0.0	18.42	1.15
20120725	0.0	18.25	1.13
20120726	0.0	18.24	1.11
20120727	0.0	16.4	1.08
20120728	0.0	13.54	1.07
20120729	2.37	12.41	1.06
20120730	5.77	12.49	1.05
20120731	1.11	13.82	1.03
20120801	1.7	15.83	1.01
20120802	6.31	14.8	1.0
20120803	0.67	14.85	0.98
20120804	8.55	14.96	0.98
20120805	3.83	13.58	0.97
20120806	1.54	13.72	0.96
20120807	1.74	13.93	0.94
20120808	0.0	16.38	0.92
20120809	0.01	16.96	0.9
20120810	0.0	17.58	0.88
20120811	0.0	16.92	0.87
20120812	3.42	16.68	0.86
20120813	2.41	16.86	0.86
20120814	0.06	17.64	0.85
20120815	15.72	16.86	0.87
20120816	3.04	16.21	0.85
20120817	9.26	17.96	0.85
20120818	0.0	18.57	0.83
20120819	0.72	18.04	0.81
20120820	0.16	16.61	0.79
20120821	0.2	15.41	0.78
20120822	0.48	14.63	0.77
20120823	0.0	14.19	0.76
20120824	7.99	14.31	0.76
20120825	11.14	15.05	0.78
20120826	0.09	14.21	0.77
20120827	9.25	14.44	0.77
20120828	4.22	15.02	0.77
20120829	12.08	13.61	0.8
20120830	3.58	12.56	0.8
20120831	0.0	11.32	0.79
20120901	0.0	14.62	0.79
20120902	0.02	15.03	0.78
20120903	0.0	14.97	0.77
20120904	0.0	15.14	0.76
20120905	0.0	12.6	0.76
20120906	0.0	12.64	0.75
20120907	0.0	14.9	0.75
20120908	0.0	14.22	0.74
20120909	0.22	15.2	0.74
20120910	3.34	15.58	0.74
20120911	0.0	11.82	0.73
20120912	2.61	11.07	0.72
20120913	0.0	11.19	0.71
20120914	0.0	13.74	0.7
20120915	0.02	12.24	0.69
20120916	0.23	13.57	0.69
20120917	0.0	12.31	0.69
20120918	0.0	10.61	0.68
20120919	0.0	9.45	0.67
20120920	0.0	11.45	0.66
20120921	1.22	10.44	0.66
20120922	0.0	8.13	0.66
20120923	47.85	8.59	0.7
20120924	7.51	10.45	0.84
20120925	1.98	9.79	0.8
20120926	13.68	10.34	0.82
20120927	1.33	10.3	0.86
20120928	0.0	10.79	0.84
20120929	0.0	9.61	0.84
20120930	0.55	11.47	0.84
20121001	2.01	12.08	0.84
20121002	5.07	11.55	0.84
20121003	1.04	9.75	0.85
20121004	13.84	9.24	0.87
20121005	16.82	10.04	0.95
20121006	0.0	8.63	0.97
20121007	0.67	7.73	0.97
20121008	1.11	10.04	0.98
20121009	0.04	8.75	0.99
20121010	0.1	9.98	0.99
20121011	8.12	11.1	1.13
20121012	1.02	8.71	1.17
20121013	0.67	6.02	1.17
20121014	1.41	5.17	1.16
20121015	3.43	7.96	1.16
20121016	11.63	9.63	1.17
20121017	9.39	11.4	1.24
20121018	0.3	11.27	1.26
20121019	0.13	9.49	1.27
20121020	0.04	9.32	1.27
20121021	3.1	8.79	1.28
20121022	0.34	11.56	1.27
20121023	0.12	11.87	1.27
20121024	0.21	12.02	1.1
20121025	0.25	10.02	1.07
20121026	0.05	5.24	1.06
20121027	1.84	2.95	1.04
20121028	3.6	5.62	1.03
20121029	3.64	7.75	1.03
20121030	0.09	6.12	1.02
20121031	13.46	7.54	1.03
20121101	4.11	4.93	1.05
20121102	0.94	5.07	1.04
20121103	12.79	4.13	1.04
20121104	11.8	3.3	1.42
20121105	0.08	3.66	1.42
20121106	0.64	5.02	1.48
20121107	0.0	7.3	1.6
20121108	0.0	8.22	1.64
20121109	3.3	7.74	1.47
20121110	0.23	6.16	1.46
20121111	0.73	4.57	1.44
20121112	3.62	8.57	1.43
20121113	0.11	10.76	1.42
20121114	0.09	9.34	1.4
20121115	0.04	6.28	1.39
20121116	4.97	5.98	1.36
20121117	0.1	7.02	1.35
20121118	0.05	3.45	1.34
20121119	9.23	7.71	1.32
20121120	20.02	10.56	1.38
20121121	23.88	7.06	1.68
20121122	18.9	9.15	1.97
20121123	1.2	5.51	2.21
20121124	40.57	4.22	2.53
20121125	4.09	7.09	3.57
20121126	5.08	6.0	3.23
20121127	0.88	5.36	3.1
20121128	0.04	3.66	2.96
20121129	0.0	0.45	2.85
20121130	0.05	-0.04	2.71
20121201	0.06	1.16	2.59
20121202	7.1	1.26	2.51
20121203	0.02	5.45	2.46
20121204	1.32	3.25	2.33
20121205	0.02	0.86	2.24
20121206	7.94	0.59	2.17
20121207	0.05	3.88	2.13
20121208	0.0	3.35	2.03
20121209	0.02	5.84	1.96
20121210	0.02	1.64	1.89
20121211	0.07	-1.25	1.85
20121212	0.05	-1.74	1.83
20121213	0.89	-1.3	1.76
20121214	15.95	4.23	1.83
20121215	2.65	6.57	1.83
20121216	7.3	5.13	1.81
20121217	0.1	5.48	1.8
20121218	0.0	4.71	1.79
20121219	17.33	4.95	1.85
20121220	6.69	6.7	2.04
20121221	10.98	6.03	2.1
20121222	14.68	8.71	2.59
20121223	9.09	8.98	2.79
20121224	9.13	6.82	3.24
20121225	1.83	6.2	3.31
20121226	6.15	6.48	3.31
20121227	7.62	5.65	3.35
20121228	2.25	8.33	3.34
20121229	14.19	7.68	3.55
20121230	0.3	6.3	3.55
20121231	4.07	8.67	3.6
20130101	0.04	4.63	3.54
20130102	0.04	6.82	3.42
20130103	0.0	8.96	3.29
20130104	0.0	8.03	3.17
20130105	0.01	8.2	3.04
20130106	0.02	7.09	2.94
20130107	0.0	7.64	2.82
20130108	4.13	8.5	2.71
20130109	0.04	3.99	2.61
20130110	1.13	1.66	2.51
20130111	4.92	3.12	2.42
20130112	0.0	2.61	2.36
20130113	0.38	-0.03	2.26
20130114	7.3	1.3	2.21
20130115	0.06	-0.01	2.16
20130116	0.04	-2.21	2.06
20130117	4.24	-0.77	2.01
20130118	10.06	-1.06	1.97
20130119	0.02	-1.08	1.9
20130120	1.47	-1.2	1.88
20130121	1.0	-1.49	1.84
20130122	4.12	-1.09	1.81
20130123	1.44	-0.09	1.76
20130124	0.01	-0.31	1.72
20130125	8.98	0.08	1.7
20130126	13.72	4.26	1.84
20130127	1.36	6.08	2.13
20130128	2.92	5.51	2.18
20130129	11.47	9.66	2.26
20130130	1.42	7.75	2.4
20130131	2.75	7.24	2.38
20130201	1.04	4.79	2.41
20130202	0.02	2.08	2.4
20130203	0.0	4.78	2.39
20130204	1.37	7.05	2.36
20130205	3.2	2.91	2.34
20130206	0.0	3.25	2.26
20130207	1.43	1.64	2.21
20130208	4.08	2.43	2.15
20130209	5.86	2.58	2.13
20130210	20.44	2.93	2.24
20130211	0.4	0.7	2.23
20130212	0.0	0.37	2.17
20130213	11.09	1.05	2.2
20130214	0.02	5.9	2.34
20130215	0.01	4.3	2.33
20130216	0.02	4.02	2.34
20130217	0.0	3.24	2.34
20130218	0.0	3.18	2.33
20130219	0.05	1.93	2.33
20130220	0.0	1.38	2.26
20130221	0.0	0.03	2.19
20130222	0.0	-0.42	2.17
20130223	0.0	-0.29	2.11
20130224	0.0	0.05	2.05
20130225	0.26	1.93	2.01
20130226	0.0	2.78	1.95
20130227	0.0	2.26	1.89
20130228	0.85	2.29	1.86
20130301	0.0	3.85	1.82
20130302	0.0	1.61	1.77
20130303	0.0	1.76	1.73
20130304	0.0	2.95	1.7
20130305	0.02	4.22	1.68
20130306	4.33	5.72	1.65
20130307	5.6	6.6	1.63
20130308	7.46	6.94	1.63
20130309	0.11	4.71	1.6
20130310	0.0	1.09	1.56
20130311	0.0	-1.88	1.52
20130312	0.02	-0.54	1.49
20130313	0.02	1.54	1.48
20130314	2.78	1.02	1.43
20130315	18.31	4.6	1.45
20130316	9.62	4.6	1.6
20130317	0.77	2.14	1.54
20130318	0.38	1.9	1.52
20130319	2.01	2.41	1.52
20130320	0.0	2.08	1.52
20130321	12.57	2.44	1.54
20130322	9.65	2.33	1.61
20130323	3.27	0.51	1.64
20130324	0.04	-0.81	1.6
20130325	0.0	-0.25	1.58
20130326	0.0	-0.39	1.58
20130327	0.0	-0.15	1.58
20130328	0.0	0.19	1.58
20130329	0.0	0.5	1.58
20130330	0.0	0.63	1.58
20130331	0.0	0.76	1.58
20130401	0.0	1.15	1.54
20130402	0.0	1.84	1.52
20130403	0.0	1.67	1.5
20130404	0.0	1.33	1.45
20130405	0.0	2.55	1.44
20130406	0.0	2.78	1.43
20130407	0.0	3.27	1.42
20130408	0.03	4.01	1.39
20130409	0.0	4.54	1.38
20130410	2.19	5.29	1.37
20130411	11.53	5.68	1.38
20130412	2.66	6.98	1.39
20130413	4.98	7.7	1.37
20130414	0.79	11.65	1.35
20130415	1.18	10.5	1.31
20130416	0.2	10.18	1.28
20130417	0.0	10.64	1.23
20130418	3.74	8.5	1.22
20130419	0.0	7.38	1.22
20130420	0.0	6.52	1.2
20130421	0.0	6.17	1.17
20130422	0.0	8.27	1.17
20130423	0.0	10.75	1.15
20130424	0.0	10.45	1.14
20130425	4.81	10.13	1.14
20130426	0.11	6.76	1.13
20130427	1.08	4.93	1.12
20130428	0.54	5.93	1.1
20130429	0.0	7.42	1.08
20130430	0.0	6.92	1.07
20130501	0.0	7.78	1.06
20130502	0.0	9.2	1.05
20130503	0.05	9.69	1.04
20130504	0.01	10.01	1.03
20130505	0.0	10.74	1.03
20130506	0.0	11.26	1.02
20130507	2.89	13.19	1.0
20130508	0.37	11.46	1.02
20130509	1.82	8.49	1.0
20130510	0.54	9.67	1.0
20130511	5.28	7.53	1.0
20130512	1.0	8.46	1.0
20130513	4.4	8.37	0.99
20130514	21.86	6.54	1.06
20130515	0.5	7.07	1.07
20130516	0.1	7.58	1.01
20130517	0.0	8.24	0.99
20130518	0.0	9.37	0.98
20130519	1.14	11.15	0.96
20130520	0.19	11.79	0.96
20130521	0.0	11.1	0.95
20130522	0.07	9.86	0.93
20130523	2.71	6.6	0.93
20130524	1.49	6.49	0.93
20130525	0.0	8.58	0.92
20130526	0.0	10.06	0.91
20130527	3.27	9.14	0.91
20130528	15.32	8.6	0.98
20130529	10.84	9.81	0.96
20130530	2.27	11.61	0.99
20130531	0.0	13.44	0.95
20130601	0.0	11.31	0.91
20130602	0.0	11.31	0.91
20130603	0.0	12.17	0.9
20130604	0.0	12.41	0.87
20130605	0.0	12.18	0.87
20130606	0.0	12.7	0.87
20130607	0.0	13.47	0.86
20130608	0.0	12.61	0.86
20130609	0.0	11.91	0.86
20130610	0.13	10.72	0.86
20130611	0.16	12.55	0.86
20130612	3.93	13.6	0.86
20130613	0.07	12.24	0.85
20130614	6.29	11.99	0.85
20130615	0.9	11.39	0.85
20130616	2.31	12.22	0.84
20130617	0.33	13.94	0.84
20130618	0.0	14.65	0.84
20130619	1.94	16.46	0.81
20130620	0.64	14.43	0.81
20130621	1.77	14.55	0.8
20130622	0.1	12.47	0.79
20130623	2.43	12.16	0.79
20130624	0.04	11.74	0.78
20130625	0.0	12.61	0.78
20130626	0.0	13.6	0.78
20130627	8.62	12.44	0.77
20130628	1.38	14.4	0.79
20130629	0.0	14.6	0.77
20130630	0.0	14.96	0.76
20130701	0.0	13.2	0.76
20130702	1.7	12.41	0.76
20130703	0.0	14.12	0.76
20130704	0.0	15.14	0.75
20130705	0.0	15.37	0.74
20130706	0.0	16.5	0.73
20130707	0.0	18.8	0.73
20130708	0.0	18.52	0.72
20130709	0.0	17.91	0.72
20130710	0.0	17.49	0.72
20130711	0.0	15.18	0.71
20130712	0.0	16.82	0.71
20130713	0.0	20.32	0.7
20130714	0.0	18.73	0.7
20130715	0.0	18.22	0.69
20130716	0.0	18.51	0.69
20130717	0.0	19.13	0.69
20130718	0.0	20.02	0.69
20130719	0.0	20.62	0.69
20130720	0.0	18.55	0.69
20130721	0.0	17.61	0.68
20130722	13.93	19.78	0.69
20130723	0.0	18.84	0.71
20130724	2.98	18.29	0.69
20130725	0.01	17.93	0.69
20130726	0.0	17.45	0.68
20130727	16.83	16.81	0.7
20130728	0.21	16.87	0.7
20130729	1.98	16.57	0.69
20130730	0.38	16.13	0.68
20130731	0.53	16.5	0.68
20130801	0.06	21.03	0.71
20130802	1.62	17.95	0.73
20130803	0.13	16.2	0.73
20130804	4.83	15.94	0.74
20130805	13.59	16.02	0.77
20130806	0.0	14.31	0.77
20130807	0.0	15.12	0.74
20130808	1.2	15.72	0.73
20130809	0.0	16.03	0.72
20130810	0.83	14.94	0.71
20130811	0.0	15.31	0.7
20130812	0.0	14.12	0.68
20130813	0.16	13.43	0.68
20130814	2.58	15.0	0.68
20130815	3.61	17.56	0.67
20130816	0.34	16.71	0.67
20130817	2.98	15.02	0.67
20130818	0.0	15.71	0.67
20130819	0.0	14.67	0.61
20130820	0.0	15.58	0.61
20130821	4.74	16.08	0.61
20130822	0.0	17.84	0.59
20130823	0.99	17.61	0.58
20130824	0.04	14.91	0.58
20130825	0.0	15.3	0.58
20130826	0.0	16.86	0.57
20130827	0.0	15.38	0.57
20130828	0.0	15.25	0.57
20130829	0.0	15.75	0.57
20130830	0.0	16.62	0.57
20130831	0.0	13.47	0.56
20130901	0.0	12.59	0.56
20130902	0.0	15.02	0.56
20130903	0.0	15.98	0.56
20130904	0.0	16.67	0.56
20130905	5.83	15.87	0.56
20130906	0.6	12.06	0.56
20130907	0.06	10.67	0.56
20130908	14.05	10.28	0.56
20130909	2.75	11.25	0.58
20130910	0.0	11.61	0.56
20130911	4.39	12.1	0.56
20130912	2.27	14.56	0.56
20130913	15.37	13.49	0.57
20130914	0.15	10.42	0.57
20130915	1.43	10.27	0.56
20130916	0.08	9.46	0.55
20130917	9.77	10.09	0.56
20130918	0.45	10.73	0.56
20130919	0.84	12.0	0.55
20130920	0.0	11.76	0.55
20130921	0.0	13.65	0.55
20130922	0.0	15.66	0.55
20130923	0.0	14.48	0.55
20130924	0.03	14.14	0.55
20130925	0.0	14.72	0.53
20130926	0.0	13.66	0.52
20130927	0.0	13.29	0.52
20130928	0.02	13.15	0.52
20130929	0.0	13.27	0.52
20130930	2.05	13.52	0.52
20131001	1.55	13.2	0.52
20131002	0.56	14.72	0.52
20131003	6.77	15.41	0.52
20131004	0.29	15.34	0.52
20131005	0.0	13.27	0.52
20131006	0.0	12.25	0.51
20131007	0.0	13.77	0.51
20131008	0.0	14.14	0.51
20131009	0.02	10.87	0.52
20131010	0.72	7.44	0.5
20131011	4.5	9.81	0.5
20131012	9.34	10.57	0.5
20131013	13.11	9.47	0.53
20131014	7.79	8.42	0.57
20131015	0.18	8.85	0.57
20131016	8.93	10.08	0.57
20131017	0.2	12.34	0.56
20131018	6.16	12.02	0.55
20131019	11.84	13.32	0.56
20131020	8.79	12.55	0.63
20131021	10.09	13.77	0.64
20131022	14.24	14.53	0.65
20131023	0.42	11.38	0.67
20131024	5.99	10.39	0.64
20131025	4.79	13.85	0.66
20131026	8.72	12.91	0.68
20131027	34.79	11.32	0.79
20131028	1.56	9.69	0.95
20131029	0.0	7.71	0.99
20131030	5.98	8.54	1.01
20131031	2.2	10.44	1.05
20131101	1.67	9.84	1.05
20131102	1.71	9.04	1.05
20131103	14.0	7.14	1.08
20131104	3.74	5.25	1.13
20131105	1.18	7.68	1.13
20131106	7.9	9.76	1.16
20131107	0.5	7.66	1.15
20131108	6.37	5.68	1.19
20131109	4.27	4.75	1.21
20131110	3.22	4.69	1.23
20131111	4.66	9.63	1.25
20131112	0.0	8.26	1.26
20131113	1.53	5.2	1.25
20131114	0.55	6.6	1.24
20131115	0.0	4.52	1.23
20131116	0.4	5.9	1.23
20131117	0.02	7.83	1.22
20131118	1.8	6.74	1.21
20131119	0.02	1.82	1.2
20131120	8.23	3.68	1.19
20131121	0.18	4.37	1.17
20131122	0.04	2.93	1.15
20131123	0.0	1.86	1.14
20131124	0.0	4.17	1.13
20131125	0.0	3.45	1.09
20131126	0.13	2.66	1.06
20131127	0.0	6.93	1.06
20131128	0.0	7.02	1.05
20131129	0.02	7.11	1.0
20131130	0.0	4.48	1.0
20131201	0.0	5.0	1.0
20131202	0.0	5.82	0.99
20131203	0.13	5.12	0.99
20131204	0.05	5.0	0.97
20131205	0.0	5.2	0.94
20131206	0.0	4.82	0.94
20131207	0.0	6.67	0.93
20131208	0.02	7.22	0.93
20131209	0.0	6.53	0.92
20131210	0.0	5.32	0.91
20131211	0.05	3.38	0.92
20131212	1.9	6.73	0.92
20131213	0.56	8.86	0.91
20131214	1.44	7.34	0.91
20131215	10.18	9.61	0.91
20131216	8.21	9.1	0.94
20131217	0.24	3.94	0.93
20131218	19.52	6.82	1.01
20131219	1.67	4.02	1.08
20131220	4.92	5.81	1.08
20131221	6.07	9.11	1.1
20131222	3.46	5.2	1.16
20131223	37.38	7.59	1.59
20131224	0.0	5.71	2.34
20131225	1.53	2.54	2.3
20131226	8.32	2.78	2.29
20131227	4.6	7.01	2.3
20131228	0.07	3.32	2.22
20131229	9.86	3.61	2.19
20131230	6.54	7.35	2.31
20131231	9.84	5.93	2.3
20140101	23.16	7.08	2.8
20140102	7.41	6.86	3.03
20140103	15.38	6.46	3.18
20140104	6.03	4.6	3.55
20140105	10.15	4.95	3.65
20140106	9.75	8.95	3.78
20140107	0.14	7.95	3.79
20140108	9.76	7.35	3.8
20140109	0.02	6.02	3.75
20140110	1.83	4.98	3.64
20140111	0.0	3.81	3.53
20140112	5.64	3.24	3.47
20140113	5.37	4.89	3.42
20140114	6.14	3.58	3.31
20140115	6.19	8.12	3.28
20140116	5.22	6.23	3.2
20140117	2.21	5.5	3.16
20140118	6.96	6.14	3.13
20140119	0.0	3.93	3.1
20140120	0.23	1.98	3.03
20140121	9.3	2.73	3.01
20140122	1.59	5.65	2.98
20140123	0.48	4.25	2.89
20140124	11.42	4.97	2.94
20140125	3.88	6.55	2.96
20140126	5.72	4.55	3.02
20140127	7.86	3.9	3.03
20140128	6.65	4.89	3.15
20140129	8.66	3.64	3.18
20140130	0.19	1.9	3.19
20140131	14.29	3.89	3.38
20140201	5.35	4.88	3.44
20140202	0.07	5.66	3.48
20140203	2.74	5.01	3.48
20140204	9.66	4.41	3.5
20140205	6.37	6.25	3.61
20140206	24.54	5.65	3.72
20140207	6.98	5.16	4.11
20140208	8.65	6.08	4.34
20140209	1.41	4.71	4.45
20140210	5.41	2.75	4.41
20140211	7.15	3.32	4.45
20140212	9.31	4.39	4.45
20140213	2.22	3.51	4.36
20140214	22.8	5.02	4.56
20140215	1.56	5.9	4.73
20140216	0.02	4.21	4.6
20140217	6.32	6.44	4.62
20140218	0.49	6.53	4.57
20140219	1.71	6.9	4.39
20140220	0.95	7.53	4.26
20140221	1.19	4.49	4.08
20140222	0.11	6.31	3.89
20140223	0.08	8.94	3.72
20140224	3.83	7.72	3.58
20140225	1.89	6.35	3.47
20140226	6.25	5.37	3.3
20140227	7.0	5.59	3.22
20140228	7.73	3.22	3.24
20140301	0.02	3.21	3.09
20140302	15.16	5.95	3.16
20140303	0.17	3.91	3.22
20140304	0.0	4.4	3.11
20140305	0.0	5.26	3.07
20140306	1.52	7.81	3.04
20140307	0.03	8.33	2.96
20140308	0.0	8.0	2.87
20140309	0.0	9.41	2.79
20140310	0.0	6.66	2.71
20140311	0.0	5.23	2.64
20140312	0.0	4.74	2.56
20140313	0.04	5.02	2.49
20140314	0.0	5.6	2.43
20140315	0.0	8.9	2.35
20140316	0.0	9.13	2.3
20140317	0.0	8.01	2.26
20140318	0.33	8.14	2.2
20140319	0.0	8.05	2.13
20140320	4.88	7.93	2.09
20140321	3.93	5.97	2.06
20140322	0.87	4.51	2.03
20140323	1.38	4.27	1.95
20140324	3.44	3.91	1.93
20140325	2.61	5.56	1.92
20140326	2.27	3.79	1.85
20140327	2.9	3.37	1.82
20140328	3.76	5.39	1.91
20140329	0.0	9.68	1.91
20140330	0.0	10.8	1.85
20140331	0.3	10.49	1.82
20140401	0.0	9.86	1.78
20140402	0.0	10.53	1.76
20140403	7.79	9.9	1.75
20140404	0.12	9.58	1.73
20140405	2.3	10.3	1.69
20140406	5.64	11.53	1.67
20140407	2.69	9.84	1.67
20140408	0.02	7.26	1.64
20140409	0.0	8.44	1.58
20140410	0.0	8.32	1.57
20140411	0.0	8.61	1.55
20140412	0.0	7.85	1.53
20140413	0.0	8.55	1.49
20140414	0.0	8.69	1.47
20140415	0.0	7.7	1.46
20140416	0.0	8.09	1.45
20140417	0.0	8.88	1.43
20140418	0.0	7.18	1.42
20140419	0.0	6.43	1.41
20140420	5.98	8.18	1.39
20140421	6.32	10.74	1.39
20140422	0.26	10.06	1.39
20140423	3.35	10.16	1.36
20140424	0.01	9.69	1.31
20140425	25.77	8.6	1.48
20140426	3.52	9.79	1.45
20140427	0.67	9.44	1.38
20140428	2.49	10.33	1.34
20140429	0.01	10.54	1.32
20140430	0.5	11.17	1.31
20140501	3.84	10.26	1.31
20140502	0.0	8.55	1.29
20140503	0.0	7.67	1.29
20140504	0.0	9.34	1.24
20140505	4.73	10.38	1.24
20140506	0.04	11.2	1.23
20140507	3.49	10.57	1.22
20140508	2.52	10.96	1.23
20140509	4.99	10.92	1.21
20140510	0.3	10.71	1.21
20140511	1.73	9.45	1.2
20140512	0.62	9.51	1.19
20140513	1.49	9.89	1.18
20140514	0.0	10.98	1.14
20140515	0.0	12.12	1.12
20140516	0.0	13.48	1.12
20140517	0.0	14.41	1.09
20140518	0.0	14.34	1.08
20140519	0.03	15.31	1.08
20140520	0.25	13.67	1.07
20140521	9.37	12.03	1.07
20140522	4.97	11.04	1.08
20140523	13.72	10.69	1.11
20140524	12.13	10.19	1.17
20140525	0.0	11.17	1.17
20140526	3.21	10.61	1.1
20140527	7.42	11.3	1.08
20140528	6.02	10.9	1.08
20140529	8.28	11.79	1.11
20140530	0.0	11.85	1.09
20140531	0.0	12.84	1.05
20140601	0.0	13.43	1.04
20140602	0.04	13.38	1.03
20140603	1.49	12.52	1.03
20140604	17.73	10.08	1.09
20140605	0.0	11.44	1.12
20140606	0.68	13.85	1.05
20140607	4.67	14.56	1.05
20140608	3.42	15.06	1.04
20140609	0.31	15.65	1.04
20140610	2.26	14.41	1.03
20140611	0.0	14.18	1.03
20140612	0.0	15.3	1.02
20140613	1.47	16.14	0.98
20140614	0.0	16.1	0.97
20140615	0.0	14.71	0.96
20140616	0.0	13.77	0.96
20140617	0.0	14.45	0.93
20140618	0.0	16.28	0.93
20140619	0.0	15.25	0.93
20140620	0.0	14.99	0.92
20140621	0.0	15.05	0.92
20140622	0.0	16.09	0.91
20140623	0.0	16.83	0.91
20140624	0.0	15.8	0.91
20140625	0.01	14.77	0.9
20140626	8.03	14.27	0.9
20140627	6.04	13.59	0.92
20140628	15.18	12.64	1.0
20140629	0.0	12.99	0.95
20140630	0.0	13.92	0.91
20140701	0.0	15.19	0.89
20140702	0.0	15.66	0.88
20140703	0.0	16.71	0.87
20140704	7.46	16.12	0.87
20140705	1.8	15.37	0.88
20140706	2.48	13.91	0.87
20140707	6.47	13.58	0.87
20140708	1.21	13.72	0.86
20140709	0.0	15.09	0.84
20140710	0.0	15.89	0.83
20140711	0.0	15.93	0.83
20140712	0.06	17.19	0.83
20140713	0.12	16.12	0.83
20140714	1.94	15.36	0.83
20140715	0.0	16.49	0.83
20140716	0.09	16.69	0.82
20140717	5.74	18.79	0.81
20140718	9.39	19.61	0.81
20140719	15.52	18.2	0.87
20140720	0.08	17.98	0.84
20140721	0.0	18.11	0.8
20140722	0.0	18.69	0.8
20140723	0.0	19.61	0.79
20140724	0.0	19.95	0.78
20140725	0.0	19.24	0.78
20140726	0.01	19.76	0.77
20140727	0.0	17.61	0.77
20140728	0.0	16.43	0.77
20140729	0.01	16.74	0.76
20140730	0.01	16.41	0.76
20140731	0.04	16.92	0.76
20140801	5.88	16.23	0.77
20140802	9.46	16.0	0.8
20140803	0.0	15.14	0.77
20140804	0.62	15.44	0.76
20140805	13.33	15.94	0.77
20140806	0.97	17.65	0.78
20140807	0.04	16.42	0.76
20140808	0.95	15.75	0.76
20140809	14.33	15.49	0.76
20140810	10.54	14.31	0.84
20140811	0.95	14.4	0.78
20140812	0.59	13.78	0.76
20140813	1.03	14.32	0.75
20140814	2.75	13.63	0.75
20140815	0.0	13.55	0.75
20140816	0.02	13.45	0.74
20140817	0.22	13.99	0.73
20140818	1.33	12.92	0.72
20140819	2.79	11.51	0.72
20140820	0.0	10.91	0.72
20140821	0.13	11.5	0.72
20140822	0.0	12.57	0.71
20140823	0.1	10.98	0.71
20140824	4.73	11.75	0.71
20140825	24.39	13.67	0.79
20140826	1.68	14.42	0.78
20140827	3.55	14.01	0.76
20140828	2.68	15.66	0.74
20140829	0.13	14.7	0.73
20140830	0.0	14.37	0.72
20140831	0.23	14.14	0.71
20140901	0.17	14.24	0.71
20140902	0.0	14.03	0.71
20140903	0.0	15.74	0.71
20140904	0.0	15.35	0.7
20140905	0.0	15.69	0.7
20140906	0.0	14.97	0.7
20140907	0.0	13.15	0.7
20140908	0.0	12.33	0.69
20140909	0.0	12.97	0.7
20140910	0.0	13.66	0.69
20140911	0.0	12.98	0.66
20140912	0.0	13.85	0.66
20140913	0.0	14.22	0.66
20140914	0.0	13.89	0.66
20140915	0.12	14.17	0.66
20140916	0.0	15.24	0.66
20140917	0.0	16.02	0.65
20140918	4.35	16.85	0.65
20140919	2.36	15.77	0.66
20140920	0.0	14.85	0.65
20140921	0.0	11.98	0.65
20140922	0.0	10.88	0.65
20140923	2.65	11.7	0.65
20140924	0.0	12.42	0.64
20140925	0.32	12.62	0.64
20140926	0.0	14.83	0.63
20140927	0.0	13.55	0.64
20140928	0.0	15.23	0.64
20140929	0.0	14.15	0.64
20140930	0.02	14.92	0.64
20141001	0.01	14.27	0.64
20141002	0.0	12.72	0.63
20141003	1.97	14.37	0.62
20141004	4.25	11.24	0.64
20141005	12.77	8.92	0.63
20141006	7.41	9.7	0.67
20141007	0.34	8.06	0.66
20141008	5.0	10.19	0.65
20141009	2.03	11.27	0.64
20141010	4.63	10.71	0.64
20141011	0.83	9.36	0.64
20141012	6.17	7.75	0.64
20141013	32.34	9.86	0.73
20141014	1.33	10.22	0.87
20141015	8.28	11.31	0.83
20141016	0.19	12.73	0.79
20141017	6.13	14.14	0.78
20141018	0.23	15.73	0.78
20141019	0.02	14.17	0.77
20141020	1.18	11.72	0.76
20141021	0.02	9.88	0.75
20141022	0.01	9.36	0.75
20141023	0.73	12.27	0.75
20141024	7.33	12.0	0.76
20141025	0.01	10.16	0.77
20141026	0.0	12.05	0.77
20141027	0.05	13.51	0.76
20141028	0.04	13.38	0.76
20141029	5.41	9.94	0.76
20141030	0.0	14.03	0.76
20141031	0.53	15.14	0.75
20141101	5.71	12.76	0.75
20141102	3.35	11.2	0.79
20141103	2.53	7.59	0.78
20141104	2.03	4.96	0.77
20141105	0.1	5.28	0.76
20141106	14.96	6.57	0.77
20141107	6.64	9.16	0.88
20141108	4.35	8.37	0.91
20141109	1.02	6.53	0.92
20141110	1.14	8.44	0.92
20141111	10.59	9.92	0.94
20141112	1.88	9.21	0.99
20141113	11.24	9.9	1.0
20141114	0.09	9.75	1.1
20141115	0.25	7.59	1.1
20141116	11.68	7.89	1.11
20141117	1.15	7.39	1.22
20141118	0.1	7.38	1.22
20141119	0.55	7.8	1.22
20141120	0.01	6.72	1.22
20141121	7.24	6.94	1.24
20141122	7.1	10.2	1.25
20141123	0.15	6.26	1.28
20141124	0.13	2.58	1.27
20141125	6.65	2.86	1.27
20141126	1.72	6.33	1.31
20141127	0.0	6.64	1.3
20141128	1.6	8.97	1.29
20141129	0.18	8.44	1.29
20141130	0.1	7.75	1.28
20141201	0.0	6.17	1.27
20141202	0.0	5.06	1.25
20141203	0.39	2.92	1.24
20141204	0.3	3.07	1.24
20141205	0.11	3.07	1.23
20141206	1.06	2.57	1.22
20141207	0.56	5.92	1.18
20141208	0.0	2.99	1.16
20141209	1.79	4.66	1.15
20141210	0.71	6.05	1.14
20141211	8.19	5.67	1.15
20141212	0.0	4.4	1.16
20141213	0.02	1.39	1.13
20141214	2.19	5.34	1.11
20141215	0.13	5.08	1.1
20141216	11.3	4.44	1.12
20141217	0.14	10.29	1.16
20141218	3.6	11.3	1.13
20141219	0.0	7.36	1.12
20141220	0.0	6.29	1.12
20141221	0.01	7.92	1.11
20141222	0.0	11.07	1.1
20141223	1.33	10.45	1.1
20141224	0.0	6.4	1.1
20141225	0.0	4.19	1.09
20141226	9.57	2.99	1.13
20141227	0.11	2.17	1.13
20141228	0.0	-0.06	1.1
20141229	0.09	0.07	1.09
20141230	0.07	0.56	1.08
20141231	0.47	3.39	1.08
20150101	1.53	9.28	1.08
20150102	9.0	6.54	1.06
20150103	2.34	3.88	1.13
20150104	0.16	1.11	1.1
20150105	0.26	6.05	1.09
20150106	0.85	5.66	1.09
20150107	4.9	5.92	1.09
20150108	2.09	7.45	1.11
20150109	0.85	10.46	1.11
20150110	2.19	7.6	1.11
20150111	0.68	5.2	1.11
20150112	11.9	7.82	1.15
20150113	6.11	4.35	1.18
20150114	19.16	3.41	1.38
20150115	5.48	5.48	1.68
20150116	0.17	2.56	1.71
20150117	1.14	1.6	1.75
20150118	0.59	0.75	1.75
20150119	0.0	-0.07	1.75
20150120	3.69	0.02	1.76
20150121	1.32	2.16	1.76
20150122	0.0	0.84	1.73
20150123	1.52	1.36	1.68
20150124	0.1	3.58	1.67
20150125	0.2	4.57	1.65
20150126	0.0	6.32	1.6
20150127	0.15	4.88	1.56
20150128	2.38	4.88	1.55
20150129	0.97	1.81	1.54
20150130	4.88	2.15	1.52
20150131	0.67	2.06	1.51
20150201	0.0	1.45	1.47
20150202	0.6	-0.88	1.47
20150203	0.06	-0.08	1.46
20150204	0.0	0.58	1.39
20150205	0.79	1.23	1.39
20150206	0.1	0.61	1.34
20150207	0.0	1.33	1.31
20150208	0.11	1.61	1.3
20150209	0.0	2.65	1.29
20150210	0.0	1.92	1.27
20150211	0.0	3.28	1.26
20150212	0.17	2.98	1.24
20150213	9.58	5.03	1.24
20150214	0.0	5.09	1.23
20150215	0.68	4.63	1.22
20150216	8.6	4.29	1.25
20150217	0.0	3.19	1.22
20150218	0.0	4.86	1.21
20150219	13.82	5.72	1.22
20150220	1.25	3.44	1.24
20150221	0.83	2.39	1.22
20150222	9.61	3.06	1.3
20150223	3.05	3.75	1.29
20150224	1.58	4.67	1.29
20150225	0.08	7.45	1.3
20150226	3.38	6.62	1.32
20150227	0.62	3.52	1.32
20150228	0.65	7.25	1.32
20150301	3.31	5.43	1.32
20150302	3.33	3.09	1.32
20150303	0.06	3.44	1.32
20150304	0.0	4.15	1.28
20150305	0.0	4.53	1.28
20150306	0.0	6.93	1.27
20150307	0.0	8.27	1.26
20150308	0.34	6.59	1.25
20150309	0.09	5.11	1.25
20150310	0.0	5.26	1.24
20150311	0.0	6.22	1.22
20150312	4.69	8.38	1.22
20150313	1.94	4.88	1.21
20150314	0.05	3.46	1.2
20150315	0.48	4.58	1.19
20150316	1.94	4.42	1.15
20150317	0.11	4.76	1.13
20150318	0.0	3.99	1.11
20150319	0.0	4.26	1.11
20150320	0.0	5.8	1.09
20150321	0.0	5.63	1.07
20150322	0.0	4.07	1.06
20150323	2.61	4.73	1.06
20150324	0.12	4.03	1.05
20150325	5.13	3.44	1.04
20150326	0.33	6.14	1.02
20150327	0.05	5.72	1.02
20150328	1.69	9.29	1.0
20150329	2.59	8.35	0.97
20150330	2.06	6.97	0.96
20150331	0.23	7.42	0.95
20150401	2.56	5.97	0.94
20150402	4.76	7.11	0.94
20150403	2.2	7.99	0.94
20150404	0.0	7.29	0.93
20150405	0.01	7.51	0.89
20150406	0.0	7.98	0.88
20150407	0.0	8.11	0.87
20150408	0.0	9.01	0.87
20150409	0.0	9.2	0.87
20150410	1.32	10.31	0.86
20150411	0.0	7.94	0.81
20150412	1.35	7.29	0.82
20150413	0.0	8.29	0.81
20150414	0.0	10.36	0.8
20150415	0.0	10.68	0.77
20150416	0.09	9.93	0.76
20150417	0.0	8.93	0.76
20150418	0.0	8.0	0.75
20150419	0.0	6.49	0.74
20150420	0.0	8.29	0.74
20150421	0.0	9.68	0.73
20150422	0.0	9.48	0.73
20150423	0.0	9.34	0.72
20150424	0.49	9.49	0.72
20150425	1.74	10.07	0.72
20150426	0.0	6.96	0.71
20150427	0.41	5.28	0.72
20150428	4.28	6.22	0.71
20150429	0.06	7.35	0.72
20150430	0.0	7.16	0.71
20150501	0.0	6.51	0.71
20150502	9.56	7.51	0.72
20150503	1.08	11.6	0.75
20150504	8.98	11.05	0.74
20150505	2.72	10.81	0.75
20150506	1.44	8.98	0.74
20150507	0.62	9.2	0.73
20150508	0.77	9.37	0.73
20150509	0.7	10.18	0.72
20150510	0.0	11.45	0.72
20150511	1.52	12.86	0.69
20150512	0.1	10.59	0.68
20150513	0.05	9.92	0.68
20150514	10.77	8.1	0.7
20150515	0.0	9.69	0.7
20150516	0.0	11.2	0.68
20150517	4.21	9.17	0.68
20150518	4.33	8.7	0.69
20150519	3.92	7.69	0.7
20150520	0.1	8.53	0.68
20150521	0.06	10.58	0.69
20150522	0.08	12.26	0.69
20150523	0.02	12.54	0.68
20150524	0.38	11.5	0.68
20150525	0.0	10.64	0.68
20150526	0.0	11.35	0.67
20150527	0.48	10.58	0.67
20150528	1.23	10.67	0.66
20150529	5.0	9.08	0.67
20150530	3.17	9.84	0.66
20150531	0.63	10.37	0.67
20150601	6.78	8.94	0.67
20150602	0.05	12.42	0.66
20150603	0.0	11.75	0.65
20150604	0.0	13.15	0.65
20150605	0.0	13.64	0.66
20150606	0.0	10.93	0.65
20150607	0.0	11.15	0.65
20150608	0.0	10.52	0.65
20150609	0.0	9.41	0.65
20150610	0.0	10.53	0.65
20150611	0.0	14.18	0.65
20150612	22.41	14.76	0.65
20150613	2.82	13.49	0.65
20150614	0.0	12.05	0.65
20150615	0.0	12.38	0.64
20150616	0.0	14.31	0.64
20150617	0.35	14.87	0.61
20150618	0.0	13.34	0.6
20150619	0.37	12.81	0.6
20150620	11.54	14.58	0.63
20150621	0.19	13.49	0.64
20150622	0.0	11.93	0.61
20150623	0.0	13.46	0.6
20150624	0.0	14.96	0.59
20150625	0.0	15.89	0.59
20150626	0.13	15.45	0.59
20150627	3.17	15.54	0.59
20150628	0.15	14.78	0.59
20150629	0.0	16.08	0.59
20150630	0.0	19.94	0.59
20150701	0.02	22.65	0.59
20150702	1.27	15.8	0.59
20150703	5.81	16.87	0.61
20150704	0.0	17.95	0.59
20150705	2.77	14.17	0.59
20150706	1.45	14.3	0.59
20150707	0.2	15.09	0.59
20150708	0.56	13.99	0.59
20150709	0.0	13.88	0.59
20150710	0.0	16.72	0.58
20150711	1.95	15.87	0.58
20150712	3.76	15.53	0.58
20150713	0.78	15.63	0.58
20150714	1.46	15.95	0.59
20150715	0.0	15.23	0.56
20150716	1.22	15.84	0.55
20150717	0.0	16.08	0.55
20150718	1.52	14.48	0.55
20150719	0.0	14.99	0.55
20150720	1.27	15.66	0.55
20150721	0.01	15.81	0.55
20150722	1.7	14.66	0.54
20150723	2.02	13.57	0.54
20150724	21.18	11.96	0.59
20150725	2.56	13.19	0.59
20150726	5.68	12.08	0.59
20150727	0.77	14.18	0.56
20150728	0.02	13.05	0.55
20150729	0.74	12.0	0.55
20150730	0.0	12.05	0.54
20150731	0.0	12.52	0.55
20150801	0.0	13.42	0.54
20150802	0.0	16.28	0.54
20150803	0.0	16.61	0.54
20150804	0.02	14.37	0.53
20150805	0.72	14.83	0.53
20150806	0.0	15.34	0.53
20150807	0.0	14.36	0.53
20150808	0.0	16.12	0.53
20150809	0.4	15.93	0.53
20150810	1.52	16.46	0.54
20150811	0.0	13.92	0.54
20150812	0.0	15.68	0.53
20150813	22.07	15.62	0.54
20150814	3.34	14.56	0.56
20150815	0.02	13.31	0.54
20150816	0.0	13.08	0.53
20150817	0.0	14.5	0.52
20150818	0.0	14.26	0.52
20150819	4.39	14.15	0.53
20150820	0.0	16.44	0.53
20150821	0.0	17.63	0.53
20150822	3.23	18.25	0.52
20150823	6.51	15.89	0.53
20150824	10.56	12.65	0.53
20150825	9.02	13.29	0.54
20150826	1.85	15.31	0.56
20150827	0.6	13.63	0.54
20150828	0.01	13.52	0.53
20150829	0.17	14.81	0.52
20150830	9.54	14.14	0.53
20150831	5.73	12.94	0.54
20150901	1.43	12.52	0.54
20150902	0.5	11.4	0.53
20150903	0.35	11.04	0.52
20150904	0.29	11.86	0.51
20150905	0.1	11.17	0.51
20150906	0.0	10.55	0.51
20150907	0.0	11.79	0.51
20150908	0.0	10.95	0.51
20150909	0.0	12.72	0.51
20150910	0.0	13.82	0.51
20150911	3.04	14.12	0.51
20150912	0.05	13.49	0.51
20150913	0.58	11.95	0.51
20150914	3.02	11.04	0.52
20150915	2.55	11.77	0.51
20150916	5.63	10.88	0.52
20150917	5.14	11.33	0.52
20150918	0.0	12.3	0.53
20150919	0.0	11.73	0.52
20150920	0.77	11.66	0.52
20150921	13.45	11.75	0.52
20150922	3.2	10.44	0.56
20150923	3.54	11.7	0.56
20150924	0.06	12.34	0.53
20150925	0.0	10.61	0.52
20150926	0.0	9.77	0.52
20150927	0.0	10.4	0.51
20150928	0.0	11.5	0.51
20150929	0.0	11.51	0.51
20150930	0.0	11.77	0.51
