pet
0.178
0.25
0.253
0.29300000000000004
0.24500000000000002
0.195
0.34550000000000003
0.324
0.28300000000000003
0.21100000000000002
0.2965
0.3085
0.3035
0.255
0.28700000000000003
0.20350000000000001
0.21200000000000002
0.2395
0.253
0.3125
0.294
0.27149999999999996
0.2605
0.24700000000000003
0.308
0.321
0.3035
0.42750000000000005
0.371
0.364
0.44349999999999995
0.44299999999999995
0.4495
0.4125
0.49350000000000005
0.513
0.52
0.5055
0.4845
0.499
0.488
0.41150000000000003
0.457
0.553
0.465
0.5665
0.6355000000000001
0.497
0.537
0.5780000000000001
0.645
0.6765
0.7110000000000001
0.6795
0.6125
0.6725
0.8574999999999999
0.7715
0.6849999999999999
0.7505
0.8980952380952381
0.7809523809523808
0.8066666666666668
0.8271428571428572
0.9533333333333334
0.9152380952380952
0.8552380952380952
1.0019047619047619
0.9985714285714286
0.9676190476190476
1.0661904761904761
1.019047619047619
1.0952380952380953
1.0414285714285714
1.0652380952380953
0.9371428571428572
1.1028571428571428
1.0795238095238096
1.0457142857142858
1.119047619047619
1.239047619047619
1.1909523809523808
1.079047619047619
1.1538095238095238
1.149047619047619
1.2938095238095237
1.3566666666666667
1.2185714285714286
1.2542857142857142
1.4933333333333334
1.5842857142857145
1.657142857142857
1.58
1.4895238095238095
1.5795238095238096
1.856190476190476
1.6038095238095238
1.8361904761904764
1.582857142857143
1.733809523809524
1.6528571428571428
1.6880952380952383
1.677142857142857
1.7580952380952382
1.764761904761905
1.8976190476190478
2.0433333333333334
2.1614285714285715
1.6804761904761905
1.7999999999999998
2.1347619047619046
2.300952380952381
2.110952380952381
1.9533333333333336
2.07
1.7933333333333332
2.189523809523809
2.1395238095238094
2.0500000000000003
2.0842857142857145
2.290952380952381
2.2547619047619047
2.366190476190476
2.361428571428571
2.2452380952380953
2.5095238095238095
2.4819047619047616
2.2685714285714287
2.5042857142857144
2.3442857142857143
2.4223809523809523
2.585238095238095
2.4157142857142855
2.3233333333333333
2.538095238095238
2.431904761904762
2.3133333333333335
2.4157142857142855
2.658095238095238
2.4266666666666667
2.414761904761905
2.6942857142857144
2.9457142857142857
2.7723809523809524
2.8847619047619046
2.7604761904761905
2.4533333333333336
2.674285714285714
2.8261904761904764
2.7195238095238095
2.997142857142857
2.920952380952381
2.7357142857142858
2.796190476190476
2.547142857142857
2.818095238095238
2.5738095238095235
2.866190476190476
2.987142857142857
2.987619047619048
2.8423809523809522
2.7414285714285715
2.7357142857142858
2.6866666666666665
2.75
2.844761904761905
2.9423809523809523
2.95
3.190952380952381
3.2476190476190476
3.324761904761905
3.296666666666667
2.982857142857143
3.154285714285714
3.0719047619047624
3.0333333333333337
3.209047619047619
2.9904761904761905
3.026666666666667
3.218095238095238
3.1095238095238096
3.1347619047619046
2.953333333333333
2.8904761904761904
3.0685714285714285
2.79
2.9195238095238096
2.847142857142857
2.7547619047619047
3.1290476190476193
2.997142857142857
3.203333333333333
2.921904761904762
2.8495238095238093
3.3204761904761906
3.2738095238095237
3.0504761904761906
2.9309523809523808
3.2857142857142856
3.2771428571428567
3.1695238095238096
3.117142857142857
3.1480952380952383
3.1119047619047624
3.331428571428571
3.1557142857142857
2.857142857142857
2.8995238095238096
3.1319047619047615
3.124285714285714
3.136190476190476
2.9442857142857144
2.8723809523809525
3.0966666666666667
3.0033333333333334
2.7904761904761903
3.128095238095238
2.907142857142857
2.771904761904762
2.8866666666666667
2.940952380952381
2.624285714285714
3.0090476190476187
2.5623809523809524
2.538095238095238
2.4085714285714284
2.7733333333333334
2.771904761904762
2.672857142857143
2.5666666666666664
2.6204761904761904
2.5804761904761904
2.548571428571429
2.3857142857142857
2.255238095238095
2.0895238095238096
2.084761904761905
1.844285714285714
2.224285714285714
2.236190476190476
2.2409523809523813
1.9576190476190476
2.144761904761905
2.1547619047619047
2.050952380952381
2.013809523809524
2.191904761904762
1.927142857142857
1.9633333333333332
1.9690476190476192
1.951904761904762
1.9547619047619047
1.8976190476190478
1.7723809523809524
1.9119047619047618
1.7819047619047619
1.72
1.5690476190476192
1.7328571428571429
1.6057142857142856
1.4776190476190476
1.41
1.5057142857142858
1.5785714285714285
1.450952380952381
1.4052380952380954
1.2919047619047621
1.2785714285714287
1.1823809523809523
1.1485714285714286
1.188095238095238
1.1757142857142857
1.1757142857142857
1.1515
1.1400000000000001
1.1035
1.0995
1.0715
1.0230000000000001
0.9164999999999999
0.8195
0.9425000000000001
1.0565
0.96
0.898
0.67
0.6725
0.692
0.6665
0.8550000000000001
0.7695000000000001
0.764
0.7045
0.638
0.667
0.6890000000000001
0.6705
0.769
0.73
0.7065
0.585
0.5155000000000001
0.5665
0.499
0.4715
0.46699999999999997
0.518
0.41450000000000004
0.373
0.4375
0.4145
0.40750000000000003
0.346
0.34500000000000003
0.352
0.329
0.27549999999999997
0.385
0.1655
0.1505
0.202
0.276
0.21800000000000003
0.21150000000000002
0.23850000000000002
0.2225
0.3195
0.229
0.2375
0.24100000000000002
0.219
0.1735
0.1695
0.2045
0.22399999999999998
0.2435
0.2875
0.2515
0.2925
0.248
0.32
0.167
0.20400000000000001
0.183
0.164
0.133
0.1895
0.309
0.23149999999999998
0.20700000000000002
0.152
0.1045
0.08600000000000001
0.1165
0.209
0.219
0.21400000000000002
0.3135
0.2915
0.25549999999999995
0.2855
0.259
0.155
0.198
0.1645
