temperature
4.8415
4.3025
4.0775
4.089499999999999
4.7225
4.5705
4.864
5.195
4.637
4.5825000000000005
4.811
5.2885
5.8655
4.6075
5.2405
4.613
4.5515
4.7645
5.4399999999999995
4.987
4.2695
3.992
4.1235
3.7034999999999996
3.8715
3.7775
3.7159999999999997
3.8125
4.081
3.8604999999999996
3.901
3.668
3.8619999999999997
3.934
5.1455
5.132
4.9045000000000005
4.186
3.8605000000000005
3.9644999999999997
4.5329999999999995
4.9345
5.561999999999999
4.593500000000001
4.2090000000000005
4.6465000000000005
4.8415
4.64
4.682
4.3115000000000006
4.1635
4.6354999999999995
4.769
5.3365
5.7445
5.4935
5.646
5.2915
4.925
4.906000000000001
4.638571428571429
4.442380952380952
4.508095238095239
4.596190476190476
5.223333333333334
6.227619047619048
6.306190476190476
6.492380952380953
6.303333333333334
6.205238095238095
6.070952380952382
5.6033333333333335
5.850476190476191
6.894761904761904
7.414285714285714
7.527619047619048
6.822380952380953
6.019523809523809
6.208571428571428
6.32
6.576190476190476
6.5928571428571425
6.838571428571429
7.079523809523809
6.859047619047619
6.604761904761904
6.720000000000001
7.257619047619047
7.9590476190476185
8.48904761904762
8.626190476190477
8.860952380952382
8.478095238095237
7.973809523809523
8.07
8.607619047619048
7.321428571428571
7.212380952380952
7.806190476190476
8.563809523809525
8.044761904761904
7.664761904761905
7.61
8.380476190476191
8.593333333333334
8.565714285714286
8.881904761904762
8.311904761904762
7.845714285714285
8.38952380952381
9.49095238095238
10.456666666666667
10.776190476190477
10.807142857142859
11.15904761904762
10.185238095238095
10.353333333333333
10.493809523809524
10.135238095238096
10.175714285714285
10.694285714285716
10.630476190476191
10.637619047619047
10.430952380952382
10.890952380952381
11.24
11.427142857142858
11.231904761904762
11.517619047619048
11.734761904761905
11.564285714285713
11.105238095238096
11.062857142857142
10.974761904761905
11.452380952380953
11.94047619047619
11.751904761904761
11.993333333333334
12.209523809523809
12.52857142857143
12.096190476190477
12.100952380952382
12.649047619047618
12.992380952380952
12.917619047619047
12.991904761904761
12.887142857142857
13.095238095238095
13.05904761904762
13.203809523809522
13.693809523809524
13.644761904761905
14.296190476190478
13.792380952380952
13.466666666666667
13.966190476190476
13.91904761904762
14.438571428571427
14.172857142857143
14.552857142857144
14.253333333333334
14.193333333333333
14.468095238095238
14.55
14.582380952380953
14.543333333333331
15.043333333333335
15.523333333333333
15.766190476190475
15.825714285714284
15.857142857142858
15.350476190476192
14.99
15.418571428571429
15.276190476190477
15.365238095238096
15.762857142857142
16.048095238095236
16.05952380952381
16.43095238095238
16.22904761904762
16.35809523809524
16.505238095238095
16.40809523809524
16.67761904761905
16.363333333333333
16.496666666666666
16.440952380952382
16.217619047619046
16.465238095238096
16.554285714285715
16.686190476190475
16.428571428571427
16.443333333333335
16.95714285714286
17.344761904761906
17.378571428571426
16.85
17.27095238095238
17.793809523809525
17.64190476190476
17.24952380952381
16.960476190476193
17.52904761904762
17.718095238095238
17.505714285714287
17.589523809523808
17.97142857142857
18.16809523809524
18.19
17.52904761904762
17.59190476190476
18.232380952380954
17.905714285714286
17.710476190476193
17.39047619047619
17.914761904761903
18.217142857142857
17.873333333333335
17.61047619047619
17.72952380952381
17.755238095238095
18.172857142857143
17.490952380952383
17.261904761904763
17.138095238095236
17.694761904761904
17.120476190476193
17.25095238095238
17.561904761904763
17.494761904761905
17.43952380952381
17.318571428571428
17.077142857142857
16.928571428571427
16.287142857142857
16.336666666666666
16.293333333333333
15.745714285714287
15.368571428571428
15.485714285714286
15.562857142857142
15.792380952380952
15.41904761904762
15.72857142857143
15.949523809523809
15.708571428571428
15.935714285714285
16.03142857142857
15.522380952380953
15.375238095238094
15.282380952380953
15.325714285714284
15.652380952380952
15.393333333333333
14.137142857142857
14.151904761904762
13.945238095238096
13.956666666666665
13.578571428571427
14.039047619047619
14.432380952380951
14.394285714285713
14.248571428571427
13.862380952380953
13.676666666666666
13.383333333333335
13.020476190476192
13.127142857142857
13.642380952380952
13.788571428571428
13.807142857142857
13.934285714285714
14.124500000000001
13.152000000000001
12.8275
12.26
11.809999999999999
12.344
11.506
12.455
12.839000000000002
12.6435
12.2195
11.7985
11.6165
11.542
11.361
11.1905
11.1125
10.108
10.4155
9.86
10.8125
10.818000000000001
10.8155
10.989
10.9195
10.8245
10.952
10.3265
9.7985
10.075
9.9545
9.473
9.310500000000001
9.408
8.3805
8.506
8.4015
8.3455
8.6885
7.671000000000001
7.789499999999999
8.3185
8.1325
7.8645
7.2425
7.035500000000001
6.616
6.521000000000001
6.6065
6.3355
6.152500000000001
6.3555
6.4815
6.0435
6.2885
6.371
6.5665000000000004
6.5760000000000005
6.606
6.6530000000000005
6.1850000000000005
5.9635
5.4865
5.183
5.0995
5.1765
4.8335
4.838
4.8175
4.83
4.4555
4.672
4.7945
5.023
4.566
4.487
4.2385
3.5665
3.6270000000000002
3.5549999999999997
3.0945
4.29
4.624499999999999
5.5200000000000005
6.3665
5.2165
4.285500000000001
3.965
3.1855
2.909
3.8805
4.185499999999999
