pet
0.2955
0.2975
0.43
0.3155
0.27
0.273
0.29700000000000004
0.2495
0.344
0.3375
0.3585
0.4835
0.2725
0.3115
0.40800000000000003
0.3
0.2895
0.33599999999999997
0.3235
0.33799999999999997
0.3315
0.3275
0.27599999999999997
0.364
0.3485
0.304
0.323
0.3705
0.344
0.373
0.40049999999999997
0.4345
0.4085
0.45899999999999996
0.397
0.362
0.4415
0.44299999999999995
0.509
0.4525
0.44000000000000006
0.42400000000000004
0.367
0.4335
0.417
0.528
0.561
0.45149999999999996
0.48200000000000004
0.568
0.567
0.5690000000000001
0.6835
0.6265
0.6355
0.705
0.7070000000000001
0.654
0.6805
0.6795
0.7005
0.629
0.742
0.776
0.7635
0.745
0.8220000000000001
0.805
0.874
0.9035
0.8714999999999999
0.8815
0.8870000000000001
0.9065
0.8505
0.9495000000000001
1.01
1.0535
0.9765
1.0165
0.9334999999999999
1.119
1.085
1.0465
1.1615
1.142
1.1905
1.174
1.1380000000000001
1.2865
1.356
1.3633333333333333
1.2447619047619047
1.2704761904761905
1.4176190476190476
1.3757142857142857
1.4085714285714286
1.4085714285714286
1.4119047619047618
1.5957142857142856
1.4423809523809523
1.577142857142857
1.5157142857142856
1.502857142857143
1.7428571428571429
1.7623809523809524
1.7828571428571427
1.6638095238095236
1.9480952380952379
1.8361904761904764
1.7328571428571429
1.6471428571428572
1.8376190476190475
1.6800000000000002
1.7223809523809526
1.7447619047619047
1.7633333333333334
1.8099999999999998
2.0428571428571427
1.9480952380952379
2.1571428571428575
2.118095238095238
2.178095238095238
2.1185714285714288
1.950952380952381
2.0476190476190474
2.163333333333333
2.2985714285714285
2.2933333333333334
2.289047619047619
2.235238095238095
2.1223809523809525
2.4428571428571426
2.3657142857142857
2.0795238095238098
2.0828571428571427
2.02
2.0038095238095237
2.006666666666667
2.083809523809524
2.336190476190476
2.4357142857142855
2.4304761904761905
2.6114285714285717
2.4247619047619047
2.53
2.1923809523809523
2.3509523809523807
2.282380952380952
2.625238095238095
2.6585714285714284
2.5304761904761905
2.4423809523809523
2.5666666666666664
2.286190476190476
2.337619047619048
2.400952380952381
2.5261904761904765
2.494285714285714
2.6480952380952383
2.5833333333333335
2.577142857142857
2.31
2.106190476190476
2.5047619047619047
2.3333333333333335
2.344761904761905
2.5857142857142854
2.2852380952380953
2.3357142857142854
2.558095238095238
2.3714285714285714
2.3576190476190475
2.4238095238095236
2.4304761904761905
2.5095238095238095
2.7466666666666666
2.4614285714285713
2.4909523809523813
2.374285714285714
2.144285714285714
2.402857142857143
2.242380952380952
2.439047619047619
2.4
2.408095238095238
2.1290476190476193
2.31
2.5285714285714285
2.665238095238095
2.316190476190476
2.506666666666667
2.2466666666666666
2.486190476190476
2.3914285714285715
2.568095238095238
2.4695238095238095
2.5061904761904765
2.4923809523809526
2.1733333333333333
2.3023809523809526
2.355238095238095
2.600952380952381
2.301904761904762
2.416190476190476
2.3895238095238094
2.3785714285714286
2.390952380952381
1.9176190476190473
2.1209523809523807
2.2538095238095237
2.0628571428571427
2.105714285714286
2.0595238095238093
2.199047619047619
2.2676190476190476
2.258095238095238
2.0314285714285716
2.055238095238095
2.163333333333333
2.0828571428571427
1.842857142857143
1.7233333333333332
1.807142857142857
1.9257142857142857
1.7642857142857142
1.9485714285714286
1.9490476190476191
1.8990476190476189
1.6547619047619047
1.880952380952381
1.8076190476190477
1.8404761904761904
1.9985714285714284
1.7066666666666666
1.9485714285714286
1.686190476190476
1.7976190476190477
1.5723809523809522
1.643809523809524
1.7180952380952381
1.6247619047619046
1.6623809523809523
1.3533333333333335
1.5152380952380953
1.5166666666666666
1.5557142857142858
1.4185714285714286
1.4114285714285715
1.5514285714285714
1.5295238095238095
1.526190476190476
1.5666666666666667
1.3133333333333335
1.3142857142857143
1.358095238095238
1.2885714285714285
1.270952380952381
1.1923809523809523
1.1723809523809525
1.1495238095238096
1.1995238095238094
1.197142857142857
1.1538095238095238
1.2495238095238095
1.1257142857142857
1.1876190476190476
0.9980952380952381
1.0914285714285714
0.9057142857142857
0.9128571428571428
0.9161904761904763
0.909047619047619
1.0035
0.8865000000000001
0.9595
0.9355
0.9324999999999999
0.9490000000000001
0.8779999999999999
0.776
0.8779999999999999
0.9049999999999999
0.7455
0.6525000000000001
0.5745
0.6405000000000001
0.615
0.64
0.64
0.6785
0.622
0.621
0.583
0.52
0.502
0.5665
0.679
0.5705
0.6535
0.618
0.524
0.533
0.5335
0.46349999999999997
0.461
0.481
0.46849999999999997
0.43200000000000005
0.4725
0.4455
0.4525
0.42750000000000005
0.368
0.5189999999999999
0.41950000000000004
0.3635
0.34450000000000003
0.29
0.311
0.311
0.2975
0.301
0.3895
0.362
0.3225
0.27349999999999997
0.34249999999999997
0.391
0.32999999999999996
0.3615
0.2595
0.2345
0.33249999999999996
0.3015
0.258
0.3045
0.23850000000000002
0.27349999999999997
0.2595
0.3215
0.3155
0.29
0.3415
0.2515
0.17950000000000002
0.254
0.331
0.3305
0.314
0.306
0.1815
0.187
0.238
0.3065
0.217
0.25
0.3355
0.227
0.17250000000000001
0.1865
0.20099999999999998
0.193
0.1995
0.256
