pet
0.23590909090909093
0.2440909090909091
0.35318181818181815
0.2890909090909091
0.2095454545454545
0.23090909090909092
0.28045454545454546
0.2340909090909091
0.29954545454545456
0.3231818181818182
0.3059090909090909
0.3977272727272727
0.2827272727272727
0.30409090909090913
0.3377272727272727
0.2636363636363636
0.3068181818181818
0.27454545454545454
0.32545454545454544
0.30727272727272725
0.30954545454545457
0.3240909090909091
0.28
0.35954545454545456
0.3281818181818182
0.3431818181818182
0.3740909090909091
0.3977272727272727
0.33
0.39136363636363636
0.3809090909090909
0.40954545454545455
0.43318181818181817
0.4354545454545455
0.4290909090909091
0.4018181818181818
0.44863636363636367
0.4295454545454545
0.5095454545454545
0.49500000000000005
0.41500000000000004
0.4127272727272727
0.44
0.45363636363636367
0.4772727272727273
0.5627272727272727
0.5486363636363637
0.43727272727272726
0.46181818181818185
0.5618181818181818
0.5863636363636364
0.605
0.635
0.645
0.6090909090909091
0.6577272727272727
0.6731818181818182
0.6459090909090909
0.6822727272727273
0.6804545454545455
0.7445454545454545
0.6277272727272728
0.7568181818181817
0.7813636363636364
0.8227272727272728
0.8254545454545454
0.8468181818181818
0.859090909090909
0.9386363636363636
0.9227272727272727
0.9286363636363636
0.9481818181818181
0.8995454545454545
0.9159090909090909
0.8827272727272728
0.9895454545454545
1.0295454545454545
1.0995454545454546
0.9822727272727273
1.0613636363636365
0.97
1.0777272727272729
1.0213636363636363
1.0331818181818182
1.1059090909090907
1.1295454545454546
1.1345454545454545
1.2286363636363637
1.1227272727272728
1.2795454545454545
1.3295652173913044
1.3595652173913044
1.183478260869565
1.2895652173913044
1.4734782608695653
1.4656521739130435
1.373913043478261
1.413913043478261
1.4004347826086956
1.6204347826086956
1.4643478260869565
1.496086956521739
1.4608695652173913
1.5391304347826087
1.6173913043478263
1.6982608695652175
1.662608695652174
1.5430434782608697
1.6469565217391307
1.712608695652174
1.711304347826087
1.5495652173913044
1.783478260869565
1.7291304347826089
1.6269565217391304
1.716521739130435
1.7595652173913043
1.7569565217391303
1.9830434782608695
1.872608695652174
1.958695652173913
2.0213043478260873
2.1647826086956523
2.098695652173913
1.9391304347826088
2.0760869565217392
2.088695652173913
2.1456521739130436
2.1360869565217393
2.15695652173913
2.172608695652174
2.1021739130434782
2.0895652173913044
2.223913043478261
2.024782608695652
2.024782608695652
2.0252173913043476
2.2230434782608697
2.122608695652174
2.09695652173913
2.307391304347826
2.3991304347826086
2.539565217391304
2.64
2.515217391304348
2.513913043478261
2.2017391304347824
2.3521739130434782
2.3152173913043477
2.5169565217391305
2.6882608695652173
2.4969565217391305
2.3839130434782607
2.5191304347826087
2.2430434782608693
2.4130434782608696
2.327391304347826
2.579565217391304
2.532608695652174
2.522173913043478
2.5765217391304347
2.5869565217391304
2.389130434782609
2.2756521739130435
2.471304347826087
2.367826086956522
2.471739130434783
2.5730434782608698
2.505217391304348
2.541304347826087
2.7795652173913044
2.562173913043478
2.4630434782608694
2.5608695652173914
2.4969565217391305
2.3982608695652172
2.7230434782608697
2.543913043478261
2.747826086956522
2.659130434782609
2.348695652173913
2.5130434782608693
2.430869565217391
2.492608695652174
2.4317391304347824
2.524782608695652
2.3156521739130436
2.4556521739130432
2.508260869565217
2.720869565217391
2.4013043478260867
2.5495652173913044
2.4382608695652173
2.5743478260869566
2.5778260869565215
2.6843478260869564
2.6930434782608694
2.566086956521739
2.5778260869565215
2.341304347826087
2.407391304347826
2.4608695652173913
2.6339130434782607
2.491304347826087
2.5391304347826087
2.427391304347826
2.4439130434782608
2.5917391304347825
2.2865217391304347
2.2665217391304346
2.40304347826087
2.2504347826086954
2.1869565217391305
2.2952173913043477
2.435217391304348
2.3069565217391306
2.3078260869565215
2.1673913043478263
2.08
2.2082608695652173
2.1682608695652172
1.9291304347826088
1.8917391304347826
1.982608695652174
2.0782608695652174
1.8652173913043477
2.183478260869565
2.121304347826087
2.1143478260869566
1.8095652173913046
2.031304347826087
2.0156521739130433
2.0204347826086955
2.0917391304347825
1.8013043478260868
1.8904347826086956
1.7443478260869567
1.875217391304348
1.8017391304347825
1.7982608695652174
1.95
1.7439130434782608
1.6778260869565218
1.643478260869565
1.708695652173913
1.5482608695652174
1.7008695652173913
1.583913043478261
1.4830434782608695
1.585217391304348
1.5434782608695652
1.4882608695652173
1.5278260869565217
1.3856521739130436
1.4017391304347826
1.4004347826086956
1.4004347826086956
1.318695652173913
1.2878260869565217
1.2517391304347825
1.2060869565217391
1.2217391304347827
1.2043478260869565
1.2408695652173913
1.2860869565217392
1.1639130434782607
1.0826086956521739
1.0495652173913044
1.08
0.9426086956521739
0.9795652173913044
0.947391304347826
0.966086956521739
0.9831818181818182
0.8595454545454545
0.9695454545454545
0.9777272727272728
0.9618181818181818
0.9486363636363637
0.9090909090909091
0.8181818181818182
0.8386363636363636
0.8904545454545455
0.7504545454545455
0.6727272727272727
0.5936363636363636
0.5777272727272728
0.5695454545454546
0.5936363636363636
0.63
0.6736363636363637
0.6254545454545455
0.5904545454545455
0.5386363636363636
0.49454545454545457
0.4977272727272727
0.5581818181818181
0.645
0.6
0.6113636363636363
0.5709090909090909
0.48636363636363633
0.5177272727272727
0.5136363636363637
0.4936363636363636
0.45045454545454544
0.4586363636363636
0.3963636363636364
0.37363636363636366
0.39136363636363636
0.3977272727272727
0.365
0.3868181818181818
0.28818181818181815
0.37454545454545457
0.3422727272727273
0.34545454545454546
0.3559090909090909
0.26681818181818184
0.28545454545454546
0.3068181818181818
0.31636363636363635
0.23590909090909093
0.2990909090909091
0.28
0.20227272727272727
0.25772727272727275
0.2786363636363636
0.27499999999999997
0.2595454545454545
0.27045454545454545
0.2240909090909091
0.245
0.27545454545454545
0.2595454545454545
0.20545454545454547
0.2768181818181818
0.23136363636363635
0.29363636363636364
0.28954545454545455
0.30363636363636365
0.2618181818181818
0.26636363636363636
0.2918181818181818
0.2
0.18772727272727271
0.20318181818181816
0.2827272727272727
0.28545454545454546
0.2636363636363636
0.2809090909090909
0.16045454545454546
0.175
0.20272727272727273
0.2440909090909091
0.19045454545454546
0.1922727272727273
0.30954545454545457
0.23954545454545453
0.1859090909090909
0.18545454545454546
0.1863636363636364
0.17545454545454545
0.1831818181818182
0.21181818181818182
