temperature
4.177272727272728
3.833181818181818
3.775
3.7040909090909087
4.335454545454545
4.176363636363636
4.650454545454545
5.0227272727272725
4.676818181818182
4.699545454545454
4.676818181818182
5.202727272727273
5.744090909090909
4.569545454545454
5.0604545454545455
4.315909090909091
4.200909090909091
4.424090909090909
5.065909090909091
4.865
4.069545454545454
4.026363636363636
4.122727272727273
3.7659090909090907
4.221818181818182
3.953636363636363
4.021818181818182
3.752727272727273
4.250909090909091
3.855909090909091
3.9913636363636367
3.8822727272727273
3.7604545454545457
4.030454545454545
5.1881818181818184
4.96909090909091
4.931363636363636
4.434545454545455
3.705454545454545
3.897272727272727
4.3977272727272725
4.875
5.466818181818182
4.525454545454545
4.113181818181818
4.651363636363636
4.735
4.457272727272727
4.440909090909091
4.001363636363636
4.0249999999999995
4.268636363636364
4.4381818181818184
4.982727272727273
5.335909090909091
5.191363636363636
5.40090909090909
5.287727272727273
5.124545454545454
4.917272727272728
4.640454545454546
4.494090909090909
4.324545454545454
4.682727272727273
5.1022727272727275
6.3554545454545455
6.386818181818182
6.543636363636364
6.320454545454546
6.025454545454545
5.912272727272727
5.550454545454546
6.0218181818181815
6.781363636363636
7.221363636363637
7.418636363636364
6.691363636363636
5.922272727272727
5.955909090909091
6.1468181818181815
6.365454545454545
6.517272727272727
6.6022727272727275
7.088636363636363
6.556363636363637
6.152272727272727
6.604090909090909
7.123181818181819
7.961818181818182
8.358181818181817
8.300434782608695
8.269565217391303
7.892173913043479
7.5691304347826085
8.010434782608696
8.430434782608696
7.204782608695653
6.967391304347826
7.507826086956522
8.347391304347827
7.855652173913044
7.231304347826087
7.203043478260869
7.865652173913043
8.055217391304348
8.252173913043478
8.673913043478262
7.985217391304348
7.746086956521739
8.327391304347826
9.35
10.201739130434783
10.836086956521738
10.752173913043478
10.853478260869565
10.019130434782609
10.37304347826087
10.464782608695652
10.117391304347825
9.97695652173913
10.330434782608695
10.050869565217392
10.317391304347826
10.207826086956521
10.51608695652174
10.960869565217392
10.975217391304348
10.832173913043478
11.181739130434783
11.282608695652174
11.173913043478262
10.817391304347826
10.576956521739131
10.616521739130436
11.15
11.564782608695653
11.560434782608695
11.881304347826086
11.844782608695652
12.13695652173913
11.752608695652174
11.80391304347826
12.38
12.573478260869566
12.450869565217392
12.533478260869565
12.35
12.729565217391302
12.56086956521739
12.669130434782607
13.183478260869567
13.417826086956522
13.888260869565217
13.481739130434782
12.966521739130435
13.503478260869565
13.785217391304348
14.339130434782609
13.949565217391307
14.209565217391305
14.056521739130435
13.931304347826087
14.05913043478261
14.167391304347827
13.990869565217393
14.099565217391305
14.623043478260868
15.272173913043478
15.511304347826087
15.500869565217391
15.54391304347826
14.892173913043477
14.82217391304348
14.890434782608697
14.819565217391306
14.875217391304348
15.229130434782608
15.73913043478261
15.789130434782608
15.925217391304347
15.764347826086956
15.906086956521738
16.416521739130435
16.441304347826087
16.78608695652174
16.104782608695654
16.27
16.188260869565216
15.915217391304349
15.956521739130435
16.063478260869566
16.251739130434782
16.33478260869565
16.063478260869566
16.74695652173913
16.942608695652176
17.02608695652174
16.489565217391306
16.800869565217393
17.288695652173914
17.278695652173912
16.85217391304348
16.610434782608696
17.39304347826087
17.482608695652175
16.97
17.125652173913043
17.714347826086957
17.69086956521739
17.846521739130434
17.375217391304346
17.23304347826087
17.824782608695653
17.579565217391302
17.691739130434783
17.243478260869566
17.62913043478261
17.739565217391306
17.41913043478261
17.081304347826087
17.14304347826087
17.071304347826086
17.58
16.89608695652174
16.785217391304347
16.844347826086956
17.355652173913043
16.860869565217392
16.82391304347826
17.110000000000003
17.282608695652176
17.19391304347826
17.03304347826087
16.529565217391305
16.450434782608696
15.76304347826087
15.864782608695652
15.688695652173914
15.410869565217391
15.058260869565219
15.371739130434783
15.307391304347826
15.286521739130436
15.231304347826086
15.423913043478262
15.48
15.289565217391305
15.47304347826087
15.416956521739133
15.212173913043477
15.213478260869566
14.949565217391307
14.96913043478261
15.269565217391303
14.977391304347828
13.94304347826087
14.026521739130436
13.528695652173912
13.547391304347824
13.176521739130434
13.592608695652174
13.98608695652174
14.23521739130435
14.14782608695652
13.75391304347826
13.481304347826086
13.14
12.863913043478261
12.828260869565218
13.079999999999998
13.39695652173913
13.460434782608695
13.527826086956521
13.662727272727272
12.966818181818182
12.512727272727272
11.734090909090908
11.585
11.911818181818182
11.34909090909091
12.04
12.375
12.219545454545454
11.925
11.59681818181818
11.403636363636364
11.272727272727273
10.865454545454545
10.603636363636364
10.594545454545456
9.800454545454546
10.039545454545454
9.45590909090909
10.475454545454546
10.68909090909091
10.47409090909091
10.586818181818181
10.575909090909091
10.496818181818183
10.465
9.888181818181819
9.298181818181819
9.726363636363637
9.72090909090909
9.249090909090908
8.996363636363638
9.314545454545454
8.592272727272727
8.576818181818181
8.207272727272727
8.132272727272728
8.523636363636363
7.528181818181818
7.653181818181818
7.987272727272727
7.8977272727272725
7.715
7.408636363636364
7.23
6.553636363636364
6.338636363636363
6.455454545454546
6.287272727272727
6.1922727272727265
6.108636363636363
5.845909090909092
5.722727272727273
6.010454545454545
6.053181818181819
6.443636363636363
6.450454545454545
6.121363636363636
6.101363636363636
5.915454545454545
5.9
5.540909090909091
5.368636363636363
5.289090909090909
5.171818181818182
4.909545454545455
4.691363636363636
4.774090909090909
4.598636363636364
4.657727272727272
4.912727272727273
5.161363636363636
5.255454545454546
4.456818181818182
4.330454545454545
4.303636363636364
3.783181818181818
3.7677272727272726
3.7795454545454548
2.821818181818182
3.594090909090909
4.247272727272727
4.905909090909091
5.673181818181818
4.6850000000000005
4.0618181818181816
3.873181818181818
3.303181818181818
2.9600000000000004
3.766818181818182
4.044090909090909
