temperature
3.6847826086956523
3.75
3.4591304347826086
3.7226086956521742
3.8743478260869564
4.480869565217391
3.3630434782608694
3.832173913043478
4.262173913043478
4.2556521739130435
3.854782608695652
2.9373913043478264
2.8378260869565217
2.9730434782608692
3.536521739130435
3.7621739130434784
3.1908695652173913
2.5404347826086955
3.1995652173913043
3.422173913043478
3.9843478260869567
4.283478260869565
4.42695652173913
4.176521739130435
3.7117391304347827
3.6856521739130432
3.354347826086957
3.491304347826087
3.5304347826086957
3.1652173913043478
3.0908695652173916
3.3439130434782607
3.505217391304348
3.8469565217391306
3.8978260869565213
4.4308695652173915
4.821739130434783
4.553913043478261
4.1808695652173915
3.7030434782608697
3.0582608695652174
2.883478260869565
3.178695652173913
2.8434782608695657
2.205217391304348
2.0743478260869566
2.15304347826087
2.7047826086956523
2.9808695652173913
3.063478260869565
3.041739130434783
3.6582608695652175
4.1234782608695655
4.208695652173913
4.216086956521739
3.491739130434783
3.8765217391304345
3.888695652173913
4.148260869565218
4.68608695652174
4.924347826086957
5.007826086956522
4.792173913043478
4.998695652173913
5.131304347826087
5.665652173913044
5.7013043478260865
5.619999999999999
5.969130434782608
6.348695652173913
5.91
5.912608695652175
5.767826086956521
5.82
5.490434782608696
6.184782608695652
6.324347826086957
6.411739130434783
6.1552173913043475
6.271304347826088
6.264347826086957
5.931304347826086
6.413043478260869
6.763913043478261
6.290869565217391
6.721304347826087
6.301304347826087
6.278260869565218
6.480434782608696
6.506086956521739
7.66409090909091
7.556363636363637
6.406363636363636
6.054090909090909
6.074090909090909
6.2281818181818185
6.879545454545454
6.766363636363637
6.694999999999999
7.244999999999999
7.580909090909091
7.982727272727273
7.65409090909091
7.834090909090909
8.222727272727273
8.428181818181818
7.798636363636363
7.829090909090909
8.52909090909091
8.556363636363637
8.356818181818182
9.26590909090909
8.735
8.047727272727274
8.151818181818182
8.049090909090909
8.062727272727273
8.202727272727273
8.456818181818182
8.864090909090908
9.27590909090909
9.108181818181817
9.341818181818182
9.363636363636363
9.691363636363636
10.04590909090909
10.236363636363636
11.133636363636363
10.729090909090909
10.662727272727274
10.72409090909091
10.741363636363637
11.585454545454546
11.159545454545453
11.598181818181818
11.530909090909091
11.406363636363636
11.327727272727273
11.855454545454545
12.401363636363635
12.128181818181817
11.912727272727272
12.311818181818182
12.234090909090908
12.427727272727271
12.67090909090909
12.435454545454546
12.1
12.25409090909091
12.487727272727273
12.77590909090909
13.344999999999999
13.237272727272728
13.386818181818182
13.251363636363635
13.18
13.378181818181817
13.369545454545454
13.532727272727271
13.670454545454545
13.53
13.629545454545456
13.676363636363636
14.056818181818182
14.492272727272727
14.037727272727272
14.173181818181819
14.379545454545456
13.80909090909091
14.612272727272728
14.692272727272728
14.610454545454546
14.715909090909092
14.539090909090909
14.735454545454546
15.037272727272727
15.455454545454545
15.21
15.160909090909088
15.361363636363636
15.70318181818182
15.87090909090909
16.03090909090909
15.58
16.046363636363637
16.995454545454546
17.079090909090908
16.98909090909091
17.273636363636363
16.97590909090909
16.77136363636364
17.026818181818182
16.345
16.879545454545454
16.974545454545453
17.12818181818182
16.524545454545457
16.443181818181817
16.418181818181818
16.39090909090909
17.055
16.520454545454545
16.542727272727273
16.63090909090909
16.19681818181818
16.49590909090909
17.052272727272726
17.03272727272727
17.35272727272727
17.55727272727273
17.69363636363636
17.697727272727274
17.134999999999998
16.976363636363637
17.248181818181816
17.221363636363638
16.89090909090909
16.88
16.36318181818182
16.963636363636365
17.107727272727274
17.07090909090909
16.809545454545454
16.786363636363635
17.024090909090912
17.78772727272727
17.97681818181818
17.17681818181818
16.566363636363636
16.55
16.764545454545456
16.985454545454544
16.981818181818184
16.725454545454546
15.676363636363636
15.848181818181816
15.984090909090908
16.21681818181818
15.565454545454545
16.03772727272727
16.345909090909092
16.049090909090907
15.201363636363636
15.83
15.581818181818182
15.44590909090909
15.116363636363637
15.085454545454546
14.727272727272727
14.871818181818183
15.036818181818182
15.020454545454545
14.975909090909092
14.341363636363637
14.440454545454545
13.798636363636364
13.38090909090909
13.877727272727272
13.938181818181818
14.4
14.069090909090908
13.609090909090908
13.564545454545454
13.72090909090909
13.417727272727273
13.521363636363638
13.186818181818182
13.018636363636363
13.067727272727273
13.07090909090909
12.94909090909091
13.02590909090909
13.094090909090909
12.708260869565219
12.333913043478262
12.194782608695652
12.343478260869563
12.185217391304347
11.78217391304348
11.415217391304349
11.093043478260869
11.865652173913045
11.927391304347825
11.382173913043479
11.226521739130433
11.140869565217391
10.08
10.375652173913043
9.804782608695652
9.753913043478262
10.182608695652174
10.543478260869565
9.866521739130436
9.23608695652174
9.334347826086956
9.264782608695652
9.80391304347826
9.500434782608695
9.57304347826087
9.732173913043479
9.19086956521739
8.648260869565217
8.824782608695653
9.372608695652174
9.169565217391305
9.044782608695652
8.792608695652174
7.64
7.551304347826087
6.997391304347826
7.641739130434782
8.245217391304347
7.844347826086956
7.583913043478261
7.94
6.67
6.231739130434783
5.668695652173913
5.9308695652173915
6.102608695652174
5.9747826086956515
6.49304347826087
6.293913043478261
5.426086956521739
5.089130434782609
5.522608695652174
6.081304347826087
5.987391304347827
5.904782608695652
5.184782608695652
4.873913043478261
4.479565217391304
4.047826086956522
4.105217391304348
4.8047826086956515
5.005217391304348
5.45
5.53
5.668695652173913
4.989130434782608
4.887391304347826
4.485652173913044
4.229565217391304
3.787826086956522
3.991304347826087
4.044782608695653
4.032608695652174
4.466521739130435
4.920869565217392
4.7382608695652175
4.703913043478261
4.633913043478261
4.435217391304348
4.721739130434782
5.446521739130435
4.841304347826087
4.9452173913043485
4.9513043478260865
5.0486956521739135
4.665217391304347
4.900434782608696
4.771739130434782
4.77
3.6295652173913044
3.342608695652174
