pet
0.3264705882352941
0.33941176470588236
0.4676470588235294
0.31529411764705884
0.2735294117647059
0.25176470588235295
0.25882352941176473
0.3688235294117647
0.35411764705882354
0.2423529411764706
0.38352941176470584
0.4276470588235294
0.40705882352941175
0.45588235294117646
0.2247058823529412
0.2605882352941176
0.4235294117647059
0.3588235294117647
0.3870588235294118
0.2858823529411765
0.27
0.45647058823529413
0.41058823529411764
0.3835294117647059
0.28764705882352937
0.32176470588235295
0.32588235294117646
0.2882352941176471
0.22
0.40176470588235297
0.4441176470588235
0.4123529411764706
0.43117647058823527
0.4664705882352941
0.38235294117647056
0.4358823529411765
0.48588235294117643
0.4717647058823529
0.53
0.4647058823529412
0.4123529411764706
0.4117647058823529
0.43764705882352944
0.48117647058823526
0.49764705882352944
0.46294117647058824
0.49352941176470594
0.4582352941176471
0.48
0.6094117647058823
0.5247058823529411
0.6029411764705882
0.5688235294117647
0.5447058823529412
0.5094117647058823
0.5747058823529412
0.4505882352941177
0.5052941176470588
0.6311764705882353
0.6323529411764706
0.6672222222222222
0.6455555555555555
0.6405555555555555
0.5305555555555556
0.6527777777777778
0.6111111111111112
0.5794444444444444
0.7038888888888889
0.6499999999999999
0.7383333333333334
0.7077777777777778
0.8005555555555556
0.6644444444444445
0.8450000000000001
0.7627777777777778
0.76
0.8272222222222223
0.8816666666666667
0.855
0.8594444444444445
0.86
0.8455555555555556
1.0172222222222222
1.0094444444444446
0.985
1.0522222222222224
1.0794444444444444
1.0733333333333333
0.875
0.9861111111111112
1.0205555555555557
1.1022222222222222
1.1644444444444444
1.1316666666666668
1.1283333333333332
1.1583333333333334
1.1188888888888888
1.1527777777777777
1.1749999999999998
1.323888888888889
1.1661111111111113
1.3161111111111112
1.3322222222222222
1.5172222222222222
1.4394444444444445
1.4249999999999998
1.5005555555555554
1.278888888888889
1.4138888888888888
1.653888888888889
1.4616666666666667
1.393888888888889
1.6644444444444444
1.6727777777777777
1.7144444444444444
1.74
1.8411111111111111
1.6777777777777778
1.698888888888889
1.7000000000000002
1.957222222222222
2.058333333333333
1.97
1.963888888888889
1.8338888888888887
1.9933333333333332
1.8172222222222223
1.9249999999999998
1.9894444444444446
1.8672222222222221
2.2327777777777778
2.2427777777777775
2.177777777777778
2.4383333333333335
2.423888888888889
2.389444444444445
2.0811111111111114
2.0611111111111113
2.3155555555555556
2.185
2.101111111111111
2.2505555555555556
2.3533333333333335
2.5250000000000004
2.337222222222222
2.3605555555555555
2.2694444444444444
2.4222222222222225
2.3477777777777775
2.5127777777777776
2.137777777777778
2.355
2.1183333333333336
2.2266666666666666
2.461666666666667
2.2988888888888885
2.1255555555555556
2.4650000000000003
2.4161111111111113
2.302222222222222
2.2805555555555554
2.0816666666666666
2.356666666666667
2.286111111111111
2.5250000000000004
2.5772222222222223
2.5011111111111113
2.33
2.366111111111111
2.5777777777777775
2.598888888888889
2.366111111111111
2.6055555555555556
2.3355555555555556
2.4522222222222223
2.2344444444444442
2.343888888888889
2.658333333333333
2.5477777777777777
2.66
2.4583333333333335
2.2088888888888887
2.278888888888889
2.408333333333333
2.4366666666666665
2.588888888888889
2.615
2.411111111111111
2.4188888888888886
2.5655555555555556
2.316111111111111
2.4055555555555554
2.182777777777778
2.4005555555555556
2.325
2.0816666666666666
2.4166666666666665
2.2772222222222225
2.408333333333333
2.4922222222222223
2.506111111111111
2.647777777777778
2.4655555555555555
2.336666666666667
2.2194444444444446
2.5427777777777774
2.4233333333333333
2.322777777777778
1.9205555555555556
2.187222222222222
2.3555555555555556
2.057777777777778
2.261111111111111
2.2455555555555557
2.156111111111111
2.1172222222222223
2.256111111111111
2.0683333333333334
1.933888888888889
1.9772222222222224
1.9888888888888887
2.127222222222222
1.8977777777777776
1.9377777777777778
1.8894444444444443
1.8922222222222222
1.7083333333333333
2.0005555555555556
1.9144444444444444
1.766111111111111
1.7911111111111113
1.8127777777777778
1.7911111111111113
1.8522222222222224
1.6488888888888888
1.7483333333333333
1.6294444444444445
1.7777777777777777
1.6811111111111112
1.63
1.48
1.5761111111111112
1.5655555555555556
1.6022222222222222
1.4816666666666665
1.35
1.4916666666666667
1.4866666666666668
1.4716666666666667
1.2044444444444444
1.3505555555555555
1.2272222222222222
1.34
1.3261111111111112
1.1966666666666665
1.2855555555555556
1.2794444444444446
1.1949999999999998
1.1211111111111112
1.193888888888889
1.218888888888889
1.2622222222222221
1.1266666666666667
1.0783333333333334
1.0383333333333333
0.9938888888888889
1.0750000000000002
0.87
0.77
0.86
0.7966666666666666
0.895
0.8255555555555555
0.9377777777777777
0.7872222222222223
0.8044444444444445
0.8927777777777778
0.815
0.7883333333333334
0.9049999999999999
0.8472222222222222
0.6555555555555554
0.8377777777777777
0.701111111111111
0.6483333333333333
0.645
0.7033333333333334
0.5011111111111111
0.5594444444444444
0.7288888888888888
0.5711111111111111
0.7055555555555555
0.5433333333333333
0.576111111111111
0.5038888888888889
0.3933333333333333
0.5061111111111111
0.48777777777777775
0.4822222222222222
0.45444444444444443
0.4527777777777778
0.5655555555555556
0.4538888888888889
0.45499999999999996
0.43944444444444447
0.5861111111111111
0.41277777777777774
0.47000000000000003
0.3711111111111111
0.435
0.35777777777777775
0.37722222222222224
0.4172222222222222
0.38666666666666666
0.3977777777777778
0.41
0.36833333333333335
0.31777777777777777
0.39111111111111113
0.24388888888888888
0.40055555555555555
0.34
0.4538888888888889
0.42944444444444446
0.26333333333333336
0.3327777777777778
0.2822222222222222
0.3888888888888889
0.32222222222222224
0.2544444444444445
0.255
0.295
0.3522222222222222
0.3611111111111111
0.23166666666666666
0.26333333333333336
0.2827777777777778
0.39555555555555555
0.2827777777777778
0.3111111111111111
0.375
0.22722222222222221
0.2838888888888889
0.20777777777777778
0.16666666666666666
0.24944444444444447
0.21555555555555556
0.1622222222222222
0.29277777777777775
0.37529411764705883
0.2376470588235294
0.3452941176470588
0.3376470588235294
0.2911764705882353
0.20588235294117646
0.22588235294117645
0.2605882352941176
0.25588235294117645
0.3088235294117647
0.21823529411764706
0.27941176470588236
0.2323529411764706
0.22647058823529412
0.3317647058823529
0.29411764705882354
