temperature
2.361764705882353
2.4705882352941178
1.7311764705882353
1.4911764705882353
2.004705882352941
1.478235294117647
1.0123529411764707
1.3617647058823528
1.8876470588235292
1.5170588235294118
1.3641176470588237
1.4223529411764706
1.4729411764705882
2.1476470588235292
1.8476470588235294
2.0911764705882354
1.8894117647058821
1.8411764705882354
2.1911764705882355
2.1923529411764706
2.21
1.9482352941176468
1.5776470588235294
1.8941176470588237
1.174705882352941
1.2041176470588235
1.0682352941176472
1.2329411764705882
1.678235294117647
1.8776470588235292
1.5358823529411765
1.8423529411764705
2.2682352941176473
2.413529411764706
2.6241176470588234
2.9
3.3241176470588236
1.9976470588235296
1.6405882352941175
1.5535294117647056
1.2835294117647058
0.9458823529411766
1.3547058823529412
1.1688235294117646
0.9911764705882353
1.0223529411764705
0.8658823529411764
0.9941176470588234
1.2105882352941177
1.2835294117647058
1.16
1.1723529411764706
1.9364705882352942
1.8735294117647059
1.6935294117647057
1.4423529411764706
1.3711764705882352
2.171176470588235
2.385294117647059
2.1041176470588234
1.9833333333333334
1.818888888888889
2.376666666666667
3.015
3.783333333333333
4.028888888888889
3.6655555555555557
3.631666666666667
3.987222222222222
3.7505555555555556
3.861111111111111
4.0905555555555555
3.5211111111111113
3.073888888888889
3.0605555555555557
3.217777777777778
3.102777777777778
2.7916666666666665
2.692222222222222
2.6972222222222224
2.935
3.1494444444444443
3.251111111111111
3.7472222222222222
3.593888888888889
3.6799999999999997
3.5411111111111113
3.5572222222222223
4.213333333333334
4.4561111111111105
4.58
4.054444444444445
3.3783333333333334
3.446111111111111
4.259444444444444
4.492222222222222
4.604444444444444
4.140555555555555
4.719444444444445
5.157777777777778
5.055
5.0633333333333335
4.700555555555556
5.033333333333333
5.373888888888889
5.693888888888889
5.580555555555556
5.088333333333334
5.279999999999999
5.161666666666666
5.473333333333333
5.42
5.7988888888888885
6.070555555555555
5.913888888888889
6.111666666666667
6.598888888888889
6.572222222222222
6.801666666666667
7.374444444444445
6.935555555555556
7.007222222222222
6.963888888888889
7.077222222222222
6.69
6.684444444444444
7.035
6.9911111111111115
6.306111111111111
6.638888888888889
7.507777777777777
7.674444444444445
8.062222222222223
8.381666666666668
8.498333333333333
8.104999999999999
8.062777777777777
8.046111111111111
8.123333333333333
8.437777777777777
8.67611111111111
8.619444444444445
9.202777777777778
9.673333333333334
9.365
9.139444444444443
8.906666666666666
8.632222222222222
9.157777777777778
9.708888888888888
9.894444444444444
9.894444444444444
9.70111111111111
9.873333333333333
9.93388888888889
9.787222222222221
9.919444444444444
10.162222222222221
10.05
10.573333333333332
10.446111111111112
10.314444444444444
10.05
10.08
10.157777777777778
10.283333333333333
10.568888888888889
11.15388888888889
10.733333333333333
11.151666666666666
11.466666666666667
10.791666666666666
10.913888888888888
10.373333333333333
10.735
11.021666666666667
11.342222222222222
11.703333333333333
11.830555555555556
11.81611111111111
11.817777777777778
11.287777777777778
11.015555555555556
11.481111111111112
12.172777777777778
12.185555555555556
12.457777777777778
12.805555555555555
12.777777777777779
12.451666666666666
12.356111111111112
13.019444444444444
12.794444444444444
12.707777777777778
12.78111111111111
12.52888888888889
12.182777777777778
11.977222222222222
12.357222222222223
12.993888888888888
13.587222222222222
13.195555555555556
12.838888888888889
13.116111111111111
13.121111111111112
13.472222222222221
13.487777777777778
13.378333333333334
13.077777777777778
13.43388888888889
13.032777777777778
12.88
12.755
13.037222222222223
13.023333333333333
12.688333333333333
12.750555555555556
12.690555555555555
12.695555555555554
12.588333333333333
12.627777777777778
12.42388888888889
12.76
12.657222222222222
12.367222222222223
12.329444444444444
12.540555555555555
12.473333333333333
12.26611111111111
12.458333333333334
13.04
13.20111111111111
12.992777777777778
12.635
11.913888888888888
12.037222222222221
11.867777777777778
11.813333333333333
11.587777777777779
11.713888888888889
12.182222222222222
11.872777777777777
11.370555555555555
11.668888888888889
11.338888888888889
11.74
11.251111111111111
10.72111111111111
10.266666666666667
10.364444444444445
10.899999999999999
10.56388888888889
10.402777777777779
10.29888888888889
9.945
9.72111111111111
9.732222222222223
9.788888888888888
10.07388888888889
10.39
10.111666666666666
9.716111111111111
10.23388888888889
10.098888888888888
9.646666666666667
9.702777777777778
9.56611111111111
8.763333333333334
8.428888888888888
8.873888888888889
9.481666666666667
9.919444444444444
9.279444444444444
9.446111111111112
8.884444444444444
8.668888888888889
8.926666666666668
8.545
8.649999999999999
8.453333333333333
8.191666666666666
8.420555555555556
8.036666666666667
7.359444444444445
7.465
7.253333333333334
7.663888888888888
7.412777777777778
7.094444444444445
6.890555555555555
6.957777777777778
6.670555555555556
6.66611111111111
6.260000000000001
5.934444444444444
6.280555555555555
6.2061111111111105
6.127777777777777
6.326666666666666
5.97
6.075555555555556
5.649444444444445
5.765
5.929444444444444
6.037777777777778
5.749444444444444
5.486666666666667
5.227777777777778
5.045
4.766666666666667
5.2988888888888885
5.267222222222222
5.113888888888889
5.1466666666666665
5.096666666666667
5.0183333333333335
4.466666666666667
4.36
4.6755555555555555
4.721666666666667
4.252222222222223
4.601111111111111
3.7416666666666663
3.211111111111111
3.1500000000000004
3.0
3.331111111111111
3.658888888888889
3.6405555555555558
3.2905555555555557
2.788333333333333
2.8783333333333334
2.7977777777777777
2.966666666666667
3.0455555555555556
3.5683333333333334
4.095555555555555
3.0994444444444444
2.912777777777778
2.778888888888889
1.7072222222222222
1.5816666666666666
1.7994444444444444
1.9183333333333334
2.243888888888889
2.1688888888888886
2.062222222222222
2.0544444444444445
2.526111111111111
2.735294117647059
2.621176470588235
2.099411764705882
2.373529411764706
1.6505882352941177
2.0541176470588236
1.6588235294117646
2.0629411764705883
2.717647058823529
2.428235294117647
1.6776470588235295
1.0241176470588236
1.7964705882352943
1.7241176470588235
1.9982352941176469
2.353529411764706
