temperature
1.1456521739130436
1.0130434782608695
0.0678260869565217
0.23782608695652177
0.7834782608695652
0.9186956521739131
0.6904347826086955
0.7647826086956522
0.4708695652173912
0.37478260869565216
0.6026086956521739
-0.20347826086956528
-0.2304347826086956
0.43869565217391304
0.6730434782608696
0.7595652173913043
0.026521739130434787
-0.0313043478260869
0.6656521739130435
0.7999999999999999
1.13
1.2430434782608695
0.9443478260869564
0.6282608695652173
0.36739130434782613
-0.1069565217391304
-0.15695652173913044
-0.23391304347826086
0.5039130434782608
0.4608695652173913
-0.02347826086956521
0.12130434782608696
1.0130434782608695
1.162608695652174
1.3156521739130436
1.2569565217391303
1.378695652173913
0.7817391304347826
0.6821739130434782
0.33826086956521734
0.19173913043478266
-0.27695652173913043
-0.17173913043478262
0.022608695652173876
-0.161304347826087
-0.7473913043478262
-0.7065217391304348
-0.3078260869565218
0.3491304347826087
0.4869565217391304
0.7530434782608696
0.96
1.4556521739130432
1.4265217391304348
1.3478260869565217
1.28
1.26
1.4069565217391304
1.0160869565217392
1.2943478260869565
1.3834782608695653
1.316521739130435
1.5526086956521739
1.7799999999999998
2.8078260869565215
2.792608695652174
2.888260869565218
2.498695652173913
2.365217391304348
2.2682608695652173
2.6508695652173913
2.2021739130434783
1.748695652173913
1.6004347826086958
1.7234782608695653
1.92
2.0343478260869565
1.4508695652173913
1.6521739130434783
1.3956521739130436
1.5513043478260868
1.8443478260869566
2.256086956521739
2.4843478260869567
2.1647826086956523
2.2552173913043476
2.3795652173913044
2.475217391304348
2.884782608695652
3.241739130434783
3.100454545454545
2.6754545454545453
2.0354545454545456
2.567727272727273
3.1045454545454545
2.955909090909091
2.943636363636364
2.726363636363636
2.934090909090909
3.2563636363636363
3.494545454545454
3.684090909090909
3.422272727272727
3.875
4.243181818181818
4.193636363636364
4.157272727272727
4.2695454545454545
4.601818181818182
4.551363636363636
4.853181818181818
4.674090909090909
4.486363636363636
4.5631818181818184
4.693636363636363
4.611363636363636
4.4381818181818184
4.277272727272727
4.592272727272728
4.840909090909091
4.752272727272727
4.944090909090909
5.070909090909091
5.307272727272728
5.315
5.568181818181818
5.882272727272727
6.171363636363637
5.587272727272727
5.971363636363637
6.455909090909091
6.260454545454545
6.920454545454546
6.838636363636363
7.241818181818181
6.996363636363636
6.738181818181818
7.34590909090909
7.204090909090909
7.565
7.5659090909090905
7.3518181818181825
7.777272727272727
8.271818181818182
8.350909090909092
8.21409090909091
8.121363636363636
7.744999999999999
7.821818181818182
8.128181818181817
8.31590909090909
8.766818181818183
8.72090909090909
8.65090909090909
8.645
8.566363636363636
8.610909090909091
8.771363636363636
8.725
9.192727272727273
8.615454545454545
8.723181818181818
9.000454545454545
8.726818181818182
8.885909090909092
9.008181818181818
9.220454545454546
9.405
9.535454545454545
9.981363636363637
10.076818181818181
9.64090909090909
9.735454545454546
9.62
9.612272727272726
9.911818181818182
9.798636363636364
9.700909090909091
9.624090909090908
9.688181818181818
10.347272727272726
10.288636363636364
10.504090909090909
10.532272727272728
11.211363636363636
11.517727272727273
11.563636363636364
11.869545454545454
11.56590909090909
11.343636363636364
11.023636363636363
11.41090909090909
11.190454545454545
11.1
11.47
11.008181818181818
10.957727272727272
10.540454545454546
11.031818181818181
11.292727272727273
11.629545454545454
11.151363636363637
10.96409090909091
10.98
11.073636363636364
11.512272727272729
11.795
11.911363636363637
11.987272727272728
12.159999999999998
11.291818181818181
11.164090909090909
11.252272727272727
11.503636363636362
11.233636363636363
10.856363636363637
11.088636363636363
11.09
11.158636363636363
11.121818181818183
11.148636363636363
10.888636363636364
11.200000000000001
11.219545454545456
11.296818181818182
11.233636363636363
11.322727272727272
11.201818181818181
10.662727272727272
10.627272727272727
10.835454545454546
11.098636363636365
11.088181818181818
10.753636363636362
10.569090909090908
11.113636363636363
10.97
10.834090909090909
10.619545454545454
10.439545454545454
10.889545454545454
10.200000000000001
10.094090909090909
10.462272727272728
10.088181818181818
9.957272727272727
9.864090909090908
9.705
9.327727272727273
9.286363636363637
9.654545454545454
9.194545454545455
8.665
8.450909090909091
8.530454545454544
8.352272727272727
8.44909090909091
8.632272727272728
8.811363636363636
9.240454545454545
8.896818181818182
8.416363636363636
8.655454545454544
8.45409090909091
8.096363636363636
8.379090909090909
7.925
7.546818181818182
6.922272727272727
7.1445454545454545
7.635
8.284545454545453
7.836363636363637
8.056521739130435
7.959565217391304
7.673913043478261
7.761739130434783
7.6286956521739135
7.375652173913043
7.016521739130434
6.913913043478261
7.193478260869565
6.719130434782608
6.4739130434782615
6.322173913043478
5.799130434782609
6.012173913043478
6.078695652173913
5.997826086956521
5.614347826086957
5.7873913043478264
5.280434782608696
5.217391304347826
5.1808695652173915
5.241304347826087
5.496521739130435
5.537826086956522
5.490869565217392
5.66
5.220434782608695
5.287826086956522
5.222608695652174
5.127826086956522
4.767826086956521
4.4369565217391305
4.837826086956522
4.385652173913043
4.133913043478261
3.6026086956521737
3.521304347826087
3.8752173913043477
3.925652173913043
3.933478260869565
3.9804347826086954
3.6278260869565218
2.9869565217391307
2.572173913043478
2.3443478260869566
2.5704347826086957
2.1934782608695653
2.079565217391304
2.256521739130435
1.8408695652173912
1.2004347826086956
1.701304347826087
2.435217391304348
2.365217391304348
2.4365217391304346
2.1191304347826088
1.7239130434782608
1.4021739130434783
1.4243478260869564
1.0117391304347827
1.3878260869565218
1.3660869565217393
1.7456521739130435
2.0791304347826087
2.134782608695652
2.1656521739130437
1.7621739130434784
0.8604347826086957
0.7617391304347826
0.721304347826087
1.0026086956521738
1.336521739130435
1.39
1.4891304347826086
1.4052173913043478
1.7413043478260868
1.5160869565217394
0.9960869565217392
1.1430434782608696
1.4034782608695653
1.315217391304348
1.6578260869565218
1.4526086956521738
1.5917391304347825
1.8652173913043477
2.006086956521739
1.9230434782608694
1.1117391304347826
1.3004347826086957
0.7730434782608696
0.6739130434782608
0.9656521739130435
