temperature
1.808095238095238
1.4571428571428573
2.0104761904761905
1.8023809523809524
2.07
1.686190476190476
1.9142857142857144
1.3966666666666665
2.2261904761904763
1.700952380952381
2.1271428571428572
2.9171428571428573
2.606190476190476
2.340952380952381
2.8971428571428572
1.8261904761904764
1.6690476190476193
2.1866666666666665
1.9342857142857142
1.3976190476190478
2.0761904761904764
2.2842857142857143
2.12
1.908095238095238
1.7538095238095237
1.9585714285714286
2.258095238095238
2.1766666666666667
1.6523809523809525
1.5633333333333332
1.620952380952381
1.681904761904762
1.5519047619047621
2.361904761904762
2.104285714285714
2.0628571428571427
2.1619047619047618
1.1076190476190477
1.3923809523809523
1.6123809523809522
1.5176190476190474
2.415238095238095
2.198095238095238
2.190952380952381
2.6642857142857146
3.137142857142857
2.8819047619047615
2.817142857142857
2.055238095238095
1.3795238095238094
1.7804761904761905
1.966190476190476
1.7038095238095239
2.817142857142857
1.8471428571428572
2.3123809523809524
2.0685714285714285
2.136190476190476
2.0047619047619047
1.5219047619047619
1.2461904761904763
1.3576190476190475
1.7714285714285716
1.994285714285714
2.6014285714285714
3.6533333333333333
2.821904761904762
2.6833333333333336
2.9666666666666663
3.0195238095238093
2.9061904761904764
3.343333333333333
3.5128571428571425
3.326190476190476
3.834285714285714
4.336190476190477
3.371904761904762
3.161904761904762
3.310952380952381
3.3785714285714286
3.6214285714285714
3.4495238095238094
3.284761904761905
3.5952380952380953
3.6933333333333334
3.604285714285714
3.5076190476190474
3.5657142857142854
4.231428571428571
4.632380952380952
4.79
4.595238095238095
4.158571428571428
4.086666666666666
4.958571428571428
4.7195238095238095
4.366190476190476
4.451428571428572
5.187142857142857
5.779999999999999
4.894285714285714
4.354285714285714
4.122857142857143
4.928095238095238
4.981428571428571
4.915238095238095
4.814761904761904
4.2352380952380955
4.293333333333333
4.88
6.092857142857143
6.436666666666666
6.692857142857143
6.525714285714285
6.12
5.635714285714285
5.806666666666667
6.021428571428571
6.020952380952381
6.104285714285714
6.038571428571428
6.148095238095239
6.218095238095238
6.80095238095238
6.804285714285713
6.444761904761905
6.694285714285715
6.9557142857142855
7.023333333333333
7.060476190476191
6.57047619047619
6.489999999999999
6.827619047619048
7.1414285714285715
7.226666666666667
7.288571428571428
7.229047619047619
7.0547619047619055
7.374285714285714
7.66952380952381
7.716666666666667
7.828095238095237
8.059999999999999
8.16904761904762
8.106666666666667
8.165714285714285
8.203809523809523
8.505238095238095
8.44095238095238
8.662380952380952
8.754761904761905
9.501428571428571
9.405238095238095
9.209999999999999
9.007619047619048
9.00095238095238
9.393809523809525
9.551904761904762
9.747619047619047
9.77095238095238
9.854761904761904
9.585714285714285
8.960952380952381
8.99904761904762
9.117619047619048
9.392380952380952
9.785238095238096
10.342857142857142
10.200952380952382
9.959999999999999
10.028571428571428
9.970476190476191
10.08952380952381
10.24
10.253333333333334
10.486666666666666
10.972857142857142
10.738095238095237
10.992857142857142
10.976190476190476
11.082380952380952
11.364761904761904
11.534285714285714
11.513809523809524
11.709999999999999
11.256666666666666
11.267142857142858
11.145238095238096
11.270000000000001
11.584285714285715
11.403809523809523
11.645238095238096
11.16952380952381
11.01952380952381
11.034285714285714
11.555714285714284
11.643333333333333
12.08
11.857142857142858
11.826190476190476
12.196666666666667
11.811428571428571
12.030952380952382
12.397619047619049
12.183809523809524
12.011904761904763
12.267619047619048
12.402857142857142
12.188095238095238
12.223809523809523
12.033809523809524
12.218095238095238
12.427142857142856
12.452380952380953
12.525714285714287
12.776666666666667
12.527619047619046
12.480476190476192
11.882857142857143
11.655238095238095
11.893333333333333
11.956190476190475
11.87904761904762
12.059999999999999
12.348095238095238
12.279523809523809
11.918095238095239
12.001428571428571
12.092857142857142
11.547619047619047
12.058571428571428
12.041428571428572
11.905238095238095
11.112857142857143
11.067619047619047
11.09
10.836190476190476
10.614761904761904
10.461904761904762
10.859047619047619
10.884285714285713
10.985238095238095
10.92904761904762
10.867142857142857
11.26095238095238
11.212857142857143
11.303333333333333
11.323809523809524
10.772857142857143
10.53952380952381
10.510952380952382
10.308095238095238
10.874285714285715
10.754761904761905
10.41
10.270476190476192
9.535238095238096
9.369523809523809
9.437142857142858
9.379999999999999
9.41904761904762
9.397142857142857
9.608571428571429
10.358571428571429
9.92142857142857
9.082857142857144
9.051428571428572
9.391904761904762
8.92952380952381
9.296666666666667
9.518571428571429
9.152857142857142
8.96047619047619
8.6935
8.648
8.662
7.8225
8.189499999999999
8.0465
7.925
8.292
8.193
7.443
7.226999999999999
7.311
7.766500000000001
8.427
7.843500000000001
6.835500000000001
6.773999999999999
6.466499999999999
6.1735
5.852
6.404999999999999
6.633
6.2065
6.569500000000001
6.763
6.6305000000000005
6.3685
6.3534999999999995
5.9145
6.543000000000001
6.483
5.8100000000000005
5.451
5.5435
5.2015
4.805
4.5825000000000005
5.438000000000001
4.845000000000001
4.028499999999999
4.55
4.778499999999999
4.853
4.3595
5.0845
5.016
4.5390476190476186
3.703333333333333
3.4614285714285713
3.7228571428571433
4.442380952380952
4.31952380952381
3.309047619047619
3.8219047619047624
4.175238095238095
3.339523809523809
4.059523809523809
4.1466666666666665
3.69
3.019047619047619
3.22047619047619
2.44
2.7795238095238095
2.856190476190476
2.220952380952381
2.3461904761904764
2.0428571428571427
1.9785714285714284
2.7785714285714285
3.887142857142857
3.991428571428572
2.8128571428571427
1.8376190476190477
2.4033333333333333
2.7966666666666664
2.6657142857142855
1.980952380952381
1.7742857142857142
0.541904761904762
0.36190476190476195
0.46904761904761905
1.1947619047619047
1.182857142857143
2.415714285714286
2.1557142857142857
0.970952380952381
0.2757142857142857
0.16619047619047617
-0.3666666666666666
-0.26238095238095244
0.7114285714285714
1.29
