pet
0.3775
0.3375
0.536875
0.40625
0.275
0.3575
0.41125
0.345625
0.309375
0.28625
0.35375
0.39375
0.330625
0.53875
0.24125000000000002
0.34
0.42875
0.26125
0.335625
0.31125
0.295
0.3525
0.330625
0.4875
0.380625
0.45125
0.318125
0.346875
0.164375
0.379375
0.409375
0.35562499999999997
0.453125
0.29812500000000003
0.359375
0.65
0.46499999999999997
0.644375
0.499375
0.47562499999999996
0.618125
0.461875
0.54
0.596875
0.606875
0.65
0.7875
0.565
0.63
0.7125
0.661875
0.76
0.714375
0.6425
0.65625
0.77875
0.7400000000000001
0.80375
0.791875
0.86625
0.93125
0.875
0.7262500000000001
0.765
0.8225
0.699375
0.90625
0.853125
0.84
0.948125
0.89375
0.985
1.0025
1.096875
0.90375
1.14875
1.215625
1.13875
1.0306250000000001
0.9912500000000001
1.150625
1.12625
1.14625
1.215625
1.16375
1.391875
1.4575
1.36125
1.1612500000000001
1.4075
1.298125
1.32
1.4475
1.43
1.420625
1.625
1.405
1.365625
1.56125
1.6725
1.659375
1.80125
1.7325
1.879375
1.6975
1.723125
1.6975
1.698125
1.72
1.794375
1.78625
2.065625
1.78375
2.13125
2.085
2.161875
2.350625
2.54625
2.2125
2.20125
2.212941176470588
2.671176470588235
2.5958823529411768
2.5241176470588234
2.2388235294117647
2.533529411764706
2.4776470588235293
2.588235294117647
2.5229411764705882
2.1205882352941177
2.2235294117647055
2.402941176470588
2.3758823529411766
2.472941176470588
2.82
2.504705882352941
2.3770588235294117
2.573529411764706
2.553529411764706
2.423529411764706
2.432352941176471
2.603529411764706
2.4658823529411764
2.738235294117647
2.648823529411765
2.489411764705882
2.5558823529411767
2.754705882352941
2.7341176470588238
2.648823529411765
3.0011764705882356
2.916470588235294
2.343529411764706
2.3782352941176472
2.6882352941176473
2.566470588235294
2.481176470588235
2.7241176470588235
2.7458823529411767
2.610588235294118
2.6005882352941176
2.2282352941176473
2.6629411764705884
2.9652941176470584
2.9341176470588235
3.2411764705882353
3.0952941176470588
2.7994117647058827
3.0805882352941176
3.1100000000000003
3.2699999999999996
3.047058823529412
3.0488235294117647
2.7705882352941176
2.8870588235294115
2.786470588235294
2.91
3.011764705882353
3.1688235294117644
3.078823529411765
3.1111764705882354
2.8911764705882352
2.895882352941176
3.1999999999999997
2.953529411764706
3.2141176470588237
3.158235294117647
3.1335294117647057
3.1070588235294117
3.1294117647058823
3.0158823529411762
3.171764705882353
3.0229411764705882
3.025294117647059
2.8917647058823532
2.811176470588235
3.0470588235294116
2.944375
2.948125
3.076875
3.2325
2.980625
3.189375
3.28625
2.815625
3.3925
2.728125
2.8175
2.795
2.840625
2.824375
2.5475
2.8575
2.97375
2.671875
2.86625
3.039375
2.91875
2.691875
2.89375
2.76375
2.7875
2.405625
2.566875
2.6
2.501875
2.7487500000000002
2.86875
2.6025
2.4525
2.72375
2.799375
2.405
2.426875
1.996875
2.175
2.019375
2.211875
2.318125
2.05
2.064375
2.215
2.040625
2.00375
2.045
1.8599999999999999
1.923125
2.023125
1.98625
1.85375
1.845
1.89875
1.7974999999999999
1.585625
1.68
1.703125
1.478125
1.425625
1.533125
1.48125
1.3643750000000001
1.4875
1.466875
1.42
1.46
1.376875
1.308125
1.13375
0.914375
1.015
1.08375
1.059375
0.969375
1.09125
1.096875
0.96375
1.206875
0.913125
0.998125
0.950625
1.020625
0.788125
0.91375
0.923125
0.870625
0.823125
0.879375
0.675625
0.783125
0.954375
0.7374999999999999
0.81125
0.67625
0.80375
0.7106250000000001
0.644375
0.72125
0.689375
0.584375
0.541875
0.736875
0.740625
0.5325
0.47375
0.44875
0.48875
0.388125
0.47875
0.533125
0.490625
0.305
0.36062500000000003
0.546875
0.361875
0.278125
0.37625
0.383125
0.378125
0.35750000000000004
0.274375
0.333125
0.308125
0.25375
0.37
0.306875
0.303125
0.229375
0.311875
0.335
0.310625
0.22125
0.229375
0.2375
0.22125
0.22187500000000002
0.26625
0.36625
0.294375
0.25125
0.290625
0.375625
0.126875
0.30374999999999996
0.1925
0.2775
0.310625
0.2
0.20375
0.259375
0.286875
0.214375
0.32187499999999997
0.25875000000000004
0.27125
0.33
0.240625
0.3575
0.3225
0.314375
0.3525
0.250625
0.19625
0.2625
0.29875
0.29625
