temperature
2.775
2.334090909090909
2.5300000000000002
2.266363636363636
2.88
2.77
3.200909090909091
2.838636363636364
3.257727272727273
3.4595454545454545
3.213181818181818
4.071363636363636
3.9263636363636363
3.3854545454545457
3.7218181818181817
2.849090909090909
2.8945454545454545
3.1986363636363637
3.315909090909091
2.7995454545454543
2.6686363636363635
2.817727272727273
2.814090909090909
2.8854545454545453
2.922272727272727
2.885909090909091
3.181363636363636
2.7809090909090908
2.56
2.284090909090909
2.776363636363637
3.0318181818181817
2.7086363636363635
3.063181818181818
3.422272727272727
3.2713636363636365
3.266818181818182
2.4704545454545457
2.333181818181818
2.7363636363636363
2.668181818181818
3.534090909090909
3.7418181818181817
3.185909090909091
3.262272727272727
3.944545454545455
3.3177272727272724
3.2586363636363633
2.833636363636364
2.7095454545454545
2.812272727272727
2.944090909090909
3.110909090909091
3.894545454545455
3.4545454545454546
3.58
3.450909090909091
3.5159090909090907
3.380909090909091
2.869090909090909
2.614090909090909
2.8313636363636365
2.921818181818182
3.147727272727273
3.644090909090909
4.99
4.591818181818182
4.411363636363636
4.508181818181819
4.28
4.010454545454546
4.086363636363637
4.789090909090909
4.8940909090909095
5.130909090909091
5.677727272727273
4.826363636363637
4.391363636363637
4.49
4.6863636363636365
4.966818181818182
5.156363636363636
4.834090909090909
5.265
5.070454545454545
4.829545454545454
5.133636363636364
5.1895454545454545
5.804545454545455
6.171818181818182
6.354782608695652
5.998260869565217
5.849565217391304
5.6091304347826085
6.332173913043477
6.269130434782609
5.745217391304347
5.555217391304348
6.434347826086957
7.033478260869566
6.230434782608696
5.745217391304347
5.491304347826087
6.398695652173912
6.444347826086957
6.4339130434782605
6.545217391304347
5.734782608695652
5.790869565217391
6.510434782608696
7.396086956521739
7.837826086956523
8.465217391304348
8.424347826086956
7.988260869565217
7.519130434782609
7.881739130434783
7.905652173913044
7.992608695652173
7.867826086956522
7.9791304347826095
8.072173913043478
8.123478260869565
8.559565217391304
8.578695652173913
8.326521739130435
8.653478260869566
8.53608695652174
8.560434782608697
8.852608695652174
8.76086956521739
8.489999999999998
8.328260869565218
8.675217391304347
8.96
9.148260869565217
9.227391304347826
8.948260869565217
9.172173913043478
9.697826086956523
9.637391304347826
9.85304347826087
10.164347826086956
10.167391304347825
10.090434782608696
10.077826086956522
9.884347826086957
10.209130434782608
10.52608695652174
10.756086956521738
10.94608695652174
11.512608695652174
11.463043478260868
11.38173913043478
10.959565217391305
10.85086956521739
11.532608695652174
11.690434782608696
11.690434782608696
11.909565217391306
11.920000000000002
11.763478260869565
11.305652173913042
11.416521739130435
11.27608695652174
11.649565217391304
12.19217391304348
12.96608695652174
12.752173913043478
12.80608695652174
12.642173913043477
12.16695652173913
12.258260869565218
12.520869565217392
12.489565217391304
12.611739130434783
13.054347826086957
12.773478260869567
13.26695652173913
13.309565217391304
13.315652173913042
13.615652173913045
13.81391304347826
13.868695652173914
14.010434782608696
13.598260869565218
13.547391304347828
13.772173913043478
13.611304347826087
13.702608695652176
13.70304347826087
13.746521739130435
13.734347826086957
13.26391304347826
13.597826086956522
13.972608695652173
14.05913043478261
14.23217391304348
14.10608695652174
14.347391304347827
14.406086956521738
14.041304347826086
14.058695652173913
14.601739130434781
14.409565217391306
14.28217391304348
14.496521739130435
14.542173913043477
14.339565217391305
14.524347826086956
14.272608695652172
14.452173913043477
14.757391304347827
14.698260869565217
14.714347826086957
14.779565217391305
14.674347826086956
14.455217391304348
14.193478260869565
13.830434782608696
14.10695652173913
13.93913043478261
14.057391304347826
14.025217391304347
14.053043478260872
14.181739130434783
14.105217391304349
13.941304347826087
14.080000000000002
13.806521739130435
14.287826086956523
14.21782608695652
13.955652173913045
13.261739130434782
13.114782608695652
12.958260869565219
12.902173913043478
12.890434782608697
12.487826086956522
12.727391304347828
13.01608695652174
12.874347826086957
12.931739130434783
12.817391304347826
13.167391304347827
13.171304347826087
12.995217391304347
13.025652173913045
12.606521739130434
12.412608695652175
12.37
11.954347826086956
12.476086956521739
12.685652173913043
12.144347826086957
11.886521739130433
11.365217391304347
11.114347826086956
10.952608695652174
10.845217391304347
11.121304347826086
11.37782608695652
11.564347826086957
12.011739130434782
11.601739130434781
10.98
10.509565217391303
10.667826086956522
10.515217391304347
10.74304347826087
11.069565217391304
11.118260869565217
11.14391304347826
10.951818181818181
10.283181818181818
10.256818181818183
9.435
9.47
9.452727272727273
9.644090909090908
10.011363636363637
9.802272727272728
9.436818181818182
9.186363636363636
9.04409090909091
9.048181818181819
9.352272727272727
9.026363636363637
8.206363636363635
8.051363636363636
7.7713636363636365
7.994999999999999
7.466818181818183
8.06090909090909
8.172272727272727
7.928636363636364
8.084090909090909
8.316363636363636
8.371818181818183
8.092272727272727
7.822272727272727
7.067727272727273
7.7318181818181815
7.859090909090909
7.4786363636363635
6.816363636363636
7.08590909090909
6.739545454545455
6.555454545454546
6.1863636363636365
6.650454545454545
6.592727272727273
5.452727272727273
5.779545454545454
6.138636363636365
6.2
5.829090909090909
6.138636363636365
6.074545454545454
5.5631818181818184
5.100454545454546
4.78
4.674090909090909
5.005909090909091
4.864090909090909
3.938181818181818
4.234545454545454
4.863181818181818
4.112727272727273
4.8522727272727275
5.14
4.778636363636363
4.343181818181818
4.107727272727273
3.6777272727272727
3.8740909090909095
3.8654545454545457
3.2895454545454546
3.621818181818182
3.5568181818181817
2.987727272727273
3.2077272727272725
4.175909090909091
4.542272727272727
3.7118181818181815
3.015909090909091
3.4495454545454547
3.3540909090909095
3.2895454545454546
3.07
2.868181818181818
1.885909090909091
1.6722727272727271
0.8831818181818182
1.9381818181818182
2.553181818181818
3.612727272727273
3.6118181818181814
2.487727272727273
1.670909090909091
1.455909090909091
1.1513636363636364
1.1945454545454544
2.1304545454545454
2.3845454545454547
