pet
0.36047619047619045
0.3676190476190476
0.45809523809523817
0.36952380952380953
0.20857142857142857
0.31333333333333335
0.33190476190476187
0.28428571428571425
0.24952380952380954
0.3128571428571429
0.4238095238095238
0.4152380952380953
0.3642857142857143
0.3895238095238095
0.20761904761904765
0.26857142857142857
0.3619047619047619
0.2785714285714286
0.3514285714285714
0.24619047619047618
0.3895238095238095
0.38095238095238093
0.3466666666666667
0.43142857142857144
0.28095238095238095
0.3938095238095238
0.3076190476190476
0.29523809523809524
0.3138095238095238
0.36333333333333334
0.44761904761904764
0.39714285714285713
0.38095238095238093
0.3076190476190476
0.3938095238095238
0.4766666666666667
0.4547619047619048
0.6061904761904762
0.5371428571428571
0.42238095238095236
0.5023809523809524
0.450952380952381
0.4228571428571429
0.51
0.4904761904761905
0.4671428571428572
0.5157142857142857
0.3728571428571429
0.44619047619047614
0.5442857142857143
0.4957142857142857
0.48714285714285716
0.6138095238095238
0.5757142857142857
0.5833333333333334
0.5680952380952381
0.621904761904762
0.6385714285714286
0.7085714285714285
0.6995238095238095
0.7240909090909091
0.845
0.7895454545454546
0.7563636363636363
0.7881818181818182
0.7204545454545455
0.8181818181818182
0.8372727272727274
0.6572727272727273
0.7622727272727272
0.9390909090909091
0.8177272727272729
0.8645454545454545
0.8981818181818181
0.8931818181818181
0.9927272727272727
1.0127272727272727
0.9713636363636364
1.0104545454545455
1.0568181818181819
1.1368181818181817
1.1745454545454546
1.2004545454545454
1.2704545454545455
1.1818181818181819
1.2536363636363637
1.32
1.3072727272727274
1.2518181818181817
1.1454545454545455
1.1518181818181819
1.1627272727272726
1.2795454545454545
1.4081818181818182
1.4045454545454545
1.4895454545454547
1.4495454545454545
1.3127272727272727
1.5172727272727273
1.4772727272727273
1.4381818181818182
1.5299999999999998
1.6131818181818183
1.9090909090909092
1.8186363636363636
1.86
1.7518181818181817
1.6090909090909091
1.7268181818181818
1.823636363636364
1.7131818181818181
1.8231818181818182
1.9804545454545455
2.0504545454545453
1.9531818181818181
2.0454545454545454
2.1550000000000002
1.9981818181818183
1.9259090909090908
1.9254545454545455
2.048636363636364
2.1654545454545455
2.1695454545454544
2.2677272727272726
2.2022727272727276
2.263181818181818
2.2540909090909094
2.268636363636364
2.2463636363636366
2.1313636363636363
2.361818181818182
2.3059090909090907
2.369090909090909
2.6604545454545456
2.6636363636363636
2.7227272727272727
2.520909090909091
2.5527272727272727
2.708636363636364
2.5472727272727274
2.4463636363636363
2.645
2.5172727272727276
2.765909090909091
2.540909090909091
2.571818181818182
2.635
2.6631818181818185
2.5890909090909093
2.5904545454545453
2.74
2.687727272727273
2.458636363636364
2.6568181818181817
2.7972727272727274
2.5500000000000003
2.58
2.7595454545454547
2.770909090909091
2.645
2.6504545454545454
2.4472727272727273
2.6786363636363637
2.7627272727272727
2.82
2.9577272727272725
2.7327272727272724
2.63
2.6872727272727275
2.8109090909090906
3.14
2.861818181818182
2.9650000000000003
2.7313636363636364
2.635
2.665
2.7104545454545454
2.819090909090909
2.722272727272727
3.017272727272727
2.955909090909091
2.83
2.87
3.3145454545454545
3.0313636363636363
3.0068181818181823
3.2590909090909093
3.071363636363636
2.7172727272727273
2.784090909090909
2.576363636363636
2.8136363636363635
2.7636363636363637
2.6613636363636366
2.5713636363636363
2.596363636363636
2.7545454545454544
2.768181818181818
2.680909090909091
2.5986363636363636
2.682272727272727
2.686818181818182
2.576363636363636
2.6340909090909093
2.5622727272727275
2.833636363636364
2.6954545454545453
2.7063636363636365
2.6004545454545456
2.771818181818182
2.545909090909091
2.355
2.6522727272727273
2.5822727272727275
2.6204545454545456
2.477727272727273
2.4327272727272726
2.2827272727272727
2.145
2.231818181818182
2.235909090909091
2.4672727272727273
2.229090909090909
2.3795454545454544
2.3704545454545456
2.1295454545454544
2.3636363636363638
2.5681818181818183
2.4013636363636364
2.0768181818181817
2.127727272727273
2.3277272727272726
2.165909090909091
2.208181818181818
2.1
2.194545454545455
1.916818181818182
2.108636363636364
2.0768181818181817
1.966818181818182
1.8581818181818184
1.99
1.8581818181818184
1.7727272727272727
1.9259090909090908
1.8327272727272728
1.8154545454545454
1.830909090909091
1.8104545454545453
1.6322727272727275
1.63
1.6563636363636363
1.6209090909090909
1.5845454545454545
1.5590909090909089
1.5768181818181817
1.5195454545454545
1.3822727272727273
1.3768181818181817
1.3154545454545454
1.333181818181818
1.4172727272727272
1.3645454545454545
1.2345454545454546
1.2495454545454545
1.1409090909090909
1.2504545454545453
1.0954545454545455
0.9918181818181818
0.9836363636363636
1.014090909090909
1.059090909090909
0.9768181818181817
1.0631818181818182
0.9127272727272728
0.9340909090909091
1.0177272727272728
0.8718181818181818
0.9045454545454544
1.0218181818181817
0.9545454545454546
0.7404545454545454
0.7968181818181819
0.9009090909090909
0.7568181818181817
0.7109090909090909
0.7354545454545455
0.5390909090909091
0.6318181818181818
0.795
0.6481818181818182
0.6531818181818182
0.56
0.6313636363636363
0.6777272727272727
0.5981818181818181
0.5718181818181818
0.5390909090909091
0.4145454545454545
0.4709090909090909
0.47136363636363643
0.5990909090909091
0.44
0.4559090909090909
0.3727272727272727
0.3845454545454546
0.41727272727272724
0.4304545454545455
0.40045454545454545
0.45999999999999996
0.3231818181818182
0.3686363636363636
0.48318181818181816
0.4422727272727273
0.4509090909090909
0.4422727272727273
0.5268181818181819
0.37999999999999995
0.45909090909090905
0.29090909090909095
0.36363636363636365
0.3331818181818182
0.3959090909090909
0.28454545454545455
0.2540909090909091
0.4036363636363637
0.2459090909090909
0.4459090909090909
0.37999999999999995
0.30727272727272725
0.2413636363636364
0.3009090909090909
0.33681818181818185
0.1809090909090909
0.2318181818181818
0.2427272727272727
0.2968181818181818
0.3318181818181818
0.17045454545454544
0.28909090909090907
0.35454545454545455
0.21454545454545454
0.27045454545454545
0.2509090909090909
0.30272727272727273
0.3336363636363636
0.26772727272727276
0.2131818181818182
0.23681818181818182
0.2761904761904762
0.3304761904761905
0.3595238095238095
0.27476190476190476
0.30238095238095236
0.20333333333333337
0.21095238095238095
0.2966666666666667
0.22142857142857145
0.26
0.20857142857142857
0.3019047619047619
0.26
0.2580952380952381
0.3642857142857143
0.23333333333333334
