pet
0.23363636363636361
0.2259090909090909
0.3436363636363637
0.26954545454545453
0.19727272727272727
0.21772727272727274
0.25
0.22272727272727275
0.29227272727272724
0.30409090909090913
0.2931818181818182
0.3977272727272727
0.26136363636363635
0.2818181818181818
0.3331818181818182
0.2459090909090909
0.2918181818181818
0.2727272727272727
0.3104545454545455
0.2859090909090909
0.2959090909090909
0.3140909090909091
0.255
0.33272727272727276
0.3063636363636364
0.31363636363636366
0.3381818181818182
0.3663636363636364
0.29227272727272724
0.3704545454545455
0.36272727272727273
0.3790909090909091
0.38863636363636367
0.42
0.3859090909090909
0.35863636363636364
0.42045454545454547
0.3909090909090909
0.4677272727272727
0.45136363636363636
0.3790909090909091
0.3795454545454545
0.39454545454545453
0.4177272727272727
0.42772727272727273
0.5204545454545454
0.5140909090909092
0.39272727272727276
0.4145454545454546
0.5236363636363636
0.5404545454545455
0.5527272727272727
0.5881818181818181
0.5909090909090909
0.5690909090909091
0.6263636363636363
0.6313636363636363
0.5868181818181818
0.6322727272727273
0.6227272727272727
0.6636363636363636
0.5781818181818182
0.6959090909090909
0.7304545454545455
0.754090909090909
0.7627272727272728
0.7759090909090909
0.7986363636363637
0.8745454545454545
0.8654545454545454
0.8586363636363636
0.890909090909091
0.8418181818181818
0.8672727272727273
0.8177272727272726
0.9372727272727274
0.9559090909090909
1.020909090909091
0.9331818181818182
0.9904545454545454
0.8954545454545454
1.02
0.995
1.0
1.0513636363636363
1.0813636363636363
1.0745454545454545
1.1504545454545454
1.055
1.2236363636363636
1.2795652173913044
1.3017391304347827
1.1478260869565218
1.24
1.4043478260869564
1.3743478260869566
1.3121739130434782
1.3304347826086957
1.3434782608695652
1.5534782608695654
1.3978260869565218
1.4608695652173913
1.4356521739130437
1.4795652173913043
1.5939130434782611
1.6386956521739129
1.6486956521739131
1.501304347826087
1.6769565217391305
1.6869565217391302
1.6526086956521737
1.503913043478261
1.7382608695652173
1.6643478260869566
1.5834782608695652
1.6578260869565218
1.6960869565217391
1.7378260869565216
1.9556521739130432
1.8486956521739129
1.9508695652173913
1.978695652173913
2.1082608695652176
2.035217391304348
1.8908695652173915
2.0204347826086955
2.0617391304347827
2.1465217391304345
2.1517391304347826
2.176521739130435
2.1730434782608694
2.0852173913043477
2.1608695652173915
2.246521739130435
1.9921739130434784
2.0056521739130435
1.9730434782608697
2.126086956521739
2.033913043478261
2.072173913043478
2.2686956521739132
2.387826086956522
2.47
2.612173913043478
2.449130434782609
2.4817391304347827
2.1734782608695653
2.2843478260869565
2.2669565217391305
2.492608695652174
2.6182608695652174
2.4417391304347826
2.351304347826087
2.476086956521739
2.215217391304348
2.3578260869565217
2.3104347826086955
2.5443478260869568
2.484782608695652
2.493478260869565
2.5321739130434784
2.5243478260869567
2.3395652173913044
2.2378260869565216
2.463478260869565
2.289565217391304
2.362608695652174
2.5156521739130433
2.3643478260869566
2.4730434782608697
2.6517391304347826
2.4382608695652173
2.408695652173913
2.488695652173913
2.432608695652174
2.3569565217391304
2.683478260869565
2.5
2.642608695652174
2.5391304347826087
2.2443478260869565
2.4543478260869565
2.336521739130435
2.40695652173913
2.3856521739130434
2.449130434782609
2.25
2.3691304347826088
2.47
2.6617391304347824
2.2930434782608695
2.4813043478260868
2.316521739130435
2.5186956521739132
2.4421739130434785
2.5943478260869566
2.5517391304347825
2.5213043478260873
2.5078260869565216
2.215217391304348
2.3352173913043477
2.36
2.5656521739130436
2.38695652173913
2.4239130434782608
2.351304347826087
2.342173913043478
2.470869565217391
2.12
2.1565217391304348
2.303913043478261
2.14
2.12
2.1647826086956523
2.282608695652174
2.235217391304348
2.227826086956522
2.0504347826086957
1.9869565217391305
2.1221739130434782
2.031739130434783
1.858695652173913
1.7834782608695654
1.8882608695652174
1.9943478260869565
1.7782608695652173
2.036521739130435
2.0
1.9713043478260872
1.671304347826087
1.9143478260869566
1.8891304347826088
1.9104347826086956
1.9669565217391305
1.680869565217391
1.8421739130434782
1.6565217391304348
1.7960869565217392
1.66
1.6791304347826086
1.8117391304347827
1.6352173913043477
1.627391304347826
1.501304347826087
1.587391304347826
1.4747826086956521
1.5808695652173912
1.4734782608695653
1.3908695652173912
1.5073913043478262
1.4647826086956521
1.4069565217391304
1.4430434782608694
1.287391304347826
1.2991304347826087
1.326521739130435
1.311304347826087
1.2452173913043478
1.2204347826086956
1.154782608695652
1.1247826086956523
1.1530434782608696
1.144782608695652
1.1621739130434783
1.2052173913043478
1.0834782608695652
1.036086956521739
0.9821739130434782
1.0165217391304346
0.8947826086956523
0.8743478260869565
0.8699999999999999
0.8878260869565218
0.924090909090909
0.7990909090909092
0.905
0.8995454545454545
0.8831818181818182
0.8927272727272727
0.8322727272727272
0.7422727272727272
0.7859090909090909
0.8231818181818181
0.6813636363636364
0.6172727272727273
0.5472727272727274
0.5409090909090909
0.5363636363636364
0.5590909090909091
0.5813636363636363
0.625
0.5827272727272728
0.5395454545454546
0.515
0.45272727272727276
0.4436363636363636
0.5136363636363637
0.6031818181818182
0.5354545454545455
0.5590909090909091
0.5213636363636364
0.4436363636363636
0.47
0.46954545454545454
0.43227272727272725
0.4127272727272727
0.4227272727272728
0.3831818181818182
0.3477272727272727
0.3609090909090909
0.3790909090909091
0.35818181818181816
0.35863636363636364
0.27
0.3740909090909091
0.3259090909090909
0.3022727272727273
0.3268181818181818
0.24454545454545454
0.2618181818181818
0.2872727272727273
0.2890909090909091
0.22681818181818184
0.2990909090909091
0.2818181818181818
0.2
0.23590909090909093
0.2604545454545455
0.27545454545454545
0.2490909090909091
0.26590909090909093
0.20909090909090908
0.23136363636363635
0.2631818181818182
0.2459090909090909
0.2040909090909091
0.27136363636363636
0.2081818181818182
0.26636363636363636
0.2609090909090909
0.2959090909090909
0.2631818181818182
0.2590909090909091
0.2863636363636364
0.18636363636363634
0.17090909090909093
0.19590909090909092
0.2640909090909091
0.27090909090909093
0.24954545454545454
0.26272727272727275
0.16
0.17363636363636362
0.18545454545454546
0.23272727272727273
0.17863636363636365
0.17681818181818182
0.29454545454545455
0.21636363636363634
0.15636363636363637
0.15590909090909089
0.1709090909090909
0.17
0.17181818181818181
0.20045454545454547
