temperature
3.319545454545455
2.939090909090909
2.980454545454545
2.795909090909091
3.492272727272727
3.2781818181818183
3.6763636363636363
3.271818181818182
3.703181818181818
3.891363636363636
3.7286363636363635
4.588181818181818
4.372272727272727
3.996818181818182
4.34
3.4618181818181815
3.4713636363636367
3.832727272727273
3.7077272727272725
3.186363636363637
3.1627272727272726
3.2713636363636365
3.274090909090909
3.4145454545454546
3.2704545454545455
3.3072727272727276
3.5572727272727276
3.190909090909091
2.987727272727273
2.824090909090909
3.205909090909091
3.5181818181818185
3.2209090909090907
3.4890909090909092
3.8345454545454545
3.7372727272727273
3.735909090909091
2.9213636363636364
2.8213636363636363
3.1990909090909088
3.157272727272727
4.086363636363637
4.180000000000001
3.617272727272727
3.6177272727272727
4.283636363636363
3.777272727272727
3.7150000000000003
3.1540909090909093
3.1268181818181815
3.1681818181818184
3.2963636363636364
3.5354545454545456
4.165454545454545
3.700909090909091
4.066818181818181
3.793636363636364
3.8790909090909094
3.6313636363636363
3.1872727272727275
2.994545454545454
3.2150000000000003
3.3495454545454546
3.5513636363636363
4.035909090909091
5.280909090909091
4.847727272727273
4.621818181818182
4.794545454545455
4.567272727272727
4.31
4.347727272727273
5.033181818181818
5.139545454545455
5.276363636363636
5.787272727272727
4.940454545454545
4.59
4.892727272727273
5.034090909090909
5.257727272727273
5.462272727272727
5.322272727272727
5.62
5.484545454545454
5.1863636363636365
5.391363636363637
5.425909090909091
6.027272727272727
6.461363636363637
6.59
6.3908695652173915
6.269130434782609
5.824782608695652
6.345217391304348
6.414347826086956
5.986521739130435
5.827826086956521
6.673478260869565
7.102173913043478
6.400434782608696
6.081304347826087
5.9543478260869565
6.693913043478261
6.793478260869565
6.67695652173913
6.9534782608695656
6.16
6.285652173913043
6.8039130434782615
7.685217391304349
8.095652173913043
8.629565217391304
8.60608695652174
8.169565217391305
7.787391304347826
8.095652173913043
8.241739130434782
8.318695652173913
8.293478260869565
8.406086956521738
8.481739130434784
8.545217391304348
8.87695652173913
8.85608695652174
8.595217391304347
9.102173913043478
9.059565217391304
9.051304347826088
9.334782608695651
9.271739130434783
9.15304347826087
9.028695652173912
9.193913043478261
9.311739130434784
9.450434782608696
9.532608695652174
9.017391304347827
9.353478260869565
9.85086956521739
9.797391304347826
10.056086956521739
10.32913043478261
10.423043478260869
10.250869565217391
10.26304347826087
10.18695652173913
10.435652173913043
10.705652173913043
10.988695652173913
11.194782608695652
11.651739130434782
11.743478260869566
11.66
11.274782608695652
11.162608695652175
11.722608695652173
11.874347826086957
11.818260869565217
12.11304347826087
12.273913043478261
11.953913043478261
11.44608695652174
11.471739130434784
11.541304347826086
11.751739130434784
12.265217391304349
12.977826086956522
12.71391304347826
12.700000000000001
12.536521739130434
12.178695652173914
12.357391304347827
12.621739130434783
12.656086956521738
12.875217391304348
13.36695652173913
12.94086956521739
13.313478260869568
13.549130434782608
13.481739130434782
13.73391304347826
13.795652173913044
13.837391304347825
14.052173913043477
13.63304347826087
13.522173913043478
13.73304347826087
13.638260869565217
13.710869565217392
13.891739130434782
13.89391304347826
13.718695652173912
13.272173913043478
13.533478260869565
13.913478260869566
14.041739130434781
14.180869565217392
14.24608695652174
14.45608695652174
14.488260869565218
13.965652173913043
14.139130434782608
14.669130434782607
14.445217391304348
14.450434782608696
14.577826086956522
14.48391304347826
14.222608695652173
14.463478260869566
14.349130434782607
14.444347826086958
14.791739130434781
14.708260869565219
14.734782608695651
14.814782608695653
14.721739130434784
14.53086956521739
14.252608695652174
13.98913043478261
14.315217391304348
14.12086956521739
14.183478260869567
14.109130434782609
14.081304347826087
14.20695652173913
14.021739130434783
13.89391304347826
14.023478260869567
13.739999999999998
14.227391304347828
14.19608695652174
13.947826086956523
13.352608695652174
13.31
13.056521739130435
12.98
13.07
12.667826086956522
12.839565217391305
13.014347826086956
12.941739130434783
13.066521739130437
12.804782608695652
13.180434782608694
13.342173913043478
13.18913043478261
13.126521739130434
12.680434782608694
12.581304347826087
12.475217391304348
12.195652173913043
12.74304347826087
12.819565217391306
12.217391304347826
12.141739130434782
11.46391304347826
11.22304347826087
11.122608695652174
11.085652173913044
11.379130434782608
11.632173913043479
11.85217391304348
12.27913043478261
11.84086956521739
11.164782608695653
10.844347826086956
10.934782608695652
10.737391304347826
11.01304347826087
11.34
11.416086956521738
11.48
11.233181818181817
10.57181818181818
10.435
9.681818181818182
9.75590909090909
9.778636363636364
9.88409090909091
10.346363636363636
10.163181818181819
9.665
9.37
9.222727272727273
9.270909090909091
9.627727272727272
9.418181818181818
8.534090909090908
8.367727272727272
8.168636363636365
8.355
7.827272727272727
8.384090909090908
8.504545454545454
8.315454545454545
8.517272727272728
8.650454545454545
8.659545454545453
8.54
8.233181818181817
7.58909090909091
8.222727272727273
8.290454545454546
7.7304545454545455
7.216818181818183
7.4422727272727265
7.207272727272727
7.124090909090909
6.723181818181818
7.238181818181818
6.931363636363637
5.924545454545455
6.376363636363636
6.696363636363636
6.696818181818182
6.355
6.600909090909091
6.533636363636364
6.030454545454545
5.627727272727273
5.431363636363637
5.202727272727273
5.499545454545454
5.329090909090909
4.620909090909091
4.815909090909091
5.55
4.792727272727273
5.428181818181819
5.6013636363636365
5.170454545454546
4.8513636363636365
4.704090909090909
4.175454545454546
4.511363636363637
4.53
3.889090909090909
4.179090909090909
4.092272727272728
3.680909090909091
3.9431818181818183
5.001363636363636
5.257272727272727
4.301363636363636
3.4713636363636367
3.855
3.735454545454546
3.733636363636364
3.7195454545454543
3.378181818181818
2.48
2.3004545454545453
1.5122727272727274
2.6572727272727272
3.1827272727272726
4.134090909090909
4.004545454545455
2.9422727272727274
2.1722727272727274
2.002727272727273
1.6577272727272727
1.8304545454545456
2.7136363636363634
2.9695454545454543
