temperature
4.616521739130435
4.666086956521739
4.5886956521739135
4.779565217391305
5.123913043478261
5.58
4.556956521739131
4.937391304347826
5.194782608695652
4.876086956521739
4.6408695652173915
3.609130434782609
3.476521739130435
3.7769565217391308
4.3908695652173915
4.577826086956521
4.131304347826087
3.638695652173913
4.2495652173913046
4.663913043478261
5.042173913043478
5.181739130434783
5.5456521739130435
5.167826086956522
4.763478260869565
4.624782608695653
4.682608695652174
4.851739130434782
4.59695652173913
3.864347826086956
3.7226086956521733
4.345652173913043
4.608695652173913
4.879130434782609
4.715217391304348
5.3078260869565215
5.738695652173914
5.477391304347826
4.92304347826087
4.448695652173913
3.782608695652174
3.749565217391304
4.1
3.9030434782608694
3.17304347826087
2.9969565217391305
3.0443478260869563
3.535217391304348
3.7652173913043474
3.8721739130434782
4.010869565217392
4.577826086956522
4.8539130434782605
5.044782608695653
4.852173913043478
3.865217391304348
4.339130434782609
4.793043478260869
5.070869565217391
5.51
5.757391304347825
5.671304347826087
5.451739130434783
5.343478260869565
5.580869565217392
6.230434782608696
5.914347826086956
6.035652173913043
6.354782608695652
6.657826086956521
6.180000000000001
6.329565217391305
6.278695652173913
6.4452173913043485
6.093043478260869
6.608695652173913
6.501739130434783
6.710869565217391
6.409565217391304
6.509130434782609
6.822608695652175
6.427826086956522
6.811739130434782
7.209130434782609
6.792608695652174
7.219130434782608
6.986956521739131
6.836521739130435
7.174347826086956
7.064347826086956
7.6877272727272725
7.852727272727273
6.863181818181818
6.544090909090909
6.545000000000001
6.670454545454546
7.385454545454545
7.506363636363636
7.308636363636364
7.620000000000001
7.9409090909090905
8.323636363636364
8.398181818181818
8.45409090909091
8.633636363636363
9.019545454545455
8.296363636363637
8.17090909090909
8.986818181818181
8.872727272727273
8.747272727272728
9.72181818181818
9.58
9.004545454545454
8.94681818181818
8.578636363636363
8.963181818181818
8.861363636363636
8.930454545454545
9.080454545454545
9.761363636363637
9.506818181818183
9.728636363636364
9.93409090909091
10.152272727272727
10.502727272727272
10.449545454545454
10.995909090909091
10.772272727272728
10.800454545454546
11.202727272727273
11.104545454545455
11.632727272727273
11.747727272727273
11.835909090909091
11.551363636363636
11.977727272727272
11.93409090909091
12.289090909090909
12.82318181818182
12.407272727272726
12.253636363636362
12.611818181818181
12.67818181818182
13.076818181818181
13.140454545454547
13.065454545454545
12.456363636363637
12.658636363636363
12.979545454545455
12.985454545454546
13.185
13.325909090909091
13.692272727272728
13.314545454545454
13.14909090909091
13.28
13.340000000000002
13.59818181818182
14.071363636363635
13.611818181818181
13.85681818181818
13.933636363636365
13.937272727272727
14.584545454545456
14.47409090909091
14.52681818181818
14.540454545454544
14.068636363636363
14.857272727272727
15.062727272727273
15.010454545454547
15.265909090909092
15.022727272727273
15.086818181818183
15.2
15.654545454545454
15.547727272727274
15.355
15.607727272727272
15.876818181818182
15.780454545454546
15.915
15.910909090909092
16.540454545454544
17.51181818181818
17.30909090909091
17.11818181818182
17.21818181818182
17.05318181818182
16.962727272727275
17.035454545454545
16.875
17.252727272727274
16.933636363636364
17.190454545454546
16.650000000000002
16.278181818181817
16.578636363636363
16.59318181818182
17.211363636363636
16.90818181818182
16.775454545454547
16.686818181818182
16.46590909090909
16.686818181818182
17.22772727272727
17.160454545454545
17.44
17.467272727272725
17.556818181818183
17.573636363636364
16.955
16.830454545454543
17.33090909090909
16.875
16.73818181818182
16.524090909090912
16.483636363636364
16.805
17.171363636363637
17.089545454545455
16.651818181818182
16.768636363636364
16.78
17.313181818181818
17.594545454545454
16.963636363636365
16.521818181818183
16.39363636363636
16.630454545454544
16.904090909090908
16.94
16.98090909090909
15.923636363636364
16.150454545454547
16.229545454545455
16.463636363636365
16.10409090909091
16.177272727272726
16.096363636363638
15.822272727272729
15.56590909090909
15.743181818181819
15.544545454545455
15.326363636363636
14.999545454545455
15.030909090909091
14.75590909090909
14.997727272727273
15.076363636363636
15.181363636363637
14.922272727272729
14.426363636363636
14.556818181818182
14.072727272727274
13.47409090909091
14.236363636363636
14.091818181818182
14.442272727272728
14.139090909090909
13.967272727272729
13.639090909090909
13.83090909090909
13.341818181818182
13.564545454545454
13.471363636363636
13.626818181818182
13.242727272727272
13.396363636363635
13.158636363636363
13.003181818181817
13.15090909090909
12.979565217391306
12.476521739130433
12.510434782608696
12.659565217391306
12.416086956521738
11.853478260869565
11.829999999999998
11.348260869565218
12.160869565217391
12.23391304347826
11.628260869565217
11.515217391304349
11.23608695652174
10.593913043478262
10.926521739130434
10.344347826086958
10.092608695652174
10.631739130434783
10.999130434782609
10.35304347826087
10.165217391304349
9.743913043478262
9.68391304347826
10.012173913043478
9.888695652173913
10.353478260869565
10.213478260869564
9.711739130434783
9.159565217391306
9.525652173913043
10.09695652173913
10.009565217391303
9.92086956521739
9.256086956521738
8.260434782608696
8.015652173913043
7.71304347826087
8.621304347826086
9.133478260869564
8.68695652173913
8.488260869565218
8.69608695652174
7.511739130434783
6.997391304347826
6.690434782608696
6.82391304347826
6.887391304347826
6.978260869565218
7.645217391304348
7.172173913043479
6.341739130434783
6.179130434782609
6.333913043478261
6.792608695652174
6.818260869565217
6.546086956521739
5.888260869565218
5.684782608695652
5.359565217391304
4.964782608695652
5.170434782608695
5.890434782608695
5.98695652173913
6.414347826086956
6.275652173913044
6.37304347826087
6.007826086956522
6.294782608695653
5.524347826086957
4.991739130434783
4.569565217391305
5.06695652173913
5.168260869565217
5.141739130434783
5.634782608695652
6.113913043478261
5.7013043478260865
5.908260869565218
5.645652173913043
5.315217391304348
5.59
6.334347826086956
5.689565217391305
5.934347826086957
5.986521739130435
5.836086956521739
5.782173913043478
5.94
5.435217391304348
5.524782608695652
4.626086956521739
4.317826086956522
