temperature
4.795217391304348
4.828260869565217
4.78304347826087
5.154782608695652
5.515217391304348
5.515217391304348
4.744782608695652
5.203913043478261
5.297826086956522
4.756521739130435
4.418260869565217
3.8443478260869566
3.5460869565217394
3.7652173913043474
4.377391304347826
4.481304347826087
4.049130434782609
3.7334782608695654
4.376086956521739
4.717826086956522
5.14304347826087
5.132173913043479
5.271739130434782
5.147391304347826
4.860869565217391
4.630434782608695
4.698695652173913
4.759130434782609
4.393478260869565
3.932608695652174
3.8447826086956525
4.286521739130435
4.687391304347826
4.868260869565217
4.850434782608696
5.170869565217391
5.252608695652174
5.394347826086956
4.88695652173913
4.426521739130435
3.850869565217391
3.8117391304347827
4.144782608695652
3.817391304347826
3.39
3.0443478260869563
3.032608695652174
3.569565217391304
3.6208695652173915
3.7682608695652173
3.9208695652173917
4.289565217391305
4.596521739130435
4.886521739130435
4.7013043478260865
3.957826086956522
4.478260869565218
4.968695652173913
5.003043478260869
5.217826086956522
5.444347826086957
5.3017391304347825
5.194782608695652
5.138260869565217
5.671304347826087
5.9913043478260875
5.553913043478261
5.815217391304348
5.943043478260869
6.1673913043478255
5.760000000000001
6.004347826086956
5.761304347826086
6.0486956521739135
5.677826086956522
5.981739130434783
5.80913043478261
5.915652173913044
5.8017391304347825
5.96304347826087
6.1295652173913036
5.956521739130435
6.095652173913043
6.511304347826086
6.329130434782608
6.595652173913043
6.294782608695653
6.25
6.746956521739131
6.682173913043478
6.885
6.760909090909092
5.8963636363636365
5.805454545454546
5.981363636363636
6.215
6.693181818181818
6.574090909090909
6.568636363636363
6.842727272727273
7.152727272727272
7.609090909090909
7.822272727272727
7.784545454545454
7.867272727272728
8.22181818181818
7.791818181818181
7.600454545454546
8.389545454545454
8.075000000000001
8.162727272727274
8.778636363636364
8.770454545454545
8.341818181818182
8.173181818181819
7.911363636363637
8.23
8.149090909090908
8.288181818181819
8.393181818181818
8.622272727272728
8.40318181818182
8.976363636363637
9.148636363636363
9.259090909090908
9.527727272727274
9.446363636363635
9.852272727272727
9.674545454545454
9.514545454545454
10.051363636363636
10.105454545454545
10.461363636363636
10.693181818181818
10.657727272727273
10.424999999999999
10.818636363636363
11.146363636363636
11.027272727272727
11.753181818181817
11.68
11.467272727272727
11.58
11.784090909090908
12.075
11.841363636363637
11.974545454545455
11.40409090909091
11.731818181818182
11.634090909090908
11.842727272727274
11.865454545454547
12.073636363636364
12.489090909090908
12.213181818181818
12.306363636363637
12.116818181818182
12.09818181818182
12.320454545454545
12.762727272727274
12.401363636363635
12.691818181818183
12.907272727272726
12.64590909090909
12.919545454545455
13.102727272727272
13.457727272727272
13.33
13.183636363636365
13.691363636363635
13.907272727272726
13.913181818181817
13.984545454545456
13.75590909090909
13.646818181818183
14.110000000000001
14.207272727272727
14.104545454545455
14.016363636363637
14.274090909090908
14.514090909090909
14.359090909090908
14.589545454545457
14.762272727272727
15.336818181818183
15.885000000000002
15.544545454545455
15.55181818181818
15.805
15.628636363636362
15.602727272727272
15.639090909090909
15.728181818181817
15.841818181818182
15.424090909090909
15.747727272727273
15.436818181818182
15.094090909090909
15.106818181818182
15.285909090909092
15.84909090909091
15.719999999999999
15.365454545454547
15.358636363636363
15.384090909090908
15.497727272727273
15.832272727272727
15.861818181818181
16.080454545454543
16.091363636363635
16.34318181818182
15.773181818181818
15.344090909090909
15.518636363636364
15.971363636363636
15.272727272727273
15.357727272727272
15.358181818181817
15.099545454545455
15.138181818181819
15.555909090909092
15.327272727272726
15.344545454545454
15.530454545454546
15.584545454545456
15.721363636363636
16.051363636363636
15.409090909090908
15.19818181818182
15.125454545454545
15.383181818181818
15.65227272727273
15.626818181818182
15.808636363636365
14.997272727272728
15.272272727272728
15.32181818181818
15.391363636363637
15.245
15.115909090909092
14.97272727272727
14.72090909090909
14.551363636363636
14.655
14.473636363636365
14.331363636363637
13.95
14.163636363636364
14.033181818181818
14.138636363636364
14.39318181818182
14.201363636363636
13.864545454545453
13.458636363636362
13.537272727272727
13.298636363636364
12.964545454545457
13.361818181818181
13.415
13.393181818181818
13.175
12.965454545454547
12.780909090909091
12.88
12.450909090909091
12.814545454545454
12.668181818181818
12.615909090909092
12.337272727272728
12.367727272727272
12.55409090909091
12.327272727272726
12.290454545454544
12.110434782608696
11.702608695652176
11.937826086956521
11.953913043478261
11.651739130434782
11.364782608695652
11.516521739130434
10.955652173913043
11.400434782608695
11.411739130434784
10.826521739130435
10.861739130434783
10.470434782608695
10.202608695652174
10.394782608695653
9.996956521739131
9.680000000000001
9.906086956521738
10.401739130434782
9.976521739130435
9.605652173913043
9.424782608695653
9.496521739130435
9.650869565217391
9.608260869565218
9.948695652173912
9.689130434782609
9.455217391304348
9.110869565217392
9.44608695652174
9.718695652173913
9.605652173913043
9.613478260869567
8.784347826086956
8.384347826086957
8.015217391304347
7.773913043478261
8.616521739130436
8.796521739130435
8.235652173913042
8.292608695652174
8.358260869565218
7.42
6.917391304347827
6.807826086956522
6.881739130434783
6.868695652173913
7.101304347826088
7.618260869565217
7.1499999999999995
6.474782608695653
6.235217391304348
6.398695652173914
6.802608695652174
6.9504347826086965
6.639130434782608
6.185217391304348
5.943478260869565
5.715217391304347
5.381739130434783
5.687391304347826
6.00608695652174
6.0343478260869565
6.2995652173913035
6.374347826086957
6.300869565217391
6.203043478260869
6.428260869565217
5.45
4.983478260869566
4.888695652173913
5.439565217391304
5.651739130434783
5.658260869565217
6.044347826086957
6.334347826086956
5.8786956521739135
5.837391304347825
5.558695652173912
5.42304347826087
5.765652173913042
6.2843478260869565
5.437391304347826
5.977826086956522
6.082173913043477
5.897391304347826
5.944347826086957
5.776521739130436
5.406086956521739
5.541304347826087
4.9082608695652175
4.76
