temperature
3.026111111111111
3.0816666666666666
2.6300000000000003
2.8194444444444446
3.3477777777777775
3.1016666666666666
2.247222222222222
2.635555555555556
3.28
2.795
2.412777777777778
2.9305555555555554
2.608888888888889
2.728888888888889
2.565
2.929444444444444
2.687777777777778
2.3177777777777777
2.851111111111111
2.9755555555555557
3.2655555555555553
3.1155555555555554
2.645
3.0272222222222225
2.4194444444444443
2.288333333333333
2.2305555555555556
2.4094444444444445
3.106666666666667
3.08
3.023888888888889
2.841666666666667
3.0694444444444446
3.358888888888889
3.8699999999999997
3.936111111111111
4.517777777777777
3.876111111111111
3.1283333333333334
3.0694444444444446
2.767777777777778
2.4511111111111115
2.6655555555555557
2.427777777777778
2.0977777777777775
2.2594444444444446
2.1083333333333334
2.681111111111111
2.6522222222222225
2.4433333333333334
2.361111111111111
2.3594444444444442
3.1005555555555557
2.9972222222222222
3.283333333333333
2.513888888888889
2.8261111111111115
3.578333333333333
4.051666666666667
3.6472222222222226
3.6100000000000003
3.406111111111111
3.813888888888889
4.967777777777778
5.273888888888889
5.676111111111111
5.425000000000001
4.871666666666666
5.687222222222222
5.468333333333334
5.107222222222223
5.515
5.267222222222222
4.922777777777778
4.728888888888889
5.31
5.257777777777778
4.767777777777777
4.490555555555556
4.781666666666666
5.03
5.165
5.193888888888889
5.622777777777778
5.393888888888889
5.192222222222222
5.135000000000001
5.254444444444444
5.805555555555555
5.8933333333333335
6.418888888888889
6.011111111111111
5.099444444444444
4.972777777777778
5.470555555555555
5.717777777777778
5.871666666666666
5.667222222222223
6.2811111111111115
7.013333333333333
6.8244444444444445
7.154444444444445
6.35
6.6738888888888885
7.085
7.5200000000000005
7.485555555555556
6.718333333333334
7.193888888888889
7.121666666666666
7.337222222222222
7.663888888888888
7.609999999999999
7.658888888888888
7.206666666666667
7.543888888888889
7.989999999999999
7.949999999999999
8.551666666666668
9.036111111111111
8.480526315789474
8.200000000000001
8.441578947368422
8.407894736842104
8.289473684210526
8.449473684210526
8.729473684210525
8.995263157894737
8.176315789473684
7.983157894736842
8.727368421052631
8.86578947368421
9.74736842105263
9.92263157894737
10.038947368421054
9.674736842105263
9.482105263157894
9.57
9.636315789473684
10.105263157894736
10.342631578947367
10.193684210526316
10.493684210526316
10.854736842105263
10.93421052631579
10.786842105263156
10.515789473684212
10.184736842105263
11.066315789473684
11.541578947368421
11.739473684210527
11.955263157894738
11.65
11.84736842105263
11.85578947368421
11.993157894736843
12.23842105263158
12.127894736842105
11.961052631578946
12.299999999999999
12.325263157894737
12.088947368421053
12.063157894736841
12.357368421052632
12.47421052631579
12.17578947368421
12.806315789473684
13.429473684210526
13.135789473684211
13.363157894736842
13.636315789473686
12.65263157894737
12.84736842105263
12.34736842105263
12.526315789473685
13.147894736842105
13.55421052631579
13.635263157894736
13.929473684210528
13.825263157894737
13.640526315789474
13.607368421052632
13.42263157894737
13.853684210526318
14.444736842105263
14.50736842105263
14.881578947368421
15.19157894736842
15.375263157894736
14.761578947368422
14.82578947368421
15.621578947368421
15.34315789473684
15.383684210526313
15.272105263157895
15.417368421052632
14.89777777777778
14.715
14.66
15.108888888888888
15.639999999999999
15.195
14.966111111111111
15.24888888888889
15.262222222222224
15.577222222222222
15.663333333333334
16.069444444444443
15.858888888888888
16.302222222222223
15.81111111111111
15.636666666666665
15.264444444444443
15.545555555555556
15.607777777777777
15.270000000000001
15.120555555555557
15.219444444444443
14.461666666666666
14.52111111111111
14.575555555555557
14.617222222222223
15.075555555555557
15.037222222222223
14.761111111111111
14.94277777777778
15.281666666666666
14.822777777777778
14.742777777777778
15.084444444444443
15.384444444444446
15.601111111111111
15.385
15.06722222222222
14.057222222222222
13.991111111111111
13.982222222222223
13.784444444444444
13.526111111111112
13.835
14.405000000000001
14.06111111111111
13.421111111111111
14.070555555555556
13.634999999999998
13.808333333333334
13.453333333333333
12.981111111111112
12.518888888888888
12.625
13.095555555555556
13.001111111111111
12.982222222222223
12.638333333333334
12.636111111111111
12.2
11.911111111111111
11.657777777777778
12.223333333333334
12.842222222222222
12.812777777777777
12.065000000000001
12.346666666666668
12.018888888888888
11.486666666666666
11.693888888888887
11.291666666666666
10.728333333333333
11.033333333333333
11.056111111111111
11.279444444444444
11.503888888888888
11.447777777777778
11.435
11.20722222222222
10.72
10.729444444444445
10.163333333333334
10.19888888888889
10.445
10.172777777777776
10.73611111111111
10.181666666666667
9.386666666666667
9.651111111111112
9.687777777777777
9.413333333333334
9.133888888888889
8.467777777777776
8.255555555555555
8.30888888888889
8.621666666666666
8.407777777777778
7.820555555555556
7.742222222222221
7.964444444444445
7.9511111111111115
8.03
8.255555555555555
7.838888888888889
7.729444444444444
7.3183333333333325
7.532222222222223
7.589444444444445
7.752222222222222
7.125
7.412777777777778
6.780555555555555
6.354444444444444
5.8533333333333335
6.353888888888889
6.653888888888889
6.457222222222223
6.351666666666667
6.633333333333334
6.237222222222222
5.657222222222222
5.098333333333333
5.611111111111111
5.467777777777778
5.072222222222222
5.545
5.13
4.442777777777778
4.2844444444444445
4.622777777777777
5.0216666666666665
4.739444444444445
5.245555555555556
5.155555555555555
4.329444444444444
3.9300000000000006
3.8911111111111114
4.228888888888889
4.905555555555555
5.361666666666667
5.698333333333334
5.12
4.645
3.98
3.0416666666666665
2.5744444444444445
2.7777777777777777
2.6794444444444445
3.0494444444444446
3.2061111111111114
3.03
3.382222222222222
3.671666666666667
3.81
4.121666666666666
3.6805555555555554
3.8927777777777783
3.1172222222222223
3.631111111111111
2.838888888888889
3.2366666666666664
3.605
3.3855555555555554
3.147222222222222
2.550555555555556
3.2172222222222224
3.2555555555555555
2.951111111111111
3.1822222222222223
