pet
0.21263157894736842
0.19842105263157894
0.33631578947368423
0.23157894736842108
0.1773684210526316
0.17157894736842105
0.2
0.13157894736842105
0.23105263157894734
0.2636842105263158
0.2694736842105263
0.3694736842105263
0.2210526315789474
0.21000000000000002
0.29789473684210527
0.2521052631578947
0.18842105263157896
0.23789473684210524
0.23736842105263156
0.23894736842105263
0.2510526315789474
0.23736842105263156
0.19
0.2305263157894737
0.2210526315789474
0.20789473684210527
0.2578947368421053
0.2794736842105263
0.24894736842105267
0.2826315789473684
0.32263157894736844
0.32263157894736844
0.3331578947368421
0.3794736842105263
0.35000000000000003
0.2847368421052632
0.3273684210526316
0.32473684210526316
0.40894736842105267
0.3526315789473684
0.34210526315789475
0.31263157894736837
0.23578947368421055
0.2894736842105263
0.3063157894736842
0.38421052631578945
0.42736842105263156
0.33157894736842103
0.32368421052631574
0.4126315789473684
0.42315789473684207
0.4768421052631579
0.508421052631579
0.5057894736842105
0.5278947368421052
0.5594736842105262
0.5826315789473684
0.5163157894736843
0.5357894736842105
0.5147368421052633
0.54
0.46157894736842103
0.5942105263157895
0.6526315789473685
0.6505263157894736
0.6505263157894736
0.6868421052631579
0.6747368421052632
0.7015789473684211
0.7647368421052632
0.7352631578947368
0.7573684210526316
0.7647368421052632
0.7410526315789474
0.7226315789473684
0.8463157894736844
0.8352631578947368
0.9052631578947368
0.8589473684210527
0.9194736842105262
0.8178947368421052
0.9252631578947369
0.863157894736842
0.851578947368421
0.9163157894736842
0.9636842105263157
0.9473684210526315
0.978421052631579
0.9931578947368421
1.0673684210526317
1.1247368421052633
1.0859999999999999
1.0295
1.0505
1.3225
1.142
1.143
1.2215
1.2485
1.4005
1.2235
1.3295
1.269
1.287
1.4565
1.488
1.543
1.339
1.5334999999999999
1.5195
1.4765000000000001
1.391
1.6019999999999999
1.4845000000000002
1.471
1.5154999999999998
1.4785
1.5154999999999998
1.6695
1.5935000000000001
1.658
1.7445
1.7985
1.782
1.7114999999999998
1.8565
1.8579999999999999
1.9845
1.9615000000000002
2.0695
1.956
1.763
2.0095
2.145
1.8504999999999998
1.8455000000000001
1.843
1.918
1.8675000000000002
1.8510000000000002
2.1465
2.2605
2.252
2.4065000000000003
2.1595
2.315
2.0115
2.0705
1.959
2.239
2.3169999999999997
2.2600000000000002
2.147
2.318
1.922
2.0260000000000002
2.181
2.128
2.1785
2.1895
2.2745
2.259
1.982
1.8945
2.2265
2.0075
2.1275
2.32
2.0364999999999998
2.1695
2.273
2.1399999999999997
1.8844999999999998
2.0415
2.0940000000000003
2.173
2.2960000000000003
2.1085000000000003
2.2035
2.0705
2.006
2.1485
2.194
2.2235
2.1
2.1515
1.9485
2.102
2.2655000000000003
2.4195
1.8855
2.2065
1.9969999999999999
2.149
2.1715
2.4899999999999998
2.2664999999999997
2.277
2.109
1.8719999999999999
2.088
2.152
2.3575
2.0460000000000003
2.207
1.9805
2.0305
2.2415
1.7710000000000001
1.8829999999999998
1.9655
1.905
1.8995000000000002
1.7224999999999997
2.0695
2.1915
2.0235
1.8649999999999998
1.8215
1.847
1.7440000000000002
1.5775000000000001
1.458
1.6595
1.841
1.5615
1.7954999999999999
1.7310000000000003
1.7259999999999998
1.394
1.6644999999999999
1.6245
1.65
1.7550000000000001
1.436
1.7375
1.5185
1.629
1.408
1.424
1.652
1.5314999999999999
1.5005
1.231
1.48
1.351
1.401
1.384
1.3065
1.3605
1.4055
1.366
1.339
1.142
1.145
1.1655
1.1165
1.0915
1.0
1.019
1.008
1.0105
1.0135
0.9884999999999999
1.0745
0.9275
0.892
0.9289999999999999
0.8825
0.771
0.7805
0.733
0.7595
0.7926315789473685
0.7289473684210526
0.856842105263158
0.751578947368421
0.771578947368421
0.7905263157894736
0.743157894736842
0.6136842105263158
0.6963157894736842
0.7526315789473684
0.5921052631578947
0.5447368421052632
0.45
0.48947368421052634
0.4852631578947369
0.44263157894736843
0.4689473684210526
0.4757894736842105
0.4463157894736842
0.45526315789473687
0.4073684210526316
0.39473684210526316
0.3731578947368421
0.42157894736842105
0.45789473684210524
0.48947368421052634
0.4794736842105263
0.43631578947368416
0.4031578947368421
0.41157894736842104
0.4163157894736842
0.36684210526315786
0.3357894736842105
0.3731578947368421
0.3494736842105263
0.2942105263157895
0.3463157894736842
0.3368421052631579
0.3610526315789474
0.3136842105263158
0.24631578947368418
0.3336842105263158
0.2847368421052632
0.22789473684210526
0.2594736842105263
0.22894736842105262
0.22947368421052633
0.2421052631578947
0.22736842105263158
0.20526315789473684
0.26789473684210524
0.26526315789473687
0.16473684210526315
0.19473684210526318
0.21157894736842103
0.2605263157894737
0.24842105263157893
0.25894736842105265
0.16631578947368422
0.15789473684210525
0.22210526315789478
0.16736842105263156
0.14631578947368423
0.22157894736842104
0.14947368421052631
0.19736842105263158
0.21526315789473682
0.20105263157894737
0.21526315789473682
0.20894736842105263
0.2605263157894737
0.18421052631578946
0.12789473684210528
0.18105263157894735
0.25263157894736843
0.27421052631578946
0.21736842105263157
0.2536842105263158
0.16105263157894736
0.12210526315789473
0.19263157894736843
0.24789473684210525
0.18157894736842103
0.18684210526315792
0.25894736842105265
0.1794736842105263
0.11894736842105265
0.1331578947368421
0.14105263157894735
0.10157894736842106
0.14894736842105263
0.14894736842105263
