temperature
4.577
4.468
4.1579999999999995
4.189
4.32
4.826
3.5149999999999997
3.692
4.4155
4.6785000000000005
3.993
2.9859999999999998
3.002
3.12
3.5575
3.9174999999999995
3.4435000000000002
2.627
3.4615
4.1075
4.6515
4.9905
4.817
4.029
4.1145
4.015
3.896
4.1850000000000005
4.383
3.5980000000000003
3.5415
4.2680952380952375
3.941904761904762
4.34
4.572857142857143
5.008095238095239
5.5842857142857145
5.053809523809524
4.491428571428571
3.7804761904761905
3.1928571428571426
3.088095238095238
3.393333333333333
3.23
2.4114285714285715
2.6514285714285712
2.559047619047619
3.208571428571428
3.413809523809524
3.2785714285714285
3.2428571428571424
3.592857142857143
3.9161904761904758
4.400476190476191
4.556190476190476
3.9261904761904765
4.172380952380952
4.751904761904762
5.1066666666666665
5.558095238095238
5.281904761904762
5.519523809523809
5.0495238095238095
5.477619047619048
5.596666666666667
6.328095238095239
5.9471428571428575
5.823333333333333
6.570952380952382
6.8342857142857145
6.495238095238095
6.362380952380953
6.441428571428572
6.288571428571428
5.613809523809524
6.365238095238096
6.2647619047619045
6.402857142857143
5.817619047619048
6.040952380952381
6.382857142857143
6.148095238095237
6.881428571428571
6.922380952380952
6.646190476190476
6.7509523809523815
6.5876190476190475
6.58047619047619
6.924285714285714
7.152380952380952
7.958571428571428
7.380952380952381
6.636190476190476
6.164761904761905
6.034285714285714
6.510000000000001
7.023809523809524
7.188571428571429
6.736190476190477
7.374761904761905
7.985714285714285
8.148095238095237
7.913333333333334
7.994285714285714
8.294761904761904
8.566666666666666
8.213809523809525
8.004285714285714
8.28190476190476
8.761904761904763
8.504285714285714
9.51047619047619
9.621428571428572
8.963809523809525
8.852380952380953
9.197142857142856
9.182380952380951
8.874285714285715
9.382380952380952
9.817142857142857
10.026190476190477
9.973333333333333
9.75047619047619
9.654761904761905
9.886666666666667
10.593809523809524
10.80857142857143
11.187142857142858
10.853333333333333
10.544285714285715
10.874285714285715
11.106666666666667
11.487619047619049
11.456190476190477
11.774285714285716
11.694761904761904
11.794285714285715
11.42952380952381
11.694285714285716
12.258095238095239
11.802857142857144
11.936190476190475
12.505714285714285
12.526190476190477
12.880476190476191
13.063333333333333
12.455714285714285
12.226666666666667
12.345238095238095
12.884761904761904
12.862857142857143
13.616666666666665
13.523
13.491499999999998
13.488999999999999
13.0965
13.6895
13.859
13.7025
13.929499999999999
13.986
13.812000000000001
13.624500000000001
14.116499999999998
14.913499999999999
14.3225
14.3105
14.165000000000001
13.9745
14.619499999999999
14.8025
14.649000000000001
14.9365
14.617500000000001
15.004
14.7935
15.604
15.805000000000001
15.4475
15.948500000000001
15.983
15.936000000000002
16.112000000000002
16.2125
16.3625
16.916999999999998
17.0705
16.983
17.0905
17.1295
16.429499999999997
16.97
16.7505
17.286
17.4715
17.1235
17.07
16.535
16.598
16.476
16.8155
16.8095
16.912
16.984
16.903
16.8455
16.9045
17.4595
17.729499999999998
17.7585
17.7855
17.844
17.024
16.9125
17.7315
17.732
17.2935
16.9375
16.7115
17.3385
17.432
17.5435
16.738
16.765
16.608
17.2895
17.532999999999998
17.106
16.6585
16.4255
16.929
17.229
17.3185
17.1655
15.983500000000001
15.5185
15.7055
16.218
15.697
15.978
15.985499999999998
16.0275
15.531
15.584999999999999
15.611500000000001
15.179499999999999
14.982
14.748499999999998
14.405000000000001
14.704500000000001
14.853
15.013499999999999
15.254499999999998
14.6535
14.592500000000001
13.863499999999998
13.4255
13.871500000000001
13.8255
14.321000000000002
14.469
14.160499999999999
13.9655
14.282499999999999
13.856
13.8215
13.697999999999999
13.6905
13.505500000000001
13.691999999999998
13.4555
13.618
13.541
13.259
12.7985
12.5265
12.3205
12.4095
12.1175
11.9565
11.525500000000001
12.068999999999999
12.514
11.7065
11.830499999999999
11.971
10.606
10.992999999999999
10.2355
10.065999999999999
10.728
10.689499999999999
10.6355
10.4005
10.1975
9.685500000000001
9.9025
9.826
10.1105
10.198
9.578
9.288
9.5925
9.948
9.5205
9.236
9.2575
8.0915
7.968999999999999
7.718000000000001
8.341
8.958499999999999
8.639
8.4265
8.662
7.7415
6.9595
6.338
6.7625
6.8375
6.824
7.3469999999999995
7.292
6.422
5.551
5.923
6.5065
6.24
6.441
5.878
5.5135
4.6945
4.5705
5.0375
5.7495
5.706
5.9345
5.8685
5.949
5.3839999999999995
5.3325000000000005
5.1785000000000005
4.9845
4.654
4.6259999999999994
4.644
4.9475
4.728
5.0435
5.0195
5.1755
5.4805
4.898000000000001
4.6375
5.33
5.1775
5.0865
5.5235
5.614
5.289499999999999
5.33
5.0805
5.242
4.39
4.4155
