pet
0.36142857142857143
0.3838095238095238
0.4319047619047619
0.33476190476190476
0.21761904761904763
0.2566666666666667
0.26952380952380955
0.33952380952380956
0.27904761904761904
0.26
0.4152380952380953
0.41857142857142854
0.4004761904761905
0.4195238095238095
0.21523809523809523
0.26142857142857145
0.34714285714285714
0.2704761904761905
0.4033333333333334
0.29904761904761906
0.35285714285714287
0.3585714285714286
0.36523809523809525
0.39809523809523806
0.28904761904761905
0.36714285714285716
0.34238095238095234
0.31047619047619046
0.33095238095238094
0.35
0.43285714285714283
0.38857142857142857
0.3838095238095238
0.40380952380952384
0.4223809523809524
0.4438095238095238
0.4523809523809524
0.520952380952381
0.4785714285714286
0.3923809523809524
0.44
0.44095238095238093
0.4166666666666667
0.46
0.48047619047619045
0.41571428571428576
0.4428571428571429
0.38190476190476186
0.4071428571428572
0.5176190476190475
0.4928571428571428
0.4680952380952381
0.58
0.5009523809523809
0.5166666666666666
0.5380952380952382
0.52
0.5623809523809524
0.690952380952381
0.649047619047619
0.6652380952380953
0.7680952380952382
0.7980952380952382
0.7004761904761905
0.7390476190476191
0.7185714285714285
0.7157142857142857
0.7880952380952382
0.7052380952380952
0.7328571428571429
0.8904761904761904
0.829047619047619
0.7452380952380953
0.8695238095238096
0.889047619047619
0.9176190476190476
0.9414285714285714
0.9233333333333333
0.9623809523809524
0.9800000000000001
0.9276190476190477
0.9880952380952381
1.1961904761904762
1.0699999999999998
1.0547619047619048
1.1438095238095238
1.1823809523809523
1.2514285714285716
1.1447619047619046
1.100952380952381
1.0847619047619048
1.1790476190476191
1.2004761904761905
1.321904761904762
1.2823809523809524
1.272857142857143
1.2742857142857142
1.2604761904761905
1.3114285714285714
1.3733333333333333
1.24
1.4047619047619047
1.4895238095238095
1.7261904761904763
1.6352380952380952
1.601904761904762
1.677142857142857
1.4547619047619047
1.4795238095238095
1.6742857142857142
1.5704761904761904
1.5395238095238095
1.830952380952381
1.8804761904761906
1.7380952380952381
1.9623809523809523
2.0157142857142856
1.7776190476190474
1.823809523809524
1.8842857142857143
1.9704761904761905
1.9847619047619047
2.0100000000000002
2.0804761904761904
2.0142857142857142
2.1271428571428572
2.005238095238095
2.084285714285714
2.084761904761905
1.9147619047619049
2.2857142857142856
2.17
2.298571428571429
2.482857142857143
2.3319047619047617
2.444761904761905
2.2319047619047616
2.3128571428571427
2.5166666666666666
2.432857142857143
2.308095238095238
2.4747619047619045
2.339523809523809
2.599047619047619
2.4823809523809524
2.4442857142857144
2.4833333333333334
2.565238095238095
2.5104761904761905
2.5880952380952382
2.4285714285714284
2.487619047619048
2.344761904761905
2.6195238095238094
2.6195238095238094
2.424285714285714
2.263333333333333
2.545714285714286
2.6347619047619046
2.45
2.5490476190476192
2.302857142857143
2.486666666666667
2.4547619047619045
2.7657142857142856
2.663809523809524
2.479047619047619
2.429047619047619
2.532380952380952
2.743333333333333
2.902857142857143
2.558095238095238
2.755714285714286
2.4714285714285715
2.5623809523809524
2.5157142857142856
2.6
2.7028571428571433
2.713809523809524
2.9185714285714286
2.7452380952380953
2.5
2.606666666666667
2.815714285714286
2.684761904761905
2.883809523809524
3.04952380952381
2.8057142857142856
2.613809523809524
2.701904761904762
2.410952380952381
2.744761904761905
2.5880952380952382
2.5252380952380955
2.5376190476190477
2.337142857142857
2.546666666666667
2.460952380952381
2.468095238095238
2.4628571428571426
2.604285714285714
2.5914285714285716
2.356190476190476
2.5100000000000002
2.419047619047619
2.570952380952381
2.48
2.468095238095238
2.33
2.494285714285714
2.3695238095238094
2.199047619047619
2.401904761904762
2.3461904761904764
2.3323809523809524
2.2319047619047616
2.239047619047619
2.0300000000000002
1.9780952380952381
1.997142857142857
2.1533333333333333
2.1733333333333333
2.0561904761904763
2.1209523809523807
2.017142857142857
1.8242857142857143
1.9590476190476191
2.2357142857142858
2.1547619047619047
1.9104761904761904
1.8466666666666667
2.0352380952380953
2.0785714285714283
2.0385714285714287
1.8623809523809522
2.005238095238095
1.8047619047619048
1.8914285714285715
1.871904761904762
1.7895238095238095
1.7114285714285713
1.6642857142857144
1.6514285714285715
1.7295238095238095
1.7423809523809526
1.5823809523809527
1.582857142857143
1.6985714285714286
1.5823809523809522
1.3242857142857143
1.42
1.3957142857142857
1.4047619047619047
1.418095238095238
1.3323809523809524
1.4395238095238096
1.3995238095238096
1.252857142857143
1.283809523809524
1.308095238095238
1.3157142857142856
1.3142857142857143
1.2652380952380953
1.21
1.1276190476190475
1.0461904761904761
1.1076190476190475
0.9957142857142858
0.8923809523809525
0.8952380952380953
0.8376190476190476
0.9638095238095238
0.8923809523809525
0.9409523809523809
0.8238095238095239
0.87
0.9190476190476191
0.8085714285714286
0.8371428571428571
0.9457142857142857
0.8628571428571429
0.6780952380952381
0.8152380952380953
0.8133333333333335
0.670952380952381
0.6314285714285715
0.6471428571428571
0.49666666666666665
0.5528571428571428
0.7338095238095238
0.5833333333333334
0.6690476190476191
0.5285714285714286
0.5838095238095238
0.6271428571428571
0.6033333333333333
0.4642857142857143
0.5023809523809524
0.43952380952380954
0.48142857142857143
0.4276190476190476
0.5847619047619047
0.4519047619047619
0.4933333333333333
0.4342857142857143
0.49809523809523804
0.40095238095238095
0.44761904761904764
0.37857142857142856
0.4880952380952381
0.3166666666666667
0.39142857142857146
0.42142857142857143
0.42523809523809525
0.4533333333333333
0.46380952380952384
0.4523809523809524
0.3357142857142857
0.43523809523809526
0.2625
0.3735
0.332
0.395
0.384
0.22600000000000003
0.3255
0.2625
0.4255
0.34299999999999997
0.3025
0.238
0.3265
0.3585
0.2895
0.22799999999999998
0.2475
0.325
0.43600000000000005
0.202
0.27599999999999997
0.3315
0.1675
0.21600000000000003
0.2145
0.2325
0.23900000000000002
0.197
0.155
0.23500000000000001
0.294
0.2965
0.3395
0.2685
0.29700000000000004
0.1925
0.22349999999999998
0.29300000000000004
0.2875
0.288
0.209
0.2785
0.309
0.2125
0.383
0.254
