pet
0.26761904761904765
0.3276190476190476
0.38047619047619047
0.33904761904761904
0.27904761904761904
0.26761904761904765
0.39952380952380945
0.3138095238095238
0.34809523809523807
0.379047619047619
0.3904761904761904
0.4261904761904762
0.31952380952380954
0.3504761904761905
0.36523809523809525
0.29523809523809524
0.3433333333333333
0.3128571428571429
0.3728571428571429
0.36904761904761907
0.32
0.32476190476190475
0.29238095238095235
0.4033333333333334
0.4014285714285714
0.3757142857142857
0.3904761904761904
0.43285714285714283
0.4
0.41285714285714287
0.4414285714285714
0.4738095238095238
0.46904761904761905
0.44
0.48333333333333334
0.4747619047619048
0.5438095238095239
0.5452380952380952
0.5604761904761905
0.5319047619047619
0.4819047619047619
0.48047619047619045
0.5414285714285715
0.5519047619047619
0.5271428571428571
0.6276190476190476
0.6295238095238096
0.4942857142857142
0.5838095238095238
0.6557142857142857
0.7119047619047618
0.6904761904761905
0.7628571428571428
0.73
0.6333333333333334
0.7333333333333334
0.8080952380952381
0.7885714285714285
0.7657142857142857
0.7842857142857143
0.8357142857142857
0.7423809523809524
0.809047619047619
0.8519047619047619
0.8785714285714286
0.8985714285714286
0.939047619047619
0.9438095238095239
1.0557142857142858
1.0014285714285716
1.0019047619047619
0.9561904761904763
1.0123809523809524
1.0066666666666666
0.9185714285714285
1.0357142857142858
1.1366666666666667
1.1438095238095238
1.0795238095238096
1.1523809523809523
1.1466666666666665
1.2147619047619047
1.129047619047619
1.1457142857142857
1.2647619047619048
1.2452380952380953
1.3261904761904764
1.3233333333333333
1.3
1.4433333333333334
1.4657142857142857
1.506190476190476
1.3795238095238094
1.4123809523809523
1.5123809523809524
1.696190476190476
1.6038095238095238
1.7014285714285713
1.5814285714285714
1.697142857142857
1.6666666666666667
1.6080952380952382
1.611904761904762
1.6523809523809525
1.7295238095238095
1.9161904761904762
1.832857142857143
1.9314285714285715
1.8057142857142858
1.9104761904761904
1.9257142857142857
1.8561904761904764
1.9838095238095237
1.91
1.946190476190476
1.9119047619047618
2.0623809523809524
2.043333333333333
2.1314285714285712
2.040952380952381
2.3266666666666667
2.327142857142857
2.4357142857142855
2.375714285714286
2.199047619047619
2.206666666666667
2.390952380952381
2.303809523809524
2.3652380952380954
2.2157142857142857
2.3142857142857145
2.4847619047619047
2.3666666666666667
2.3519047619047617
2.3914285714285715
2.277142857142857
2.2738095238095237
2.4023809523809527
2.4823809523809524
2.283809523809524
2.4723809523809526
2.5247619047619048
2.7314285714285713
2.736666666666667
2.7876190476190477
2.651904761904762
2.3985714285714286
2.5976190476190477
2.598095238095238
2.8666666666666667
3.024285714285714
2.9157142857142855
2.6842857142857146
2.724285714285714
2.5180952380952384
2.732857142857143
2.42
2.890952380952381
2.7952380952380955
2.9718181818181817
2.865
2.8854545454545457
2.5749999999999997
2.5300000000000002
2.6077272727272724
2.739090909090909
2.848181818181818
2.8013636363636363
2.837727272727273
2.750909090909091
3.1063636363636364
2.8604545454545454
2.8354545454545454
2.905
2.8604545454545454
2.773181818181818
3.030909090909091
2.7177272727272728
2.936818181818182
2.9954545454545456
2.6713636363636364
2.736818181818182
2.655
2.7068181818181816
2.608636363636364
2.7713636363636365
2.600909090909091
2.6677272727272725
2.7154545454545453
2.931363636363636
2.830909090909091
2.9513636363636366
2.837727272727273
2.8531818181818185
2.9895454545454543
2.887272727272727
3.0454545454545454
2.773181818181818
2.925
2.8572727272727274
2.694090909090909
2.6363636363636362
2.7695454545454545
2.7954545454545454
2.7977272727272724
2.8790909090909094
2.5904545454545453
2.795
2.6322727272727273
2.5336363636363637
2.72
2.453181818181818
2.3240909090909088
2.6768181818181818
2.6513636363636364
2.309090909090909
2.612727272727273
2.4595454545454545
2.4013636363636364
2.5477272727272724
2.576363636363636
2.2095454545454545
2.340909090909091
2.2186363636363637
2.0872727272727274
2.105
2.377727272727273
2.333181818181818
2.312727272727273
2.0931818181818183
2.263181818181818
2.1454545454545455
2.127727272727273
2.346818181818182
1.9922727272727272
1.9563636363636363
1.9218181818181819
1.979090909090909
2.1377272727272727
1.989090909090909
1.9995454545454547
1.7936363636363637
1.7972727272727271
1.8472727272727274
1.7927272727272727
1.675
1.9009090909090909
1.6981818181818182
1.651818181818182
1.7886363636363638
1.664090909090909
1.7136363636363638
1.737727272727273
1.5604545454545453
1.6027272727272726
1.6663636363636363
1.528181818181818
1.4586363636363635
1.5140909090909092
1.4427272727272726
1.3509090909090908
1.3186363636363636
1.354090909090909
1.42
1.3386363636363636
1.2827272727272727
1.3104545454545453
1.094090909090909
1.1218181818181818
1.044090909090909
1.1372727272727272
1.1218181818181818
1.0668181818181817
1.1252380952380951
1.041904761904762
1.0614285714285714
1.1347619047619049
1.0471428571428572
1.0271428571428571
0.9676190476190476
0.8914285714285713
0.9276190476190477
0.9776190476190477
0.8814285714285715
0.7785714285714287
0.6538095238095238
0.6542857142857142
0.6690476190476191
0.6728571428571428
0.7857142857142857
0.7980952380952382
0.7261904761904762
0.6738095238095239
0.6438095238095238
0.6647619047619047
0.6395238095238095
0.6638095238095237
0.7604761904761904
0.7504761904761905
0.728095238095238
0.6919047619047619
0.5814285714285714
0.6147619047619047
0.6404761904761904
0.5419047619047619
0.5138095238095237
0.5161904761904762
0.45952380952380956
0.48
0.45571428571428574
0.48
0.4414285714285714
0.43666666666666665
0.3561904761904762
0.4642857142857143
0.41190476190476194
0.44047619047619047
0.39666666666666667
0.2795238095238095
0.30333333333333334
0.32571428571428573
0.3238095238095238
0.2761904761904762
0.3304761904761905
0.29
0.25
0.3119047619047619
0.30714285714285716
0.32047619047619047
0.31523809523809526
0.3138095238095238
0.3085714285714286
0.2642857142857143
0.32285714285714284
0.3076190476190476
0.310952380952381
0.3142857142857143
0.28047619047619043
0.36809523809523814
0.31761904761904763
0.4071428571428572
0.27476190476190476
0.29333333333333333
0.29428571428571426
0.22047619047619046
0.1961904761904762
0.2580952380952381
0.29238095238095235
0.28476190476190477
0.3047619047619048
0.22714285714285712
0.17380952380952383
0.18142857142857144
0.2042857142857143
0.23523809523809525
0.21952380952380954
0.22
0.3757142857142857
0.29428571428571426
0.2776190476190476
0.28047619047619043
0.23476190476190475
0.24952380952380954
0.23190476190476192
0.2733333333333333
