temperature
4.384285714285714
3.9057142857142857
3.715238095238095
3.665714285714286
4.6814285714285715
4.445238095238095
4.831904761904762
4.8
4.729047619047619
4.981428571428571
4.876190476190477
5.596190476190476
5.559523809523809
4.791904761904762
5.3914285714285715
4.653333333333333
4.690476190476191
4.777619047619048
5.037142857142857
4.6085714285714285
3.8471428571428574
3.8590476190476193
3.973333333333333
4.12047619047619
4.395714285714286
4.107142857142857
4.303333333333334
4.048571428571428
4.023809523809524
3.747142857142857
4.116666666666667
4.318095238095237
4.193333333333333
4.356190476190476
5.0304761904761905
4.88
4.833333333333333
4.26047619047619
3.7695238095238093
4.051904761904762
4.266666666666667
5.144761904761905
5.55095238095238
5.053809523809524
4.614761904761904
5.253333333333333
4.7542857142857144
4.683809523809524
4.4261904761904765
4.361428571428571
4.285714285714286
4.6257142857142854
4.998095238095238
5.3828571428571435
5.190476190476191
5.265714285714286
5.180952380952381
5.063809523809524
4.760952380952381
4.526190476190476
4.1033333333333335
4.203333333333333
4.097142857142858
4.362380952380953
5.04
6.129047619047619
5.941904761904762
5.979523809523809
6.162857142857144
5.788571428571428
5.528095238095238
5.082380952380952
5.788095238095238
6.421904761904761
6.5928571428571425
7.099523809523809
6.257619047619047
5.824761904761904
5.975714285714286
6.216666666666667
6.365238095238096
6.589999999999999
6.637619047619047
7.005714285714286
6.779999999999999
6.3047619047619055
6.56
6.7785714285714285
7.36047619047619
7.7319047619047625
8.065714285714286
7.98
7.747619047619047
7.388571428571429
7.684285714285714
7.93
7.097619047619048
6.974285714285715
7.779047619047619
8.114761904761904
7.581904761904762
7.169047619047619
7.12047619047619
8.059999999999999
8.08904761904762
7.976190476190476
8.154761904761905
7.48952380952381
7.143333333333333
7.901428571428572
8.917619047619048
9.441428571428572
9.98047619047619
10.034761904761904
9.98904761904762
9.267142857142858
9.387619047619047
9.444761904761904
9.303809523809523
9.423333333333334
9.893333333333333
9.995714285714286
10.154285714285715
10.296190476190477
10.289047619047619
10.03190476190476
10.527142857142858
10.457142857142857
10.381428571428572
10.549047619047618
10.51047619047619
10.33095238095238
10.199047619047619
10.383333333333335
11.023809523809524
11.123809523809523
10.922380952380953
10.864285714285714
11.229523809523808
11.593809523809524
11.304285714285715
11.466666666666667
11.835238095238095
11.900952380952381
11.833809523809524
11.893333333333333
11.989047619047618
12.071904761904761
12.261428571428572
12.553333333333333
12.880476190476191
13.149999999999999
13.335714285714285
13.16
12.721904761904764
12.752380952380953
13.112380952380953
13.25047619047619
13.218571428571428
13.52409090909091
13.385909090909092
13.259090909090908
12.97409090909091
13.161363636363637
13.275
13.480454545454545
14.001363636363635
14.628181818181817
14.510000000000002
14.628181818181817
14.396363636363638
13.777727272727274
13.955454545454545
14.283181818181818
14.34681818181818
14.605454545454545
14.815
14.533636363636363
14.906363636363636
15.135000000000002
15.101363636363637
15.28
15.492272727272727
15.373181818181818
15.45909090909091
15.276363636363635
15.114545454545453
15.337272727272728
15.179545454545455
15.407272727272726
15.888181818181819
15.600909090909092
15.712727272727273
15.305454545454545
15.476818181818182
15.586818181818183
15.681363636363637
15.52090909090909
16.047727272727272
16.423636363636362
16.186818181818182
15.677272727272726
15.725
16.16409090909091
16.153181818181817
16.30090909090909
16.323636363636364
16.383636363636363
16.109545454545454
16.325454545454548
16.205454545454543
16.221818181818183
16.565
16.39818181818182
16.473636363636363
16.34
16.533636363636365
16.33818181818182
16.007272727272724
15.771818181818183
16.035454545454545
15.97
16.30409090909091
15.94818181818182
15.603636363636362
15.781363636363636
15.813181818181818
15.612727272727273
15.851818181818182
15.550454545454546
15.955
15.906363636363636
15.607727272727272
15.539545454545454
15.395454545454545
14.779545454545454
14.742272727272727
14.923636363636364
14.390909090909092
14.19818181818182
14.400454545454545
14.374545454545455
14.475
14.20409090909091
14.496818181818183
14.815454545454545
14.70909090909091
14.72409090909091
14.372272727272728
14.110454545454546
13.943181818181818
13.611363636363636
14.134999999999998
14.368636363636364
13.93
13.481818181818182
13.009545454545453
12.75090909090909
12.549545454545454
12.52909090909091
13.014090909090909
13.19818181818182
13.321363636363635
13.4
12.98090909090909
12.65318181818182
12.284545454545453
12.215000000000002
12.335
12.591818181818182
12.984090909090908
12.989090909090908
13.07818181818182
13.015714285714285
12.048095238095238
11.94095238095238
11.016190476190477
11.044761904761904
11.126190476190477
11.011904761904763
11.81047619047619
11.549523809523809
11.241904761904763
11.154761904761905
10.850952380952382
10.717142857142857
10.869047619047619
10.879523809523809
10.449523809523809
10.155238095238095
9.631904761904762
9.859047619047619
9.087619047619048
9.950952380952382
10.060952380952381
9.924285714285714
10.07095238095238
10.081904761904761
10.151428571428571
10.184761904761904
9.571428571428571
8.936666666666667
9.624285714285715
9.673333333333332
9.063333333333334
8.672857142857143
8.881428571428572
8.22
8.485238095238095
7.929047619047618
8.055238095238096
8.324761904761905
7.276190476190477
7.590000000000001
8.022857142857143
7.9347619047619045
7.878095238095238
7.546190476190477
7.541904761904762
6.92
6.862380952380953
6.715238095238096
6.273809523809524
6.4819047619047625
6.334761904761905
5.809523809523809
6.010952380952381
6.742857142857143
5.9695238095238095
6.568095238095238
6.701904761904762
6.262857142857143
6.048095238095239
5.852857142857142
5.30904761904762
5.380952380952381
5.218095238095238
5.134285714285714
5.216666666666667
5.130952380952381
4.946666666666666
4.751428571428572
5.263333333333334
5.5180952380952375
5.132380952380952
5.037619047619048
5.167142857142857
4.694761904761905
4.4280952380952385
4.6257142857142854
4.08952380952381
3.5942857142857143
3.314761904761905
2.6223809523809525
3.9014285714285717
4.317619047619048
5.160952380952381
5.356666666666667
4.4314285714285715
3.8442857142857143
3.745238095238095
3.072857142857143
3.09
3.910476190476191
4.105238095238096
