temperature
3.3240909090909088
2.930454545454545
2.812272727272727
2.6686363636363635
3.5818181818181816
3.3613636363636363
3.785909090909091
3.7572727272727273
3.808181818181818
4.0618181818181816
3.945909090909091
4.692272727272727
4.708636363636364
3.8736363636363635
4.28590909090909
3.497272727272727
3.5231818181818184
3.7013636363636366
4.042272727272728
3.7195454545454543
3.080454545454545
3.0904545454545453
3.135
3.2804545454545457
3.570909090909091
3.2981818181818183
3.502272727272727
3.1463636363636365
3.186818181818182
2.895909090909091
3.286363636363636
3.487727272727273
3.2145454545454544
3.424090909090909
4.128636363636364
3.962727272727273
3.8936363636363636
3.325
2.8277272727272726
3.151818181818182
3.3181818181818183
4.124545454545454
4.533181818181818
3.9086363636363632
3.4909090909090907
4.136818181818182
3.645
3.603181818181818
3.436363636363636
3.3013636363636363
3.244545454545454
3.4568181818181816
3.766818181818182
4.25
4.130454545454546
4.216818181818182
4.2290909090909095
4.2713636363636365
3.9713636363636367
3.6436363636363636
3.3286363636363636
3.445909090909091
3.3236363636363637
3.630909090909091
4.225909090909091
5.415909090909091
5.291363636363636
5.213181818181818
5.324545454545454
4.947272727272727
4.65590909090909
4.362727272727273
5.109090909090909
5.615454545454545
5.7263636363636365
6.215454545454546
5.418181818181818
4.952272727272727
5.025454545454545
5.3
5.568181818181818
5.883181818181819
5.73
6.179545454545456
5.796818181818182
5.333181818181818
5.7713636363636365
6.012727272727273
6.572727272727272
6.876818181818181
7.1000000000000005
6.853478260869565
6.675652173913043
6.348695652173913
6.816521739130435
7.07304347826087
6.242608695652175
6.0486956521739135
6.808695652173912
7.307826086956522
6.669130434782609
6.326956521739131
6.153478260869565
7.015217391304348
7.066521739130435
7.133478260869565
7.357391304347826
6.586086956521739
6.451739130434783
7.207826086956522
8.097826086956522
8.708695652173914
9.350434782608696
9.299130434782608
9.014347826086958
8.51695652173913
8.801304347826088
8.855217391304347
8.788695652173914
8.767826086956521
9.030869565217392
9.067391304347826
9.139130434782608
9.298695652173913
9.35
9.252173913043478
9.569999999999999
9.43
9.475652173913044
9.716956521739132
9.819565217391304
9.579565217391306
9.28608695652174
9.508695652173913
9.94
10.076521739130435
10.05913043478261
9.942608695652174
10.221739130434782
10.504347826086956
10.422173913043478
10.618260869565217
11.075652173913044
11.121739130434783
10.972608695652173
10.827391304347826
10.833913043478262
11.055217391304348
11.374782608695652
11.631304347826086
11.984782608695651
12.351304347826087
12.541304347826086
12.279565217391305
11.80913043478261
11.858695652173912
12.431304347826087
12.561739130434784
12.47304347826087
12.923913043478262
12.759565217391305
12.573478260869566
12.25695652173913
12.370869565217392
12.364782608695652
12.587391304347825
13.210869565217392
13.873478260869565
13.787826086956523
13.85608695652174
13.637391304347828
12.971739130434784
13.181739130434783
13.430869565217392
13.417826086956522
13.64
14.005217391304347
13.781739130434783
14.20695652173913
14.365652173913045
14.341739130434783
14.519130434782609
14.757826086956522
14.77608695652174
14.84391304347826
14.422173913043478
14.338695652173914
14.606521739130434
14.42304347826087
14.484782608695651
14.821304347826086
14.619130434782608
14.78391304347826
14.403478260869564
14.741739130434782
14.894347826086957
15.033478260869565
14.814347826086957
15.14391304347826
15.533478260869565
15.364347826086956
14.875217391304348
14.908695652173913
15.490869565217393
15.38304347826087
15.355652173913043
15.434782608695652
15.619565217391305
15.42695652173913
15.641739130434782
15.380434782608695
15.41391304347826
15.769565217391303
15.636086956521739
15.668695652173913
15.493913043478262
15.64391304347826
15.461304347826088
15.204782608695652
14.935652173913043
15.241304347826087
15.040000000000001
15.432173913043478
15.021739130434783
14.734782608695651
14.97173913043478
15.07391304347826
14.804782608695652
14.996956521739131
14.814347826086957
15.222173913043479
15.208260869565219
14.869565217391305
14.571739130434782
14.35608695652174
13.821739130434782
13.847826086956522
13.879565217391304
13.441739130434783
13.397391304347826
13.627391304347826
13.607391304347827
13.677826086956523
13.531739130434783
13.792173913043479
13.958695652173914
13.682608695652174
13.739565217391304
13.437391304347827
13.293478260869565
13.216956521739132
12.867391304347825
13.297391304347828
13.502608695652174
12.992173913043478
12.60608695652174
12.147391304347826
11.84695652173913
11.67086956521739
11.614347826086956
12.050869565217392
12.332608695652173
12.508260869565218
12.570869565217391
12.128695652173912
11.718260869565217
11.358695652173912
11.28086956521739
11.333478260869565
11.460434782608697
11.938695652173912
11.983478260869566
12.031304347826088
12.004545454545456
11.125909090909092
11.039545454545454
10.16
10.131818181818183
10.224545454545455
10.171818181818182
10.767727272727273
10.627272727272727
10.355
10.161363636363637
9.935
9.72
9.778636363636364
9.655454545454544
9.127727272727272
8.924090909090909
8.499545454545455
8.703636363636363
8.049545454545454
8.85
8.97090909090909
8.801363636363636
8.952272727272726
9.025
9.142272727272728
9.100454545454546
8.552727272727273
7.909090909090909
8.591363636363637
8.643636363636363
8.126363636363637
7.638636363636365
7.915
7.33909090909091
7.530454545454546
6.989090909090908
7.105909090909091
7.3531818181818185
6.275
6.532727272727272
6.912727272727273
6.890454545454546
6.755909090909091
6.504090909090909
6.428636363636364
5.858636363636364
5.706363636363637
5.508181818181819
5.125909090909091
5.259090909090909
5.130454545454546
4.53
4.653636363636363
5.357272727272727
4.8
5.418636363636364
5.544545454545454
5.104090909090909
4.881363636363637
4.755
4.38909090909091
4.48590909090909
4.442272727272727
4.218636363636364
4.309545454545455
4.254545454545454
3.9204545454545454
3.7954545454545454
4.252272727272727
4.547727272727273
4.115454545454546
4.02
4.176363636363636
3.645
3.455
3.6363636363636362
3.2186363636363637
2.7618181818181817
2.5931818181818183
1.5986363636363636
2.6786363636363637
3.2413636363636367
4.113181818181818
4.299545454545455
3.3313636363636365
2.6727272727272724
2.555454545454545
2.085
2.112727272727273
2.888181818181818
3.0504545454545453
