pet
0.3634782608695652
0.29347826086956524
0.43217391304347824
0.3308695652173913
0.1617391304347826
0.3647826086956522
0.3017391304347826
0.22173913043478263
0.20652173913043478
0.29
0.34
0.3630434782608695
0.331304347826087
0.3234782608695652
0.20434782608695654
0.26173913043478264
0.34043478260869564
0.2669565217391305
0.34
0.20608695652173914
0.31347826086956526
0.3347826086956522
0.3056521739130435
0.4652173913043478
0.2708695652173913
0.3556521739130435
0.32130434782608697
0.29347826086956524
0.28608695652173916
0.34695652173913044
0.4156521739130435
0.3795652173913044
0.3804347826086957
0.2608695652173913
0.3552173913043478
0.44826086956521743
0.39565217391304347
0.528695652173913
0.4747826086956522
0.3895652173913044
0.5260869565217391
0.42782608695652175
0.35782608695652174
0.5134782608695653
0.5008695652173912
0.44173913043478263
0.4986956521739131
0.348695652173913
0.4047826086956522
0.5265217391304348
0.47347826086956524
0.4934782608695652
0.5926086956521739
0.5956521739130435
0.5639130434782609
0.5108695652173914
0.6434782608695653
0.6039130434782609
0.6352173913043478
0.697391304347826
0.7273913043478261
0.8534782608695651
0.7726086956521739
0.7491304347826088
0.751304347826087
0.7169565217391304
0.84
0.822608695652174
0.6878260869565217
0.7626086956521739
0.9239130434782609
0.8156521739130436
0.8917391304347827
0.9126086956521738
0.8160869565217391
0.9752173913043478
1.048695652173913
0.9347826086956522
0.9582608695652174
1.0756521739130434
1.1617391304347826
1.1791304347826088
1.1526086956521737
1.2695652173913043
1.147391304347826
1.1956521739130435
1.2191304347826086
1.2665217391304346
1.2065217391304348
1.1569565217391304
1.1509090909090909
1.1986363636363637
1.3354545454545454
1.36
1.315909090909091
1.4227272727272728
1.4304545454545454
1.3713636363636363
1.5663636363636364
1.5313636363636363
1.55
1.6031818181818183
1.6590909090909092
1.9618181818181817
1.8072727272727271
1.815
1.6940909090909093
1.6372727272727274
1.7395454545454547
1.8345454545454545
1.7622727272727274
1.9236363636363636
1.8704545454545454
1.9386363636363635
1.9436363636363636
1.9495454545454545
2.002272727272727
1.9913636363636364
1.8254545454545452
1.8254545454545452
1.9772727272727273
2.2677272727272726
2.1795454545454547
2.2581818181818183
2.1213636363636366
2.192727272727273
2.2504545454545455
2.3222727272727273
2.2245454545454546
2.222272727272727
2.182272727272727
2.3249999999999997
2.518181818181818
2.6686363636363635
2.7122727272727274
2.666818181818182
2.5931818181818183
2.5118181818181817
2.6504545454545454
2.558181818181818
2.4313636363636366
2.6422727272727276
2.390909090909091
2.632727272727273
2.6427272727272726
2.661363636363636
2.705909090909091
2.705
2.566818181818182
2.5481818181818183
2.731818181818182
2.6768181818181818
2.5636363636363635
2.6836363636363636
2.846363636363636
2.4131818181818185
2.5377272727272726
2.7427272727272727
2.7077272727272725
2.6559090909090908
2.6463636363636365
2.5481818181818183
2.659090909090909
2.895
2.8736363636363635
2.9572727272727275
2.9299999999999997
2.6077272727272724
2.7590909090909093
2.7322727272727274
3.069090909090909
2.89
3.0768181818181817
2.7486363636363635
2.803181818181818
2.619090909090909
2.865
2.75
2.7395454545454547
2.9990909090909095
3.0086363636363633
3.0231818181818184
2.881818181818182
3.415909090909091
3.027272727272727
3.0527272727272727
3.411818181818182
3.24
2.9740909090909087
2.945909090909091
2.7809090909090908
3.033181818181818
2.7931818181818184
2.934090909090909
2.8154545454545454
2.848181818181818
2.898181818181818
2.9268181818181818
2.851818181818182
2.6972727272727273
2.805
2.7327272727272724
2.640909090909091
2.670909090909091
2.5595454545454546
3.044545454545455
2.7554545454545454
2.7813636363636363
2.7395454545454547
3.0204545454545455
2.6963636363636363
2.6163636363636367
2.846818181818182
2.8736363636363635
2.6495454545454544
2.731363636363636
2.5727272727272728
2.5845454545454545
2.286818181818182
2.475
2.416363636363636
2.5031818181818184
2.472272727272727
2.4272727272727272
2.3795454545454544
2.3236363636363637
2.6586363636363637
2.7713636363636365
2.4059090909090908
2.111818181818182
2.2772727272727273
2.571818181818182
2.345
2.3368181818181815
2.199090909090909
2.166363636363636
2.0595454545454546
2.248181818181818
2.288181818181818
2.0786363636363636
2.010909090909091
2.077272727272727
1.883181818181818
1.8659090909090907
1.983181818181818
2.0336363636363637
2.057272727272727
1.9772727272727273
1.95
1.8409090909090908
1.8731818181818183
1.8550000000000002
1.8168181818181817
1.7404545454545455
1.737727272727273
1.6536363636363638
1.51
1.4395454545454545
1.4804545454545455
1.3813636363636363
1.3054545454545454
1.3395454545454546
1.464090909090909
1.2672727272727273
1.3677272727272727
1.205909090909091
1.2159090909090908
1.089090909090909
1.053181818181818
1.0722727272727273
1.0409090909090908
1.0190909090909093
0.9668181818181818
1.1334782608695653
1.0908695652173912
0.9417391304347826
0.9091304347826087
0.9208695652173913
0.9769565217391304
0.9691304347826086
0.9504347826086956
0.7760869565217392
0.738695652173913
0.8943478260869565
0.7078260869565218
0.7404347826086957
0.6869565217391305
0.6317391304347826
0.6865217391304348
0.7417391304347826
0.6808695652173913
0.7091304347826086
0.6508695652173914
0.6230434782608696
0.6752173913043478
0.5708695652173913
0.6417391304347826
0.5521739130434782
0.42217391304347823
0.5073913043478261
0.4908695652173913
0.5378260869565217
0.43130434782608695
0.41434782608695647
0.3673913043478261
0.33217391304347826
0.4665217391304348
0.4543478260869565
0.4426086956521739
0.41739130434782606
0.3521739130434782
0.31956521739130433
0.5526086956521739
0.43086956521739134
0.3456521739130435
0.4230434782608696
0.5056521739130435
0.35695652173913045
0.42608695652173917
0.2373913043478261
0.4108695652173914
0.2791304347826087
0.3869565217391305
0.2821739130434783
0.26608695652173914
0.42869565217391303
0.21956521739130433
0.43434782608695655
0.42043478260869566
0.27956521739130435
0.2417391304347826
0.21043478260869564
0.2543478260869565
0.13695652173913042
0.18956521739130436
0.2473913043478261
0.2643478260869565
0.22304347826086957
0.1856521739130435
0.2534782608695652
0.29869565217391303
0.17956521739130435
0.21869565217391304
0.2252173913043478
0.24478260869565216
0.3317391304347826
0.2504347826086956
0.23347826086956522
0.21043478260869564
0.22608695652173913
0.3234782608695652
0.29739130434782607
0.23826086956521741
0.29434782608695653
0.2534782608695652
0.17565217391304347
0.30043478260869566
0.20652173913043478
0.22782608695652176
0.1965217391304348
0.28478260869565214
0.23304347826086957
0.2578260869565217
0.2734782608695652
0.20434782608695654
