temperature
3.533913043478261
3.5660869565217395
3.361304347826087
3.680434782608696
3.9882608695652175
4.37
3.2595652173913043
3.7973913043478262
4.184782608695652
3.9556521739130437
3.526521739130435
2.692608695652174
2.3808695652173912
2.425217391304348
3.342608695652174
3.5408695652173914
2.9499999999999997
2.456086956521739
3.1552173913043475
3.3056521739130433
3.9086956521739133
4.140434782608696
4.181739130434783
4.076521739130435
3.6565217391304343
3.4899999999999998
3.196521739130435
3.2982608695652176
3.319130434782609
2.8869565217391306
2.847391304347826
3.1495652173913045
3.4773913043478264
3.8417391304347825
3.8526086956521737
4.2269565217391305
4.544782608695653
4.441304347826088
4.089130434782609
3.5473913043478262
2.9356521739130432
2.725217391304348
2.965652173913043
2.7256521739130433
2.1030434782608696
1.914782608695652
1.9739130434782608
2.577391304347826
2.766086956521739
2.9213043478260867
2.8465217391304347
3.4782608695652173
3.936086956521739
4.001739130434783
4.044347826086956
3.2247826086956524
3.721304347826087
3.7917391304347823
4.065217391304348
4.52
4.743913043478261
4.7873913043478264
4.611304347826087
4.760869565217392
5.002173913043478
5.495217391304348
5.447826086956522
5.309565217391304
5.6839130434782605
5.993913043478261
5.587826086956523
5.685217391304348
5.497391304347826
5.6286956521739135
5.2269565217391305
5.828695652173913
5.910434782608696
6.035652173913043
5.7843478260869565
5.895217391304348
5.891739130434782
5.662608695652175
5.996086956521739
6.43304347826087
5.943043478260869
6.331304347826087
6.05913043478261
6.06
6.335217391304348
6.270434782608696
7.26409090909091
7.006818181818182
5.950454545454545
5.79090909090909
5.907727272727272
6.013636363636365
6.527727272727272
6.40090909090909
6.430454545454546
6.843636363636364
7.267272727272727
7.760454545454545
7.482727272727273
7.678636363636364
7.994545454545454
8.242272727272727
7.65409090909091
7.6468181818181815
8.351818181818182
8.289545454545454
8.197272727272727
9.062727272727273
8.572727272727272
7.9390909090909085
8.032272727272728
7.879545454545454
7.954090909090909
7.930000000000001
8.172727272727274
8.517272727272728
8.860454545454546
8.677727272727273
9.067272727272726
9.228181818181818
9.48090909090909
9.793636363636365
10.041363636363636
10.744545454545454
10.223636363636363
10.187727272727273
10.546818181818182
10.396363636363636
11.182272727272727
10.92090909090909
11.239090909090908
11.124545454545455
11.09909090909091
11.155
11.384090909090908
12.075454545454544
11.873636363636365
11.640909090909092
12.051363636363636
12.082272727272727
12.227272727272727
12.333181818181817
12.226818181818182
11.717727272727274
11.94681818181818
12.070454545454545
12.331363636363637
12.84590909090909
12.793181818181818
13.006818181818181
12.811363636363637
12.807727272727272
12.911363636363637
12.920454545454545
13.13
13.297272727272729
13.14909090909091
13.207272727272727
13.343636363636364
13.495
13.849545454545455
13.577272727272726
13.93409090909091
14.050454545454546
13.486363636363636
14.344090909090909
14.366818181818182
14.297272727272729
14.34772727272727
14.169545454545455
14.273636363636363
14.661363636363637
15.011818181818182
14.770454545454545
14.700454545454546
14.936818181818182
15.237727272727273
15.392727272727273
15.493636363636364
15.370454545454544
15.893181818181818
16.607727272727274
16.58590909090909
16.487727272727273
16.813181818181818
16.47590909090909
16.423181818181817
16.538181818181815
16.053636363636365
16.581818181818182
16.37363636363636
16.68136363636364
16.132272727272728
15.939545454545454
15.833636363636362
15.968636363636364
16.507727272727273
16.094545454545454
16.081818181818182
16.123636363636365
15.82409090909091
16.149545454545457
16.597272727272728
16.610454545454544
16.847272727272728
17.007272727272728
17.112272727272725
16.899545454545457
16.38909090909091
16.419545454545457
16.72681818181818
16.413636363636364
16.286363636363635
16.30636363636364
15.694545454545455
16.222727272727273
16.450454545454548
16.298636363636362
16.15818181818182
16.245
16.468636363636364
16.972272727272728
17.18
16.394545454545455
15.945
15.865909090909092
16.063636363636363
16.407272727272726
16.31409090909091
16.240454545454547
15.139090909090909
15.494545454545454
15.556818181818182
15.743181818181819
15.14590909090909
15.518636363636364
15.697727272727274
15.427272727272726
14.663181818181819
15.253181818181817
14.903636363636364
14.793636363636363
14.510454545454547
14.548181818181819
14.188636363636363
14.328636363636365
14.532272727272726
14.414090909090909
14.264999999999999
13.68409090909091
13.860909090909091
13.274090909090908
12.905454545454546
13.230454545454545
13.457727272727272
13.717272727272729
13.402727272727274
12.94590909090909
13.010454545454547
13.082727272727272
12.75090909090909
13.042727272727273
12.74409090909091
12.453636363636365
12.452272727272726
12.412727272727272
12.45
12.409999999999998
12.468181818181819
12.119565217391305
11.799130434782608
11.704782608695652
11.863913043478261
11.522608695652172
11.248260869565216
11.024782608695652
10.610869565217392
11.377391304347826
11.34695652173913
10.81391304347826
10.747826086956522
10.411739130434782
9.627391304347826
9.854782608695652
9.311304347826086
9.246086956521738
9.607391304347827
10.057391304347826
9.490869565217391
8.849565217391303
8.85
8.87695652173913
9.311304347826086
9.128260869565217
9.148260869565217
9.23391304347826
8.757391304347827
8.138695652173913
8.558695652173913
9.045652173913044
8.80695652173913
8.758695652173913
8.417391304347825
7.480434782608696
7.296956521739131
6.672173913043479
7.3908695652173915
7.970434782608695
7.5200000000000005
7.331304347826087
7.590869565217392
6.461304347826086
5.924782608695652
5.369130434782608
5.694347826086957
5.769130434782609
5.671304347826087
6.235652173913044
6.00695652173913
5.115217391304348
4.822173913043478
5.229130434782609
5.810434782608695
5.792608695652174
5.711739130434783
4.9708695652173915
4.625652173913044
4.334782608695653
3.9030434782608694
3.92304347826087
4.541304347826087
4.855652173913044
5.178695652173913
5.337826086956522
5.333043478260869
4.797391304347826
4.721739130434782
4.089565217391304
3.8517391304347828
3.5417391304347823
3.8460869565217393
3.8369565217391304
3.83
4.373043478260869
4.930434782608695
4.600869565217391
4.591304347826087
4.360869565217391
4.205217391304347
4.469130434782609
5.2043478260869565
4.512173913043478
4.771739130434782
4.781304347826087
4.789130434782609
4.587391304347826
4.677391304347826
4.5865217391304345
4.616521739130435
3.6182608695652174
3.289565217391304
