temperature
3.3476470588235294
2.7847058823529416
2.942941176470588
2.883529411764706
3.2699999999999996
2.9941176470588236
3.3147058823529414
2.5670588235294116
2.7588235294117647
2.86
2.9505882352941173
3.555294117647059
3.324705882352941
2.885294117647059
3.8111764705882356
2.8864705882352943
2.621176470588235
3.2611764705882353
3.1576470588235295
2.813529411764706
2.802941176470588
2.8994117647058824
3.07
3.1347058823529412
3.311176470588235
3.418235294117647
3.629411764705882
3.2241176470588235
2.942941176470588
2.8035294117647056
3.133529411764706
3.0617647058823527
2.9505882352941177
3.2823529411764705
3.222352941176471
2.8958823529411766
2.698235294117647
2.4752941176470586
2.3435294117647056
2.592941176470588
2.518823529411765
3.307058823529412
2.9970588235294118
2.844705882352941
3.258235294117647
3.5676470588235296
3.378823529411765
3.2376470588235295
2.643529411764706
2.1458823529411766
2.4835294117647058
2.9094117647058826
2.7105882352941175
3.364117647058823
2.7970588235294116
3.5694117647058823
3.241764705882353
3.0952941176470588
2.8547058823529414
2.2300000000000004
2.195294117647059
2.5629411764705883
2.7905882352941176
3.0811764705882356
3.701764705882353
4.768235294117647
4.189411764705882
3.928823529411765
3.843529411764706
3.601176470588235
3.2858823529411763
3.379411764705882
4.232352941176471
4.429411764705883
4.634705882352941
5.241176470588235
4.271176470588236
3.915882352941177
4.361176470588235
4.564705882352941
4.535294117647059
4.36
4.347647058823529
4.601764705882353
4.628235294117648
4.659411764705883
4.495294117647059
4.46235294117647
4.982941176470588
5.584705882352941
5.677058823529412
5.718235294117647
5.665294117647059
5.132941176470588
5.496470588235294
5.3094117647058825
4.881764705882353
5.167058823529412
6.17
6.250588235294118
5.528823529411765
5.288823529411765
5.357647058823529
6.220000000000001
6.1776470588235295
5.655294117647059
5.883529411764705
5.355294117647058
5.645294117647059
5.991764705882353
7.161176470588236
7.581176470588235
7.496470588235294
7.560588235294118
7.225294117647059
6.705294117647059
6.7435294117647056
7.026470588235294
7.175882352941176
6.995294117647059
7.035882352941177
7.2047058823529415
7.341764705882353
7.958235294117647
8.226470588235294
7.916470588235293
8.284117647058824
8.615882352941176
8.58764705882353
8.62
8.24470588235294
8.137058823529413
8.394117647058822
8.397058823529411
8.329411764705881
8.487647058823528
8.625294117647059
8.051764705882352
8.578823529411764
8.964117647058822
8.695882352941176
8.965294117647058
8.811176470588235
8.980588235294118
8.93
9.155882352941177
9.26705882352941
9.384705882352941
9.25
9.593529411764706
9.881764705882354
10.592941176470589
10.798823529411763
10.559411764705882
10.156470588235294
10.018235294117646
10.218235294117648
10.439411764705882
10.63764705882353
11.061176470588235
11.082941176470587
10.701764705882354
10.196470588235295
10.258235294117648
10.395294117647058
10.544117647058824
10.969411764705882
11.359411764705882
11.24
10.925882352941176
10.79529411764706
10.76705882352941
11.078823529411764
11.312941176470588
11.112941176470587
11.533529411764706
12.155882352941177
11.465882352941176
11.564117647058824
11.953529411764706
12.143529411764705
12.618235294117646
12.64235294117647
12.602352941176472
12.784705882352942
12.558235294117647
12.248823529411764
12.34235294117647
12.13529411764706
12.264117647058825
12.24470588235294
12.318823529411766
11.942941176470589
11.696470588235295
11.776470588235293
12.367058823529412
12.567058823529413
13.045882352941177
12.91294117647059
12.730588235294118
12.56764705882353
12.270588235294117
12.73
13.258823529411766
13.155294117647058
13.043529411764707
13.020588235294117
12.874705882352941
12.699411764705882
12.867058823529412
12.810588235294118
12.736470588235294
13.255882352941176
13.321176470588236
13.34
13.471176470588235
13.323529411764707
13.17470588235294
12.455294117647059
12.297058823529412
12.718235294117648
12.285882352941176
12.17764705882353
12.487647058823528
12.946470588235295
12.887058823529411
12.440000000000001
12.253529411764706
12.399411764705881
12.08764705882353
12.163529411764706
12.155882352941177
12.246470588235294
11.82764705882353
12.14
11.944117647058825
11.751764705882353
11.800588235294118
11.509411764705883
11.755882352941176
11.652941176470588
11.598823529411765
11.711176470588235
11.451176470588235
12.052941176470588
11.963529411764705
12.244117647058824
12.193529411764706
11.43235294117647
11.115882352941176
11.180588235294117
11.197058823529412
11.934117647058823
11.852352941176472
11.714117647058822
11.598823529411765
10.599411764705883
10.311176470588235
10.315882352941177
10.16529411764706
10.294705882352941
10.377058823529412
10.727058823529413
11.076470588235296
10.709411764705882
10.006470588235294
10.00529411764706
10.302941176470588
9.782941176470588
10.299999999999999
10.870588235294118
10.531176470588235
10.448823529411765
10.040000000000001
9.709411764705882
9.504117647058823
8.555882352941175
8.940588235294118
8.701764705882354
8.66
9.122941176470588
9.078235294117647
8.362941176470587
8.328235294117647
8.23294117647059
8.735294117647058
9.033529411764706
8.428823529411764
7.483529411764706
7.419411764705882
7.440588235294118
7.2
6.905294117647059
7.582352941176471
7.91
7.340588235294118
7.392352941176471
7.77470588235294
7.805882352941175
7.911176470588236
7.668235294117646
7.187058823529411
7.625294117647059
7.224705882352941
6.435882352941176
6.36529411764706
6.4005882352941175
6.124705882352941
6.01235294117647
5.7429411764705875
6.675882352941177
6.06764705882353
5.372941176470588
6.119411764705882
6.355882352941176
6.122941176470588
5.644705882352941
6.094117647058823
5.855882352941176
5.12764705882353
4.695294117647059
4.813529411764706
5.014705882352941
5.462941176470588
5.128823529411765
4.2700000000000005
4.632352941176471
5.312941176470588
4.425294117647059
5.095882352941176
5.361764705882353
4.588235294117647
4.078235294117647
4.368235294117647
3.527647058823529
3.570588235294118
3.6147058823529408
3.5641176470588234
3.5005882352941176
3.28
3.2658823529411762
3.8094117647058825
4.854117647058823
4.822941176470588
3.666470588235294
2.6811764705882353
3.472941176470588
4.0200000000000005
3.5035294117647062
3.176470588235294
2.698235294117647
1.6241176470588237
1.3882352941176472
1.5452941176470587
2.8776470588235297
3.1947058823529413
3.9476470588235295
3.69
2.6394117647058826
2.3658823529411763
1.9799999999999998
1.288235294117647
1.5147058823529411
2.330588235294118
3.021764705882353
