pet
0.19727272727272727
0.21909090909090911
0.30727272727272725
0.26227272727272727
0.1890909090909091
0.19727272727272727
0.2772727272727273
0.21681818181818183
0.27136363636363636
0.29863636363636364
0.28500000000000003
0.35000000000000003
0.26681818181818184
0.2863636363636364
0.29545454545454547
0.2281818181818182
0.2727272727272727
0.23772727272727276
0.29772727272727273
0.28
0.27136363636363636
0.2822727272727273
0.2531818181818182
0.32545454545454544
0.3040909090909091
0.3240909090909091
0.3418181818181818
0.37454545454545457
0.3154545454545455
0.34545454545454546
0.3572727272727273
0.38090909090909086
0.3977272727272727
0.40090909090909094
0.4090909090909091
0.38272727272727275
0.42863636363636365
0.4190909090909091
0.48227272727272724
0.46545454545454545
0.3936363636363636
0.3940909090909091
0.43454545454545457
0.43818181818181823
0.44681818181818184
0.5231818181818182
0.5140909090909092
0.405
0.4495454545454546
0.535
0.5668181818181819
0.5831818181818181
0.6204545454545455
0.6190909090909091
0.5713636363636364
0.6245454545454545
0.645909090909091
0.644090909090909
0.6595454545454545
0.6627272727272727
0.7363636363636363
0.6222727272727272
0.7254545454545455
0.7509090909090909
0.799090909090909
0.805
0.8340909090909091
0.8354545454545454
0.9254545454545454
0.9
0.9131818181818182
0.9227272727272727
0.8886363636363637
0.8981818181818183
0.8718181818181818
0.9686363636363636
1.011818181818182
1.0695454545454546
0.9581818181818181
1.0413636363636363
0.9768181818181817
1.0568181818181819
0.979090909090909
1.0122727272727272
1.1036363636363637
1.1036363636363637
1.1295454545454546
1.2172727272727273
1.115
1.2777272727272726
1.3117391304347827
1.3517391304347826
1.1795652173913043
1.2721739130434784
1.423913043478261
1.4934782608695654
1.367391304347826
1.4339130434782608
1.3817391304347826
1.5939130434782607
1.4495652173913045
1.4486956521739132
1.44
1.5352173913043479
1.567391304347826
1.6921739130434783
1.6365217391304347
1.5530434782608695
1.577391304347826
1.6869565217391302
1.7173913043478262
1.5939130434782607
1.7878260869565217
1.747391304347826
1.6578260869565218
1.7239130434782608
1.7969565217391303
1.7560869565217392
1.9808695652173913
1.8686956521739133
1.9678260869565216
2.03
2.1791304347826084
2.1182608695652174
1.9486956521739132
2.0782608695652174
2.137826086956522
2.121304347826087
2.1434782608695655
2.097826086956522
2.1639130434782605
2.1417391304347824
2.0869565217391304
2.1673913043478263
2.0556521739130433
2.0386956521739132
2.0369565217391306
2.2469565217391305
2.2073913043478264
2.0817391304347828
2.27
2.322608695652174
2.5478260869565217
2.601304347826087
2.5304347826086957
2.4617391304347827
2.1882608695652173
2.3660869565217393
2.3530434782608696
2.5365217391304347
2.733913043478261
2.5404347826086955
2.40695652173913
2.5243478260869567
2.257391304347826
2.466521739130435
2.3069565217391306
2.617391304347826
2.5604347826086955
2.587391304347826
2.59
2.6043478260869564
2.3978260869565218
2.3286956521739133
2.4369565217391305
2.426521739130435
2.5252173913043476
2.592173913043478
2.5843478260869563
2.5760869565217392
2.851304347826087
2.621304347826087
2.523913043478261
2.6108695652173917
2.549130434782609
2.447391304347826
2.7421739130434784
2.5591304347826087
2.7882608695652173
2.740869565217391
2.422608695652174
2.5226086956521736
2.476086956521739
2.5186956521739132
2.462608695652174
2.572608695652174
2.369565217391304
2.4747826086956524
2.4991304347826087
2.7304347826086954
2.498695652173913
2.6439130434782605
2.539565217391304
2.61304347826087
2.6665217391304346
2.6943478260869567
2.773913043478261
2.5669565217391304
2.6308695652173912
2.4304347826086956
2.4482608695652175
2.4678260869565216
2.6208695652173915
2.5443478260869563
2.595652173913044
2.486086956521739
2.4613043478260868
2.6208695652173915
2.3882608695652174
2.3286956521739133
2.4704347826086956
2.2895652173913046
2.1934782608695653
2.382608695652174
2.4956521739130433
2.277391304347826
2.337391304347826
2.2356521739130435
2.130434782608696
2.2504347826086954
2.25
1.9743478260869565
2.0052173913043476
2.0191304347826087
2.0591304347826087
1.896086956521739
2.232608695652174
2.1639130434782605
2.163913043478261
1.8800000000000001
2.0739130434782607
2.0330434782608693
2.030869565217391
2.1230434782608696
1.835217391304348
1.8478260869565217
1.7508695652173911
1.8434782608695652
1.854782608695652
1.8282608695652172
1.942608695652174
1.727391304347826
1.6595652173913045
1.6843478260869567
1.7078260869565218
1.5378260869565217
1.713913043478261
1.5734782608695652
1.498695652173913
1.605217391304348
1.5256521739130435
1.4921739130434784
1.5269565217391303
1.4143478260869566
1.421304347826087
1.421304347826087
1.4039130434782607
1.3091304347826087
1.2856521739130435
1.2565217391304346
1.2
1.2030434782608697
1.1995652173913043
1.2478260869565219
1.2539130434782608
1.132608695652174
1.0682608695652174
1.0047826086956522
1.0434782608695652
0.928695652173913
0.981304347826087
0.9452173913043478
0.9500000000000001
0.9745454545454545
0.8568181818181819
0.9481818181818181
0.9740909090909091
0.9368181818181818
0.9159090909090909
0.8795454545454546
0.7854545454545455
0.8109090909090909
0.855
0.7400000000000001
0.6622727272727272
0.5768181818181818
0.5490909090909091
0.5313636363636364
0.5604545454545454
0.6181818181818182
0.6495454545454545
0.5995454545454545
0.5704545454545454
0.5245454545454545
0.5036363636363637
0.48363636363636364
0.5363636363636364
0.6186363636363637
0.5959090909090908
0.59
0.5395454545454546
0.45909090909090905
0.4990909090909091
0.4977272727272728
0.46090909090909093
0.4190909090909091
0.425
0.3559090909090909
0.3522727272727273
0.3613636363636364
0.36
0.3304545454545455
0.3513636363636364
0.26
0.33818181818181814
0.3068181818181818
0.3227272727272727
0.3331818181818182
0.23045454545454547
0.24954545454545454
0.26636363636363636
0.28454545454545455
0.20363636363636364
0.2509090909090909
0.23545454545454544
0.17272727272727273
0.23454545454545456
0.2381818181818182
0.23590909090909087
0.22727272727272727
0.23045454545454547
0.20590909090909093
0.2168181818181818
0.25045454545454543
0.23272727272727273
0.17954545454545456
0.25136363636363634
0.2090909090909091
0.2727272727272727
0.26227272727272727
0.28545454545454546
0.2259090909090909
0.23409090909090907
0.2540909090909091
0.17272727272727273
0.16272727272727272
0.18
0.25363636363636366
0.2440909090909091
0.23136363636363635
0.23454545454545456
0.1290909090909091
0.14363636363636365
0.1668181818181818
0.21181818181818182
0.1668181818181818
0.1659090909090909
0.28818181818181815
0.22363636363636363
0.1809090909090909
0.1731818181818182
0.1731818181818182
0.15681818181818183
0.1668181818181818
0.18863636363636366
