temperature
4.852173913043478
4.884782608695652
4.862608695652174
5.160869565217391
5.538260869565217
5.753043478260869
4.803913043478261
5.257391304347826
5.409130434782608
4.9534782608695656
4.683913043478261
3.8721739130434782
3.61
3.842608695652174
4.5230434782608695
4.699565217391305
4.256086956521739
3.832173913043478
4.501304347826087
4.854782608695652
5.272173913043478
5.340434782608695
5.602173913043478
5.3447826086956525
4.990434782608696
4.778260869565217
4.851739130434782
4.9791304347826095
4.650434782608696
4.059130434782609
3.9526086956521738
4.495652173913044
4.833913043478261
5.065652173913044
4.964347826086956
5.417826086956522
5.660869565217391
5.653478260869565
5.101739130434782
4.614347826086957
3.998695652173913
3.9669565217391307
4.3078260869565215
4.062173913043478
3.465652173913043
3.1647826086956523
3.1908695652173913
3.745217391304348
3.8773913043478263
4.008695652173913
4.150434782608696
4.6326086956521735
4.923478260869565
5.171304347826087
4.986086956521739
4.037826086956522
4.587391304347826
5.101739130434782
5.2617391304347825
5.5947826086956525
5.820434782608696
5.702608695652174
5.55304347826087
5.4573913043478255
5.849565217391304
6.345652173913043
5.957391304347826
6.159565217391304
6.366086956521738
6.632608695652174
6.164782608695652
6.380869565217391
6.243913043478261
6.48391304347826
6.092173913043479
6.515652173913044
6.357391304347826
6.524347826086957
6.328695652173913
6.4543478260869565
6.687826086956521
6.420869565217392
6.65304347826087
7.085217391304348
6.766521739130434
7.138260869565218
6.887391304347826
6.777826086956522
7.209130434782609
7.105652173913044
7.507272727272727
7.524545454545454
6.57590909090909
6.395909090909091
6.496363636363636
6.680909090909091
7.276363636363637
7.26409090909091
7.195454545454546
7.4409090909090905
7.788636363636363
8.23409090909091
8.382727272727273
8.388181818181819
8.521363636363636
8.908181818181818
8.299545454545454
8.143181818181818
8.985454545454546
8.745454545454546
8.718636363636364
9.541818181818183
9.459090909090909
8.939545454545454
8.84909090909091
8.499090909090908
8.865909090909092
8.772272727272728
8.857727272727272
8.968636363636364
9.436818181818182
9.17
9.648636363636363
9.819545454545455
9.998181818181818
10.30318181818182
10.246363636363636
10.711818181818181
10.509090909090908
10.430454545454545
10.946363636363635
10.871818181818183
11.325909090909091
11.542727272727273
11.549090909090909
11.274545454545454
11.679545454545455
11.84772727272727
11.922272727272729
12.607727272727272
12.390454545454547
12.172727272727274
12.407727272727273
12.556363636363637
12.914090909090909
12.785454545454543
12.84681818181818
12.2
12.512272727272727
12.560454545454546
12.712272727272728
12.80090909090909
12.982727272727272
13.381363636363636
13.016363636363637
13.051363636363636
12.987727272727273
13.002727272727272
13.258636363636363
13.723636363636365
13.288636363636364
13.563636363636363
13.735000000000001
13.576363636363636
14.034090909090908
14.084545454545456
14.315454545454545
14.265454545454547
13.918181818181818
14.59909090909091
14.799090909090909
14.793636363636363
14.952272727272726
14.693636363636363
14.67681818181818
15.014545454545454
15.231818181818182
15.119545454545454
14.996363636363638
15.240454545454547
15.500454545454545
15.352727272727272
15.569545454545453
15.617272727272727
16.304545454545455
17.048636363636362
16.738636363636363
16.640454545454546
16.822727272727274
16.64409090909091
16.620454545454546
16.636363636363637
16.607727272727274
16.849999999999998
16.46
16.805
16.349545454545453
15.97409090909091
16.14
16.24681818181818
16.841363636363635
16.614545454545453
16.355454545454545
16.31
16.22909090909091
16.383636363636363
16.837727272727275
16.825909090909093
17.085454545454546
17.098181818181818
17.26681818181818
16.96227272727273
16.416363636363638
16.452727272727273
16.943181818181817
16.285
16.314545454545456
16.21090909090909
16.048636363636362
16.206818181818182
16.617727272727272
16.455
16.276363636363637
16.452727272727273
16.470454545454547
16.786363636363635
17.099545454545453
16.44181818181818
16.127727272727274
16.007727272727273
16.24318181818182
16.555454545454545
16.511363636363637
16.650000000000002
15.681818181818182
15.997727272727273
16.068181818181817
16.203181818181818
15.95409090909091
15.902727272727274
15.763636363636364
15.501818181818182
15.29590909090909
15.443636363636363
15.212272727272728
15.05090909090909
14.685454545454546
14.838181818181818
14.626818181818182
14.800454545454546
14.981818181818182
14.92818181818182
14.615909090909092
14.140909090909092
14.282272727272726
13.926363636363636
13.453636363636365
13.993181818181819
13.993181818181819
14.142727272727273
13.858181818181817
13.691818181818183
13.407272727272726
13.572727272727274
13.098636363636365
13.406818181818181
13.272272727272728
13.335454545454546
12.992272727272727
13.068181818181818
13.058636363636365
12.851363636363637
12.922272727272729
12.726086956521739
12.26304347826087
12.413478260869566
12.503043478260869
12.218260869565217
11.79695652173913
11.886521739130433
11.313913043478262
11.96391304347826
12.005217391304347
11.408260869565217
11.336521739130434
10.979565217391304
10.576086956521738
10.840434782608696
10.340434782608694
10.045652173913044
10.40695652173913
10.891304347826088
10.35
10.065217391304348
9.75608695652174
9.768260869565216
9.997391304347826
9.923043478260869
10.337826086956522
10.123478260869565
9.748260869565218
9.295652173913044
9.661739130434782
10.077391304347826
10.01608695652174
9.980434782608697
9.17608695652174
8.490434782608697
8.171739130434782
7.894782608695651
8.802608695652173
9.148695652173913
8.623043478260868
8.572608695652173
8.691739130434783
7.623913043478261
7.08
6.88304347826087
7.0056521739130435
7.019565217391304
7.200869565217391
7.815217391304348
7.345217391304348
6.56
6.3539130434782605
6.5260869565217385
6.948695652173913
7.079130434782608
6.772173913043478
6.211739130434783
5.971304347826087
5.702608695652174
5.307391304347826
5.554347826086956
6.106086956521739
6.196521739130435
6.541304347826086
6.502173913043479
6.493478260869565
6.251304347826087
6.55304347826087
5.6243478260869555
5.1152173913043475
4.834347826086956
5.418260869565217
5.58
5.525652173913044
6.004782608695653
6.415652173913044
5.941304347826088
6.066521739130435
5.746956521739131
5.498695652173913
5.8326086956521745
6.511739130434783
5.722608695652174
6.151739130434783
6.221304347826087
6.027391304347826
6.039999999999999
6.041304347826086
5.593478260869565
5.716956521739131
4.935652173913043
4.690869565217391
