temperature
5.725384615384616
4.560769230769231
4.2
3.920769230769231
4.558461538461539
4.245384615384615
5.052307692307693
5.478461538461539
5.09
5.356153846153846
5.37
5.28923076923077
5.843076923076922
4.443846153846153
5.833846153846154
5.388461538461538
4.966153846153846
5.321538461538461
5.8876923076923084
5.553076923076923
4.5576923076923075
4.048461538461539
3.9153846153846152
3.476153846153846
4.297692307692308
4.399230769230769
4.317692307692308
4.050000000000001
3.8684615384615384
3.33
3.585384615384615
3.810769230769231
3.5323076923076924
3.7115384615384617
4.711538461538462
4.831538461538462
4.219230769230769
4.004615384615384
3.680769230769231
3.5
3.773076923076923
3.8946153846153844
4.6984615384615385
4.5261538461538455
4.4823076923076925
4.883846153846154
4.415384615384616
4.414615384615384
4.115384615384615
3.756153846153846
3.674615384615385
4.183076923076923
4.699230769230769
5.373076923076923
5.80076923076923
5.451538461538462
5.350769230769231
5.044615384615384
4.852307692307692
4.610769230769231
4.0661538461538465
3.8876923076923076
4.19923076923077
4.50076923076923
5.012307692307692
5.593846153846154
6.252307692307692
6.701538461538462
6.176153846153846
5.5976923076923075
5.9399999999999995
5.230769230769231
5.617692307692308
6.946153846153846
7.287692307692307
7.3684615384615375
6.598461538461539
5.946923076923077
6.362307692307693
6.553846153846154
6.417692307692308
6.1461538461538465
6.536153846153846
7.073846153846153
6.819999999999999
6.7907692307692304
7.081538461538462
7.523076923076923
8.136153846153848
8.350769230769231
8.21
8.53
7.996153846153846
7.8476923076923075
7.796923076923077
8.425384615384615
7.205384615384616
7.145384615384615
7.4
8.196923076923078
8.142307692307693
8.19923076923077
8.942307692307692
9.886923076923077
9.84153846153846
9.694615384615386
9.49846153846154
9.115384615384615
8.395384615384616
8.817692307692308
9.693076923076923
10.213846153846154
10.886923076923077
11.039230769230768
11.317692307692308
10.285384615384617
10.298461538461538
10.386923076923077
10.281538461538462
10.163076923076924
10.930769230769231
10.318461538461538
10.378461538461538
10.70923076923077
11.392307692307693
11.466923076923077
11.424615384615386
11.214615384615383
11.3
11.51076923076923
11.511538461538462
11.173076923076923
10.505384615384616
10.3
10.884615384615385
11.223846153846154
11.55
12.086923076923076
12.146923076923077
12.297692307692309
12.136923076923077
12.333076923076923
12.645384615384614
12.958461538461538
13.28076923076923
12.944615384615386
12.757692307692308
12.832307692307692
12.923076923076923
13.106923076923076
13.651538461538461
13.603846153846153
14.616153846153846
14.393846153846154
13.827692307692306
13.892307692307693
13.30153846153846
14.035384615384617
14.210769230769232
14.932307692307692
14.69076923076923
14.75076923076923
14.792307692307693
14.538461538461538
14.48923076923077
14.58
14.963846153846154
15.686923076923078
15.316153846153847
15.34153846153846
14.972307692307691
15.241538461538463
15.333846153846155
15.801538461538463
15.282307692307693
15.606153846153846
15.676923076923078
16.123846153846156
16.193846153846156
16.737692307692306
16.71846153846154
17.057692307692307
16.90153846153846
16.666923076923077
16.59923076923077
15.943076923076923
16.052307692307693
15.97923076923077
15.678461538461537
16.13923076923077
16.63307692307692
16.533076923076923
16.356153846153845
16.496153846153845
17.06
17.451538461538462
17.59846153846154
17.266923076923078
17.514615384615386
17.713076923076922
17.13230769230769
16.713076923076922
16.70230769230769
16.933846153846154
17.335384615384616
17.414285714285715
17.55
17.512857142857143
17.547857142857143
17.200714285714287
16.445
16.64785714285714
17.20642857142857
17.212857142857143
17.337142857142858
17.202857142857145
17.739285714285714
17.514285714285716
17.145714285714288
16.992857142857144
17.44142857142857
17.06
17.295714285714286
16.72214285714286
16.245
16.16357142857143
16.7
16.410714285714285
16.555
16.49357142857143
16.315714285714286
16.432142857142857
16.496428571428574
16.574285714285715
16.36
15.499285714285715
15.282142857142857
15.647857142857143
15.510714285714286
15.272142857142857
15.197142857142856
15.376428571428573
15.549999999999999
14.771428571428572
15.097857142857142
15.745000000000001
15.725
16.092857142857145
15.695714285714287
14.831428571428573
14.829285714285716
14.924999999999999
15.425714285714287
15.241428571428571
15.449285714285713
14.540714285714285
14.424285714285714
13.878571428571428
13.599285714285715
13.234285714285715
13.456428571428573
14.083571428571428
14.405714285714286
14.422142857142857
13.714285714285714
13.302857142857144
12.754285714285714
12.587142857142856
12.596428571428572
12.946428571428571
13.615714285714287
13.500714285714285
13.595
13.756923076923076
13.286153846153846
13.322307692307692
11.886153846153848
11.755384615384616
12.625384615384615
11.330769230769231
12.098461538461539
12.103846153846153
12.420769230769231
12.401538461538461
11.868461538461538
11.256153846153845
10.933076923076923
10.684615384615386
10.672307692307694
10.323846153846155
9.994615384615384
9.97923076923077
9.198461538461538
10.453076923076923
10.356153846153846
10.252307692307692
10.635384615384615
10.866923076923078
10.776923076923076
10.987692307692308
10.316923076923077
9.927692307692308
10.465384615384616
10.63846153846154
9.788461538461538
9.733076923076924
9.611538461538462
8.466153846153846
8.86
8.569230769230769
8.031538461538462
8.681538461538462
7.641538461538461
8.215384615384615
8.988461538461538
8.287692307692307
8.644615384615385
8.016923076923076
7.46
6.825384615384616
7.376153846153846
7.539230769230769
6.691538461538461
6.7092307692307696
6.992307692307692
7.076923076923077
6.423076923076923
5.950769230769231
5.7907692307692304
6.056923076923076
6.492307692307692
6.154615384615385
5.990769230769231
5.308461538461538
5.496153846153846
5.383846153846154
4.941538461538461
5.342307692307693
5.812307692307693
5.027692307692307
4.730769230769231
4.450769230769231
4.480769230769231
4.142307692307693
4.031538461538462
3.927692307692308
4.587692307692308
4.605384615384616
5.03923076923077
4.654615384615385
3.4846153846153842
3.3592307692307695
3.1907692307692312
3.003846153846154
4.656923076923077
4.963846153846154
6.1146153846153855
6.606923076923077
5.343076923076922
4.934615384615385
4.9423076923076925
3.96
4.225384615384615
5.068461538461539
5.2907692307692304
