pet
0.23142857142857146
0.2947619047619047
0.2795238095238095
0.2819047619047619
0.2561904761904762
0.20285714285714285
0.37238095238095237
0.31523809523809526
0.2923809523809524
0.29714285714285715
0.35285714285714287
0.32904761904761903
0.30380952380952386
0.2947619047619048
0.32047619047619047
0.2561904761904762
0.26761904761904765
0.25952380952380955
0.3019047619047619
0.3523809523809524
0.30523809523809525
0.2757142857142857
0.2938095238095238
0.3271428571428571
0.3757142857142857
0.34904761904761905
0.34904761904761905
0.44476190476190475
0.3857142857142857
0.3757142857142857
0.4238095238095238
0.4333333333333333
0.42333333333333334
0.3842857142857143
0.4714285714285714
0.48428571428571426
0.5295238095238095
0.5233333333333333
0.49523809523809526
0.49761904761904757
0.47714285714285715
0.45952380952380956
0.5419047619047619
0.5666666666666667
0.5352380952380953
0.5985714285714285
0.649047619047619
0.5285714285714286
0.6052380952380952
0.6385714285714286
0.6823809523809524
0.7176190476190476
0.7423809523809524
0.679047619047619
0.5933333333333333
0.6900000000000001
0.8214285714285714
0.781904761904762
0.7095238095238096
0.7766666666666666
0.8847619047619046
0.7695238095238095
0.8123809523809523
0.8361904761904762
0.9190476190476191
0.9104761904761905
0.8709523809523809
0.96
1.0433333333333334
0.9728571428571429
1.0133333333333334
1.010952380952381
1.0642857142857143
1.0066666666666666
0.970952380952381
0.9833333333333333
1.1228571428571428
1.1466666666666665
1.0947619047619046
1.148095238095238
1.2195238095238095
1.230952380952381
1.1461904761904762
1.1504761904761904
1.2585714285714285
1.3099999999999998
1.4057142857142857
1.3247619047619048
1.3504761904761904
1.4895238095238095
1.5095238095238095
1.6159090909090907
1.4872727272727273
1.4931818181818182
1.5104545454545453
1.7981818181818179
1.6877272727272727
1.8386363636363638
1.6449999999999998
1.7699999999999998
1.7309090909090907
1.658181818181818
1.7054545454545456
1.7213636363636362
1.7836363636363637
1.9727272727272727
1.9477272727272728
2.212727272727273
1.7372727272727273
1.8368181818181817
2.0354545454545456
2.078181818181818
2.033181818181818
1.9804545454545455
2.040909090909091
1.9836363636363636
2.1754545454545453
2.1886363636363635
2.0986363636363636
2.1722727272727274
2.4109090909090907
2.4136363636363636
2.476818181818182
2.4386363636363635
2.21
2.2645454545454546
2.4104545454545456
2.2790909090909093
2.444545454545455
2.191818181818182
2.4077272727272727
2.651818181818182
2.4077272727272727
2.361818181818182
2.5
2.33
2.223181818181818
2.4022727272727273
2.554090909090909
2.320909090909091
2.333181818181818
2.544545454545455
2.7713636363636365
2.6313636363636363
2.755
2.544545454545455
2.351818181818182
2.601818181818182
2.705
2.8577272727272724
3.078181818181818
2.9568181818181816
2.7063636363636365
2.8222727272727273
2.6545454545454543
2.8972727272727274
2.4727272727272727
2.930909090909091
2.9790909090909095
3.0772727272727276
2.8886363636363637
2.854090909090909
2.57
2.710909090909091
2.754090909090909
2.9127272727272726
3.033181818181818
2.8718181818181816
3.0595454545454546
3.0104545454545457
3.215909090909091
3.022727272727273
2.9650000000000003
3.1595454545454547
3.102727272727273
3.005454545454546
3.0986363636363636
2.8790909090909094
3.027727272727273
3.208181818181818
2.9872727272727273
2.983181818181818
2.7790909090909093
2.85
2.7963636363636364
2.6999999999999997
2.777727272727273
2.7936363636363635
2.7745454545454544
3.084090909090909
3.036363636363636
3.2195454545454543
3.041818181818182
2.846818181818182
3.2150000000000003
2.9736363636363636
3.0477272727272724
2.902727272727273
3.1354545454545457
3.1554545454545457
3.0404545454545455
2.977727272727273
2.945909090909091
3.0127272727272727
3.1168181818181817
3.1822727272727276
2.7077272727272725
2.8477272727272727
2.9563636363636365
2.8413636363636363
2.944090909090909
2.6463636363636365
2.5349999999999997
2.924090909090909
2.7904545454545455
2.4363636363636365
2.873181818181818
2.641363636363636
2.6645454545454546
2.835909090909091
2.8368181818181815
2.4527272727272726
2.695909090909091
2.4904545454545453
2.2554545454545454
2.291818181818182
2.588181818181818
2.575454545454545
2.3981818181818184
2.316818181818182
2.432727272727273
2.341818181818182
2.3113636363636365
2.428181818181818
2.1113636363636363
1.9836363636363636
1.9963636363636363
1.9804545454545455
2.299545454545455
2.165909090909091
2.0304545454545457
1.8013636363636365
1.9445454545454546
2.0436363636363635
1.9295454545454547
1.810909090909091
2.0813636363636365
1.7854545454545454
1.8240909090909092
1.903181818181818
1.830909090909091
1.8636363636363635
1.8559090909090907
1.669090909090909
1.7945454545454544
1.7640909090909092
1.6231818181818183
1.5263636363636364
1.6977272727272728
1.5949999999999998
1.4077272727272727
1.3513636363636363
1.3981818181818182
1.5154545454545456
1.3572727272727272
1.3640909090909092
1.375909090909091
1.1659090909090908
1.105
1.095
1.1836363636363636
1.1786363636363637
1.089090909090909
1.1266666666666667
1.0714285714285714
1.0942857142857143
1.1228571428571428
1.0538095238095238
1.0052380952380953
0.9257142857142858
0.8671428571428572
0.899047619047619
1.006190476190476
0.9185714285714285
0.8523809523809524
0.6985714285714286
0.6838095238095238
0.7004761904761905
0.6576190476190477
0.8704761904761905
0.8209523809523809
0.7661904761904762
0.6876190476190476
0.6961904761904761
0.6838095238095238
0.7138095238095238
0.6785714285714286
0.7552380952380953
0.7338095238095238
0.7057142857142857
0.621904761904762
0.5447619047619048
0.5547619047619048
0.5766666666666667
0.5161904761904762
0.5057142857142857
0.4957142857142857
0.42952380952380953
0.4361904761904762
0.43238095238095237
0.4138095238095238
0.3895238095238095
0.3904761904761904
0.35190476190476194
0.37666666666666665
0.3480952380952381
0.36333333333333334
0.35904761904761906
0.24428571428571427
0.23047619047619047
0.2523809523809524
0.27904761904761904
0.2480952380952381
0.27095238095238094
0.24285714285714283
0.23523809523809525
0.3119047619047619
0.24666666666666665
0.24619047619047618
0.2795238095238095
0.25047619047619046
0.26
0.22761904761904764
0.24428571428571427
0.2590476190476191
0.3157142857142857
0.29523809523809524
0.2742857142857143
0.3466666666666667
0.29047619047619044
0.3814285714285714
0.21714285714285714
0.21666666666666665
0.21714285714285714
0.20142857142857146
0.16333333333333333
0.22095238095238093
0.28523809523809524
0.22523809523809527
0.22666666666666666
0.15333333333333335
0.1376190476190476
0.12095238095238095
0.1376190476190476
0.16666666666666666
0.19857142857142857
0.19476190476190475
0.32476190476190475
0.2661904761904762
0.2776190476190476
0.2957142857142857
0.23238095238095238
0.2119047619047619
0.20285714285714285
0.21047619047619048
