pet
0.3230434782608696
0.24000000000000002
0.32521739130434785
0.2343478260869565
0.17347826086956522
0.23173913043478261
0.15304347826086956
0.31478260869565217
0.26652173913043475
0.22869565217391302
0.3056521739130435
0.30478260869565216
0.2965217391304348
0.2952173913043478
0.21173913043478262
0.25608695652173913
0.2573913043478261
0.25869565217391305
0.3421739130434783
0.2830434782608696
0.23869565217391306
0.2426086956521739
0.2595652173913044
0.25826086956521743
0.2582608695652174
0.18869565217391304
0.23478260869565218
0.19869565217391305
0.26173913043478264
0.21869565217391304
0.3360869565217391
0.3178260869565217
0.34695652173913044
0.3269565217391304
0.3560869565217391
0.361304347826087
0.31478260869565217
0.3482608695652174
0.3673913043478261
0.26956521739130435
0.3604347826086956
0.371304347826087
0.3317391304347826
0.3621739130434783
0.3973913043478261
0.3226086956521739
0.34956521739130436
0.35782608695652174
0.3647826086956522
0.3708695652173913
0.4017391304347826
0.501304347826087
0.5356521739130435
0.4608695652173913
0.46695652173913044
0.4230434782608696
0.43695652173913047
0.4869565217391304
0.5565217391304348
0.5473913043478261
0.5769565217391304
0.5826086956521739
0.7156521739130435
0.6139130434782608
0.6034782608695652
0.6730434782608696
0.657391304347826
0.6778260869565217
0.6552173913043479
0.6760869565217391
0.6795652173913044
0.7356521739130434
0.672608695652174
0.7908695652173914
0.7086956521739131
0.7813043478260869
0.8843478260869565
0.7869565217391304
0.8482608695652175
0.9078260869565217
0.8573913043478261
0.8569565217391305
1.0265217391304347
0.9165217391304347
0.8973913043478261
0.9930434782608696
1.0313043478260868
1.1143478260869564
1.0108695652173914
0.9847826086956522
0.9468181818181819
1.124090909090909
1.1118181818181818
1.065909090909091
1.1313636363636363
1.075909090909091
1.1568181818181817
1.214090909090909
1.1618181818181819
1.1872727272727273
1.11
1.285909090909091
1.2718181818181817
1.4322727272727274
1.4590909090909092
1.4072727272727272
1.489090909090909
1.3940909090909093
1.4277272727272727
1.570909090909091
1.5168181818181816
1.375
1.6209090909090909
1.5927272727272728
1.606818181818182
1.735
1.7172727272727273
1.5445454545454544
1.6018181818181818
1.5740909090909092
1.8954545454545453
1.7786363636363638
1.6931818181818181
1.7395454545454547
1.7199999999999998
1.8168181818181817
1.6727272727272726
1.8163636363636364
1.741818181818182
1.7950000000000002
1.9936363636363637
1.875
2.1245454545454545
2.1845454545454546
2.266363636363636
2.275909090909091
2.1504545454545454
2.0422727272727275
2.2531818181818184
2.1713636363636364
2.1795454545454547
2.11
2.0113636363636362
2.174090909090909
2.4154545454545455
2.273181818181818
2.2859090909090907
2.27
2.2513636363636365
2.3822727272727273
2.138181818181818
2.4204545454545454
2.228181818181818
2.4177272727272725
2.3004545454545453
2.075454545454545
2.0986363636363636
2.19
2.2100000000000004
2.234090909090909
2.270909090909091
2.1263636363636365
2.1813636363636366
2.130909090909091
2.4263636363636363
2.394090909090909
2.3018181818181818
2.188181818181818
2.3163636363636364
2.446818181818182
2.4495454545454547
2.2827272727272727
2.3636363636363638
2.140909090909091
2.2177272727272728
2.245
2.364090909090909
2.414090909090909
2.3813636363636363
2.535
2.4690909090909092
2.0168181818181816
2.414090909090909
2.23
2.3086363636363636
2.5036363636363634
2.7313636363636364
2.4572727272727275
2.3536363636363635
2.4645454545454544
2.2486363636363635
2.4395454545454545
2.2822727272727272
2.105909090909091
2.2595454545454547
1.9854545454545454
2.2754545454545454
2.144090909090909
2.2395454545454547
2.1427272727272726
2.3395454545454544
2.440909090909091
2.060909090909091
2.012272727272727
2.0
2.169090909090909
2.0500000000000003
2.0777272727272726
2.0895454545454544
2.2459090909090906
2.1145454545454547
1.9463636363636363
2.0922727272727273
1.9345454545454546
1.9845454545454544
1.9490909090909092
1.8772727272727272
1.7177272727272728
1.7404545454545455
1.8231818181818182
2.0127272727272727
1.9195454545454544
1.9831818181818184
1.8277272727272729
1.6986363636363635
1.7736363636363637
1.7313636363636364
1.9186363636363637
1.8559090909090907
1.7259090909090908
1.6018181818181818
1.7077272727272728
1.9181818181818182
1.8299999999999998
1.615
1.622272727272727
1.630909090909091
1.6009090909090908
1.6027272727272726
1.505
1.4504545454545454
1.4145454545454546
1.3972727272727272
1.6554545454545455
1.4659090909090908
1.36
1.3986363636363637
1.425
1.3709090909090909
1.155909090909091
1.2772727272727273
1.1981818181818182
1.2922727272727272
1.2736363636363637
1.2240909090909091
1.1545454545454545
1.1618181818181819
1.154090909090909
1.0072727272727273
1.1177272727272727
1.2004545454545454
1.1613636363636364
1.0340909090909092
1.0986363636363636
0.9081818181818182
0.8859090909090909
0.9131818181818182
0.8663636363636363
0.8109090909090909
0.7713636363636364
0.6968181818181818
0.7677272727272727
0.8254545454545454
0.8634782608695651
0.8530434782608696
0.8217391304347825
0.6826086956521739
0.722608695652174
0.7152173913043478
0.7469565217391304
0.7039130434782609
0.5778260869565217
0.7352173913043478
0.6821739130434782
0.5621739130434783
0.5308695652173914
0.4973913043478261
0.44217391304347825
0.46478260869565213
0.5560869565217391
0.5160869565217391
0.6382608695652173
0.5447826086956521
0.5569565217391305
0.4856521739130435
0.4826086956521739
0.41478260869565214
0.4491304347826087
0.44217391304347825
0.4873913043478261
0.4043478260869566
0.46173913043478265
0.39
0.43999999999999995
0.40217391304347827
0.4434782608695652
0.2826086956521739
0.3482608695652174
0.3365217391304348
0.4673913043478261
0.27
0.29217391304347823
0.3521739130434782
0.3726086956521739
0.44130434782608696
0.3717391304347826
0.3873913043478261
0.21652173913043476
0.34
0.26565217391304347
0.30391304347826087
0.22652173913043477
0.31826086956521743
0.3456521739130435
0.2021739130434783
0.24
0.2617391304347826
0.3830434782608696
0.24695652173913044
0.21956521739130433
0.19608695652173913
0.21565217391304348
0.24913043478260868
0.21739130434782608
0.22608695652173913
0.23217391304347826
0.25956521739130434
0.2952173913043478
0.26565217391304347
0.3126086956521739
0.2639130434782609
0.11391304347826088
0.10869565217391304
0.17304347826086958
0.15913043478260872
0.24869565217391304
0.33260869565217394
0.14478260869565218
0.21826086956521742
0.21826086956521742
0.19130434782608696
0.21173913043478262
0.2373913043478261
0.2669565217391304
0.20695652173913043
0.20130434782608694
0.2504347826086956
0.23391304347826086
0.27043478260869563
0.18043478260869567
0.2743478260869565
0.31173913043478263
0.1765217391304348
0.2952173913043478
0.1956521739130435
