pet
0.21500000000000002
0.265
0.2559090909090909
0.2686363636363636
0.23136363636363635
0.1859090909090909
0.3477272727272727
0.30818181818181817
0.27954545454545454
0.2931818181818182
0.3418181818181818
0.3131818181818182
0.33272727272727276
0.30272727272727273
0.29227272727272724
0.23863636363636365
0.26136363636363635
0.2645454545454546
0.29863636363636364
0.3336363636363636
0.30136363636363633
0.27
0.27545454545454545
0.3145454545454545
0.3418181818181818
0.39590909090909093
0.3531818181818182
0.4495454545454546
0.36227272727272725
0.3718181818181818
0.41727272727272724
0.42
0.42590909090909085
0.38818181818181824
0.47
0.4727272727272727
0.520909090909091
0.5263636363636364
0.4936363636363636
0.49500000000000005
0.4754545454545454
0.4431818181818182
0.5368181818181819
0.5527272727272727
0.5213636363636364
0.5731818181818181
0.6186363636363637
0.4918181818181818
0.5759090909090909
0.6127272727272728
0.6677272727272727
0.69
0.7140909090909091
0.6559090909090909
0.5704545454545454
0.7022727272727273
0.7745454545454545
0.7813636363636364
0.6936363636363636
0.7713636363636364
0.9004545454545454
0.7686363636363637
0.8113636363636364
0.8127272727272726
0.9204545454545454
0.9009090909090909
0.8777272727272728
0.9340909090909091
1.0609090909090908
0.9863636363636363
1.0422727272727272
1.0313636363636365
1.0945454545454545
1.014090909090909
1.0127272727272727
1.0263636363636364
1.0931818181818183
1.154090909090909
1.0795454545454546
1.1590909090909092
1.1786363636363637
1.170909090909091
1.1877272727272727
1.1345454545454545
1.260909090909091
1.2936363636363637
1.3454545454545455
1.3486363636363636
1.326818181818182
1.5377272727272726
1.5052173913043476
1.6
1.4708695652173913
1.4856521739130435
1.5082608695652173
1.8513043478260869
1.5969565217391304
1.7721739130434782
1.583913043478261
1.7491304347826089
1.6769565217391305
1.6265217391304347
1.6543478260869564
1.7282608695652173
1.7643478260869565
1.9204347826086958
1.9304347826086956
2.1034782608695655
1.682608695652174
1.8456521739130436
2.0343478260869565
2.101304347826087
2.029130434782609
1.9621739130434783
2.0304347826086957
1.932608695652174
2.161304347826087
2.188695652173913
2.1565217391304348
2.1639130434782605
2.378695652173913
2.3717391304347823
2.445217391304348
2.43
2.2430434782608693
2.356086956521739
2.4482608695652175
2.298695652173913
2.4769565217391305
2.225217391304348
2.466521739130435
2.618695652173913
2.377391304347826
2.3065217391304347
2.5169565217391305
2.3347826086956522
2.2226086956521742
2.4656521739130435
2.607391304347826
2.2317391304347827
2.34304347826087
2.5195652173913046
2.82695652173913
2.7026086956521738
2.7552173913043476
2.5356521739130433
2.3152173913043477
2.606521739130435
2.7156521739130435
2.8152173913043477
3.09
2.9613043478260868
2.695217391304348
2.776086956521739
2.5960869565217393
2.9086956521739133
2.569130434782609
2.9695652173913043
2.9982608695652173
3.0543478260869565
2.8286956521739133
2.7730434782608695
2.588695652173913
2.7065217391304346
2.634782608695652
2.9030434782608694
2.9347826086956523
2.886086956521739
3.0552173913043474
3.0104347826086952
3.2569565217391303
3.0652173913043477
2.9782608695652173
3.15
3.0965217391304347
2.9873913043478257
3.095652173913044
2.9617391304347827
3.1052173913043477
3.256086956521739
3.063913043478261
3.016086956521739
2.8495652173913046
2.8808695652173917
2.901304347826087
2.818260869565217
2.845652173913044
2.8517391304347828
2.7656521739130433
3.0434782608695654
3.0526086956521743
3.21304347826087
3.0547826086956524
2.8330434782608696
3.2030434782608697
2.9834782608695654
3.0760869565217392
2.901304347826087
3.1221739130434782
3.143478260869565
3.031304347826087
2.9186956521739127
2.9717391304347824
3.0217391304347827
3.1239130434782605
3.1213043478260865
2.7604347826086957
2.816956521739131
2.9847826086956526
2.8630434782608694
3.003478260869565
2.733478260869565
2.5882608695652176
2.9591304347826086
2.8756521739130436
2.4782608695652173
2.928260869565217
2.7073913043478264
2.685217391304348
2.802608695652174
2.8313043478260873
2.5004347826086954
2.7004347826086956
2.4586956521739127
2.34304347826087
2.3434782608695652
2.6104347826086958
2.6508695652173913
2.4743478260869565
2.3608695652173917
2.48
2.3995652173913045
2.3486956521739133
2.3921739130434783
2.1517391304347826
2.0121739130434784
1.9939130434782608
1.9473913043478261
2.2682608695652173
2.181304347826087
2.06
1.8543478260869564
1.9491304347826086
2.0613043478260873
1.9365217391304348
1.8121739130434782
2.0760869565217392
1.8052173913043479
1.7960869565217392
1.916086956521739
1.816521739130435
1.8604347826086955
1.8343478260869563
1.681304347826087
1.7347826086956522
1.7282608695652173
1.6143478260869566
1.4760869565217392
1.6417391304347826
1.5721739130434784
1.3856521739130436
1.346521739130435
1.3504347826086955
1.5073913043478262
1.3469565217391304
1.321304347826087
1.3095652173913044
1.14
1.107391304347826
1.0704347826086957
1.1621739130434783
1.128695652173913
1.085217391304348
1.1118181818181818
1.0518181818181818
1.070909090909091
1.1204545454545454
1.0354545454545454
0.9818181818181819
0.9136363636363637
0.82
0.8899999999999999
0.9981818181818182
0.889090909090909
0.8204545454545454
0.67
0.6831818181818181
0.6572727272727273
0.6254545454545455
0.8395454545454545
0.7890909090909091
0.7272727272727273
0.6590909090909091
0.6804545454545455
0.6627272727272727
0.6877272727272727
0.6627272727272727
0.7159090909090909
0.7036363636363636
0.6868181818181818
0.5986363636363636
0.5163636363636364
0.5381818181818182
0.5509090909090909
0.49954545454545457
0.4813636363636364
0.4668181818181818
0.39227272727272733
0.39227272727272733
0.41590909090909095
0.375
0.3613636363636364
0.345
0.31318181818181823
0.34454545454545454
0.325
0.3372727272727273
0.3859090909090909
0.2290909090909091
0.2159090909090909
0.23954545454545453
0.26590909090909093
0.21863636363636363
0.24181818181818182
0.21499999999999997
0.20727272727272725
0.28727272727272724
0.22999999999999998
0.22727272727272727
0.24545454545454548
0.21818181818181817
0.24181818181818182
0.23136363636363635
0.22090909090909092
0.2513636363636364
0.26954545454545453
0.30818181818181817
0.26
0.32
0.28045454545454546
0.36045454545454547
0.20363636363636364
0.25772727272727275
0.23318181818181818
0.21636363636363634
0.1759090909090909
0.20227272727272727
0.2972727272727273
0.21045454545454545
0.23318181818181818
0.15954545454545455
0.11636363636363636
0.1040909090909091
0.12545454545454546
0.18727272727272729
0.18772727272727271
0.1990909090909091
0.3277272727272727
0.25
0.2604545454545455
0.25772727272727275
0.22136363636363637
0.18181818181818182
0.20045454545454547
0.19772727272727272
