pet
0.331304347826087
0.20739130434782607
0.44434782608695655
0.32956521739130434
0.178695652173913
0.3656521739130435
0.27043478260869563
0.14304347826086958
0.17347826086956522
0.26869565217391306
0.3339130434782609
0.31130434782608696
0.31086956521739134
0.2743478260869565
0.2791304347826087
0.26304347826086955
0.28347826086956524
0.2569565217391304
0.28
0.19130434782608696
0.2652173913043478
0.2708695652173913
0.2652173913043478
0.4865217391304348
0.2708695652173913
0.29782608695652174
0.3373913043478261
0.3308695652173913
0.29130434782608694
0.3708695652173913
0.411304347826087
0.3652173913043478
0.3991304347826087
0.2073913043478261
0.32782608695652177
0.45304347826086955
0.4008695652173913
0.5008695652173912
0.4804347826086957
0.38
0.5247826086956522
0.4156521739130435
0.3521739130434782
0.5069565217391304
0.518695652173913
0.4691304347826087
0.5678260869565218
0.3652173913043478
0.46043478260869564
0.5621739130434783
0.4869565217391304
0.5308695652173914
0.528695652173913
0.5956521739130435
0.6139130434782608
0.48434782608695653
0.6126086956521739
0.6656521739130435
0.6421739130434783
0.6939130434782609
0.751304347826087
0.8613043478260869
0.7526086956521738
0.732608695652174
0.6460869565217391
0.731304347826087
0.7765217391304348
0.7752173913043477
0.717391304347826
0.792608695652174
0.8378260869565217
0.8665217391304347
0.9352173913043479
0.8995652173913044
0.8086956521739131
1.0139130434782608
1.0230434782608697
0.9017391304347825
0.8765217391304347
1.0304347826086957
1.168695652173913
1.0782608695652174
1.0956521739130434
1.2547826086956522
1.1256521739130434
1.1121739130434782
1.2430434782608695
1.2243478260869565
1.1986956521739132
1.173478260869565
1.059090909090909
1.2068181818181818
1.4572727272727273
1.4322727272727271
1.305
1.5172727272727273
1.5154545454545456
1.4872727272727273
1.6013636363636363
1.5586363636363636
1.5754545454545452
1.6513636363636364
1.679090909090909
2.044545454545455
1.8768181818181817
1.924090909090909
1.7127272727272727
1.6672727272727272
1.7881818181818183
1.8663636363636364
1.8795454545454546
1.9740909090909091
1.9254545454545455
2.148181818181818
1.9649999999999999
1.9527272727272729
2.0959090909090907
2.019090909090909
1.8686363636363637
1.8377272727272727
1.9377272727272727
2.3454545454545457
2.129090909090909
2.1636363636363636
2.085
2.15
2.2045454545454546
2.361818181818182
2.1077272727272724
2.203181818181818
2.187727272727273
2.397727272727273
2.4672727272727273
2.578181818181818
2.7027272727272726
2.444545454545455
2.5472727272727274
2.611818181818182
2.6236363636363635
2.5913636363636363
2.3922727272727276
2.4936363636363637
2.4404545454545454
2.6686363636363635
2.6209090909090906
2.6213636363636366
2.683181818181818
2.6995454545454547
2.5336363636363637
2.6168181818181817
2.708181818181818
2.596363636363636
2.5427272727272725
2.653181818181818
2.8231818181818182
2.2672727272727276
2.6036363636363635
2.631818181818182
2.479090909090909
2.817272727272727
2.5827272727272725
2.5722727272727273
2.596818181818182
2.894090909090909
2.958181818181818
2.975909090909091
3.0954545454545452
2.523181818181818
2.7886363636363636
2.730909090909091
3.035909090909091
2.8004545454545453
3.100909090909091
2.7072727272727275
2.8636363636363638
2.585
2.794545454545455
2.756818181818182
2.686818181818182
2.8581818181818184
2.9931818181818177
3.0136363636363637
2.9177272727272725
3.377272727272727
2.902727272727273
3.084090909090909
3.3786363636363634
3.2922727272727275
2.9959090909090906
2.9663636363636368
2.7963636363636364
2.9927272727272727
2.749090909090909
2.914090909090909
2.7927272727272725
2.7636363636363637
2.8695454545454546
2.824090909090909
2.8704545454545456
2.6331818181818183
2.854090909090909
2.6236363636363635
2.6772727272727272
2.645909090909091
2.4622727272727274
3.034090909090909
2.798636363636364
2.6604545454545456
2.8113636363636365
3.03
2.619090909090909
2.6168181818181817
2.8445454545454543
2.7581818181818183
2.5613636363636365
2.772727272727273
2.4613636363636364
2.471363636363636
2.360909090909091
2.605
2.4681818181818183
2.6072727272727274
2.4495454545454547
2.3645454545454547
2.2509090909090905
2.1863636363636365
2.5304545454545457
2.7154545454545453
2.3004545454545453
2.0477272727272724
2.2563636363636363
2.5072727272727273
2.295909090909091
2.3631818181818183
2.1986363636363637
2.1131818181818183
2.0904545454545453
2.200909090909091
2.250909090909091
2.1063636363636364
1.9754545454545456
2.04
1.8968181818181817
1.8154545454545454
1.795909090909091
2.0777272727272726
2.005
1.8159090909090911
1.8127272727272727
1.8659090909090907
1.795909090909091
1.7113636363636362
1.7236363636363636
1.7331818181818184
1.6722727272727271
1.589090909090909
1.3231818181818182
1.4213636363636364
1.3068181818181819
1.3486363636363636
1.2613636363636365
1.2577272727272726
1.3731818181818183
1.1836363636363636
1.356818181818182
1.1227272727272728
1.039090909090909
1.0786363636363636
1.06
1.0254545454545456
1.009090909090909
0.9340909090909091
0.9390909090909091
1.1517391304347826
1.0356521739130435
0.8778260869565218
0.8773913043478261
0.8221739130434783
0.8769565217391305
0.8691304347826087
0.9408695652173913
0.7365217391304348
0.6330434782608696
0.83
0.662608695652174
0.7595652173913043
0.6821739130434782
0.6778260869565217
0.76
0.6852173913043478
0.6582608695652175
0.697391304347826
0.6452173913043479
0.6482608695652174
0.6660869565217391
0.5156521739130434
0.5721739130434783
0.4747826086956522
0.43565217391304345
0.5026086956521739
0.5
0.5069565217391304
0.4017391304347826
0.3839130434782609
0.32782608695652177
0.3226086956521739
0.45130434782608697
0.3782608695652174
0.3926086956521739
0.3821739130434782
0.3139130434782609
0.30130434782608695
0.5008695652173912
0.39956521739130435
0.3017391304347826
0.3852173913043478
0.44478260869565217
0.3317391304347826
0.4265217391304348
0.22652173913043477
0.4182608695652174
0.2504347826086956
0.3673913043478261
0.2734782608695652
0.28652173913043477
0.41521739130434787
0.21521739130434783
0.3721739130434783
0.38260869565217387
0.24695652173913044
0.15304347826086956
0.20695652173913043
0.19869565217391305
0.12913043478260872
0.19608695652173913
0.2504347826086956
0.24695652173913044
0.1839130434782609
0.17956521739130435
0.19521739130434784
0.23521739130434782
0.25217391304347825
0.23043478260869565
0.20304347826086958
0.25173913043478263
0.2817391304347826
0.2591304347826087
0.24217391304347827
0.1917391304347826
0.24521739130434786
0.31217391304347825
0.29347826086956524
0.22695652173913042
0.2765217391304348
0.2921739130434783
0.20869565217391303
0.30434782608695654
0.18478260869565216
0.19
0.17956521739130435
0.271304347826087
0.21347826086956523
0.25130434782608696
0.19130434782608696
0.17304347826086958
