temperature
1.9518749999999998
2.03625
0.994375
0.66
1.13125
1.246875
1.495625
0.9087500000000001
1.555625
1.3424999999999998
1.000625
1.4575
1.400625
2.059375
2.075
1.7149999999999999
1.533125
1.751875
1.971875
2.0925
1.93875
1.68125
1.01
1.095625
-0.29875000000000007
-0.19750000000000004
0.03125000000000003
0.31625
0.9656250000000001
1.545625
1.145
1.369375
1.766875
2.61125
3.05
3.106875
3.235
1.155
1.05875
1.33375
1.021875
1.09
1.02
0.853125
1.455625
1.4825
0.64625
0.8200000000000001
1.5537500000000002
1.7125
1.828125
1.3074999999999999
2.04125
2.56625
2.0375
1.548125
1.111875
1.453125
1.09625
1.066875
0.9668749999999999
1.301875
1.925
2.21125
2.7325
3.4825
2.820625
3.14375
3.2375
3.288125
3.7506250000000003
3.73125
3.538125
2.808125
3.37375
3.731875
3.1487499999999997
2.765
3.171875
3.2956250000000002
3.21875
3.04375
2.81
3.140625
3.135625
3.116875
3.0281249999999997
3.261875
4.571875
4.813125
4.68125
4.005
2.634375
2.83375
3.805
4.150625
4.505
3.950625
4.361875
4.94375
4.72
4.223125
3.391875
3.07875
3.760625
4.2075
4.455
4.174375
4.176875
4.66125
5.260625
5.030625
5.503125
5.4525
5.0875
4.985625
5.814375
5.878125
6.3125
6.996875
7.233750000000001
6.914375
6.579375
6.938125
6.4475
6.04625
7.001875
7.05375
6.334375
6.743125
6.448125
6.149375
6.915625
7.085
7.745625
7.279999999999999
7.13375
7.183999999999999
6.854666666666666
7.304
7.752
7.636666666666667
8.154666666666667
8.065999999999999
8.354666666666667
8.615333333333332
8.466
8.225333333333333
8.481333333333334
8.954
9.133999999999999
9.146666666666667
8.579333333333333
8.512666666666666
8.484666666666666
8.194666666666667
8.363333333333333
8.813333333333333
8.932666666666668
9.708666666666666
9.516
9.247333333333334
9.179333333333334
9.527333333333333
9.960666666666667
9.954
10.163333333333332
10.410666666666666
10.21
10.46
10.76
10.246666666666666
10.217333333333332
9.968666666666667
10.788
11.318666666666667
11.246
11.363333333333333
11.425333333333333
11.063333333333333
10.956666666666667
10.948666666666666
10.739333333333333
11.318000000000001
12.238666666666665
11.824
11.903333333333334
12.122000000000002
12.278666666666668
11.668000000000001
11.492666666666668
12.404666666666666
11.935333333333334
11.467333333333332
11.981333333333334
11.988666666666667
12.086
11.665333333333333
11.852
12.472000000000001
13.323333333333332
12.487333333333334
11.912
12.554666666666666
12.192666666666666
12.584666666666667
12.438666666666668
12.697333333333335
12.556000000000001
12.66
12.241999999999999
12.475999999999999
12.674666666666667
13.159333333333333
12.590666666666666
12.156666666666666
12.026666666666667
12.074666666666667
12.157333333333334
11.935333333333334
12.139999999999999
11.781333333333333
11.654666666666666
11.92
11.818666666666667
11.884666666666668
12.006666666666666
12.4
12.054
11.464666666666666
12.368
12.442
11.925333333333333
11.24
10.772666666666668
10.866666666666667
10.630666666666666
10.737333333333334
10.977333333333332
11.143333333333334
11.339333333333334
10.983333333333333
10.911333333333335
11.346
10.65
11.231333333333334
10.777333333333333
10.722000000000001
9.863333333333333
9.639999999999999
10.070666666666666
10.166666666666666
10.022666666666668
10.004
9.224666666666668
8.886666666666667
8.786666666666667
8.677333333333333
8.882
9.016
9.315333333333333
9.671333333333333
10.104666666666667
10.331999999999999
9.620000000000001
9.513333333333332
8.977333333333332
8.33
7.865333333333333
7.779333333333333
8.388
9.253333333333334
8.852666666666666
8.671333333333333
8.429333333333334
8.152666666666667
8.283333333333333
8.113999999999999
8.116666666666667
7.986
7.730666666666666
8.132666666666667
7.525333333333333
6.812666666666667
6.889333333333334
6.954666666666666
7.691333333333334
6.962666666666666
6.757333333333333
6.569999999999999
6.16
5.766666666666667
5.688666666666666
6.480666666666666
6.209333333333333
5.992666666666667
5.861999999999999
6.015333333333333
5.7540000000000004
5.294
5.173333333333333
4.454666666666666
4.58
4.583333333333333
4.600666666666667
4.195333333333333
4.687333333333333
4.604666666666666
4.238666666666666
4.166666666666667
5.189333333333334
4.354
3.8913333333333333
3.508
3.432666666666667
3.7479999999999998
3.8493333333333335
3.8653333333333335
3.6873333333333336
4.028666666666667
2.7753333333333337
2.636666666666667
2.32
2.122
2.676
2.2386666666666666
2.9426666666666668
3.284
2.958
2.8253333333333335
2.380666666666667
3.076
2.088
2.4733333333333336
2.6413333333333333
3.183333333333333
3.3493333333333335
1.562
1.5893333333333333
2.042
0.7226666666666668
1.2839999999999998
1.7313333333333334
2.1326666666666667
2.118
1.9140000000000001
1.456
1.2699999999999998
1.8386666666666664
2.6599999999999997
3.0966666666666667
1.8806666666666667
1.5566666666666669
0.1513333333333333
0.8973333333333334
1.2706666666666668
1.4813333333333332
1.8786666666666667
1.7533333333333334
0.6460000000000001
-0.2553333333333334
0.06200000000000007
0.011999999999999919
0.6373333333333334
0.9259999999999999
