pet
0.3165217391304348
0.19869565217391305
0.42869565217391303
0.3113043478260869
0.16782608695652174
0.3552173913043478
0.2534782608695652
0.13608695652173913
0.16130434782608696
0.2526086956521739
0.3178260869565217
0.29782608695652174
0.301304347826087
0.26304347826086955
0.2734782608695652
0.24782608695652175
0.271304347826087
0.23869565217391306
0.2669565217391305
0.1817391304347826
0.2465217391304348
0.2565217391304348
0.25956521739130434
0.4652173913043478
0.25130434782608696
0.28043478260869564
0.32608695652173914
0.31478260869565217
0.2773913043478261
0.3556521739130435
0.3939130434782609
0.3521739130434782
0.3786956521739131
0.19999999999999998
0.3104347826086956
0.43695652173913047
0.388695652173913
0.48
0.46695652173913044
0.36869565217391304
0.5182608695652174
0.4056521739130435
0.34043478260869564
0.4852173913043478
0.4982608695652174
0.45608695652173914
0.5452173913043478
0.3573913043478261
0.45
0.5495652173913044
0.47565217391304343
0.518695652173913
0.5247826086956522
0.5852173913043479
0.5965217391304348
0.45826086956521733
0.6104347826086957
0.653913043478261
0.6265217391304347
0.687391304347826
0.7356521739130436
0.8491304347826087
0.74
0.7295652173913044
0.6439130434782608
0.7247826086956523
0.7847826086956522
0.758695652173913
0.7117391304347827
0.7808695652173914
0.8365217391304347
0.8591304347826088
0.9356521739130435
0.8991304347826087
0.7978260869565218
1.0043478260869565
1.0260869565217392
0.9004347826086957
0.8665217391304347
1.0343478260869565
1.1608695652173913
1.0795652173913042
1.1004347826086955
1.2491304347826087
1.1234782608695653
1.1043478260869564
1.231304347826087
1.2269565217391303
1.2008695652173913
1.1704347826086956
1.059090909090909
1.2104545454545454
1.4549999999999998
1.430909090909091
1.2968181818181819
1.5095454545454545
1.5140909090909092
1.4936363636363637
1.5972727272727274
1.5645454545454547
1.5627272727272727
1.6604545454545454
1.6827272727272728
2.039090909090909
1.8795454545454546
1.9181818181818182
1.6922727272727272
1.6613636363636362
1.7745454545454544
1.8536363636363637
1.8745454545454547
1.968181818181818
1.9177272727272727
2.1354545454545453
1.9595454545454545
1.970909090909091
2.0777272727272726
2.0245454545454544
1.8677272727272725
1.8572727272727272
1.939090909090909
2.3572727272727274
2.1322727272727273
2.1777272727272727
2.085909090909091
2.145909090909091
2.21
2.3686363636363637
2.1159090909090907
2.2177272727272728
2.1713636363636364
2.409090909090909
2.48
2.578181818181818
2.7277272727272726
2.463181818181818
2.5518181818181818
2.6145454545454543
2.6290909090909094
2.5900000000000003
2.3936363636363636
2.5036363636363634
2.441818181818182
2.653636363636364
2.6427272727272726
2.632727272727273
2.68
2.7063636363636365
2.5445454545454544
2.606363636363636
2.7072727272727275
2.606818181818182
2.545909090909091
2.646818181818182
2.833636363636364
2.262272727272727
2.598181818181818
2.648181818181818
2.493181818181818
2.817272727272727
2.5772727272727276
2.570909090909091
2.597272727272727
2.879090909090909
2.963636363636364
2.963636363636364
3.0913636363636368
2.4827272727272724
2.8036363636363637
2.6936363636363634
3.024090909090909
2.7922727272727275
3.0922727272727273
2.704090909090909
2.87
2.5727272727272728
2.791363636363636
2.742272727272727
2.6845454545454546
2.862727272727273
2.9963636363636366
3.0131818181818186
2.8954545454545455
3.3645454545454543
2.8877272727272727
3.0740909090909088
3.375
3.2963636363636364
2.997272727272727
2.9627272727272724
2.7854545454545456
3.001818181818182
2.7418181818181817
2.916818181818182
2.798636363636364
2.749090909090909
2.8704545454545456
2.8313636363636365
2.854090909090909
2.6177272727272727
2.8413636363636363
2.6
2.6545454545454543
2.604090909090909
2.4440909090909093
3.0336363636363632
2.7804545454545457
2.6418181818181816
2.7904545454545455
3.026818181818182
2.627272727272727
2.6186363636363637
2.841818181818182
2.7704545454545455
2.5427272727272725
2.7627272727272727
2.4709090909090907
2.4881818181818183
2.3413636363636363
2.599090909090909
2.4431818181818183
2.597272727272727
2.463636363636364
2.360909090909091
2.2531818181818184
2.174090909090909
2.5422727272727275
2.7177272727272728
2.2963636363636364
2.039090909090909
2.2581818181818183
2.512272727272727
2.3013636363636363
2.3713636363636366
2.1995454545454547
2.0977272727272727
2.084090909090909
2.205
2.2413636363636367
2.101818181818182
1.973181818181818
2.0377272727272726
1.8895454545454546
1.8172727272727272
1.7963636363636366
2.088181818181818
2.013181818181818
1.82
1.8204545454545453
1.8645454545454547
1.795909090909091
1.7104545454545457
1.7159090909090908
1.739090909090909
1.6727272727272726
1.580909090909091
1.3131818181818182
1.4163636363636363
1.3054545454545454
1.3340909090909092
1.26
1.241818181818182
1.3681818181818182
1.200909090909091
1.3495454545454546
1.1181818181818182
1.0295454545454545
1.0686363636363636
1.0581818181818183
1.0227272727272727
1.0068181818181818
0.9236363636363637
0.9304545454545454
1.1378260869565218
1.0365217391304349
0.8743478260869565
0.8647826086956522
0.8204347826086957
0.8726086956521739
0.8639130434782609
0.9347826086956522
0.7247826086956523
0.6352173913043478
0.8204347826086957
0.6526086956521739
0.7552173913043478
0.661304347826087
0.6717391304347826
0.7508695652173912
0.6665217391304348
0.6447826086956522
0.6882608695652174
0.6352173913043478
0.6382608695652173
0.6547826086956522
0.5065217391304347
0.5543478260869565
0.46043478260869564
0.4126086956521739
0.4882608695652174
0.4856521739130435
0.4934782608695652
0.38
0.3717391304347826
0.3130434782608696
0.30782608695652175
0.43478260869565216
0.36086956521739133
0.3778260869565217
0.3617391304347826
0.3047826086956522
0.2791304347826087
0.48130434782608694
0.3786956521739131
0.288695652173913
0.36869565217391304
0.42434782608695654
0.30826086956521737
0.401304347826087
0.21086956521739128
0.3939130434782609
0.23565217391304347
0.3526086956521739
0.2530434782608696
0.2639130434782609
0.39304347826086955
0.2008695652173913
0.3626086956521739
0.3739130434782609
0.2308695652173913
0.13782608695652174
0.18608695652173915
0.17869565217391306
0.11391304347826088
0.1826086956521739
0.23086956521739133
0.23565217391304347
0.17130434782608694
0.16608695652173913
0.18391304347826085
0.22565217391304346
0.2326086956521739
0.21608695652173912
0.18913043478260871
0.22695652173913042
0.2695652173913043
0.24478260869565216
0.23391304347826086
0.1773913043478261
0.22869565217391302
0.3
0.27695652173913043
0.21217391304347827
0.26956521739130435
0.2834782608695652
0.18869565217391304
0.288695652173913
0.17695652173913046
0.17695652173913046
0.17217391304347826
0.26217391304347826
0.20043478260869566
0.2365217391304348
0.17
0.16043478260869565
