temperature
4.1091304347826085
4.1634782608695655
4.029565217391304
4.203043478260869
4.498695652173913
5.052608695652174
3.993913043478261
4.352608695652174
4.708260869565217
4.490869565217391
4.229565217391304
3.1300000000000003
3.0517391304347825
3.364347826086956
3.967391304347826
4.128695652173913
3.65
3.1256521739130436
3.712608695652174
4.108260869565217
4.509565217391304
4.713913043478261
5.048260869565217
4.673478260869565
4.254782608695652
4.170869565217391
4.125217391304347
4.303913043478261
4.130434782608695
3.4
3.2700000000000005
3.8439130434782607
4.07
4.374347826086956
4.2330434782608695
4.852608695652174
5.338260869565217
4.972173913043478
4.484782608695652
4.01608695652174
3.319565217391304
3.2508695652173913
3.5878260869565217
3.382608695652174
2.620434782608696
2.531304347826087
2.57
3.0473913043478262
3.318260869565217
3.4095652173913042
3.502173913043478
4.1091304347826085
4.405652173913043
4.5630434782608695
4.4226086956521735
3.5117391304347825
3.926521739130435
4.24695652173913
4.559130434782609
5.059565217391304
5.302173913043478
5.2639130434782615
5.004347826086956
4.950869565217391
5.118260869565217
5.794347826086957
5.565217391304348
5.612608695652174
6.00695652173913
6.331304347826087
5.873913043478261
5.97304347826087
5.933478260869565
6.056521739130435
5.739565217391304
6.289130434782609
6.265217391304348
6.482608695652174
6.137391304347826
6.222173913043478
6.511304347826086
6.063043478260869
6.536521739130435
6.892173913043479
6.446521739130435
6.869999999999999
6.618260869565217
6.493478260869565
6.767826086956521
6.68608695652174
7.499090909090909
7.632272727272727
6.624545454545455
6.26
6.211363636363637
6.328181818181818
7.0640909090909085
7.19
6.956363636363636
7.336363636363637
7.653181818181818
8.0
7.972272727272727
8.07909090909091
8.317272727272726
8.672272727272727
7.951363636363637
7.847727272727273
8.591363636363637
8.56409090909091
8.410454545454545
9.435454545454546
9.204545454545455
8.577727272727273
8.544545454545455
8.264090909090909
8.564545454545454
8.468181818181819
8.589545454545455
8.827272727272726
9.500909090909092
9.299545454545454
9.395454545454545
9.613181818181818
9.849545454545455
10.22181818181818
10.231818181818182
10.845454545454546
10.575454545454546
10.610909090909091
10.913636363636364
10.87590909090909
11.461363636363636
11.418636363636365
11.618636363636364
11.384090909090908
11.713181818181818
11.573636363636364
12.052727272727275
12.538636363636364
12.04590909090909
11.93
12.356818181818182
12.360000000000001
12.718181818181819
12.890909090909092
12.72318181818182
12.187272727272727
12.325454545454546
12.765909090909092
12.752727272727272
13.081363636363637
13.14409090909091
13.452727272727271
13.156363636363636
12.877272727272727
13.107272727272727
13.185454545454546
13.403636363636364
13.814545454545454
13.431818181818182
13.635909090909092
13.650454545454545
13.795454545454545
14.440454545454545
14.210909090909091
14.250454545454545
14.277727272727274
13.77818181818182
14.590000000000002
14.768636363636363
14.694090909090908
14.949545454545454
14.736818181818181
14.844545454545454
14.870909090909093
15.455454545454545
15.334545454545456
15.134545454545453
15.392272727272728
15.659999999999998
15.658636363636363
15.72181818181818
15.70318181818182
16.212727272727275
17.246363636363636
17.163181818181815
16.943181818181817
17.07
16.907272727272726
16.73590909090909
16.872272727272726
16.57
17.049545454545456
16.801363636363636
16.99409090909091
16.454545454545453
16.129545454545454
16.370454545454546
16.356363636363636
16.96227272727273
16.647727272727273
16.597272727272728
16.525909090909092
16.210454545454546
16.489545454545453
17.012727272727275
16.93409090909091
17.208636363636366
17.278181818181817
17.36409090909091
17.480454545454545
16.864545454545453
16.68
17.155454545454546
16.88090909090909
16.61909090909091
16.419545454545457
16.29409090909091
16.749545454545455
17.067272727272726
17.01590909090909
16.495
16.55727272727273
16.633636363636363
17.271818181818183
17.502727272727274
16.866818181818182
16.381363636363634
16.253636363636364
16.502727272727274
16.75227272727273
16.832727272727272
16.796363636363637
15.691363636363635
15.837727272727273
15.916363636363638
16.21681818181818
15.732272727272727
15.95
15.965909090909092
15.718636363636364
15.322727272727274
15.568636363636363
15.406363636363636
15.155
14.850909090909092
14.835454545454546
14.518636363636364
14.757272727272728
14.797727272727274
14.934545454545455
14.74409090909091
14.228636363636362
14.347272727272726
13.759090909090908
13.169090909090908
13.968636363636364
13.821363636363635
14.223636363636365
13.949545454545454
13.701818181818181
13.42590909090909
13.62
13.153636363636364
13.327727272727271
13.232272727272727
13.33090909090909
13.043181818181818
13.174545454545456
12.889545454545454
12.811363636363637
12.955454545454545
12.737391304347826
12.26695652173913
12.226521739130433
12.371739130434783
12.145217391304346
11.593043478260869
11.45695652173913
11.060869565217391
11.906521739130437
12.015217391304349
11.391304347826088
11.303478260869566
11.075652173913044
10.24304347826087
10.591739130434782
9.969565217391304
9.79782608695652
10.39304347826087
10.697826086956523
10.034782608695652
9.788695652173914
9.401304347826086
9.305217391304348
9.718260869565217
9.558695652173913
9.938260869565218
9.889130434782608
9.349130434782609
8.746521739130435
9.102608695652174
9.727826086956522
9.586086956521738
9.473478260869566
8.974782608695651
7.826521739130435
7.6460869565217395
7.263913043478261
8.097391304347827
8.724782608695651
8.317826086956522
8.029565217391305
8.303478260869564
7.0926086956521734
6.608695652173913
6.177826086956522
6.341739130434783
6.466956521739131
6.456521739130435
7.113043478260869
6.686956521739131
5.840434782608695
5.6673913043478255
5.855217391304348
6.3539130434782605
6.291739130434783
6.0926086956521734
5.385652173913043
5.168260869565217
4.816521739130435
4.439565217391304
4.615652173913043
5.351304347826087
5.459130434782609
5.91
5.799130434782609
5.937391304347826
5.503913043478261
5.681739130434783
5.028260869565218
4.5578260869565215
4.1234782608695655
4.480869565217391
4.534782608695652
4.571304347826087
5.031304347826087
5.533913043478261
5.209130434782609
5.363043478260869
5.183913043478261
4.855652173913044
5.090869565217392
5.8191304347826085
5.264782608695652
5.406086956521739
5.462173913043478
5.386086956521739
5.239130434782608
5.4513043478260865
5.008260869565217
5.068260869565218
4.086086956521739
3.7699999999999996
