temperature
4.268636363636364
3.7963636363636364
3.5700000000000003
3.5118181818181813
4.569545454545454
4.128181818181818
4.429090909090909
4.545454545454546
4.385909090909091
4.758181818181819
4.8113636363636365
5.454090909090909
5.42
4.609545454545455
5.207272727272727
4.505454545454546
4.493181818181818
4.545909090909091
4.857272727272727
4.532727272727272
3.8709090909090906
3.7936363636363635
3.7518181818181815
3.9040909090909093
4.203181818181818
3.8072727272727276
3.9104545454545456
3.785909090909091
3.887272727272727
3.6568181818181817
3.820909090909091
4.055
3.785909090909091
3.8904545454545456
4.848636363636364
4.802727272727273
4.629545454545454
4.149090909090909
3.6113636363636363
3.785909090909091
4.1059090909090905
4.866818181818181
5.257272727272727
4.662727272727273
3.889090909090909
4.452727272727272
4.192272727272727
4.212272727272727
4.159545454545455
4.173181818181818
3.8540909090909095
4.076363636363636
4.465909090909091
4.7309090909090905
4.800909090909091
4.905454545454545
4.928181818181819
4.875454545454546
4.515909090909091
4.321818181818181
3.9472727272727273
4.03090909090909
3.930454545454545
4.184090909090909
4.918636363636363
5.830909090909091
5.912272727272727
5.820909090909091
5.919545454545454
5.568636363636364
5.280454545454545
4.801363636363636
5.391818181818182
6.164545454545455
6.131363636363637
6.545454545454546
5.868181818181818
5.413181818181818
5.508636363636364
5.877727272727273
6.13909090909091
6.486363636363635
6.543181818181818
6.90090909090909
6.496818181818182
5.985
6.327272727272727
6.708181818181819
7.0627272727272725
7.344090909090909
7.560869565217391
7.478695652173912
7.189565217391304
6.886086956521739
7.006086956521739
7.5465217391304344
6.615652173913043
6.5517391304347825
7.145652173913043
7.434782608695652
7.03608695652174
6.908695652173913
6.862608695652174
7.497826086956521
7.5752173913043475
7.689130434782609
7.900434782608696
7.347391304347826
7.071739130434783
7.6960869565217385
8.554347826086957
9.099130434782609
9.63304347826087
9.610434782608696
9.53608695652174
9.220434782608695
9.34608695652174
9.463478260869564
9.334782608695651
9.446521739130436
9.719565217391304
9.844347826086958
9.817391304347826
9.759130434782609
9.842608695652174
9.751304347826087
10.141304347826088
10.08
10.069999999999999
10.382608695652173
10.72086956521739
10.453478260869565
10.142173913043479
10.182608695652174
10.564782608695653
10.681739130434783
10.51391304347826
10.411304347826087
10.745652173913044
10.843913043478262
10.892608695652173
11.069999999999999
11.59086956521739
11.687826086956521
11.48
11.282608695652174
11.446956521739128
11.482173913043477
11.76695652173913
12.192608695652174
12.487391304347826
12.684782608695652
13.133478260869564
12.826521739130435
12.417826086956522
12.466521739130435
12.881304347826086
12.908260869565217
12.85217391304348
13.309565217391304
13.207391304347825
12.987391304347826
12.713043478260868
12.789130434782608
13.062173913043479
13.16
13.709999999999999
14.182173913043478
14.140869565217391
14.245217391304347
13.94391304347826
13.314782608695653
13.561739130434784
13.820434782608697
13.861304347826087
14.230869565217391
14.461304347826088
14.31913043478261
14.631304347826086
14.97173913043478
14.908260869565217
14.984782608695651
15.02913043478261
15.042608695652175
15.005652173913044
14.658260869565217
14.52
14.784782608695652
14.773913043478261
14.849130434782607
15.416521739130435
15.055652173913044
15.15913043478261
14.912608695652175
15.18913043478261
15.299999999999999
15.448695652173912
15.077826086956522
15.612608695652172
16.050869565217393
15.740434782608697
15.26478260869565
15.298695652173913
15.795652173913044
15.760000000000002
15.930434782608694
15.872608695652174
16.008260869565216
15.889130434782608
15.99608695652174
15.761739130434782
15.69217391304348
16.073478260869564
15.98521739130435
16.02
15.828260869565218
16.101304347826087
15.875652173913043
15.706521739130435
15.503478260869565
15.821304347826086
15.652173913043478
16.065652173913044
15.534782608695652
15.02913043478261
15.262173913043478
15.384782608695653
15.148695652173913
15.352608695652174
15.224782608695653
15.533043478260868
15.607826086956523
15.253913043478262
15.292608695652175
15.05608695652174
14.355652173913043
14.415217391304349
14.673478260869565
14.110000000000001
13.838695652173914
13.910869565217391
14.094347826086958
14.200869565217392
13.912173913043478
14.081304347826087
14.463478260869564
14.123043478260868
14.112608695652176
13.962173913043477
13.843478260869563
13.676521739130434
13.52
13.869565217391305
14.028260869565216
13.463478260869566
13.148695652173913
12.626086956521737
12.368695652173914
12.224347826086957
12.228260869565217
12.73608695652174
13.04391304347826
13.11695652173913
12.996521739130435
12.59695652173913
12.328260869565218
12.081304347826087
11.811739130434784
11.979130434782608
12.083913043478262
12.553478260869566
12.57521739130435
12.767391304347825
12.771363636363638
11.80318181818182
11.65227272727273
10.792272727272728
10.730909090909092
11.001818181818182
10.706818181818182
11.50590909090909
11.398636363636363
11.186363636363636
11.029545454545454
10.68409090909091
10.330454545454545
10.264999999999999
10.347272727272726
10.081818181818182
9.719545454545454
9.249090909090908
9.416363636363636
8.826818181818181
9.65
9.676363636363636
9.656363636363636
9.819545454545455
9.68409090909091
9.85
9.957272727272727
9.302727272727273
8.950454545454546
9.538636363636364
9.44590909090909
8.700000000000001
8.42
8.625454545454545
8.086818181818181
8.511363636363637
7.961818181818182
7.791818181818183
8.19409090909091
7.284545454545454
7.478181818181818
7.858181818181818
7.680454545454546
7.749090909090909
7.142727272727272
6.954999999999999
6.47409090909091
6.546818181818182
6.489090909090908
5.928636363636364
5.991363636363636
5.8109090909090915
5.536363636363636
5.446818181818181
6.191818181818181
5.808636363636364
6.225454545454546
6.171818181818182
5.847727272727273
5.747727272727273
5.681363636363636
5.292272727272728
5.380909090909091
5.3131818181818184
5.316363636363636
5.196363636363636
5.100909090909091
4.8559090909090905
4.799545454545455
4.92
5.03
4.799090909090909
4.975909090909091
4.95
4.262272727272727
4.010454545454546
4.331818181818182
3.8659090909090907
3.889090909090909
3.7195454545454543
2.7877272727272726
3.9709090909090907
4.167727272727273
4.873636363636364
5.067727272727272
4.15090909090909
3.683636363636364
3.6845454545454546
3.2177272727272723
3.2931818181818184
3.8986363636363635
3.992272727272727
