pet
0.21909090909090911
0.25
0.34136363636363637
0.29227272727272724
0.21545454545454545
0.22863636363636364
0.3104545454545455
0.2459090909090909
0.3068181818181818
0.3372727272727273
0.32136363636363635
0.3859090909090909
0.29636363636363633
0.32272727272727275
0.325
0.25227272727272726
0.30727272727272725
0.2672727272727273
0.33136363636363636
0.31681818181818183
0.3063636363636364
0.32363636363636367
0.2927272727272727
0.36954545454545457
0.3440909090909091
0.3654545454545454
0.3890909090909091
0.41590909090909095
0.35954545454545456
0.3877272727272727
0.39681818181818185
0.4309090909090909
0.45272727272727276
0.44181818181818183
0.4636363636363636
0.4318181818181818
0.48227272727272724
0.4772727272727273
0.5445454545454546
0.5222727272727273
0.45
0.4445454545454545
0.48681818181818187
0.4936363636363636
0.5
0.5777272727272728
0.5704545454545454
0.4581818181818182
0.505
0.5936363636363636
0.6336363636363637
0.6504545454545455
0.6890909090909091
0.6763636363636363
0.6313636363636363
0.6799999999999999
0.7077272727272728
0.7186363636363636
0.7254545454545455
0.7318181818181819
0.8254545454545454
0.6859090909090909
0.7940909090909091
0.8222727272727273
0.884090909090909
0.884090909090909
0.9136363636363637
0.9095454545454547
1.008181818181818
0.9836363636363636
0.9986363636363635
1.01
0.9677272727272727
0.9722727272727273
0.9504545454545454
1.0431818181818182
1.094090909090909
1.1622727272727273
1.0313636363636365
1.1354545454545455
1.0677272727272729
1.139090909090909
1.045
1.0813636363636363
1.1859090909090908
1.1872727272727273
1.2131818181818181
1.3136363636363637
1.205909090909091
1.3718181818181818
1.4043478260869564
1.4473913043478261
1.2621739130434784
1.358695652173913
1.5226086956521738
1.6078260869565215
1.4791304347826084
1.5426086956521738
1.4691304347826086
1.7008695652173913
1.5473913043478262
1.5308695652173914
1.527391304347826
1.6347826086956523
1.6552173913043478
1.798695652173913
1.731304347826087
1.6534782608695653
1.6356521739130434
1.7769565217391303
1.8239130434782609
1.703478260869565
1.8839130434782607
1.848695652173913
1.7534782608695652
1.82
1.8991304347826088
1.8395652173913044
2.0791304347826087
1.9578260869565218
2.0591304347826087
2.141304347826087
2.29
2.2343478260869567
2.0343478260869565
2.2091304347826086
2.247391304347826
2.2130434782608694
2.245217391304348
2.177391304347826
2.266086956521739
2.2443478260869565
2.166086956521739
2.243913043478261
2.151304347826087
2.14
2.134782608695652
2.378260869565217
2.3269565217391306
2.166086956521739
2.3595652173913044
2.4130434782608696
2.675217391304348
2.7086956521739127
2.6517391304347826
2.5626086956521736
2.2856521739130433
2.4808695652173913
2.4613043478260868
2.6317391304347826
2.8495652173913046
2.6560869565217393
2.503913043478261
2.629565217391304
2.3308695652173914
2.5965217391304347
2.4143478260869564
2.7195652173913043
2.690434782608696
2.697826086956522
2.6865217391304346
2.7121739130434785
2.4991304347826087
2.424782608695652
2.526521739130435
2.5304347826086957
2.6491304347826086
2.688695652173913
2.7143478260869567
2.680869565217391
2.9882608695652175
2.7543478260869567
2.6291304347826085
2.717391304347826
2.65
2.541304347826087
2.8465217391304347
2.6595652173913042
2.90695652173913
2.86695652173913
2.535217391304348
2.6447826086956523
2.5869565217391304
2.6221739130434782
2.5643478260869568
2.6556521739130434
2.4747826086956524
2.5986956521739133
2.586086956521739
2.8313043478260873
2.612173913043478
2.77
2.6556521739130434
2.7243478260869565
2.800869565217391
2.811304347826087
2.9065217391304343
2.666086956521739
2.7395652173913043
2.5413043478260873
2.5495652173913044
2.5760869565217392
2.732608695652174
2.6617391304347824
2.7256521739130433
2.59
2.568695652173913
2.739130434782609
2.5191304347826087
2.4469565217391307
2.5856521739130436
2.3952173913043477
2.285217391304348
2.493913043478261
2.63304347826087
2.3808695652173912
2.473913043478261
2.3521739130434782
2.232608695652174
2.3543478260869564
2.3730434782608696
2.0530434782608693
2.112173913043478
2.1182608695652174
2.1556521739130434
2.0021739130434786
2.3634782608695653
2.2908695652173914
2.2930434782608695
2.0078260869565216
2.1908695652173913
2.1482608695652172
2.1469565217391304
2.243478260869565
1.9230434782608694
1.930869565217391
1.8495652173913044
1.928695652173913
1.9778260869565218
1.952608695652174
2.068695652173913
1.8217391304347825
1.7426086956521738
1.7995652173913044
1.815217391304348
1.6173913043478259
1.8230434782608695
1.6691304347826088
1.5960869565217393
1.71
1.6121739130434782
1.6034782608695652
1.624782608695652
1.5082608695652173
1.517391304347826
1.5052173913043476
1.502608695652174
1.3895652173913045
1.38
1.35
1.2747826086956522
1.2682608695652176
1.2708695652173914
1.3347826086956522
1.34
1.2117391304347827
1.1339130434782607
1.0708695652173912
1.1043478260869564
0.9882608695652174
1.0608695652173912
1.0182608695652176
1.037391304347826
1.045
0.9359090909090909
1.0254545454545454
1.06
1.0227272727272727
0.9863636363636363
0.9531818181818181
0.8486363636363637
0.8745454545454545
0.9263636363636363
0.8172727272727273
0.7222727272727273
0.6268181818181818
0.5913636363636363
0.5722727272727273
0.61
0.6822727272727273
0.715
0.6590909090909091
0.6259090909090909
0.5681818181818182
0.5595454545454546
0.5313636363636364
0.5895454545454545
0.6786363636363636
0.6554545454545454
0.6490909090909092
0.600909090909091
0.5109090909090909
0.5477272727272727
0.5445454545454546
0.515
0.4690909090909091
0.47181818181818175
0.39499999999999996
0.39227272727272733
0.4068181818181818
0.3936363636363636
0.3572727272727273
0.3918181818181818
0.28954545454545455
0.37000000000000005
0.3477272727272727
0.36272727272727273
0.3731818181818181
0.26272727272727275
0.2822727272727273
0.29772727272727273
0.31636363636363635
0.2290909090909091
0.27772727272727277
0.2563636363636364
0.19545454545454544
0.265
0.2681818181818182
0.26136363636363635
0.2527272727272727
0.25681818181818183
0.22681818181818184
0.23954545454545456
0.27636363636363637
0.2595454545454545
0.20272727272727273
0.27454545454545454
0.24136363636363634
0.31227272727272726
0.3018181818181818
0.3145454545454545
0.25227272727272726
0.2640909090909091
0.2831818181818182
0.20045454545454547
0.18681818181818183
0.20363636363636362
0.2872727272727273
0.27772727272727277
0.2645454545454546
0.26545454545454544
0.14545454545454548
0.16363636363636364
0.19363636363636363
0.23772727272727276
0.18772727272727271
0.19454545454545455
0.3181818181818182
0.2527272727272727
0.21409090909090908
0.1981818181818182
0.20227272727272727
0.17272727272727273
0.19454545454545455
0.21454545454545454
