temperature
4.297727272727273
3.850909090909091
3.668636363636364
3.6681818181818184
4.346363636363637
4.176363636363636
4.4781818181818185
4.869545454545454
4.473636363636364
4.617272727272727
4.546363636363636
5.094545454545455
5.675909090909091
4.500454545454546
5.080909090909091
4.368181818181818
4.26
4.442272727272727
5.097272727272728
4.771818181818182
4.134090909090909
4.001818181818182
4.108181818181818
3.680909090909091
4.050454545454546
3.7490909090909095
3.8145454545454545
3.6577272727272727
4.116818181818181
3.808181818181818
3.8295454545454546
3.7504545454545455
3.6136363636363638
3.8613636363636363
5.154090909090909
4.9390909090909085
4.8500000000000005
4.292272727272727
3.6904545454545454
3.769090909090909
4.385909090909091
4.815454545454545
5.373636363636364
4.402727272727272
3.902272727272727
4.447727272727272
4.6868181818181816
4.445454545454545
4.442272727272727
4.052727272727273
3.9013636363636364
4.2263636363636365
4.328181818181818
4.875909090909091
5.308181818181819
5.225909090909091
5.369545454545454
5.219545454545455
5.024090909090909
4.926363636363636
4.580909090909091
4.387727272727273
4.361818181818182
4.624545454545454
5.078181818181818
6.245909090909091
6.375
6.498636363636364
6.185
5.960454545454545
5.881818181818182
5.521818181818182
5.921818181818182
6.819999999999999
7.2
7.304090909090909
6.641818181818182
5.863636363636363
5.943181818181818
6.095454545454545
6.376818181818181
6.548181818181818
6.733636363636363
7.077727272727273
6.576818181818182
6.265454545454546
6.615454545454545
7.248636363636364
7.947272727272727
8.347272727272726
8.343478260869565
8.375217391304348
8.000434782608695
7.656521739130435
7.875217391304347
8.399565217391304
7.135217391304349
7.034782608695653
7.4799999999999995
8.243478260869566
7.861304347826087
7.396521739130435
7.32304347826087
7.962173913043478
8.215652173913044
8.351304347826087
8.721304347826088
8.085217391304349
7.838695652173913
8.412608695652175
9.429130434782609
10.247826086956522
10.811304347826086
10.748260869565218
10.932608695652174
10.128695652173914
10.432173913043478
10.549565217391304
10.261739130434783
10.258260869565218
10.568260869565217
10.279565217391305
10.457826086956521
10.189130434782609
10.53
11.014782608695652
11.13391304347826
10.998260869565218
11.323478260869566
11.589565217391305
11.48
11.078695652173913
10.882608695652175
10.891739130434782
11.272608695652172
11.665217391304349
11.621304347826088
11.812173913043479
11.905652173913042
12.214782608695652
11.877391304347826
11.915217391304349
12.51695652173913
12.843913043478262
12.652608695652173
12.696521739130434
12.45608695652174
12.728260869565217
12.673478260869565
12.851304347826087
13.418260869565218
13.578695652173913
14.115217391304347
13.608695652173912
13.126521739130434
13.71782608695652
13.960434782608695
14.508260869565218
14.154782608695653
14.375217391304348
14.193478260869565
14.062173913043479
14.204347826086956
14.32
14.31086956521739
14.289130434782608
14.81304347826087
15.417826086956522
15.635652173913044
15.635217391304348
15.614782608695652
15.045217391304348
14.908260869565217
15.136521739130433
15.126521739130435
15.169130434782607
15.607391304347827
16.018695652173914
15.989565217391304
16.24
16.05695652173913
16.164347826086956
16.58695652173913
16.57521739130435
16.901304347826088
16.20826086956522
16.304347826086957
16.22869565217391
16.047826086956523
16.22391304347826
16.21260869565217
16.436086956521738
16.399565217391306
16.208695652173912
16.930434782608696
17.196521739130436
17.27608695652174
16.674347826086954
16.95695652173913
17.53782608695652
17.45826086956522
17.051739130434783
16.84521739130435
17.551304347826086
17.76
17.333913043478262
17.34304347826087
17.933478260869567
17.99478260869565
18.05
17.56869565217391
17.48695652173913
18.004347826086956
17.693478260869565
17.761304347826087
17.34
17.795217391304348
17.964347826086957
17.675217391304347
17.38217391304348
17.47695652173913
17.395217391304346
17.81
17.139130434782608
16.867391304347827
16.85391304347826
17.454347826086956
16.96782608695652
16.914347826086956
17.250434782608696
17.34913043478261
17.285217391304347
17.161304347826086
16.800434782608693
16.618695652173916
15.89608695652174
15.942608695652174
15.934782608695652
15.497391304347826
15.092608695652174
15.29695652173913
15.410434782608695
15.415652173913044
15.272608695652172
15.504347826086958
15.57695652173913
15.408695652173913
15.583478260869565
15.544347826086955
15.273043478260869
15.24608695652174
15.066956521739131
15.037391304347826
15.264347826086956
15.046521739130435
13.934782608695652
13.928260869565218
13.54391304347826
13.584347826086956
13.171739130434782
13.577391304347827
14.006956521739129
14.195217391304348
14.133478260869564
13.709130434782608
13.48608695652174
13.189565217391305
12.847391304347827
12.861304347826087
13.164782608695653
13.407391304347826
13.441739130434783
13.56304347826087
13.706363636363637
12.92090909090909
12.441363636363635
11.75409090909091
11.508636363636363
11.967272727272727
11.283181818181818
12.120454545454544
12.445
12.300454545454546
12.01909090909091
11.566818181818181
11.378181818181817
11.183636363636364
10.799545454545454
10.557727272727274
10.537272727272727
9.67590909090909
9.952727272727273
9.458181818181819
10.449545454545454
10.627727272727272
10.51
10.610909090909091
10.527727272727274
10.447727272727272
10.47090909090909
9.913181818181819
9.45590909090909
9.83090909090909
9.748181818181818
9.16
8.912272727272727
9.28
8.532272727272728
8.59
8.236363636363636
8.150454545454545
8.485909090909091
7.483636363636364
7.695454545454546
8.042727272727273
7.869545454545454
7.738181818181818
7.234999999999999
6.995909090909091
6.344545454545455
6.2
6.331363636363636
6.1909090909090905
6.0613636363636365
5.95090909090909
5.907727272727272
5.6881818181818184
5.991363636363636
6.119090909090909
6.380000000000001
6.3977272727272725
6.135909090909092
6.116363636363636
5.834090909090909
5.868636363636364
5.49
5.357272727272727
5.293181818181818
5.084090909090909
4.806818181818182
4.745454545454546
4.807727272727273
4.679090909090909
4.506818181818182
4.784545454545454
4.994090909090909
5.120909090909091
4.245454545454546
4.152272727272727
4.054090909090909
3.5995454545454546
3.8068181818181817
3.744545454545454
2.8477272727272727
3.7681818181818185
4.23590909090909
4.867272727272727
5.645909090909091
4.632272727272727
4.014545454545455
3.7922727272727275
3.3013636363636363
3.0945454545454543
3.8350000000000004
3.9822727272727274
