temperature
2.5208695652173914
2.440434782608696
1.7569565217391305
1.9443478260869564
2.4456521739130435
2.5386956521739132
2.016086956521739
2.345217391304348
2.4421739130434785
2.217826086956522
2.0943478260869566
1.4039130434782607
1.0565217391304347
1.5765217391304347
2.042608695652174
2.1708695652173913
1.384782608695652
1.1604347826086956
1.962608695652174
2.079565217391304
2.6004347826086955
2.678695652173913
2.225217391304348
2.3091304347826087
2.0678260869565217
1.6256521739130434
1.541304347826087
1.412608695652174
1.9669565217391305
1.7421739130434784
1.4069565217391304
1.4700000000000002
2.4443478260869567
2.7113043478260868
2.7369565217391303
2.76
3.0430434782608695
2.748695652173913
2.4569565217391305
1.9939130434782608
1.7413043478260868
1.201304347826087
1.3678260869565217
1.4291304347826086
1.0778260869565217
0.6282608695652173
0.6278260869565218
1.1182608695652174
1.452608695652174
1.6200000000000003
1.7613043478260872
2.212608695652174
2.643913043478261
2.6847826086956523
2.75
2.252173913043478
2.5304347826086957
2.5565217391304347
2.4730434782608697
2.786521739130435
3.035217391304348
3.029130434782609
3.1026086956521737
3.3943478260869564
4.055217391304348
4.217391304347826
4.234782608695652
3.824347826086957
4.018260869565218
4.059130434782609
4.176086956521739
4.037826086956522
3.576521739130435
3.5543478260869565
3.4426086956521744
3.888695652173913
3.907391304347826
3.505652173913043
3.5626086956521736
3.6078260869565217
3.577391304347826
3.6713043478260867
3.9447826086956526
4.394347826086956
3.995217391304348
4.175652173913043
4.181304347826087
4.335652173913044
4.849565217391304
4.731739130434782
5.031818181818182
4.6068181818181815
3.791818181818182
4.117272727272727
4.450454545454545
4.5204545454545455
4.499545454545454
4.318636363636364
4.503181818181818
4.944545454545454
5.381363636363637
5.932727272727272
5.54
5.79
6.21090909090909
6.339545454545455
6.058636363636364
6.215454545454546
6.5986363636363645
6.421818181818182
6.702272727272727
6.747272727272727
6.46409090909091
6.216363636363636
6.345
6.338181818181818
6.141818181818182
6.012727272727273
6.468636363636364
6.647272727272727
6.635
6.538181818181818
6.979545454545454
7.2731818181818175
7.36090909090909
7.536818181818182
7.835454545454545
8.377727272727272
7.705454545454546
7.872727272727272
8.522727272727273
8.120909090909091
8.825454545454546
8.65
8.905
8.783636363636363
8.673181818181819
9.25090909090909
9.04409090909091
9.628636363636364
9.588636363636363
9.402727272727274
9.709545454545454
10.191363636363636
10.29
10.192272727272728
10.109545454545454
9.687272727272727
9.80590909090909
9.882727272727273
10.087272727272726
10.616818181818182
10.607727272727272
10.733636363636363
10.707272727272727
10.72181818181818
10.58090909090909
10.862272727272726
10.868181818181817
11.061818181818182
10.854545454545455
10.80409090909091
11.129090909090909
10.860909090909091
11.171363636363637
11.19818181818182
11.56318181818182
11.70409090909091
11.562727272727273
12.220454545454546
12.286363636363637
11.837727272727273
11.884545454545453
11.869545454545454
11.837727272727273
12.363181818181818
12.342727272727274
12.19818181818182
12.133636363636363
12.29
12.780909090909091
12.877272727272727
12.972272727272726
13.16909090909091
13.583636363636362
13.885000000000002
13.90227272727273
14.155454545454546
14.199545454545454
13.772272727272728
13.655000000000001
14.06590909090909
13.80909090909091
13.894545454545455
13.840000000000002
13.806818181818182
13.712272727272728
13.202727272727271
13.22909090909091
13.567727272727273
14.047272727272729
13.65090909090909
13.485000000000001
13.387272727272727
13.414090909090909
13.950909090909091
14.146363636363638
14.44590909090909
14.373181818181818
14.577272727272726
14.02
13.643181818181818
13.514999999999999
13.932727272727272
13.90090909090909
13.436363636363637
13.707727272727272
13.705454545454545
13.362272727272726
13.353181818181817
13.673181818181819
13.29681818181818
13.47318181818182
13.661363636363637
13.826363636363636
13.88090909090909
14.081363636363637
13.610000000000001
13.141363636363637
13.111363636363636
13.246818181818183
13.625454545454545
13.55181818181818
13.494545454545454
12.990909090909092
13.475909090909092
13.437727272727273
13.253636363636362
12.909545454545453
12.942727272727273
13.26909090909091
12.681363636363637
12.276363636363635
12.82090909090909
12.313181818181818
12.352727272727272
12.17
12.063181818181818
11.757727272727273
11.692727272727273
12.158636363636363
11.70409090909091
11.335454545454546
11.040909090909091
11.066363636363636
10.835454545454546
10.737727272727271
10.879545454545454
11.171363636363637
11.514999999999999
11.165
10.459090909090909
10.856818181818182
10.715909090909092
10.331363636363635
10.822727272727272
10.35
9.766363636363637
9.485454545454546
9.540454545454544
10.090454545454547
10.405909090909091
10.02909090909091
10.023478260869565
9.939130434782609
9.724347826086957
9.865652173913043
9.48695652173913
9.281739130434783
9.070869565217391
8.775652173913043
9.337391304347825
8.966521739130433
8.543478260869565
8.435652173913043
7.819565217391304
7.750869565217392
7.76608695652174
7.68608695652174
7.300434782608695
7.49304347826087
7.44695652173913
7.264347826086956
6.852173913043478
6.948695652173913
7.212608695652174
7.366086956521738
7.355217391304348
7.330869565217391
7.012173913043478
6.872608695652174
6.636086956521739
6.839565217391304
6.876086956521739
6.409565217391304
6.610434782608695
6.343913043478261
6.050434782608695
5.507391304347826
5.1286956521739135
5.6
5.847391304347826
5.688695652173913
5.7013043478260865
5.664347826086956
4.831739130434783
4.229130434782609
3.7747826086956526
4.214782608695652
4.015217391304348
3.821739130434783
4.2208695652173915
3.8704347826086956
3.103478260869565
3.2491304347826087
3.853913043478261
4.246086956521739
4.249130434782609
4.079565217391305
3.61
3.0895652173913044
3.005652173913043
2.7056521739130437
2.7143478260869562
2.968260869565217
3.3734782608695655
3.634782608695652
3.7321739130434786
3.718260869565217
3.326521739130435
2.650434782608696
2.2773913043478258
2.1621739130434783
2.241304347826087
2.524782608695652
2.7021739130434783
2.676086956521739
3.2195652173913043
3.4813043478260868
3.245217391304348
2.7482608695652173
2.5830434782608696
2.891739130434783
2.851304347826087
3.4391304347826086
2.8204347826086957
3.215652173913044
3.298695652173913
3.4186956521739127
3.3947826086956523
2.9152173913043478
3.1247826086956523
2.7982608695652176
2.3721739130434782
2.3917391304347824
