pet
0.261
0.264
0.367
0.28700000000000003
0.286
0.244
0.271
0.191
0.356
0.344
0.356
0.46799999999999997
0.24300000000000002
0.154
0.391
0.23900000000000002
0.231
0.33599999999999997
0.288
0.331
0.351
0.22800000000000004
0.24
0.269
0.39299999999999996
0.307
0.385
0.318
0.29900000000000004
0.4720000000000001
0.567
0.489
0.33199999999999996
0.45099999999999996
0.336
0.27799999999999997
0.275
0.279
0.42400000000000004
0.33899999999999997
0.261
0.308
0.26
0.318
0.34700000000000003
0.542
0.462
0.359
0.33799999999999997
0.395
0.45599999999999996
0.584
0.588
0.546
0.65
0.665
0.7140000000000001
0.638
0.646
0.745
0.6763636363636364
0.5536363636363636
0.6745454545454546
0.7554545454545455
0.7581818181818182
0.7281818181818182
0.8318181818181819
0.7954545454545454
0.9109090909090909
0.8409090909090909
0.8672727272727272
0.8899999999999999
0.8781818181818182
0.8445454545454545
0.7854545454545455
0.9690909090909091
0.9345454545454545
1.1009090909090908
0.9572727272727274
1.1236363636363635
1.0781818181818181
1.2163636363636363
1.09
0.9900000000000001
0.9918181818181818
1.0854545454545454
1.0263636363636364
1.050909090909091
0.9445454545454546
1.25
1.2936363636363637
1.33
1.1872727272727273
1.2745454545454544
1.579090909090909
1.3781818181818182
1.3536363636363637
1.5345454545454544
1.4872727272727273
1.6600000000000001
1.6081818181818184
1.719090909090909
1.4936363636363637
1.6290909090909091
1.7199999999999998
1.8299999999999998
1.8354545454545457
1.6336363636363636
1.8381818181818181
1.8399999999999999
1.8990909090909092
1.741818181818182
1.7463636363636363
1.742727272727273
1.7463636363636363
1.8063636363636364
1.6918181818181817
1.8672727272727272
2.0654545454545454
2.101818181818182
1.779090909090909
2.0354545454545456
1.997272727272727
2.055454545454545
1.8263636363636364
2.0681818181818183
2.1954545454545453
2.2590909090909093
2.3172727272727274
2.174545454545455
2.0845454545454545
1.9336363636363636
2.35
2.3345454545454545
1.979090909090909
2.0863636363636364
2.0545454545454547
1.9463636363636363
1.926363636363636
2.152727272727273
2.4918181818181817
2.5
2.387272727272727
2.5463636363636364
2.4454545454545453
2.6536363636363633
2.252727272727273
2.3136363636363635
2.28
2.6836363636363636
2.691818181818182
2.4918181818181817
2.630909090909091
2.659090909090909
2.01
2.1999999999999997
2.5681818181818183
2.3227272727272728
2.409090909090909
2.598181818181818
2.68
2.6927272727272724
2.4318181818181817
1.9381818181818182
2.4063636363636363
2.0363636363636366
1.9699999999999998
2.2209090909090907
2.0645454545454545
2.5236363636363635
2.523636363636364
2.4
2.1354545454545457
2.1854545454545455
2.158181818181818
2.1463636363636365
2.5727272727272728
2.52
2.3854545454545453
2.307272727272727
2.4263636363636363
2.825454545454545
2.519090909090909
2.7054545454545456
2.3327272727272725
2.5663636363636364
2.2509090909090905
2.49
2.5663636363636364
2.647272727272727
2.131818181818182
2.6145454545454543
2.287272727272727
2.4927272727272727
2.3327272727272725
2.673636363636364
2.4472727272727273
2.5518181818181818
2.420909090909091
2.049090909090909
2.1681818181818184
2.194545454545455
2.522727272727273
2.5254545454545454
2.429090909090909
2.4936363636363637
2.348181818181818
2.320909090909091
1.8963636363636363
2.1427272727272726
2.4127272727272726
2.0827272727272725
1.9136363636363638
1.8781818181818182
2.2972727272727274
2.2063636363636365
2.1545454545454543
1.8736363636363635
1.9836363636363636
2.101818181818182
2.0736363636363637
1.6627272727272726
1.700909090909091
1.8190909090909089
2.0272727272727273
1.6181818181818182
1.880909090909091
1.6881818181818182
1.9518181818181817
1.4000000000000001
1.8027272727272725
1.8272727272727274
1.82
1.8218181818181818
1.59
1.9381818181818182
1.8545454545454545
1.6927272727272729
1.6109090909090908
1.5354545454545454
2.0245454545454544
1.757272727272727
1.6509090909090909
1.4963636363636363
1.6409090909090909
1.5463636363636366
1.620909090909091
1.4736363636363636
1.6245454545454547
1.5781818181818181
1.4354545454545453
1.3227272727272728
1.4527272727272729
1.2436363636363637
1.3972727272727272
1.241818181818182
1.2781818181818183
1.2090909090909092
1.210909090909091
1.0263636363636364
1.029090909090909
1.048181818181818
1.2127272727272727
1.1145454545454545
1.3445454545454545
1.12
1.03
1.05
1.1263636363636365
0.9709090909090908
0.9936363636363637
0.88
0.98
0.9349999999999999
0.808
0.8869999999999999
0.884
0.844
0.874
0.8960000000000001
0.683
0.794
0.748
0.618
0.511
0.458
0.5860000000000001
0.537
0.5820000000000001
0.526
0.595
0.501
0.548
0.557
0.48
0.4640000000000001
0.532
0.609
0.626
0.617
0.576
0.529
0.495
0.564
0.45
0.413
0.386
0.242
0.326
0.387
0.442
0.473
0.404
0.358
0.5690000000000001
0.48100000000000004
0.375
0.39899999999999997
0.27599999999999997
0.3
0.35300000000000004
0.194
0.261
0.353
0.391
0.254
0.265
0.382
0.38
0.25
0.37
0.274
0.28900000000000003
0.286
0.21000000000000002
0.193
0.255
0.197
0.225
0.233
0.229
0.24300000000000002
0.27599999999999997
0.372
0.307
0.205
0.304
0.316
0.27
0.24500000000000002
0.188
0.181
0.24
0.292
0.293
0.28300000000000003
0.23700000000000002
0.27999999999999997
0.172
0.177
0.176
0.199
0.20800000000000002
0.23700000000000002
0.244
