temperature
3.588
3.004
3.163
3.069
3.311
2.908
2.952
2.5330000000000004
3.104
3.593
3.607
3.825
3.3850000000000002
2.446
3.912
2.57
2.748
3.5200000000000005
3.037
2.035
2.2689999999999997
2.66
2.9880000000000004
2.65
4.2
3.344
4.324
3.6189999999999998
2.83
2.013
2.964
2.43
1.582
2.253
2.5780000000000003
2.892
2.391
2.388
2.1879999999999997
2.804
1.9669999999999999
2.114
2.9189999999999996
3.122
4.052
4.607
4.203
4.0329999999999995
3.0520000000000005
2.503
3.304
3.716
3.7629999999999995
5.244
4.871
4.819
4.598000000000001
4.276999999999999
4.444000000000001
3.8269999999999995
3.0481818181818183
2.9263636363636363
2.908181818181818
3.310909090909091
4.057272727272728
5.086363636363637
4.460909090909091
4.274545454545454
4.267272727272727
3.7927272727272725
3.9763636363636365
4.196363636363636
4.859090909090909
5.422727272727273
5.218181818181818
6.092727272727273
5.210909090909091
5.1000000000000005
4.89
4.901818181818182
5.296363636363636
4.881818181818182
4.556363636363637
5.134545454545454
5.4363636363636365
5.3963636363636365
5.041818181818182
4.697272727272727
5.462727272727273
5.6454545454545455
5.840909090909091
5.949090909090909
5.905454545454545
5.764545454545455
6.86
6.542727272727273
5.661818181818182
5.930909090909091
7.175454545454546
7.655454545454546
7.031818181818181
6.479090909090909
6.346363636363637
7.505454545454546
7.3518181818181825
6.807272727272727
6.611818181818182
6.354545454545455
6.506363636363636
6.938181818181818
7.747272727272727
8.196363636363635
8.66090909090909
8.776363636363637
8.17818181818182
7.464545454545455
7.611818181818182
7.921818181818182
7.962727272727273
7.804545454545454
7.270909090909091
7.391818181818182
7.843636363636364
8.878181818181817
9.838181818181818
9.206363636363635
8.796363636363637
8.773636363636363
8.928181818181818
8.740909090909092
8.56090909090909
8.164545454545454
7.8945454545454545
8.32
8.722727272727273
8.854545454545455
9.151818181818182
9.124545454545455
9.478181818181818
10.15090909090909
10.016363636363637
9.789090909090909
9.834545454545454
10.216363636363637
10.076363636363636
10.297272727272727
9.836363636363636
10.114545454545453
10.157272727272728
10.44909090909091
10.693636363636363
11.713636363636363
12.13090909090909
12.196363636363635
11.194545454545455
10.861818181818181
11.17909090909091
11.507272727272728
12.084545454545456
12.365454545454547
12.273636363636363
12.163636363636364
11.606363636363637
11.144545454545455
11.015454545454546
11.327272727272726
12.211818181818183
13.088181818181818
12.8
12.477272727272727
12.588181818181818
12.489090909090908
12.72181818181818
12.902727272727274
12.156363636363636
12.24909090909091
13.17181818181818
12.92181818181818
13.22272727272727
13.397272727272728
14.094545454545454
14.881818181818181
14.757272727272728
14.330909090909092
14.384545454545453
14.27090909090909
13.97272727272727
14.091818181818182
13.302727272727275
13.878181818181817
13.783636363636363
14.242727272727272
14.036363636363637
13.266363636363637
13.417272727272728
14.07090909090909
14.293636363636363
15.022727272727273
14.783636363636363
14.284545454545453
13.911818181818182
13.657272727272726
13.69909090909091
14.475454545454546
14.799090909090909
14.760909090909092
14.609090909090908
14.334545454545456
13.686363636363637
13.732727272727272
13.510909090909092
13.553636363636365
14.05
14.074545454545454
14.315454545454545
14.435454545454546
14.360909090909091
13.712727272727273
13.022727272727273
13.160909090909092
13.364545454545453
13.237272727272728
13.091818181818182
13.19818181818182
13.546363636363635
13.686363636363637
13.483636363636363
13.432727272727272
13.61909090909091
13.242727272727272
13.541818181818183
13.794545454545455
14.010909090909092
13.413636363636364
13.47909090909091
13.012727272727272
12.532727272727271
12.518181818181818
12.186363636363637
12.645454545454545
13.037272727272727
13.195454545454545
13.30090909090909
12.695454545454545
13.082727272727272
12.806363636363637
13.274545454545455
12.937272727272727
12.654545454545456
12.5
12.457272727272727
11.99909090909091
12.811818181818182
12.897272727272728
13.02818181818182
12.701818181818181
11.612727272727271
11.039090909090909
10.938181818181818
10.526363636363637
10.686363636363636
11.081818181818182
11.639090909090909
12.337272727272728
12.436363636363637
11.42
10.353636363636364
11.032727272727273
10.460909090909091
11.19909090909091
11.91909090909091
11.263636363636364
11.216363636363637
10.788
10.17
10.761
9.352
9.608
9.599
9.748999999999999
9.845
9.479
9.318999999999999
9.425
8.947
9.293000000000001
10.024
9.494
8.221
8.053
8.531
8.825
8.734
9.355
8.729
8.204
8.275
8.637
9.493
9.153
8.870000000000001
8.107
8.783
9.087
7.3950000000000005
6.898999999999999
6.779999999999999
6.215
5.645
5.598000000000001
6.628
6.465999999999999
5.468999999999999
6.064
6.63
6.462999999999999
6.377000000000001
7.26
6.381
5.996
5.635
4.904999999999999
5.678
6.6930000000000005
5.9719999999999995
4.2700000000000005
4.271
4.817
3.268
4.558
5.55
4.682
3.9269999999999996
3.1130000000000004
2.536
2.731
2.802
2.843
3.061
2.527
1.654
2.803
4.458
4.748
3.872
2.258
3.151
4.114
3.6380000000000003
2.4330000000000003
1.891
1.6740000000000002
1.511
2.163
2.756
3.4090000000000003
3.661
2.315
2.163
2.576
2.332
1.324
1.9629999999999999
3.2030000000000003
3.6399999999999997
