temperature
3.36
3.4143478260869564
3.242173913043479
3.5178260869565214
3.9795652173913045
3.9521739130434783
3.0604347826086955
3.5491304347826085
3.8178260869565217
3.32695652173913
2.9443478260869567
2.393913043478261
1.9782608695652173
2.1630434782608696
3.006086956521739
3.1478260869565218
2.5169565217391305
2.303478260869565
2.9791304347826086
3.103913043478261
3.680434782608696
3.6847826086956523
3.5782608695652174
3.651304347826087
3.424782608695652
3.0995652173913046
2.9469565217391307
2.9408695652173913
2.9295652173913043
2.4395652173913045
2.442608695652174
2.723913043478261
3.3039130434782606
3.6221739130434782
3.568260869565217
3.686086956521739
3.883478260869565
3.931304347826087
3.603913043478261
3.1234782608695655
2.628695652173913
2.304782608695652
2.5856521739130436
2.427826086956522
1.922608695652174
1.6117391304347826
1.6547826086956523
2.1617391304347824
2.216086956521739
2.4417391304347826
2.4065217391304348
2.957826086956522
3.2856521739130433
3.4813043478260868
3.492608695652174
2.707826086956522
3.210869565217391
3.4482608695652175
3.5969565217391306
3.8665217391304343
4.101304347826087
4.00695652173913
3.896086956521739
4.0200000000000005
4.491304347826087
4.777826086956522
4.592173913043479
4.457826086956522
4.777826086956522
5.013913043478261
4.7360869565217385
4.912173913043478
4.627826086956522
4.782173913043478
4.4052173913043475
4.836956521739131
4.819565217391304
4.837391304347826
4.65695652173913
4.7926086956521745
4.794782608695653
4.743478260869565
4.903478260869565
5.357826086956522
5.053478260869565
5.31391304347826
5.161304347826087
5.196521739130435
5.7013043478260865
5.511304347826086
6.041818181818181
5.655
4.828636363636364
4.932727272727273
5.164545454545455
5.325454545454545
5.578181818181818
5.3522727272727275
5.498181818181818
5.750909090909091
6.197727272727272
6.819999999999999
6.69
6.787727272727273
6.99
7.373181818181819
6.857727272727273
6.8159090909090905
7.383636363636364
7.156363636363636
7.364090909090908
7.915909090909091
7.716818181818183
7.250454545454545
7.278636363636363
7.096818181818182
7.206363636363636
6.9818181818181815
7.273636363636364
7.462727272727273
7.636818181818182
7.484999999999999
8.002727272727272
8.283636363636363
8.48409090909091
8.701818181818181
8.837727272727273
9.288636363636364
8.69681818181818
8.680454545454545
9.385454545454545
9.238636363636363
9.759545454545455
9.901818181818182
9.949545454545454
9.779545454545454
9.975
10.254999999999999
10.09909090909091
10.870909090909091
10.764999999999999
10.533181818181818
10.845
11.096363636363636
11.183636363636364
11.037727272727274
11.141818181818183
10.54
10.840909090909092
10.782272727272728
10.988636363636363
11.320454545454545
11.357727272727272
11.672727272727274
11.54590909090909
11.473181818181818
11.338181818181818
11.467272727272727
11.691818181818183
11.949545454545454
11.761818181818182
11.784999999999998
12.078636363636365
11.819090909090908
12.005454545454546
12.128181818181817
12.64409090909091
12.556818181818182
12.27727272727273
12.969090909090909
13.05318181818182
12.94818181818182
12.977727272727272
12.913636363636364
12.693181818181818
13.203636363636365
13.319545454545453
13.181363636363637
13.146818181818183
13.418181818181818
13.678636363636365
13.706818181818182
13.740454545454547
14.162272727272727
14.587272727272728
15.068181818181818
14.882727272727273
14.868636363636364
15.202272727272726
14.798181818181819
14.865909090909092
14.983636363636363
14.84818181818182
15.096363636363636
14.654545454545454
14.97409090909091
14.68
14.319090909090908
14.093181818181819
14.412272727272727
14.83
14.715909090909092
14.594090909090909
14.506363636363636
14.465000000000002
14.811363636363637
15.018636363636364
15.131363636363636
15.164090909090909
15.344090909090909
15.34909090909091
14.735454545454546
14.339090909090908
14.688636363636363
14.994545454545454
14.42818181818182
14.59590909090909
14.55
14.111818181818181
14.283636363636363
14.768181818181818
14.333636363636362
14.42681818181818
14.694090909090908
14.754545454545456
14.909545454545453
15.17
14.485454545454546
14.227272727272727
14.135454545454547
14.386818181818182
14.775
14.690454545454545
14.932272727272727
13.990454545454547
14.32
14.376818181818182
14.365909090909092
13.94
14.060454545454546
14.115454545454547
13.862272727272728
13.42909090909091
13.77909090909091
13.411818181818182
13.361818181818181
13.06090909090909
13.10409090909091
12.902727272727274
12.944090909090908
13.317272727272728
12.957727272727272
12.670454545454545
12.275
12.44181818181818
12.006363636363636
11.773181818181818
11.985000000000001
12.275454545454545
12.262272727272727
12.014545454545454
11.547727272727274
11.71
11.706363636363637
11.380454545454546
11.859090909090908
11.615454545454545
11.19590909090909
11.086363636363636
10.981363636363637
11.374545454545455
11.242272727272727
11.137727272727274
10.908260869565217
10.685652173913043
10.690869565217392
10.840434782608696
10.308260869565217
10.251304347826087
10.264347826086956
9.76695652173913
10.31391304347826
10.211304347826088
9.613913043478261
9.687391304347827
9.125217391304348
8.856521739130434
8.869130434782608
8.61
8.343478260869565
8.579565217391306
9.01695652173913
8.650869565217391
8.130869565217392
8.049130434782608
8.209130434782608
8.388260869565217
8.35608695652174
8.403478260869566
8.20608695652174
8.023913043478261
7.540434782608696
7.988260869565217
8.324347826086957
8.01086956521739
8.031739130434783
7.583043478260869
7.131739130434783
6.722173913043479
6.207391304347826
6.987391304347827
7.345217391304348
6.899130434782609
6.90391304347826
6.962608695652174
6.064347826086956
5.386086956521739
5.057391304347826
5.350434782608696
5.288695652173913
5.277826086956522
5.838260869565217
5.46695652173913
4.65
4.49304347826087
4.863478260869565
5.387391304347826
5.418260869565217
5.306521739130434
4.698695652173913
4.322608695652174
4.1982608695652175
3.7756521739130435
3.9
4.285652173913043
4.571739130434783
4.768695652173913
4.8960869565217395
4.781304347826087
4.502608695652174
4.434782608695652
3.641739130434783
3.362608695652174
3.289565217391304
3.6578260869565216
3.7360869565217394
3.803478260869565
4.309130434782609
4.83
4.4082608695652175
4.2291304347826095
3.9130434782608696
3.9143478260869564
4.104347826086956
4.741739130434783
3.891739130434783
4.411739130434783
4.424347826086957
4.389565217391305
4.453913043478261
4.277826086956522
4.200869565217391
4.1869565217391305
3.526521739130435
3.3095652173913046
