temperature
2.2366666666666664
2.4219999999999997
1.6326666666666667
1.09
1.5353333333333334
1.406
1.5393333333333332
1.162
1.856
1.6966666666666665
1.7873333333333332
1.9006666666666667
1.9713333333333334
2.496666666666667
2.36
2.1166666666666667
2.029333333333333
2.3186666666666667
2.428
2.5113333333333334
2.722666666666667
2.244666666666667
1.768
1.5286666666666666
0.5666666666666667
0.8019999999999999
1.078
1.096
1.2106666666666668
1.7066666666666668
1.3760000000000001
1.87
2.0073333333333334
2.762
2.8153333333333337
3.174
3.022
1.1540000000000001
1.2986666666666666
1.6126666666666667
1.2666666666666666
1.712
1.8586666666666667
1.5733333333333333
1.96
1.8599999999999999
1.0053333333333334
1.3346666666666667
1.9273333333333333
1.7793333333333334
1.8486666666666667
1.4426666666666668
2.1093333333333333
2.3233333333333333
1.5473333333333332
1.7566666666666666
1.2866666666666666
1.391333333333333
1.0706666666666669
1.0946666666666665
0.912
1.3986666666666667
1.8406666666666667
1.8513333333333333
2.7546666666666666
2.926
2.618
2.8246666666666664
2.9986666666666664
3.2066666666666666
3.876
3.7580000000000005
3.3579999999999997
2.726
3.277333333333333
3.4106666666666663
2.950666666666667
2.58
3.0526666666666666
2.8913333333333333
2.77
2.6300000000000003
2.6046666666666667
3.0613333333333332
3.0446666666666666
3.0386666666666664
3.067333333333333
3.4006666666666665
4.544666666666667
4.568666666666667
4.404
3.472666666666667
2.026666666666667
2.378
3.2113333333333336
3.9833333333333334
4.456
4.083333333333333
4.192
4.488666666666666
4.324666666666667
3.85
3.0206666666666666
2.824
3.5353333333333334
3.604
3.758666666666667
3.6986666666666665
3.6413333333333333
4.196000000000001
4.859333333333334
4.882666666666666
5.423333333333333
5.506
5.238666666666666
4.9206666666666665
5.624
5.925333333333333
6.094666666666667
6.642666666666667
6.957333333333334
6.803333333333333
6.609333333333334
6.600666666666667
6.036
5.825333333333333
6.554
6.582666666666667
6.182
6.262666666666666
6.3133333333333335
6.500666666666667
6.943333333333333
7.149333333333333
7.835999999999999
6.954666666666666
6.848
6.707333333333334
6.673333333333333
7.087999999999999
7.397333333333334
7.636666666666667
8.116666666666667
7.9126666666666665
7.974666666666667
7.836666666666667
7.960666666666667
7.683333333333334
8.058666666666666
8.394666666666668
8.455333333333334
8.225333333333333
8.168666666666667
7.894666666666667
7.754666666666666
7.58
7.937333333333333
8.344
8.598666666666666
9.106666666666666
8.977333333333332
8.868
8.882
9.299333333333333
9.296666666666665
9.283333333333333
9.440666666666667
9.677333333333333
9.541333333333334
9.706666666666667
9.933333333333334
9.666666666666666
9.564666666666666
9.3
9.966000000000001
10.316
10.482
10.616666666666667
10.854666666666667
10.485333333333333
10.116666666666667
10.052666666666665
10.258666666666667
10.668666666666667
11.216666666666667
10.782666666666668
10.851333333333335
11.004
10.942666666666666
10.755333333333335
10.735333333333333
11.338666666666667
10.683333333333334
10.688666666666666
11.131333333333334
11.152666666666667
10.983333333333333
10.704666666666666
11.193333333333333
12.012666666666666
12.638666666666667
11.821333333333333
11.591333333333333
12.038
11.644666666666668
11.74
11.869333333333334
11.864
11.828
11.879333333333333
11.748
11.904
12.128000000000002
12.209333333333335
11.698666666666666
11.421999999999999
11.402
11.382666666666667
11.446666666666665
11.428666666666667
11.633999999999999
11.488
11.416
11.353333333333333
11.226
11.244
11.207333333333333
11.572000000000001
11.192666666666666
10.746
11.473333333333333
11.617333333333333
10.922
10.372666666666667
9.97
10.052666666666665
10.067333333333332
10.367333333333333
10.483333333333333
10.56
10.579333333333333
10.338
10.533999999999999
10.883999999999999
10.573333333333332
10.744666666666665
10.3
10.404666666666666
9.848
9.821333333333333
9.818666666666667
9.670666666666667
9.469333333333333
9.080666666666668
8.661333333333335
8.396666666666667
8.308
8.296
8.415333333333333
8.58
8.972666666666667
9.345333333333334
9.640666666666666
9.934
9.485333333333333
9.203333333333335
8.790666666666668
8.241333333333333
7.633333333333334
7.342666666666667
7.972666666666667
8.431333333333333
8.195333333333334
7.924666666666667
7.837999999999999
7.456
7.803333333333333
7.566
7.473333333333333
7.358666666666666
7.554666666666666
7.6979999999999995
6.803333333333333
6.325333333333333
6.827333333333333
6.888
7.330666666666667
6.77
6.5680000000000005
6.372
6.08
5.8293333333333335
5.561333333333334
6.336666666666667
6.134
5.830666666666667
6.0806666666666676
6.015333333333333
5.8306666666666676
5.459333333333333
5.298666666666667
4.700666666666667
4.7733333333333325
4.702
4.814666666666667
4.214
4.657333333333333
4.519333333333333
4.460666666666667
4.157333333333333
5.282
4.343333333333334
4.124
4.003333333333333
3.692
4.091333333333333
4.034
4.3406666666666665
3.94
4.080666666666667
3.5
3.27
2.781428571428571
2.8185714285714285
3.238571428571429
2.617142857142857
3.2057142857142855
3.6092857142857144
3.422857142857143
3.232142857142857
3.1442857142857146
3.71
3.3792857142857144
3.382857142857143
2.9435714285714285
3.4185714285714286
3.0100000000000002
1.5864285714285715
1.7814285714285714
2.2985714285714285
1.4642857142857142
2.0835714285714286
2.5214285714285714
2.892857142857143
2.757857142857143
2.112857142857143
1.6264285714285713
1.2771428571428571
1.9535714285714287
2.4514285714285715
2.9135714285714287
1.815
1.5392857142857144
0.21428571428571436
1.0728571428571427
1.5371428571428571
1.5992857142857144
2.0464285714285713
1.7
0.6657142857142857
0.5357142857142857
0.8735714285714286
0.8707142857142858
1.4721428571428572
1.6085714285714285
