pet
0.3936363636363636
0.41
0.4304545454545455
0.3577272727272727
0.33045454545454545
0.3181818181818182
0.42772727272727273
0.3795454545454545
0.33136363636363636
0.3727272727272727
0.44272727272727275
0.39681818181818185
0.3727272727272727
0.43636363636363634
0.3854545454545455
0.3477272727272727
0.3977272727272727
0.33136363636363636
0.3663636363636364
0.39181818181818184
0.28954545454545455
0.35454545454545455
0.3259090909090909
0.41
0.42863636363636365
0.48000000000000004
0.44
0.5227272727272727
0.405
0.4495454545454546
0.47363636363636363
0.4518181818181818
0.4481818181818182
0.4068181818181818
0.465
0.4681818181818182
0.5336363636363637
0.5368181818181819
0.5463636363636364
0.5418181818181819
0.46318181818181814
0.4272727272727273
0.5786363636363636
0.5750000000000001
0.5259090909090909
0.5854545454545454
0.6086363636363636
0.5236363636363636
0.6240909090909091
0.6763636363636364
0.7268181818181818
0.6945454545454546
0.7395454545454545
0.6309090909090909
0.6013636363636364
0.725909090909091
0.7745454545454545
0.7277272727272728
0.7513636363636365
0.7922727272727272
0.7904545454545455
0.7509090909090909
0.8109090909090909
0.854090909090909
0.8377272727272728
0.7809090909090909
0.8763636363636365
0.8849999999999999
0.9913636363636363
0.9322727272727274
0.9127272727272728
0.9263636363636363
0.905
0.8759090909090909
0.8554545454545455
0.9972727272727273
1.0622727272727273
1.1495454545454544
1.1022727272727273
1.0704545454545455
1.0777272727272729
1.1777272727272727
1.135
1.1745454545454546
1.2645454545454546
1.2440909090909091
1.238181818181818
1.3563636363636364
1.2795454545454545
1.3818181818181818
1.3717391304347826
1.466521739130435
1.2578260869565216
1.414782608695652
1.392608695652174
1.6147826086956523
1.57
1.6256521739130434
1.5452173913043479
1.6704347826086958
1.6686956521739131
1.5930434782608696
1.5986956521739129
1.6343478260869564
1.7043478260869567
1.878695652173913
1.7421739130434784
2.0243478260869567
1.9204347826086958
1.8513043478260869
1.8308695652173912
1.6495652173913042
1.9008695652173913
1.7417391304347827
1.7504347826086957
1.9030434782608696
1.9956521739130435
2.1082608695652176
2.092173913043478
2.106086956521739
2.2843478260869565
2.4443478260869567
2.3965217391304345
2.3204347826086957
2.036086956521739
2.086521739130435
2.342173913043478
2.2356521739130435
2.3260869565217392
1.998695652173913
2.318695652173913
2.5647826086956518
2.3395652173913044
2.3130434782608695
2.33
2.176521739130435
2.1560869565217393
2.2308695652173913
2.342173913043478
2.216086956521739
2.332173913043478
2.3343478260869563
2.4995652173913046
2.418695652173913
2.4921739130434784
2.3813043478260867
2.2504347826086954
2.4795652173913045
2.4439130434782608
2.82
2.9195652173913045
2.677826086956522
2.5004347826086954
2.5982608695652174
2.6308695652173912
2.752608695652174
2.377391304347826
2.8060869565217392
2.8969565217391304
2.920869565217391
2.6895652173913045
2.6595652173913042
2.3743478260869564
2.524782608695652
2.5582608695652174
2.77
2.857391304347826
2.7121739130434785
2.627391304347826
2.697391304347826
2.864347826086956
2.6930434782608694
2.7643478260869565
2.8682608695652174
2.8421739130434784
2.8091304347826087
2.791739130434783
2.6956521739130435
2.786521739130435
2.9082608695652175
2.676521739130435
2.637391304347826
2.5234782608695654
2.566521739130435
2.382173913043478
2.618695652173913
2.503913043478261
2.553913043478261
2.6247826086956523
2.854347826086957
2.646086956521739
2.858260869565217
2.736086956521739
2.700869565217391
2.7491304347826087
2.4982608695652173
2.792173913043478
2.7256521739130437
2.753913043478261
2.7543478260869567
2.5630434782608695
2.698695652173913
2.6491304347826086
2.65304347826087
2.662608695652174
2.929130434782609
2.361304347826087
2.5130434782608693
2.4530434782608697
2.2604347826086957
2.5386956521739132
2.177826086956522
2.1278260869565218
2.5656521739130436
2.4634782608695653
2.1230434782608696
2.504782608695652
2.14
2.345652173913044
2.53
2.3665217391304347
2.2004347826086956
2.3104347826086955
2.2095652173913045
1.9230434782608696
2.0069565217391303
2.2039130434782606
2.261739130434783
2.14
2.001304347826087
2.0191304347826087
1.9595652173913043
1.8982608695652172
2.177391304347826
1.8695652173913044
1.8808695652173912
1.8369565217391304
1.9952173913043478
2.1556521739130434
1.9617391304347824
1.8104347826086957
1.7308695652173913
1.8591304347826085
1.876086956521739
1.6778260869565218
1.628695652173913
1.7739130434782608
1.5526086956521739
1.6300000000000001
1.707391304347826
1.5582608695652171
1.684782608695652
1.663478260869565
1.4995652173913043
1.5739130434782609
1.658695652173913
1.5691304347826085
1.4908695652173913
1.5904347826086955
1.497391304347826
1.4043478260869564
1.3391304347826087
1.3317391304347825
1.3995652173913042
1.3091304347826087
1.3082608695652174
1.3943478260869566
1.1682608695652175
1.0543478260869565
1.0339130434782609
1.1621739130434783
1.1321739130434783
1.0334782608695652
1.1213636363636363
1.0677272727272726
1.0613636363636365
1.1472727272727274
1.0486363636363636
1.0518181818181818
0.9918181818181818
0.9413636363636364
0.9213636363636364
0.9590909090909091
0.8486363636363635
0.7977272727272727
0.7363636363636363
0.7918181818181818
0.7559090909090909
0.7768181818181819
0.91
0.9281818181818181
0.8377272727272728
0.7690909090909092
0.7995454545454546
0.7586363636363637
0.7736363636363636
0.6863636363636364
0.8213636363636364
0.8209090909090908
0.7886363636363637
0.7263636363636364
0.6813636363636364
0.6404545454545455
0.72
0.5804545454545454
0.6122727272727273
0.5686363636363636
0.5313636363636364
0.5927272727272727
0.5722727272727273
0.595
0.520909090909091
0.5440909090909091
0.46090909090909093
0.5427272727272727
0.5081818181818182
0.53
0.5122727272727272
0.3240909090909091
0.37000000000000005
0.43863636363636366
0.40954545454545455
0.3781818181818182
0.3936363636363636
0.3590909090909091
0.3172727272727273
0.3440909090909091
0.3604545454545454
0.38636363636363635
0.4059090909090909
0.37363636363636366
0.42590909090909085
0.3609090909090909
0.3831818181818182
0.3859090909090909
0.43636363636363634
0.46318181818181814
0.41409090909090907
0.4840909090909091
0.3772727272727273
0.5936363636363636
0.37363636363636366
0.44909090909090915
0.4304545454545455
0.3572727272727273
0.27909090909090906
0.30363636363636365
0.38181818181818183
0.32863636363636367
0.4145454545454545
0.24181818181818182
0.25181818181818183
0.2863636363636364
0.29454545454545455
0.29045454545454547
0.2513636363636364
0.27181818181818185
0.4313636363636364
0.3240909090909091
0.38863636363636367
0.40954545454545455
0.27636363636363637
0.35863636363636364
0.2786363636363636
0.36590909090909096
