pet
0.24785714285714283
0.2564285714285714
0.3764285714285714
0.27285714285714285
0.2735714285714286
0.2692857142857143
0.27071428571428574
0.21071428571428572
0.34214285714285714
0.3821428571428572
0.38499999999999995
0.5007142857142857
0.28285714285714286
0.23357142857142857
0.43785714285714283
0.335
0.2885714285714286
0.355
0.3271428571428571
0.38499999999999995
0.3178571428571429
0.27785714285714286
0.2285714285714286
0.3157142857142857
0.35642857142857143
0.315
0.38500000000000006
0.4335714285714286
0.3464285714285715
0.45928571428571424
0.5071428571428571
0.47714285714285715
0.42142857142857143
0.4921428571428571
0.37714285714285717
0.32571428571428573
0.37714285714285717
0.3807142857142857
0.51
0.3914285714285714
0.3885714285714286
0.3614285714285714
0.30500000000000005
0.36500000000000005
0.3735714285714286
0.4935714285714286
0.4985714285714286
0.4585714285714286
0.48142857142857143
0.505
0.5142857142857143
0.5457142857142857
0.6035714285714285
0.5428571428571428
0.6142857142857142
0.6678571428571428
0.7192857142857143
0.6614285714285714
0.6721428571428572
0.7464285714285713
0.7042857142857143
0.6142857142857142
0.7192857142857143
0.7971428571428572
0.84
0.8035714285714286
0.8507142857142858
0.8021428571428572
0.9564285714285715
0.9364285714285714
0.9342857142857143
0.9271428571428572
0.8892857142857142
0.9107142857142857
0.8357142857142856
0.9850000000000001
1.0185714285714285
1.092857142857143
0.9442857142857143
1.1035714285714284
1.0642857142857143
1.27
1.1192857142857142
1.0364285714285715
1.0907142857142857
1.1514285714285715
1.167142857142857
1.2092857142857143
1.0664285714285715
1.3092857142857142
1.3599999999999999
1.3885714285714286
1.2792857142857144
1.3507142857142858
1.6314285714285715
1.4442857142857142
1.4192857142857143
1.5035714285714286
1.5071428571428573
1.6335714285714287
1.5121428571428572
1.7157142857142857
1.5778571428571428
1.595
1.7571428571428573
1.9164285714285714
1.97
1.727142857142857
1.8942857142857144
1.8578571428571427
1.815
1.8114285714285714
1.9000000000000001
1.752857142857143
1.7514285714285713
1.9264285714285714
1.8078571428571428
1.672857142857143
2.0414285714285714
1.9957142857142858
1.707142857142857
2.0157142857142856
2.0214285714285714
2.0685714285714285
1.9149999999999998
2.0957142857142856
2.1592857142857143
2.3042857142857143
2.2150000000000003
2.1278571428571427
2.2521428571428572
1.9692857142857143
2.299285714285714
2.3449999999999998
2.0285714285714285
2.0835714285714286
2.0593333333333335
2.0073333333333334
1.9540000000000002
2.170666666666667
2.49
2.568
2.5246666666666666
2.6413333333333333
2.4253333333333336
2.5926666666666667
2.239333333333333
2.384666666666667
2.329333333333333
2.5646666666666667
2.8059999999999996
2.5106666666666664
2.5506666666666664
2.6466666666666665
2.1013333333333333
2.2853333333333334
2.6
2.436
2.3513333333333337
2.4793333333333334
2.694
2.6719999999999997
2.384
2.1066666666666665
2.3646666666666665
2.088
2.096
2.3073333333333332
2.2
2.496
2.528
2.292666666666667
2.176
2.3146666666666667
2.228
2.3033333333333332
2.6246666666666667
2.3906666666666667
2.4493333333333336
2.324
2.2920000000000003
2.508
2.5106666666666664
2.5873333333333335
2.4033333333333333
2.462
2.1813333333333333
2.308
2.472
2.5626666666666664
2.1599999999999997
2.426
2.2479999999999998
2.548666666666667
2.354
2.7060000000000004
2.542666666666667
2.4553333333333334
2.378
2.112
2.1886666666666668
2.1959999999999997
2.4733333333333336
2.3579999999999997
2.54
2.3066666666666666
2.372
2.380666666666667
1.9166666666666667
2.038
2.239333333333333
2.0260000000000002
2.0266666666666664
1.9106666666666667
2.2479999999999998
2.2733333333333334
2.102
1.9546666666666668
2.0580000000000003
2.1333333333333333
2.1046666666666667
1.6913333333333331
1.6286666666666667
1.7686666666666668
2.048
1.7233333333333334
2.006666666666667
1.824
1.9546666666666668
1.4733333333333334
1.7466666666666666
1.8900000000000001
1.8686666666666665
2.0260000000000002
1.7126666666666666
1.936
1.774
1.834
1.628
1.6186666666666667
1.99
1.666
1.7673333333333334
1.5553333333333332
1.692
1.6099999999999999
1.6580000000000001
1.552
1.6133333333333333
1.504
1.5839999999999999
1.45
1.5593333333333335
1.344
1.4573333333333334
1.3586666666666667
1.3153333333333335
1.2413333333333334
1.2626666666666668
1.1613333333333336
1.0613333333333332
1.0926666666666667
1.1960000000000002
1.088
1.3466666666666667
1.16
1.1159999999999999
1.1239999999999999
1.1573333333333333
0.9673333333333333
0.948
0.8953333333333333
1.006
0.9485714285714286
0.8942857142857142
1.01
0.915
0.9107142857142857
0.9921428571428572
0.9592857142857143
0.7992857142857144
0.9071428571428573
0.9221428571428572
0.7042857142857143
0.5885714285714286
0.5557142857142857
0.6092857142857142
0.5807142857142856
0.6478571428571429
0.59
0.5792857142857143
0.5014285714285714
0.5071428571428571
0.45428571428571424
0.485
0.5042857142857142
0.53
0.5657142857142857
0.6085714285714285
0.6114285714285714
0.5907142857142856
0.5335714285714286
0.4492857142857143
0.5378571428571429
0.455
0.45071428571428573
0.44571428571428573
0.3378571428571429
0.4307142857142857
0.48428571428571426
0.44
0.48071428571428576
0.395
0.3764285714285714
0.5592857142857143
0.45428571428571424
0.37285714285714283
0.38357142857142856
0.33571428571428574
0.3
0.2757142857142857
0.26357142857142857
0.28500000000000003
0.3535714285714286
0.3628571428571429
0.27714285714285714
0.2735714285714286
0.3178571428571429
0.3671428571428571
0.2592857142857143
0.39999999999999997
0.27071428571428574
0.2592857142857143
0.22285714285714286
0.22357142857142856
0.18357142857142855
0.24
0.21
0.22642857142857142
0.23
0.25857142857142856
0.255
0.28357142857142853
0.3814285714285714
0.29214285714285715
0.19642857142857142
0.26857142857142857
0.30357142857142855
0.275
0.2207142857142857
0.22214285714285717
0.18
0.20428571428571426
0.2285714285714286
0.31071428571428567
0.23
0.24000000000000002
0.34785714285714286
0.19642857142857142
0.15642857142857142
0.15285714285714286
0.25142857142857145
0.18
0.21214285714285716
0.21857142857142858
