date	precipitation	temperature	discharge_spec
20040217	0.04	5.78	2.14
20040218	0.0	4.14	1.97
20040219	0.02	3.65	1.82
20040220	0.1	1.03	1.71
20040221	0.0	2.44	1.62
20040222	0.04	2.64	1.5
20040223	0.0	0.81	1.39
20040224	0.38	2.84	1.39
20040225	0.41	1.89	1.3
20040226	1.32	-0.33	1.28
20040227	0.43	-0.3	1.2
20040228	0.03	0.59	1.14
20040229	0.0	0.6	1.06
20040301	0.0	0.4	1.0
20040302	0.0	1.37	0.99
20040303	4.16	5.71	1.09
20040304	0.43	7.02	1.1
20040305	2.14	5.13	1.04
20040306	0.18	5.19	0.96
20040307	0.39	5.11	0.92
20040308	0.0	2.87	0.86
20040309	0.0	2.31	0.83
20040310	0.01	1.37	0.82
20040311	20.09	1.37	1.43
20040312	18.08	4.62	3.87
20040313	6.08	6.0	3.33
20040314	8.87	8.76	4.61
20040315	2.56	9.12	2.88
20040316	0.77	10.33	2.43
20040317	1.65	9.07	2.01
20040318	12.66	7.62	2.06
20040319	10.24	8.54	5.73
20040320	6.49	9.43	4.24
20040321	4.75	7.19	2.93
20040322	1.69	5.81	2.63
20040323	1.74	4.88	2.4
20040324	0.12	4.5	2.19
20040325	3.42	4.08	2.17
20040326	0.09	4.51	2.02
20040327	0.04	6.54	1.89
20040328	0.43	6.97	1.79
20040329	0.0	7.43	1.64
20040330	0.0	8.48	1.55
20040331	0.04	9.34	1.49
20040401	4.42	8.82	1.55
20040402	1.08	8.77	1.49
20040403	19.48	8.79	3.04
20040404	1.73	7.64	2.9
20040405	0.72	7.46	1.84
20040406	1.58	6.17	1.65
20040407	3.69	6.01	1.67
20040408	0.42	5.25	1.56
20040409	0.32	5.96	1.42
20040410	1.45	8.73	1.38
20040411	0.08	8.49	1.35
20040412	0.01	9.57	1.25
20040413	0.0	9.33	1.18
20040414	0.0	8.15	1.17
20040415	0.06	8.1	1.13
20040416	5.12	7.06	1.16
20040417	9.54	7.46	1.28
20040418	4.53	6.09	2.07
20040419	0.32	6.18	1.48
20040420	6.52	7.67	1.29
20040421	7.48	9.38	2.26
20040422	0.02	9.45	1.53
20040423	0.0	8.99	1.23
20040424	0.0	11.01	1.13
20040425	0.0	12.44	1.08
20040426	0.17	11.87	1.05
20040427	0.07	10.33	1.02
20040428	17.93	9.23	1.2
20040429	1.56	7.64	1.99
20040430	6.29	7.94	1.6
20040501	0.2	9.59	1.64
20040502	0.03	9.89	1.31
20040503	11.96	9.12	1.22
20040504	11.47	7.93	2.62
20040505	3.96	7.14	3.02
20040506	0.65	7.76	2.0
20040507	0.02	8.08	1.59
20040508	0.0	8.75	1.44
20040509	0.56	9.63	1.35
20040510	8.05	11.95	1.84
20040511	5.36	12.43	1.88
20040512	0.01	11.65	1.54
20040513	0.0	11.3	1.31
20040514	0.0	11.55	1.19
20040515	0.0	13.16	1.11
20040516	0.0	14.8	1.05
20040517	0.0	14.43	0.99
20040518	0.0	13.64	0.92
20040519	0.0	13.13	0.78
20040520	0.0	13.09	0.72
20040521	0.01	10.47	0.68
20040522	0.0	9.93	0.65
20040523	0.0	10.89	0.62
20040524	0.0	11.96	0.6
20040525	0.0	12.88	0.59
20040526	0.0	13.09	0.57
20040527	0.0	12.96	0.54
20040528	3.21	12.81	0.57
20040529	0.44	13.17	0.56
20040530	1.2	12.32	0.52
20040531	6.9	10.93	0.57
20040601	0.25	13.29	0.58
20040602	0.0	13.21	0.51
20040603	0.12	13.83	0.46
20040604	0.0	15.23	0.45
20040605	0.0	15.87	0.44
20040606	0.0	15.81	0.42
20040607	0.0	18.09	0.39
20040608	0.8	15.88	0.37
20040609	0.88	15.21	0.38
20040610	0.01	15.32	0.38
20040611	0.0	14.12	0.34
20040612	0.0	13.85	0.33
20040613	0.0	15.24	0.32
20040614	0.0	17.78	0.3
20040615	0.0	17.63	0.3
20040616	0.0	17.18	0.3
20040617	0.0	14.35	0.3
20040618	0.0	12.88	0.28
20040619	0.11	11.42	0.26
20040620	2.26	10.67	0.3
20040621	2.4	11.54	0.32
20040622	42.83	12.16	1.1
20040623	2.9	12.78	0.94
20040624	0.12	12.33	0.57
20040625	2.79	12.9	0.42
20040626	9.17	13.2	0.52
20040627	2.55	13.85	0.5
20040628	0.02	13.38	0.41
20040629	0.04	14.29	0.37
20040630	0.8	13.71	0.34
20040701	14.11	12.8	0.39
20040702	4.74	12.66	0.65
20040703	0.91	12.76	0.61
20040704	0.51	12.97	0.44
20040705	0.0	13.3	0.33
20040706	0.0	13.91	0.31
20040707	29.92	13.05	0.84
20040708	0.71	11.43	1.42
20040709	1.13	12.33	0.63
20040710	2.34	12.04	0.51
20040711	0.06	13.31	0.48
20040712	0.0	13.49	0.4
20040713	0.03	13.61	0.37
20040714	0.45	14.84	0.37
20040715	0.2	15.59	0.37
20040716	0.3	15.24	0.36
20040717	0.49	15.32	0.34
20040718	0.25	13.73	0.33
20040719	0.0	13.93	0.31
20040720	1.35	15.02	0.3
20040721	2.45	15.64	0.3
20040722	1.24	15.2	0.3
20040723	0.05	14.91	0.28
20040724	0.0	14.48	0.26
20040725	0.0	14.37	0.26
20040726	0.06	14.91	0.26
20040727	0.81	15.66	0.26
20040728	0.02	16.38	0.26
20040729	2.27	16.52	0.26
20040730	0.07	15.38	0.26
20040731	0.0	16.38	0.23
20040801	0.23	18.82	0.22
20040802	1.89	19.04	0.22
20040803	0.06	17.25	0.23
20040804	0.03	16.61	0.22
20040805	0.04	16.36	0.22
20040806	0.02	16.52	0.21
20040807	0.0	17.93	0.2
20040808	2.73	17.66	0.2
20040809	0.0	16.48	0.22
20040810	0.13	16.64	0.2
20040811	42.56	15.89	0.72
20040812	20.15	15.98	2.12
20040813	1.63	15.99	0.76
20040814	3.21	16.81	0.54
20040815	4.1	16.91	0.46
20040816	17.27	16.01	1.18
20040817	16.0	15.98	1.84
20040818	3.82	16.14	1.7
20040819	6.36	15.7	0.9
20040820	2.5	13.75	0.81
20040821	0.0	13.21	0.66
20040822	22.7	14.37	0.78
20040823	9.1	15.76	3.14
20040824	7.55	14.71	1.87
20040825	0.56	14.45	1.36
20040826	6.08	14.93	0.97
20040827	3.48	15.02	1.85
20040828	0.13	13.24	1.14
20040829	1.32	13.87	0.91
20040830	0.09	13.92	0.83
20040831	0.01	12.94	0.75
20040901	0.0	12.74	0.69
20040902	0.0	14.69	0.65
20040903	0.0	15.11	0.6
20040904	0.0	16.21	0.57
20040905	0.0	18.8	0.54
20040906	0.0	19.25	0.5
20040907	0.0	17.76	0.48
20040908	0.0	17.0	0.45
20040909	0.8	17.49	0.45
20040910	4.77	15.93	0.48
20040911	8.53	14.09	0.51
20040912	18.68	13.15	0.62
20040913	3.8	13.26	1.54
20040914	3.97	12.72	0.82
20040915	0.0	11.35	0.68
20040916	5.23	12.34	0.54
20040917	4.17	14.19	1.27
20040918	2.18	13.4	1.09
20040919	1.02	12.37	0.7
20040920	2.0	13.11	0.72
20040921	0.08	11.87	0.64
20040922	0.86	13.78	0.56
20040923	0.95	13.74	0.68
20040924	0.07	10.55	0.64
20040925	0.55	11.23	0.55
20040926	0.38	13.75	0.54
20040927	0.3	13.62	0.52
20040928	0.11	13.24	0.51
20040929	0.66	13.51	0.49
20040930	0.09	13.43	0.48
20041001	3.22	11.16	0.49
20041002	3.0	11.91	0.53
20041003	34.94	12.53	1.37
20041004	0.93	11.96	4.09
20041005	1.8	11.63	1.03
20041006	1.88	10.46	0.85
20041007	2.27	9.17	0.85
20041008	0.04	8.63	0.74
20041009	11.71	9.52	0.81
20041010	1.25	9.79	1.18
20041011	0.26	9.99	0.88
20041012	8.39	9.21	0.77
20041013	4.72	10.2	1.26
20041014	8.23	7.73	1.23
20041015	0.96	7.76	1.54
20041016	5.3	7.3	1.23
20041017	3.34	8.73	1.3
20041018	2.16	8.42	1.21
20041019	14.79	9.63	1.29
20041020	9.8	10.65	3.37
20041021	8.99	9.83	2.9
20041022	10.29	12.67	3.87
20041023	27.54	13.66	10.23
20041024	7.02	12.38	5.54
20041025	0.92	9.79	4.13
20041026	0.34	8.17	3.34
20041027	29.96	10.28	8.03
20041028	33.09	10.9	10.97
20041029	15.24	10.99	13.91
20041030	0.06	10.14	7.51
20041031	0.03	9.37	5.47
20041101	0.09	8.57	4.46
20041102	3.55	8.81	3.98
20041103	1.78	10.72	3.45
20041104	0.02	9.77	2.97
20041105	0.04	8.47	2.67
20041106	0.67	9.9	2.42
20041107	0.53	10.37	2.23
20041108	0.27	10.01	2.08
20041109	4.78	8.4	1.93
20041110	0.11	8.03	2.05
20041111	0.13	7.66	1.71
20041112	0.33	9.79	1.58
20041113	0.0	4.35	1.43
20041114	0.0	4.45	1.37
20041115	1.98	7.8	1.33
20041116	1.13	9.76	1.37
20041117	0.73	10.36	1.42
20041118	5.73	9.49	1.7
20041119	4.04	4.08	1.52
20041120	13.63	5.09	2.14
20041121	1.87	9.45	2.43
20041122	0.62	10.57	2.12
20041123	0.08	9.35	1.6
20041124	0.05	8.83	1.46
20041125	1.75	8.67	1.41
20041126	0.44	9.78	1.44
20041127	5.88	8.02	1.33
20041128	0.03	6.53	1.68
20041129	0.1	4.2	1.33
20041130	0.56	6.12	1.25
20041201	0.0	4.19	1.19
20041202	0.02	3.36	1.11
20041203	0.0	3.45	1.06
20041204	0.02	6.86	1.03
20041205	0.6	7.85	1.02
20041206	0.02	8.09	1.0
20041207	0.06	7.62	0.96
20041208	0.01	7.3	0.93
20041209	0.0	6.08	0.9
20041210	0.02	6.32	0.88
20041211	0.0	7.1	0.84
20041212	0.01	5.25	0.82
20041213	0.0	5.35	0.8
20041214	0.0	8.53	0.8
20041215	3.59	9.76	0.8
20041216	11.53	8.64	0.89
20041217	2.43	6.98	1.82
20041218	41.01	6.46	7.51
20041219	0.12	2.62	6.1
20041220	4.0	2.58	2.96
20041221	4.21	3.92	2.56
20041222	7.8	8.82	4.46
20041223	0.89	9.84	3.05
20041224	10.35	7.43	3.0
20041225	8.45	2.13	3.33
20041226	1.92	2.33	3.18
20041227	11.71	3.21	4.54
20041228	1.92	4.97	4.87
20041229	0.34	6.74	3.17
20041230	0.78	9.93	2.84
20041231	0.2	8.61	2.61
20050101	6.33	7.82	3.03
20050102	1.42	5.43	2.44
20050103	0.19	7.71	2.3
20050104	3.25	7.45	2.32
20050105	2.2	6.06	2.18
20050106	1.92	8.24	2.03
20050107	11.6	10.43	2.19
20050108	1.44	6.96	3.26
20050109	20.29	8.84	3.15
20050110	1.3	9.33	5.88
20050111	10.08	8.69	5.13
20050112	0.79	6.29	3.62
20050113	0.1	4.75	3.16
20050114	7.05	6.61	3.33
20050115	3.37	8.79	3.76
20050116	0.79	8.13	3.17
20050117	16.56	7.42	4.2
20050118	3.3	4.3	5.02
20050119	1.26	7.8	3.83
20050120	1.48	9.89	3.41
20050121	14.32	7.3	3.71
20050122	22.88	5.44	10.34
20050123	0.01	2.08	6.47
20050124	0.0	2.26	4.8
20050125	0.0	2.91	4.09
20050126	0.0	2.41	3.55
20050127	0.05	4.97	3.17
20050128	0.34	5.69	2.85
20050129	0.0	5.47	2.53
20050130	0.11	5.18	2.31
20050131	0.06	6.75	2.13
20050201	0.01	8.2	1.96
20050202	0.06	5.09	1.82
20050203	0.04	6.78	1.72
20050204	3.96	6.32	1.64
20050205	1.9	5.26	1.81
20050206	0.52	3.07	1.54
20050207	0.52	4.45	1.45
20050208	0.61	6.53	1.35
20050209	1.69	7.35	1.38
20050210	4.83	8.56	1.47
20050211	13.45	9.22	2.7
20050212	2.54	8.55	3.76
20050213	2.68	5.14	1.87
20050214	1.44	4.16	1.64
20050215	0.0	2.75	1.49
20050216	0.86	1.52	1.37
20050217	0.47	5.09	1.34
20050218	2.65	5.08	1.31
20050219	0.16	4.17	1.32
20050220	0.0	1.49	1.21
20050221	0.04	0.93	1.14
20050222	0.22	0.64	1.09
20050223	0.07	-0.09	1.05
20050224	1.31	0.59	1.04
20050225	0.37	-0.1	1.0
20050226	0.5	2.27	0.97
20050227	0.0	0.29	0.93
20050228	2.38	-0.52	0.92
20050301	6.76	2.62	1.19
20050302	1.74	0.96	1.08
20050303	0.48	0.49	0.93
20050304	0.65	2.74	0.97
20050305	0.09	3.17	0.96
20050306	0.06	0.65	0.83
20050307	0.55	1.96	0.8
20050308	0.01	5.02	0.8
20050309	0.01	4.86	0.77
20050310	0.02	5.32	0.77
20050311	0.16	5.79	0.76
20050312	0.0	4.45	0.73
20050313	0.0	2.88	0.71
20050314	0.07	4.95	0.7
20050315	0.98	8.72	0.68
20050316	3.27	9.51	0.79
20050317	0.01	9.09	0.84
20050318	0.04	8.55	0.7
20050319	0.0	9.91	0.66
20050320	0.01	10.26	0.64
20050321	15.49	10.09	0.93
20050322	2.44	9.84	1.29
20050323	6.45	10.61	1.04
20050324	0.78	9.92	1.06
20050325	0.04	9.83	0.86
20050326	0.01	9.79	0.78
20050327	0.65	8.09	0.74
20050328	10.46	7.81	0.74
20050329	17.94	7.27	4.13
20050330	0.04	7.2	2.03
20050331	0.0	7.18	1.45
20050401	0.0	8.22	1.29
20050402	0.03	10.26	1.19
20050403	0.57	9.55	1.13
20050404	0.25	7.49	1.07
20050405	7.67	6.91	1.03
20050406	4.46	8.58	1.57
20050407	6.37	6.24	1.53
20050408	0.17	3.96	1.32
20050409	0.02	4.74	1.05
20050410	0.01	8.54	0.97
20050411	0.08	8.05	0.93
20050412	2.86	8.68	0.94
20050413	2.93	7.41	1.0
20050414	3.0	6.28	1.06
20050415	7.14	5.24	1.29
20050416	0.04	6.06	1.23
20050417	15.75	6.32	2.06
20050418	11.17	7.82	2.92
20050419	0.92	6.82	2.6
20050420	0.0	7.28	1.69
20050421	0.0	7.79	1.47
20050422	19.3	8.11	2.37
20050423	2.95	9.33	3.02
20050424	25.11	10.01	6.96
20050425	2.72	8.99	5.47
20050426	2.1	9.24	3.91
20050427	3.24	9.1	3.32
20050428	1.09	10.14	2.88
20050429	0.24	10.24	2.39
20050430	0.13	13.67	2.18
20050501	0.28	12.25	2.0
20050502	5.63	12.01	1.92
20050503	0.64	10.43	1.95
20050504	0.0	9.99	1.58
20050505	0.12	9.66	1.44
20050506	0.06	10.64	1.36
20050507	0.0	10.04	1.26
20050508	0.07	8.06	1.16
20050509	0.0	7.42	1.08
20050510	0.0	7.87	1.02
20050511	0.0	7.87	0.97
20050512	0.0	9.02	0.94
20050513	2.77	9.34	0.92
20050514	9.56	7.69	1.21
20050515	0.0	8.75	1.02
20050516	2.31	10.1	0.89
20050517	0.01	7.8	0.86
20050518	2.05	7.97	0.82
20050519	9.26	11.66	0.93
20050520	4.49	11.12	1.41
20050521	10.57	8.92	1.6
20050522	5.58	9.19	1.82
20050523	8.7	9.21	1.3
20050524	0.17	11.32	1.57
20050525	0.0	12.89	1.04
20050526	0.03	12.56	0.92
20050527	0.16	15.11	0.85
20050528	0.08	11.92	0.83
20050529	0.0	10.3	0.75
20050530	0.0	10.94	0.7
20050531	0.06	11.33	0.7
20050601	0.44	12.13	0.7
20050602	0.42	11.99	0.69
20050603	4.61	11.84	0.72
20050604	1.42	12.01	0.7
20050605	9.28	11.5	0.76
20050606	1.25	12.94	1.02
20050607	0.0	11.08	0.73
20050608	0.0	12.25	0.61
20050609	0.0	13.62	0.57
20050610	0.0	15.44	0.55
20050611	0.0	12.85	0.53
20050612	0.0	11.82	0.51
20050613	0.0	10.76	0.49
20050614	15.58	12.34	0.5
20050615	1.85	13.38	1.0
20050616	0.46	14.24	0.83
20050617	0.01	16.07	0.64
20050618	0.0	18.98	0.55
20050619	0.0	18.2	0.5
20050620	0.0	15.21	0.46
20050621	0.0	14.27	0.43
20050622	0.0	16.51	0.42
20050623	26.03	17.57	0.51
20050624	2.02	15.38	1.34
20050625	0.4	15.61	0.64
20050626	0.0	16.0	0.54
20050627	0.0	17.72	0.47
20050628	19.25	17.41	1.03
20050629	4.7	15.61	0.93
20050630	4.19	13.98	0.8
20050701	2.72	14.5	0.67
20050702	0.97	14.98	0.79
20050703	1.45	14.28	0.59
20050704	0.8	12.36	0.51
20050705	3.87	13.03	0.53
20050706	0.23	13.37	0.55
20050707	0.01	14.08	0.49
20050708	0.02	15.59	0.44
20050709	0.01	16.91	0.41
20050710	0.0	19.43	0.38
20050711	0.0	20.8	0.37
20050712	0.0	19.45	0.36
20050713	0.0	19.02	0.35
20050714	0.0	18.92	0.34
20050715	0.0	17.23	0.32
20050716	0.02	15.92	0.32
20050717	0.0	16.23	0.31
20050718	0.54	15.53	0.31
20050719	1.64	15.41	0.31
20050720	0.01	16.52	0.31
20050721	0.01	17.05	0.31
20050722	0.45	15.21	0.3
20050723	27.45	15.36	0.42
20050724	2.19	15.55	0.84
20050725	0.09	14.3	0.49
20050726	3.08	14.68	0.42
20050727	22.7	13.82	1.06
20050728	2.01	15.89	1.29
20050729	0.67	14.25	0.7
20050730	0.17	13.95	0.53
20050731	0.38	14.21	0.48
20050801	0.22	14.94	0.44
20050802	0.19	15.05	0.4
20050803	0.0	15.46	0.36
20050804	6.99	14.15	0.38
20050805	0.01	15.61	0.45
20050806	0.25	13.76	0.42
20050807	0.0	14.57	0.36
20050808	0.0	14.55	0.33
20050809	0.0	15.79	0.31
20050810	0.0	17.32	0.3
20050811	0.0	16.23	0.29
20050812	0.0	15.31	0.28
20050813	5.27	14.22	0.3
20050814	0.01	14.95	0.32
20050815	0.0	15.24	0.29
20050816	0.0	15.76	0.28
20050817	0.0	16.78	0.27
20050818	0.8	16.21	0.26
20050819	0.02	15.01	0.26
20050820	0.06	14.81	0.26
20050821	2.44	14.98	0.25
20050822	0.32	15.47	0.26
20050823	2.8	14.17	0.26
20050824	6.64	14.47	0.31
20050825	0.89	12.86	0.38
20050826	0.39	13.29	0.3
20050827	0.68	14.39	0.28
20050828	0.01	14.5	0.27
20050829	0.0	16.01	0.25
20050830	0.0	17.59	0.24
20050831	0.63	17.33	0.25
20050901	0.0	15.17	0.24
20050902	0.0	13.51	0.23
20050903	0.0	17.25	0.23
20050904	9.86	17.75	0.29
20050905	2.67	15.97	0.29
20050906	0.01	16.14	0.29
20050907	0.05	15.57	0.26
20050908	0.24	15.78	0.25
20050909	8.16	16.12	0.27
20050910	14.5	15.78	0.6
20050911	0.2	15.39	0.43
20050912	0.0	15.43	0.32
20050913	0.5	14.49	0.29
20050914	1.44	16.41	0.27
20050915	4.01	16.22	0.33
20050916	0.0	11.12	0.49
20050917	0.01	9.6	0.32
20050918	0.0	11.33	0.29
20050919	0.14	12.93	0.27
20050920	0.11	14.77	0.26
20050921	0.01	13.86	0.26
20050922	2.16	14.39	0.25
20050923	0.97	13.79	0.25
20050924	3.6	11.19	0.26
20050925	0.15	13.96	0.28
20050926	5.34	13.68	0.29
20050927	0.23	13.43	0.41
20050928	8.81	10.99	0.4
20050929	8.33	11.77	0.63
20050930	3.73	15.05	0.69
20051001	2.66	11.06	0.77
20051002	0.11	11.27	0.5
20051003	0.0	11.29	0.38
20051004	0.01	11.13	0.34
20051005	0.11	10.27	0.32
20051006	1.27	12.63	0.32
20051007	0.05	13.65	0.33
20051008	2.12	12.2	0.32
20051009	0.0	10.0	0.34
20051010	2.55	14.25	0.31
20051011	24.32	15.49	2.26
20051012	14.93	13.74	2.87
20051013	0.25	10.75	1.06
20051014	0.51	12.12	0.67
20051015	1.01	14.79	0.59
20051016	8.07	13.52	0.64
20051017	11.28	13.48	0.77
20051018	14.53	12.41	1.75
20051019	10.2	10.97	1.9
20051020	12.11	11.1	2.08
20051021	0.56	12.01	2.3
20051022	0.4	10.72	1.24
20051023	17.09	11.15	1.61
20051024	28.05	14.43	7.14
20051025	0.65	13.14	4.17
20051026	1.16	13.95	2.35
20051027	3.34	15.08	1.93
20051028	1.92	13.81	1.82
20051029	31.61	14.13	2.59
20051030	4.5	14.0	9.08
20051031	8.85	11.74	3.83
20051101	28.9	10.0	7.89
20051102	22.97	14.15	9.67
20051103	1.57	12.15	10.53
20051104	9.19	8.43	5.8
20051105	40.58	10.64	8.82
20051106	3.39	11.23	19.49
20051107	0.27	10.42	6.88
20051108	9.32	11.04	6.06
20051109	1.67	7.32	4.69
20051110	1.91	11.81	4.24
20051111	3.83	10.59	3.91
20051112	0.13	6.79	3.13
20051113	0.0	5.89	2.62
20051114	0.44	5.2	2.36
20051115	0.27	9.5	2.22
20051116	0.02	6.04	1.99
20051117	0.0	2.81	1.8
20051118	0.0	3.28	1.66
20051119	0.0	3.13	1.53
20051120	0.02	3.09	1.43
20051121	0.01	3.02	1.34
20051122	0.01	3.33	1.28
20051123	0.03	3.52	1.22
20051124	9.07	6.05	1.32
20051125	2.83	0.64	1.4
20051126	0.21	2.69	1.3
20051127	0.58	2.44	1.32
20051128	2.08	0.98	1.32
20051129	2.09	2.08	1.18
20051130	11.78	6.38	1.45
20051201	29.78	8.33	7.77
20051202	14.53	6.52	9.08
20051203	17.37	7.06	10.68
20051204	4.67	5.8	5.39
20051205	3.72	4.99	4.46
20051206	0.09	4.43	3.62
20051207	16.54	3.69	6.21
20051208	0.26	6.33	4.43
20051209	0.01	6.79	3.37
20051210	0.05	6.24	2.9
20051211	0.29	3.17	2.59
20051212	0.03	5.02	2.34
20051213	0.02	3.31	2.13
20051214	0.01	6.61	1.99
20051215	0.51	7.88	1.86
20051216	3.58	8.5	1.87
20051217	0.43	3.98	1.77
20051218	2.05	3.85	1.64
20051219	0.01	4.85	1.56
20051220	0.48	4.81	1.41
20051221	0.05	7.06	1.34
20051222	0.0	7.17	1.26
20051223	0.0	7.6	1.19
20051224	0.0	6.27	1.13
20051225	0.0	3.16	1.08
20051226	0.01	1.6	1.04
20051227	0.02	0.24	1.01
20051228	0.0	-2.16	0.95
20051229	9.8	-1.1	0.99
20051230	12.07	7.61	2.78
20051231	7.23	6.04	2.61
20060101	1.59	6.77	2.18
20060102	0.2	5.86	1.69
20060103	0.4	7.94	1.51
20060104	0.24	5.23	1.4
20060105	1.73	1.75	1.37
20060106	0.02	0.95	1.28
20060107	0.1	1.32	1.21
20060108	1.61	0.95	1.19
20060109	0.16	3.25	1.17
20060110	11.13	7.45	1.58
20060111	0.2	6.7	2.73
20060112	0.86	5.3	1.45
20060113	9.84	7.81	1.51
20060114	0.21	5.93	2.27
20060115	10.95	6.6	1.99
20060116	3.66	7.12	2.71
20060117	0.49	7.54	2.34
20060118	0.46	9.31	1.91
20060119	2.45	8.54	1.8
20060120	0.0	7.07	1.89
20060121	0.01	4.78	1.55
20060122	0.04	2.92	1.47
20060123	0.09	2.52	1.42
20060124	0.0	1.77	1.35
20060125	0.0	0.84	1.29
20060126	0.0	1.93	1.23
20060127	0.12	1.99	1.17
20060128	0.06	1.49	1.12
20060129	0.0	2.75	1.06
20060130	0.0	1.31	1.02
20060131	0.05	0.21	1.0
20060201	0.02	0.5	0.97
20060202	0.01	0.7	0.95
20060203	0.0	-2.12	0.9
20060204	0.0	1.08	0.87
20060205	0.0	2.33	0.86
20060206	0.03	4.71	0.83
20060207	4.62	6.9	0.87
20060208	0.07	5.38	1.02
20060209	0.0	2.57	0.82
20060210	0.0	0.1	0.75
20060211	4.05	2.81	0.74
20060212	0.05	7.16	0.86
20060213	2.47	7.33	0.78
20060214	24.5	7.21	1.84
20060215	13.79	7.58	5.65
20060216	5.14	5.32	3.29
20060217	1.39	4.65	2.36
20060218	2.48	3.11	1.99
20060219	18.13	3.37	4.13
20060220	0.02	3.9	3.32
20060221	0.35	2.74	2.26
20060222	2.32	2.02	2.07
20060223	4.72	0.79	2.01
20060224	3.74	0.38	1.9
20060225	0.13	2.19	1.82
20060226	0.01	2.61	1.65
20060227	3.6	2.42	1.57
20060228	2.67	2.25	1.78
20060301	1.3	0.16	1.62
20060302	0.27	0.25	1.5
20060303	0.0	1.13	1.4
20060304	0.71	0.56	1.3
20060305	2.48	3.31	1.28
20060306	11.14	3.92	1.3
20060307	7.5	6.6	4.2
20060308	9.02	8.76	4.46
20060309	7.36	6.33	3.27
20060310	0.47	5.53	2.38
20060311	7.81	5.04	2.04
20060312	2.26	2.4	2.89
20060313	0.16	2.83	2.23
20060314	0.91	5.47	2.03
20060315	0.01	5.16	1.87
20060316	0.12	1.54	1.72
20060317	0.06	1.58	1.6
20060318	0.0	1.79	1.5
20060319	0.0	3.83	1.42
20060320	0.01	3.99	1.34
20060321	0.0	3.13	1.26
20060322	0.0	2.33	1.19
20060323	21.11	3.38	1.95
20060324	6.55	8.25	3.67
20060325	6.71	8.81	3.15
20060326	19.47	9.9	5.02
20060327	7.13	8.94	7.07
20060328	1.22	7.55	3.68
20060329	12.61	8.11	4.24
20060330	7.79	9.62	5.06
20060331	4.55	9.21	4.39
20060401	5.41	8.28	3.72
20060402	0.35	7.9	3.41
20060403	0.03	6.51	2.64
20060404	0.0	4.41	2.44
20060405	0.0	3.5	2.21
20060406	0.56	4.51	2.05
20060407	2.92	6.98	1.97
20060408	0.07	6.19	1.81
20060409	0.01	4.61	1.6
20060410	0.0	3.91	1.47
20060411	4.47	5.52	1.78
20060412	0.25	7.86	1.55
20060413	0.84	9.16	1.4
20060414	0.61	9.1	1.31
20060415	0.03	8.96	1.23
20060416	0.0	8.8	1.15
20060417	0.0	8.31	1.07
20060418	0.03	8.11	1.03
20060419	1.15	8.94	1.02
20060420	4.24	9.26	1.06
20060421	0.05	11.45	1.02
20060422	1.62	10.26	0.93
20060423	0.54	9.44	0.9
20060424	0.06	9.89	0.86
20060425	0.21	10.14	0.84
20060426	0.0	10.02	0.79
20060427	0.0	10.19	0.75
20060428	0.0	9.84	0.72
20060429	0.0	9.15	0.71
20060430	6.72	8.23	0.71
20060501	0.64	8.67	0.89
20060502	2.11	8.87	0.79
20060503	0.51	11.14	0.75
20060504	1.72	13.18	0.7
20060505	0.04	10.75	0.65
20060506	1.91	9.39	0.65
20060507	7.95	9.52	0.68
20060508	2.24	9.26	0.82
20060509	0.08	10.04	0.68
20060510	0.01	11.81	0.62
20060511	0.0	13.41	0.58
20060512	0.29	12.98	0.57
20060513	0.05	11.08	0.55
20060514	1.55	11.03	0.53
20060515	0.17	11.33	0.54
20060516	1.03	11.66	0.53
20060517	13.67	11.75	0.84
20060518	11.51	11.74	0.86
20060519	19.0	10.82	2.72
20060520	6.93	9.97	2.11
20060521	33.05	10.77	5.54
20060522	2.1	9.3	4.65
20060523	4.35	8.46	2.14
20060524	16.35	9.47	3.79
20060525	0.38	11.52	2.8
20060526	1.04	11.93	1.94
20060527	0.71	11.39	1.82
20060528	0.01	10.61	1.51
20060529	0.28	9.95	1.35
20060530	0.0	9.0	1.21
20060531	0.0	9.31	1.11
20060601	0.0	11.79	1.03
20060602	0.0	13.54	0.96
20060603	0.0	15.22	0.89
20060604	0.0	15.49	0.83
20060605	0.0	15.1	0.78
20060606	0.0	14.13	0.74
20060607	0.0	15.78	0.71
20060608	0.0	17.68	0.66
20060609	0.0	18.21	0.61
20060610	0.02	17.6	0.6
20060611	0.9	16.28	0.59
20060612	0.0	16.27	0.57
20060613	6.56	13.48	0.66
20060614	0.16	14.16	0.58
20060615	0.0	14.64	0.54
20060616	0.0	14.96	0.5
20060617	0.0	16.39	0.47
20060618	0.7	14.63	0.46
20060619	0.09	13.97	0.47
20060620	2.05	14.13	0.46
20060621	0.0	12.67	0.47
20060622	0.0	12.51	0.43
20060623	0.0	12.71	0.42
20060624	0.0	14.57	0.41
20060625	28.11	15.25	0.55
20060626	8.8	13.08	1.32
20060627	0.14	13.65	0.74
20060628	0.11	14.48	0.58
20060629	0.0	14.87	0.5
20060630	0.0	16.35	0.44
20060701	9.15	18.82	0.41
20060702	1.31	20.54	0.53
20060703	0.05	20.61	0.48
20060704	0.07	20.08	0.39
20060705	3.75	16.2	0.39
20060706	0.69	16.7	0.41
20060707	0.41	15.44	0.37
20060708	4.69	14.8	0.35
20060709	0.75	15.25	0.38
20060710	0.51	15.62	0.39
20060711	0.0	15.01	0.36
20060712	0.02	14.64	0.32
20060713	0.0	17.13	0.31
20060714	0.0	16.49	0.29
20060715	0.0	17.16	0.28
20060716	0.0	18.82	0.26
20060717	0.0	20.79	0.25
20060718	0.0	22.53	0.24
20060719	0.01	21.33	0.24
20060720	0.0	18.45	0.24
20060721	0.0	18.22	0.24
20060722	4.16	18.03	0.24
20060723	0.01	17.29	0.25
20060724	0.0	17.69	0.23
20060725	0.0	19.23	0.22
20060726	0.0	18.97	0.21
20060727	0.0	18.68	0.21
20060728	0.08	16.9	0.2
20060729	11.66	16.41	0.26
20060730	0.9	16.17	0.32
20060731	6.91	15.75	0.27
20060801	0.64	15.7	0.28
20060802	0.02	15.59	0.26
20060803	0.0	16.91	0.23
20060804	0.08	17.09	0.21
20060805	0.01	18.83	0.21
20060806	0.32	18.94	0.2
20060807	0.23	17.67	0.21
20060808	0.19	16.99	0.21
20060809	0.0	15.99	0.19
20060810	0.59	14.74	0.19
20060811	0.14	14.14	0.19
20060812	0.01	14.51	0.19
20060813	0.0	14.15	0.19
20060814	0.0	15.1	0.18
20060815	2.79	13.86	0.19
20060816	13.73	14.91	0.22
20060817	6.89	15.39	0.38
20060818	2.03	14.74	0.36
20060819	3.15	14.86	0.39
20060820	1.33	15.07	0.29
20060821	0.11	14.78	0.25
20060822	1.77	14.04	0.25
20060823	5.35	14.92	0.26
20060824	0.05	14.14	0.3
20060825	1.57	13.29	0.26
20060826	0.74	15.49	0.23
20060827	0.98	15.46	0.24
20060828	0.47	14.76	0.21
20060829	0.75	14.22	0.21
20060830	0.53	13.44	0.2
20060831	1.04	16.5	0.2
20060901	1.23	16.09	0.2
20060902	8.45	15.8	0.22
20060903	0.47	17.48	0.57
20060904	0.04	16.3	0.36
20060905	0.0	18.1	0.25
20060906	0.03	17.2	0.22
20060907	0.0	14.94	0.2
20060908	0.0	14.06	0.19
20060909	0.0	15.13	0.19
20060910	0.0	15.82	0.19
20060911	0.01	15.87	0.18
20060912	1.14	16.45	0.19
20060913	8.25	16.35	0.2
20060914	0.06	14.47	0.26
20060915	0.0	14.26	0.2
20060916	1.03	14.07	0.18
20060917	1.02	14.21	0.19
20060918	0.39	14.29	0.19
20060919	0.09	14.29	0.18
20060920	0.0	16.2	0.18
20060921	0.0	17.41	0.18
20060922	2.54	15.05	0.19
20060923	2.47	16.35	0.2
20060924	1.68	14.89	0.19
20060925	0.0	13.59	0.2
20060926	0.0	13.92	0.18
20060927	11.86	14.67	0.23
20060928	2.45	15.09	0.37
20060929	3.89	13.2	0.3
20060930	24.12	13.63	0.51
20061001	9.03	13.89	1.62
20061002	0.38	13.02	0.72
20061003	0.24	10.9	0.41
20061004	1.16	10.21	0.32
20061005	11.44	13.19	0.32
20061006	3.86	14.12	1.29
20061007	0.0	12.1	0.69
20061008	10.53	13.05	0.49
20061009	0.57	13.95	0.89
20061010	32.88	13.9	1.79
20061011	0.14	13.34	2.31
20061012	0.33	12.15	0.79
20061013	0.06	13.29	0.61
20061014	0.15	12.94	0.54
20061015	0.03	13.66	0.49
20061016	0.68	13.35	0.47
20061017	11.64	13.47	0.71
20061018	18.29	14.1	0.98
20061019	13.46	13.19	2.35
20061020	4.22	11.97	1.5
20061021	2.33	12.78	1.19
20061022	10.87	11.68	1.7
20061023	21.72	9.56	2.73
20061024	5.39	11.09	2.6
20061025	19.04	12.39	4.69
20061026	0.01	12.58	2.78
20061027	1.23	9.67	1.98
20061028	2.96	13.79	1.7
20061029	0.31	13.74	1.59
20061030	0.3	13.32	1.38
20061031	0.04	10.94	1.22
20061101	0.0	5.54	1.06
20061102	0.01	2.84	0.97
20061103	0.01	3.69	0.92
20061104	0.01	4.38	0.87
20061105	0.01	5.62	0.83
20061106	0.03	6.02	0.8
20061107	0.17	7.78	0.78
20061108	2.08	11.09	0.77
20061109	0.02	6.9	0.75
20061110	6.44	8.88	0.74
20061111	0.92	10.2	0.99
20061112	1.78	10.53	0.78
20061113	3.16	12.04	0.87
20061114	3.18	11.53	1.1
20061115	9.55	12.61	1.32
20061116	11.65	8.32	1.39
20061117	8.45	6.92	3.55
20061118	0.57	5.46	1.82
20061119	18.56	6.41	2.46
20061120	4.97	9.73	4.43
20061121	2.15	6.47	2.47
20061122	15.24	8.38	2.82
20061123	12.96	9.4	4.17
20061124	21.81	10.01	9.11
20061125	5.88	8.24	6.32
20061126	17.37	10.38	6.25
20061127	26.79	11.38	13.13
20061128	1.11	9.35	9.34
20061129	0.45	9.65	5.8
20061130	10.06	10.33	5.13
20061201	0.8	11.09	5.32
20061202	27.63	9.01	5.77
20061203	7.13	8.48	11.68
20061204	14.02	10.32	7.51
20061205	2.13	10.44	7.85
20061206	16.61	8.0	6.84
20061207	4.05	9.17	7.85
20061208	1.86	6.63	5.32
20061209	0.53	5.09	4.46
20061210	19.41	6.78	4.69
20061211	2.78	8.51	8.56
20061212	2.99	8.29	4.65
20061213	1.08	10.44	4.2
20061214	0.88	10.48	3.76
20061215	3.76	10.21	3.41
20061216	1.56	5.37	3.18
20061217	2.16	5.8	2.85
20061218	0.05	7.02	2.6
20061219	0.04	5.28	2.29
20061220	0.01	1.17	2.08
20061221	0.01	0.61	1.92
20061222	0.1	0.16	1.81
20061223	0.06	1.79	1.71
20061224	0.19	2.48	1.62
20061225	0.89	4.5	1.56
20061226	0.05	3.71	1.49
20061227	1.1	6.64	1.45
20061228	10.01	8.44	1.39
20061229	43.51	9.8	13.35
20061230	13.3	9.32	11.2
20061231	16.45	9.39	8.29
20070101	7.42	6.29	7.1
20070102	0.74	6.79	5.32
20070103	9.98	9.58	5.65
20070104	0.7	8.3	4.61
20070105	3.73	8.25	3.94
20070106	6.84	7.34	4.35
20070107	17.29	9.33	7.59
20070108	4.96	9.17	6.4
20070109	23.21	10.88	9.49
20070110	3.04	7.68	8.03
20070111	4.27	9.19	6.51
20070112	1.8	9.56	5.24
20070113	1.78	8.92	4.61
20070114	0.1	6.45	3.91
20070115	8.48	8.6	3.76
20070116	9.03	9.59	4.24
20070117	16.03	8.23	5.06
20070118	8.95	10.51	8.52
20070119	9.73	10.83	5.32
20070120	10.39	7.8	7.14
20070121	3.27	5.49	5.58
20070122	0.17	2.68	4.69
20070123	1.03	0.76	4.02
20070124	0.11	2.99	3.67
20070125	0.02	0.78	3.15
20070126	0.38	3.26	2.88
20070127	0.0	6.9	2.58
20070128	0.0	6.15	2.34
20070129	0.04	6.82	2.14
20070130	0.0	5.98	1.97
20070131	0.03	7.04	1.82
20070201	0.35	8.76	1.69
20070202	0.0	7.82	1.57
20070203	0.0	4.44	1.45
20070204	0.0	4.33	1.38
20070205	0.0	2.33	1.31
20070206	0.74	1.36	1.28
20070207	20.82	1.69	1.74
20070208	22.18	3.92	4.13
20070209	20.47	2.63	12.8
20070210	13.33	6.15	7.03
20070211	17.42	7.81	7.66
20070212	6.69	7.54	9.26
20070213	15.24	6.93	9.22
20070214	0.04	6.82	6.4
20070215	7.72	8.58	5.06
20070216	8.4	7.55	7.29
20070217	5.4	6.79	5.47
20070218	0.78	6.32	4.58
20070219	12.39	7.68	5.69
20070220	1.15	8.76	5.17
20070221	19.37	7.67	4.8
20070222	15.29	8.92	12.05
20070223	18.72	8.14	10.19
20070224	7.26	7.83	9.67
20070225	0.79	7.12	7.1
20070226	2.93	7.68	5.47
20070227	7.8	9.19	5.99
20070228	9.67	8.51	5.65
20070301	0.11	6.25	4.76
20070302	10.76	5.56	4.91
20070303	12.3	7.62	4.5
20070304	29.67	7.89	19.34
20070305	40.75	7.35	21.31
20070306	4.78	8.65	16.52
20070307	0.84	6.66	8.96
20070308	2.2	7.64	6.77
20070309	0.06	7.98	5.51
20070310	0.0	7.77	4.58
20070311	0.08	9.08	3.94
20070312	0.03	8.74	3.4
20070313	0.0	6.8	2.99
20070314	0.0	6.74	2.69
20070315	0.07	6.64	2.46
20070316	0.0	7.42	2.22
20070317	2.21	8.81	2.18
20070318	7.25	6.01	2.23
20070319	3.13	3.76	2.24
20070320	0.16	3.26	1.81
20070321	7.19	2.36	1.64
20070322	0.4	6.18	2.0
20070323	0.0	7.15	1.62
20070324	0.0	5.76	1.44
20070325	0.22	7.34	1.36
20070326	0.02	7.84	1.28
20070327	0.0	8.48	1.22
20070328	0.93	7.3	1.16
20070329	4.7	5.02	1.3
20070330	0.84	4.99	1.23
20070331	0.76	8.53	1.11
20070401	0.0	8.54	1.04
20070402	0.0	10.69	0.98
20070403	0.0	6.71	0.94
20070404	0.0	6.1	0.91
20070405	0.0	7.55	0.88
20070406	0.0	9.15	0.86
20070407	0.0	9.37	0.83
20070408	0.0	8.64	0.8
20070409	0.0	8.68	0.79
20070410	0.0	10.31	0.76
20070411	0.0	10.41	0.74
20070412	0.0	12.32	0.72
20070413	0.06	11.91	0.71
20070414	0.01	13.79	0.7
20070415	0.7	12.56	0.69
20070416	0.0	12.81	0.68
20070417	0.0	10.82	0.64
20070418	0.0	9.73	0.62
20070419	0.0	9.63	0.6
20070420	0.0	9.98	0.59
20070421	0.0	10.71	0.58
20070422	0.09	10.9	0.57
20070423	4.21	11.74	0.58
20070424	0.5	11.54	0.64
20070425	0.0	11.07	0.6
20070426	0.74	11.18	0.56
20070427	0.0	12.7	0.55
20070428	0.0	13.31	0.52
20070429	0.9	12.97	0.52
20070430	6.37	13.52	0.54
20070501	0.0	14.07	0.59
20070502	0.0	14.08	0.52
20070503	0.0	11.73	0.46
20070504	0.0	9.8	0.45
20070505	0.0	9.86	0.45
20070506	6.23	12.32	0.44
20070507	0.78	12.24	0.56
20070508	11.9	11.07	0.6
20070509	6.81	10.91	1.23
20070510	14.3	9.98	1.86
20070511	14.49	9.99	2.14
20070512	9.34	11.31	1.82
20070513	26.52	10.35	5.06
20070514	4.16	10.15	1.72
20070515	2.83	11.04	1.86
20070516	5.93	11.13	1.29
20070517	0.11	14.59	1.44
20070518	0.33	11.62	1.08
20070519	0.12	10.54	0.95
20070520	0.04	10.15	0.87
20070521	0.0	11.74	0.82
20070522	0.0	11.79	0.76
20070523	0.0	13.22	0.73
20070524	0.0	14.32	0.69
20070525	0.01	12.62	0.67
20070526	11.49	9.5	0.67
20070527	28.16	7.91	2.91
20070528	0.1	8.61	1.78
20070529	3.21	8.52	1.03
20070530	11.78	10.78	1.15
20070531	2.46	11.52	1.58
20070601	0.01	12.11	1.06
20070602	0.0	13.03	0.91
20070603	0.69	13.57	0.84
20070604	0.0	14.57	0.79
20070605	0.01	15.74	0.72
20070606	0.0	14.16	0.68
20070607	0.0	13.35	0.66
20070608	0.0	15.61	0.62
20070609	0.0	15.72	0.59
20070610	0.17	17.64	0.56
20070611	0.89	15.55	0.57
20070612	0.15	14.79	0.57
20070613	5.8	13.92	0.59
20070614	16.13	14.46	0.82
20070615	15.76	13.28	1.9
20070616	6.14	13.75	1.47
20070617	9.96	13.08	1.09
20070618	0.48	14.0	1.33
20070619	12.42	15.18	1.64
20070620	9.13	13.85	1.55
20070621	16.38	13.12	4.98
20070622	4.85	13.93	3.13
20070623	10.11	13.72	2.78
20070624	22.84	11.96	4.28
20070625	16.55	11.55	10.15
20070626	0.56	11.87	4.54
20070627	0.75	11.96	3.39
20070628	10.71	12.39	2.83
20070629	2.35	14.31	3.69
20070630	13.53	14.14	3.39
20070701	6.13	13.97	4.31
20070702	4.74	13.29	3.61
20070703	7.06	13.22	3.14
20070704	2.59	13.28	2.88
20070705	3.4	13.12	2.69
20070706	0.12	13.74	2.07
20070707	0.04	13.45	1.78
20070708	3.41	12.35	1.74
20070709	14.24	12.29	2.07
20070710	0.37	13.13	3.0
20070711	0.59	14.62	1.69
20070712	0.36	15.03	1.56
20070713	10.62	14.77	2.16
20070714	14.51	14.82	2.0
20070715	3.9	13.67	3.91
20070716	10.69	14.86	2.06
20070717	2.0	14.58	2.86
20070718	0.89	14.93	1.87
20070719	0.86	14.12	1.67
20070720	1.61	13.25	1.61
20070721	0.58	12.24	1.49
20070722	10.98	13.28	1.42
20070723	9.34	13.52	3.22
20070724	0.53	14.74	2.0
20070725	5.22	14.7	1.71
20070726	12.77	14.43	4.35
20070727	0.68	14.5	2.06
20070728	5.59	14.47	1.9
20070729	0.02	14.14	1.89
20070730	0.0	13.24	1.46
20070731	0.0	13.74	1.33
20070801	4.41	14.41	1.25
20070802	2.88	14.37	1.49
20070803	0.22	14.95	1.25
20070804	0.0	16.09	1.14
20070805	1.83	16.59	1.06
20070806	14.78	14.31	1.34
20070807	0.95	13.29	1.14
20070808	0.0	13.82	0.96
20070809	0.0	14.12	0.88
20070810	0.0	14.1	0.83
20070811	0.54	15.09	0.8
20070812	0.48	15.15	0.79
20070813	18.7	14.58	0.86
20070814	7.04	15.95	2.07
20070815	8.86	14.9	2.0
20070816	0.79	13.13	1.23
20070817	3.17	13.77	0.97
20070818	7.55	14.48	1.52
20070819	4.39	12.67	1.74
20070820	16.1	12.02	3.79
20070821	0.08	14.46	1.64
20070822	0.0	17.15	1.26
20070823	0.0	17.13	1.11
20070824	0.0	16.5	1.01
20070825	0.01	16.31	0.96
20070826	0.0	16.01	0.91
20070827	0.0	13.85	0.86
20070828	0.0	14.14	0.84
20070829	0.02	13.45	0.8
20070830	0.01	14.02	0.77
20070831	0.0	14.52	0.75
20070901	0.32	14.69	0.72
20070902	0.51	15.24	0.73
20070903	0.01	14.58	0.66
20070904	0.0	13.05	0.62
20070905	0.0	14.8	0.6
20070906	0.0	15.66	0.59
20070907	0.0	16.59	0.58
20070908	0.0	14.77	0.58
20070909	0.0	14.54	0.57
20070910	0.01	14.64	0.56
20070911	0.0	13.1	0.53
20070912	0.0	13.71	0.52
20070913	0.01	14.36	0.51
20070914	0.63	13.72	0.45
20070915	0.0	12.28	0.43
20070916	0.59	12.99	0.43
20070917	0.16	11.22	0.42
20070918	0.29	9.64	0.4
20070919	0.4	13.34	0.4
20070920	1.23	14.85	0.43
20070921	0.84	14.81	0.41
20070922	0.39	14.78	0.4
20070923	22.94	14.78	0.44
20070924	3.98	12.36	1.76
20070925	3.88	11.19	0.74
20070926	1.65	8.94	0.61
20070927	0.04	7.97	0.51
20070928	1.32	10.75	0.47
20070929	2.47	12.02	0.48
20070930	15.84	12.42	0.62
20071001	2.04	12.63	1.24
20071002	0.07	12.41	0.73
20071003	0.1	12.71	0.58
20071004	0.01	12.42	0.51
20071005	0.01	11.2	0.47
20071006	0.0	10.97	0.46
20071007	0.0	11.82	0.45
20071008	0.8	12.49	0.44
20071009	1.43	13.43	0.44
20071010	0.0	12.63	0.45
20071011	0.0	11.06	0.43
20071012	1.16	13.06	0.42
20071013	0.12	13.73	0.43
20071014	0.15	13.31	0.43
20071015	1.83	13.09	0.42
20071016	19.5	12.9	1.42
20071017	0.01	9.89	1.13
20071018	0.01	7.74	0.57
20071019	0.01	7.45	0.49
20071020	0.01	8.0	0.47
20071021	0.0	8.29	0.46
20071022	0.42	9.53	0.45
20071023	0.0	8.63	0.44
20071024	0.0	7.06	0.42
20071025	0.04	8.41	0.42
20071026	0.56	9.73	0.42
20071027	2.01	12.22	0.43
20071028	6.68	12.91	0.8
20071029	0.89	9.5	0.73
20071030	0.08	10.03	0.53
20071031	0.14	10.65	0.48
20071101	0.0	12.02	0.45
20071102	0.0	10.87	0.44
20071103	0.0	9.7	0.43
20071104	0.0	9.46	0.42
20071105	0.14	9.35	0.42
20071106	0.0	8.25	0.42
20071107	0.38	10.01	0.42
20071108	3.4	10.12	0.44
20071109	0.01	8.46	0.48
20071110	0.0	10.08	0.44
20071111	0.75	9.88	0.44
20071112	1.81	3.4	0.43
20071113	0.25	8.04	0.44
20071114	0.94	6.89	0.45
20071115	0.01	3.13	0.43
20071116	0.12	4.39	0.42
20071117	14.34	6.84	0.45
20071118	1.96	6.53	1.1
20071119	2.82	5.33	0.71
20071120	22.7	5.9	2.68
20071121	3.35	6.96	1.72
20071122	0.52	6.32	0.95
20071123	0.0	2.97	0.73
20071124	1.16	4.03	0.65
20071125	0.06	9.11	0.68
20071126	0.27	9.83	0.63
20071127	0.25	8.54	0.61
20071128	10.08	8.8	0.64
20071129	0.5	7.91	1.23
20071130	20.45	10.59	3.23
20071201	16.26	7.37	2.6
20071202	13.11	9.25	5.43
20071203	2.25	8.22	3.21
20071204	17.62	10.68	2.66
20071205	9.46	10.93	7.25
20071206	17.32	11.89	9.37
20071207	16.2	7.95	5.51
20071208	23.62	8.22	11.05
20071209	7.76	7.2	10.94
20071210	0.33	5.61	5.77
20071211	0.01	2.0	4.31
20071212	0.01	4.24	3.57
20071213	0.06	4.13	3.04
20071214	0.03	3.64	2.67
20071215	0.0	2.08	2.36
20071216	0.01	1.54	2.1
20071217	0.0	1.06	1.86
20071218	0.0	1.15	1.66
20071219	0.01	1.42	1.52
20071220	0.05	1.65	1.42
20071221	0.03	2.58	1.33
20071222	0.15	5.29	1.24
20071223	0.15	3.22	1.14
20071224	16.35	9.07	1.51
20071225	0.23	6.81	2.42
20071226	1.18	6.96	1.39
20071227	2.29	10.02	1.41
20071228	19.45	9.36	3.72
20071229	3.1	6.37	3.25
20071230	0.43	6.23	2.17
20071231	2.85	7.63	1.96
20080101	0.11	6.55	1.92
20080102	0.0	3.83	1.68
20080103	0.11	1.04	1.54
20080104	17.37	5.11	2.68
20080105	4.86	5.89	3.62
20080106	3.43	5.3	2.61
20080107	4.22	6.66	2.46
20080108	8.03	7.83	2.85
20080109	2.49	6.19	2.88
20080110	19.05	8.37	4.84
20080111	17.03	4.3	11.05
20080112	8.07	6.01	5.62
20080113	14.08	8.41	7.7
20080114	29.3	7.58	8.0
20080115	8.22	7.71	17.11
20080116	3.77	4.6	7.85
20080117	3.22	7.93	5.95
20080118	5.61	9.86	5.43
20080119	7.85	10.83	5.95
20080120	2.7	10.43	5.47
20080121	5.38	9.45	4.76
20080122	0.26	7.05	3.94
20080123	0.95	9.67	3.46
20080124	0.1	7.23	3.11
20080125	0.05	7.23	2.86
20080126	0.01	6.54	2.49
20080127	0.03	5.41	2.35
20080128	0.01	5.97	2.18
20080129	0.65	7.59	2.05
20080130	2.23	4.85	1.94
20080131	9.28	6.42	2.7
20080201	5.7	3.51	2.5
20080202	6.48	3.28	2.19
20080203	13.37	5.62	4.91
20080204	17.64	5.14	5.8
20080205	5.05	9.37	5.62
20080206	0.37	6.78	3.51
20080207	0.31	8.45	3.15
20080208	0.04	7.21	2.85
20080209	0.0	6.4	2.56
20080210	0.02	5.3	2.35
20080211	0.01	5.92	2.16
20080212	0.0	6.5	1.99
20080213	0.02	5.55	1.83
20080214	0.0	2.86	1.72
20080215	0.07	2.84	1.62
20080216	0.01	2.01	1.51
20080217	0.03	1.73	1.43
20080218	0.01	3.23	1.38
20080219	0.0	3.3	1.32
20080220	0.0	4.12	1.27
20080221	0.56	7.62	1.29
20080222	0.55	8.8	1.23
20080223	0.06	8.44	1.13
20080224	0.25	7.18	1.07
20080225	14.86	5.08	1.18
20080226	0.17	7.95	2.35
20080227	2.45	6.09	1.18
20080228	0.11	6.1	1.14
20080229	5.18	6.34	1.36
20080301	1.19	8.98	1.47
20080302	0.9	8.31	1.18
20080303	4.26	3.48	1.12
20080304	0.13	4.1	1.06
20080305	0.1	3.87	0.96
20080306	4.06	7.4	0.94
20080307	1.04	6.52	1.08
20080308	5.63	7.29	1.24
20080309	33.29	5.28	3.7
20080310	14.88	6.3	9.22
20080311	12.06	7.96	6.14
20080312	2.24	6.37	3.91
20080313	3.28	7.13	3.21
20080314	0.76	8.1	2.84
20080315	22.98	8.56	7.74
20080316	0.43	6.64	4.95
20080317	0.04	4.47	3.61
20080318	0.0	3.3	3.05
20080319	0.01	4.46	2.67
20080320	7.98	5.77	2.61
20080321	1.49	6.43	3.15
20080322	1.79	3.49	2.25
20080323	3.31	3.69	2.32
20080324	0.44	4.86	2.04
20080325	4.3	5.51	1.81
20080326	0.25	6.05	1.93
20080327	5.55	5.32	1.69
20080328	3.6	7.49	2.21
20080329	27.0	7.18	7.1
20080330	1.67	7.46	3.87
20080331	1.32	7.97	2.69
20080401	0.77	9.6	2.45
20080402	0.04	9.74	2.14
20080403	0.01	10.16	1.98
20080404	0.43	7.37	1.88
20080405	1.03	6.91	1.78
20080406	0.59	2.54	1.73
20080407	0.09	2.6	1.59
20080408	0.12	3.24	1.49
20080409	0.05	4.17	1.4
20080410	3.22	5.24	1.39
20080411	3.55	6.37	1.47
20080412	5.86	6.78	1.56
20080413	0.53	6.6	1.42
20080414	0.37	5.99	1.21
20080415	0.01	5.18	1.1
20080416	0.0	5.81	1.04
20080417	0.05	6.49	1.0
20080418	8.24	5.86	1.03
20080419	15.08	6.58	2.98
20080420	11.5	8.82	2.47
20080421	4.02	8.84	3.46
20080422	3.64	8.98	2.07
20080423	2.87	10.22	1.75
20080424	0.26	9.94	1.68
20080425	0.0	10.1	1.43
20080426	0.04	11.67	1.32
20080427	0.38	9.91	1.26
20080428	3.26	8.06	1.3
20080429	14.85	6.28	2.7
20080430	5.32	6.05	2.06
20080501	2.82	8.5	1.84
20080502	0.17	9.68	1.49
20080503	0.01	12.88	1.33
20080504	0.06	13.29	1.25
20080505	0.48	12.47	1.18
20080506	0.0	14.56	1.12
20080507	0.0	15.69	1.06
20080508	3.66	15.31	1.05
20080509	0.14	13.29	1.05
20080510	0.0	14.91	0.96
20080511	0.0	15.82	0.89
20080512	0.0	17.29	0.82
20080513	0.0	15.88	0.78
20080514	24.46	13.79	1.09
20080515	0.48	10.15	2.21
20080516	13.97	10.41	1.6
20080517	7.46	10.89	3.3
20080518	0.0	10.86	1.85
20080519	0.05	9.05	1.25
20080520	0.0	9.54	1.1
20080521	0.13	10.6	1.03
20080522	1.65	12.03	1.0
20080523	0.0	13.54	0.94
20080524	16.03	14.33	0.97
20080525	10.28	11.66	2.24
20080526	21.39	10.64	5.17
20080527	7.87	11.89	4.17
20080528	10.82	11.21	6.36
20080529	26.33	12.74	8.78
20080530	2.68	13.77	7.29
20080531	1.5	13.51	4.43
20080601	0.25	14.03	3.49
20080602	6.42	13.07	3.3
20080603	0.02	12.37	2.72
20080604	5.49	11.36	2.33
20080605	0.03	11.7	2.2
20080606	0.01	11.5	1.83
20080607	1.17	11.66	1.71
20080608	0.0	14.56	1.51
20080609	0.0	16.02	1.36
20080610	0.0	15.98	1.26
20080611	4.4	14.29	1.18
20080612	0.01	12.37	1.21
20080613	0.04	11.03	1.06
20080614	0.01	11.82	0.99
20080615	4.94	11.28	1.08
20080616	0.02	11.65	0.94
20080617	0.79	11.42	0.9
20080618	7.51	13.07	0.97
20080619	0.02	13.33	1.03
20080620	10.62	12.2	1.0
20080621	9.82	14.29	1.71
20080622	0.0	13.62	1.76
20080623	0.05	12.96	0.9
20080624	0.42	13.46	0.77
20080625	0.0	14.24	0.73
20080626	2.82	13.44	0.7
20080627	2.72	14.16	0.75
20080628	0.0	14.57	0.84
20080629	0.0	13.89	0.64
20080630	0.0	13.54	0.57
20080701	3.26	14.73	0.57
20080702	5.5	13.91	0.58
20080703	2.06	13.08	0.65
20080704	19.79	12.41	0.81
20080705	34.5	13.21	5.47
20080706	20.59	13.22	5.65
20080707	3.29	13.38	5.51
20080708	17.95	12.93	2.16
20080709	17.47	13.86	10.75
20080710	0.8	13.9	3.56
20080711	2.94	13.38	2.6
20080712	0.04	12.3	2.22
20080713	0.0	13.53	1.85
20080714	0.13	14.32	1.65
20080715	0.25	15.75	1.46
20080716	0.0	14.66	1.31
20080717	0.02	14.2	1.21
20080718	1.7	14.43	1.16
20080719	0.06	14.54	1.1
20080720	0.0	13.56	0.94
20080721	0.0	13.3	0.87
20080722	0.01	14.58	0.82
20080723	0.0	17.05	0.78
20080724	0.08	18.91	0.73
20080725	0.26	16.48	0.72
20080726	0.0	15.63	0.68
20080727	0.0	16.84	0.62
20080728	9.38	17.91	0.63
20080729	9.91	15.42	0.91
20080730	3.32	16.11	0.95
20080731	21.02	16.0	2.74
20080801	7.35	15.42	1.62
20080802	1.81	16.13	1.47
20080803	4.69	14.83	1.19
20080804	4.84	14.36	1.13
20080805	3.74	15.75	1.38
20080806	3.65	16.34	1.31
20080807	14.59	15.76	3.4
20080808	0.49	15.42	1.64
20080809	11.67	14.66	2.28
20080810	1.49	14.81	1.93
20080811	22.12	14.03	2.76
20080812	10.92	13.61	3.76
20080813	16.9	12.86	8.56
20080814	1.09	12.9	2.75
20080815	1.0	12.49	2.14
20080816	13.43	13.61	3.38
20080817	8.02	13.6	2.82
20080818	7.35	14.46	4.2
20080819	2.12	14.49	2.65
20080820	2.65	14.18	2.41
20080821	1.42	14.85	2.23
20080822	0.04	13.91	1.89
20080823	4.95	13.01	1.76
20080824	0.39	14.62	1.9
20080825	0.12	15.26	1.61
20080826	0.0	15.08	1.35
20080827	0.23	15.15	1.28
20080828	0.15	15.06	1.21
20080829	0.0	15.94	1.17
20080830	3.32	17.13	1.12
20080831	1.44	14.15	1.17
20080901	16.25	13.82	1.97
20080902	1.5	13.24	2.24
20080903	2.68	12.63	1.17
20080904	26.88	12.97	1.57
20080905	24.7	13.67	10.12
20080906	3.58	13.19	3.66
20080907	0.08	12.91	2.65
20080908	19.79	12.0	2.57
20080909	2.35	14.08	5.8
20080910	10.23	14.9	3.52
20080911	1.26	13.7	3.87
20080912	1.44	12.42	2.46
20080913	0.29	13.31	2.25
20080914	2.12	12.7	1.94
20080915	0.23	13.12	1.89
20080916	0.85	12.21	1.67
20080917	0.01	11.88	1.56
20080918	0.0	11.4	1.42
20080919	0.0	12.35	1.29
20080920	0.01	12.41	1.21
20080921	0.0	11.97	1.15
20080922	0.17	12.35	1.08
20080923	0.03	12.23	1.03
20080924	0.0	12.34	1.0
20080925	0.0	13.31	0.96
20080926	0.02	11.94	0.91
20080927	0.0	11.21	0.88
20080928	0.0	10.67	0.85
20080929	3.12	11.19	0.83
20080930	6.94	12.54	1.04
20081001	6.63	11.16	1.19
20081002	9.28	8.58	1.42
20081003	0.28	7.97	1.69
20081004	19.13	10.16	1.84
20081005	1.11	12.21	4.58
20081006	17.92	11.41	1.5
20081007	3.17	13.25	5.1
20081008	0.03	10.32	1.73
20081009	0.0	10.38	1.4
20081010	0.01	12.52	1.3
20081011	0.06	12.33	1.16
20081012	0.06	13.8	1.13
20081013	0.06	12.88	1.09
20081014	2.15	12.68	1.05
20081015	1.38	12.04	1.14
20081016	0.32	9.57	1.05
20081017	0.12	8.31	0.96
20081018	0.08	9.54	0.93
20081019	2.18	11.71	0.94
20081020	18.66	11.28	2.75
20081021	4.68	8.41	1.72
20081022	2.42	8.28	1.55
20081023	5.51	11.4	1.46
20081024	0.05	9.35	1.83
20081025	5.2	9.4	1.25
20081026	4.79	11.12	1.72
20081027	5.37	5.99	1.72
20081028	4.6	4.22	1.76
20081029	9.08	3.01	1.69
20081030	3.05	4.59	2.89
20081031	0.01	3.9	1.73
20081101	3.21	4.22	1.57
20081102	0.23	6.77	1.54
20081103	0.86	8.45	1.4
20081104	0.01	8.78	1.34
20081105	0.0	7.95	1.26
20081106	3.61	8.53	1.23
20081107	8.49	8.53	1.52
20081108	16.38	10.24	4.28
20081109	16.48	8.32	4.02
20081110	13.61	7.47	8.18
20081111	1.17	7.98	3.76
20081112	0.75	6.45	2.82
20081113	6.96	7.8	3.28
20081114	0.41	10.31	2.63
20081115	1.34	10.69	2.31
20081116	2.27	10.17	2.23
20081117	4.57	9.35	2.29
20081118	0.04	8.9	2.52
20081119	0.24	9.07	1.86
20081120	2.32	10.77	1.73
20081121	0.5	9.36	1.81
20081122	4.21	6.81	1.61
20081123	9.34	6.28	2.3
20081124	0.07	4.82	2.21
20081125	0.06	3.31	1.63
20081126	0.43	6.43	1.55
20081127	1.64	7.78	1.61
20081128	0.01	2.74	1.49
20081129	0.72	1.17	1.39
20081130	0.04	2.33	1.31
20081201	1.85	2.05	1.22
20081202	12.8	3.49	2.27
20081203	13.71	2.27	2.53
20081204	11.27	6.47	4.8
20081205	3.71	6.19	4.28
20081206	0.04	3.87	2.56
20081207	0.04	2.08	2.11
20081208	2.68	4.25	2.04
20081209	1.12	3.76	1.99
20081210	0.81	1.93	1.82
20081211	0.38	0.74	1.68
20081212	46.21	5.69	10.97
20081213	0.44	4.96	11.64
20081214	0.08	2.02	4.31
20081215	0.07	2.55	3.36
20081216	1.25	4.31	2.96
20081217	0.44	5.61	2.72
20081218	0.28	8.9	2.51
20081219	1.41	6.75	2.28
20081220	0.21	9.91	2.13
20081221	0.32	9.03	1.95
20081222	0.06	8.01	1.76
20081223	0.27	7.3	1.66
20081224	0.0	6.79	1.58
20081225	0.0	5.26	1.49
20081226	0.0	2.73	1.4
20081227	0.0	0.61	1.32
20081228	0.0	0.33	1.28
20081229	0.0	0.87	1.23
20081230	0.01	0.97	1.19
20081231	0.01	-1.33	1.14
20090101	0.01	0.42	1.1
20090102	0.0	1.06	1.06
20090103	0.0	-1.4	1.02
20090104	0.21	-0.06	1.01
20090105	0.0	0.1	0.98
20090106	0.0	-3.97	0.91
20090107	0.0	-2.52	0.91
20090108	0.0	0.95	0.9
20090109	0.0	-0.72	0.88
20090110	0.15	1.38	0.85
20090111	13.56	7.22	0.97
20090112	10.6	8.28	4.31
20090113	1.2	5.48	1.66
20090114	1.73	4.12	1.29
20090115	8.99	7.14	1.72
20090116	14.22	7.61	3.43
20090117	23.36	7.31	8.07
20090118	10.83	4.43	5.91
20090119	4.24	4.14	5.39
20090120	1.79	2.78	3.47
20090121	19.61	3.66	6.14
20090122	14.13	7.09	8.44
20090123	0.65	4.62	6.4
20090124	21.17	3.67	7.48
20090125	3.86	6.1	7.85
20090126	1.14	4.8	5.1
20090127	6.89	5.37	4.54
20090128	0.49	6.77	4.2
20090129	15.04	5.62	5.43
20090130	1.52	5.6	6.47
20090131	0.01	4.42	4.05
20090201	0.07	0.19	3.35
20090202	1.58	-2.44	2.98
20090203	8.31	-0.5	2.81
20090204	12.95	2.56	4.87
20090205	25.79	1.11	4.2
20090206	0.24	0.73	4.46
20090207	1.87	1.11	3.65
20090208	8.83	1.6	4.02
20090209	36.82	3.51	23.84
20090210	0.63	3.33	10.82
20090211	0.02	3.09	6.81
20090212	0.29	2.37	5.62
20090213	0.26	5.59	6.58
20090214	0.06	3.62	4.54
20090215	0.0	4.92	3.87
20090216	0.03	5.52	3.45
20090217	0.11	7.06	3.32
20090218	1.65	6.88	2.89
20090219	1.18	6.34	2.7
20090220	0.01	5.1	2.36
20090221	0.15	5.17	2.14
20090222	0.16	6.94	2.0
20090223	0.05	6.69	1.86
20090224	0.0	6.76	1.73
20090225	0.05	6.5	1.63
20090226	0.0	6.54	1.54
20090227	0.0	6.74	1.45
20090228	0.01	6.12	1.38
20090301	0.01	5.7	1.31
20090302	1.63	5.14	1.24
20090303	26.11	6.29	4.72
20090304	17.98	2.14	3.05
20090305	1.17	2.53	3.61
20090306	0.18	3.69	2.84
20090307	2.84	7.13	2.9
20090308	4.34	5.2	2.77
20090309	10.94	5.89	2.45
20090310	0.12	7.77	3.63
20090311	0.43	6.85	2.11
20090312	0.43	8.13	1.97
20090313	0.42	7.97	1.84
20090314	0.03	7.9	1.69
20090315	0.0	6.7	1.55
20090316	0.01	6.61	1.48
20090317	0.03	7.45	1.4
20090318	0.0	7.8	1.35
20090319	0.0	8.22	1.27
20090320	0.0	6.65	1.21
20090321	0.01	5.87	1.15
20090322	0.0	7.34	1.11
20090323	0.19	7.07	1.12
20090324	0.66	6.37	1.03
20090325	1.95	7.83	1.05
20090326	2.52	7.5	1.21
20090327	5.52	5.02	1.16
20090328	0.48	5.28	1.14
20090329	0.01	4.25	0.99
20090330	0.01	6.26	0.91
20090331	0.0	8.36	0.87
20090401	0.0	9.38	0.84
20090402	0.0	7.79	0.82
20090403	3.51	7.11	0.85
20090404	0.02	8.02	0.83
20090405	0.0	6.53	0.77
20090406	5.59	7.16	0.86
20090407	10.92	7.75	1.0
20090408	1.84	8.69	1.45
20090409	3.8	9.7	1.07
20090410	0.25	8.14	1.01
20090411	0.2	6.59	0.83
20090412	0.01	7.07	0.76
20090413	3.58	7.08	0.75
20090414	1.48	9.19	0.77
20090415	0.41	10.45	0.77
20090416	0.04	9.66	0.73
20090417	1.9	8.47	0.71
20090418	0.05	8.24	0.73
20090419	0.0	8.87	0.67
20090420	0.0	9.91	0.64
20090421	0.0	9.62	0.62
20090422	0.0	9.75	0.62
20090423	0.0	10.02	0.61
20090424	2.4	11.13	0.61
20090425	14.37	8.13	0.7
20090426	13.57	8.57	1.22
20090427	2.16	7.21	2.18
20090428	1.86	6.47	1.03
20090429	6.98	7.99	0.86
20090430	3.06	10.1	1.29
20090501	0.47	8.99	0.93
20090502	0.95	9.31	0.8
20090503	0.03	8.78	0.73
20090504	0.13	8.1	0.7
20090505	0.39	10.93	0.7
20090506	0.55	10.82	0.69
20090507	1.73	9.87	0.67
20090508	0.2	9.14	0.68
20090509	0.0	8.99	0.63
20090510	0.0	10.69	0.6
20090511	0.03	12.01	0.57
20090512	0.45	10.17	0.55
20090513	1.08	9.51	0.57
20090514	4.12	10.94	0.58
20090515	4.54	9.02	0.71
20090516	10.28	9.35	0.78
20090517	11.75	9.28	1.44
20090518	10.01	10.04	1.22
20090519	3.23	10.31	1.46
20090520	1.36	10.9	0.92
20090521	0.09	10.59	0.73
20090522	0.0	10.44	0.65
20090523	0.0	11.34	0.62
20090524	0.03	12.56	0.58
20090525	0.15	12.13	0.57
20090526	2.58	10.79	0.54
20090527	5.78	10.84	0.87
20090528	0.0	13.02	0.78
20090529	0.0	15.2	0.6
20090530	0.0	15.42	0.52
20090531	0.0	16.26	0.49
20090601	0.0	17.36	0.47
20090602	0.0	16.82	0.45
20090603	0.0	16.37	0.43
20090604	0.0	13.16	0.42
20090605	0.87	12.59	0.42
20090606	33.54	9.57	1.95
20090607	6.84	9.13	1.54
20090608	0.48	10.18	0.92
20090609	0.84	11.64	0.7
20090610	12.38	11.93	0.98
20090611	0.08	11.92	0.81
20090612	0.09	12.11	0.65
20090613	0.01	13.81	0.59
20090614	0.02	13.6	0.54
20090615	2.1	12.99	0.54
20090616	0.23	13.39	0.51
20090617	2.12	12.96	0.51
20090618	0.09	12.3	0.52
20090619	0.0	12.68	0.46
20090620	0.0	13.07	0.44
20090621	0.01	14.17	0.43
20090622	0.0	16.06	0.42
20090623	0.0	16.48	0.41
20090624	0.0	16.23	0.38
20090625	0.88	16.47	0.38
20090626	0.06	15.29	0.39
20090627	0.0	15.68	0.36
20090628	0.31	16.1	0.35
20090629	0.12	17.5	0.35
20090630	0.0	18.36	0.32
20090701	0.0	20.15	0.31
20090702	5.23	17.64	0.34
20090703	0.54	16.82	0.35
20090704	1.47	15.96	0.32
20090705	2.89	15.12	0.32
20090706	23.39	14.4	0.36
20090707	0.44	14.65	0.74
20090708	0.0	14.39	0.45
20090709	0.05	13.77	0.36
20090710	2.44	13.57	0.34
20090711	13.11	14.75	0.45
20090712	1.29	14.82	0.7
20090713	2.94	14.38	0.46
20090714	10.13	14.29	0.5
20090715	0.56	15.37	0.64
20090716	23.51	13.13	0.78
20090717	3.74	13.04	2.0
20090718	1.84	13.47	0.88
20090719	3.68	13.9	0.67
20090720	16.24	13.72	0.79
20090721	6.85	14.79	2.47
20090722	0.2	14.69	1.09
20090723	8.46	14.39	0.94
20090724	3.17	14.21	1.21
20090725	0.04	15.05	0.83
20090726	11.44	13.36	0.93
20090727	0.72	13.8	1.17
20090728	8.37	14.27	0.78
20090729	23.4	13.62	3.98
20090730	0.64	13.38	1.58
20090731	5.39	13.71	1.08
20090801	0.56	14.09	1.28
20090802	0.11	13.6	1.0
20090803	8.12	14.76	1.0
20090804	5.53	15.95	2.17
20090805	0.0	15.85	1.3
20090806	0.0	13.59	0.94
20090807	0.0	14.14	0.83
20090808	0.0	13.51	0.76
20090809	0.9	14.74	0.71
20090810	1.04	14.97	0.74
20090811	0.03	17.18	0.67
20090812	2.36	16.23	0.64
20090813	0.06	16.58	0.6
20090814	0.31	14.89	0.58
20090815	0.01	16.25	0.59
20090816	0.01	15.3	0.51
20090817	0.0	15.44	0.49
20090818	0.0	15.87	0.47
20090819	3.14	17.46	0.48
20090820	0.99	15.97	0.54
20090821	1.36	13.66	0.48
20090822	0.37	14.55	0.46
20090823	6.67	15.7	0.46
20090824	3.83	14.37	0.63
20090825	5.34	14.09	0.56
20090826	8.14	15.3	1.42
20090827	1.31	14.61	0.8
20090828	4.67	13.1	0.72
20090829	0.08	12.9	0.6
20090830	1.04	14.16	0.49
20090831	0.17	15.6	0.52
20090901	3.22	13.7	0.48
20090902	22.85	13.32	2.23
20090903	15.54	12.25	1.56
20090904	0.61	11.98	2.05
20090905	0.2	12.23	0.9
20090906	0.48	13.92	0.74
20090907	0.23	15.45	0.69
20090908	0.93	15.48	0.67
20090909	0.01	13.86	0.59
20090910	0.0	13.39	0.52
20090911	0.01	13.56	0.49
20090912	0.01	14.45	0.47
20090913	0.0	13.85	0.46
20090914	0.0	12.54	0.44
20090915	0.0	13.41	0.44
20090916	0.0	13.89	0.43
20090917	0.0	12.05	0.4
20090918	0.0	12.72	0.4
20090919	0.0	14.4	0.4
20090920	0.01	12.94	0.39
20090921	0.0	12.04	0.38
20090922	0.47	14.2	0.38
20090923	0.91	13.89	0.39
20090924	0.0	11.75	0.38
20090925	0.0	11.21	0.36
20090926	0.01	12.38	0.36
20090927	0.0	11.97	0.35
20090928	0.01	13.15	0.35
20090929	0.0	12.88	0.35
20090930	0.04	13.43	0.34
20091001	0.0	12.03	0.33
20091002	0.09	11.17	0.32
20091003	4.55	12.17	0.32
20091004	3.43	11.25	0.39
20091005	11.51	12.24	0.48
20091006	3.39	15.58	0.71
20091007	22.84	10.64	1.75
20091008	0.15	8.98	0.95
20091009	4.6	10.88	0.62
20091010	0.37	12.5	0.58
20091011	3.29	12.24	0.53
20091012	0.01	9.58	0.6
20091013	0.01	8.76	0.49
20091014	0.0	10.51	0.43
20091015	0.23	10.85	0.42
20091016	0.02	11.32	0.42
20091017	0.0	7.26	0.41
20091018	0.0	7.46	0.41
20091019	3.84	9.66	0.41
20091020	8.37	11.19	0.74
20091021	15.79	11.57	0.76
20091022	3.64	11.58	1.51
20091023	8.57	12.03	0.94
20091024	0.42	13.78	1.48
20091025	0.04	12.15	0.84
20091026	1.47	12.03	0.68
20091027	0.5	13.61	0.66
20091028	0.04	13.11	0.63
20091029	0.02	13.42	0.6
20091030	11.48	13.61	0.63
20091031	21.23	13.45	1.59
20091101	6.77	11.53	5.39
20091102	11.13	8.11	2.14
20091103	13.35	10.19	4.8
20091104	6.3	8.41	4.2
20091105	2.53	9.13	2.6
20091106	5.77	8.66	2.25
20091107	11.51	6.79	3.2
20091108	0.17	7.31	3.25
20091109	4.11	5.42	2.03
20091110	3.1	7.85	2.14
20091111	6.84	8.33	2.64
20091112	13.02	10.14	3.98
20091113	34.94	10.42	12.24
20091114	12.51	9.69	10.45
20091115	12.91	10.05	6.7
20091116	1.82	10.39	7.07
20091117	1.7	9.7	4.43
20091118	1.33	11.93	3.79
20091119	17.55	12.26	4.05
20091120	4.34	10.95	6.14
20091121	28.74	11.46	11.94
20091122	21.5	8.39	7.48
20091123	10.87	10.19	12.83
20091124	16.37	11.48	10.75
20091125	3.07	8.27	8.89
20091126	5.69	6.83	6.1
20091127	10.28	6.06	6.51
20091128	25.87	6.02	11.83
20091129	7.49	6.09	12.31
20091130	0.29	4.16	6.4
20091201	5.27	3.11	5.47
20091202	9.59	7.48	5.62
20091203	2.81	5.23	5.39
20091204	5.7	5.18	4.54
20091205	26.62	9.28	9.04
20091206	4.57	8.62	10.94
20091207	11.43	7.48	9.34
20091208	8.52	8.13	7.96
