temperature
4.737
4.7355
4.406000000000001
4.482
4.7909999999999995
5.049
3.6125
4.067
4.581
4.0795
3.7965000000000004
3.0575
2.4835000000000003
2.571
3.4254999999999995
3.79
3.207
2.5965
3.4545000000000003
3.9810000000000003
4.7775
4.7
4.572
4.1875
4.0875
3.7619999999999996
3.6635
3.8770000000000002
3.9619999999999997
3.593
3.6595
4.086666666666666
4.027142857142857
4.2752380952380955
4.376666666666667
4.782380952380953
4.9747619047619045
4.756190476190476
4.288571428571428
3.8699999999999997
3.2971428571428567
3.0247619047619048
3.163809523809524
3.054761904761905
2.2323809523809524
2.3261904761904764
2.476666666666667
3.087619047619048
3.1595238095238094
3.160476190476191
2.907142857142857
3.3866666666666667
4.017619047619048
4.347142857142858
4.3757142857142854
3.5785714285714287
4.242857142857143
4.677619047619048
4.850476190476191
5.042857142857143
5.3133333333333335
5.439047619047619
5.166666666666667
5.503333333333333
5.766190476190476
6.446666666666666
6.090476190476191
5.743333333333333
6.2023809523809526
6.406666666666666
6.059047619047619
6.2319047619047625
6.233809523809524
6.17
5.4957142857142856
5.925238095238096
5.854285714285714
5.93
5.616666666666667
5.897142857142858
6.082857142857143
6.115714285714286
6.27
6.751428571428572
6.238571428571428
6.633809523809524
6.476666666666667
6.506190476190476
6.907619047619048
6.7542857142857144
7.267619047619048
6.817619047619047
6.063809523809524
5.893809523809524
5.994285714285714
6.267142857142858
6.761904761904762
6.865238095238096
6.993809523809524
7.229523809523809
7.6
8.09952380952381
7.822857142857143
7.815714285714286
8.011428571428572
8.615238095238094
8.08095238095238
7.746666666666667
8.692857142857143
8.75952380952381
8.631904761904762
9.436666666666666
9.352380952380953
8.709047619047618
8.543809523809523
8.777142857142858
9.06047619047619
8.816666666666666
9.213809523809525
9.265714285714285
9.600952380952382
9.147619047619047
9.394285714285715
9.349047619047619
9.462857142857143
9.949523809523809
10.181904761904761
10.708095238095238
10.33
10.366190476190477
11.17047619047619
10.97
11.44095238095238
11.58952380952381
11.611428571428572
11.496666666666666
11.59952380952381
11.52142857142857
11.508571428571429
12.16952380952381
12.02095238095238
11.859047619047619
12.401904761904762
12.581428571428571
12.7
12.527142857142858
12.318571428571428
11.83904761904762
12.24
12.258095238095239
12.505714285714285
13.203333333333333
13.235238095238095
13.39857142857143
13.08
13.184761904761904
13.343333333333332
13.182857142857141
13.407619047619047
13.758095238095239
13.67095238095238
13.627142857142857
13.723809523809523
13.86095238095238
14.32904761904762
13.981428571428571
14.338571428571429
14.385714285714286
13.897142857142857
14.611904761904762
14.829047619047618
14.754285714285713
14.694761904761906
14.372380952380952
14.613333333333333
14.821428571428571
15.21238095238095
15.286666666666665
15.185238095238095
15.540476190476191
15.61142857142857
15.63238095238095
15.63190476190476
15.881428571428572
16.372857142857143
16.73047619047619
16.541428571428572
16.62761904761905
16.972380952380952
16.525714285714287
16.344285714285714
16.53904761904762
16.35047619047619
16.926666666666666
16.648095238095237
16.763333333333332
16.46238095238095
16.093809523809522
15.977619047619047
16.105238095238093
16.72952380952381
16.285714285714285
16.40142857142857
16.557142857142857
16.347619047619048
16.266190476190474
16.70047619047619
16.936666666666667
17.197142857142858
17.205238095238094
17.212857142857143
16.948095238095238
16.305714285714288
16.408571428571427
17.02952380952381
16.60857142857143
16.554285714285715
16.25952380952381
16.030952380952378
16.46142857142857
16.636190476190478
16.32
16.35047619047619
16.39095238095238
16.123809523809523
16.464761904761904
16.892380952380954
16.25047619047619
15.878095238095238
15.80952380952381
16.218095238095238
16.586666666666666
16.492857142857144
16.514285714285716
15.180476190476192
15.373333333333331
15.53761904761905
15.75904761904762
15.33095238095238
15.378571428571428
15.495238095238093
15.55
14.777619047619046
15.177619047619048
14.906190476190478
14.524285714285714
14.13238095238095
14.162380952380953
14.05142857142857
14.287142857142856
14.514761904761905
14.438571428571427
14.453333333333333
13.925714285714285
14.081904761904763
13.569999999999999
12.953809523809522
13.116190476190477
13.414285714285715
13.642857142857142
13.518571428571429
13.223809523809523
13.226190476190476
13.426190476190476
12.954285714285716
13.12952380952381
12.937142857142858
12.86
12.545238095238094
12.75095238095238
12.842857142857142
12.643333333333333
12.47095238095238
12.402857142857142
11.918095238095239
11.706666666666667
11.501428571428571
11.484761904761905
11.427142857142858
11.445238095238095
10.901428571428571
11.540952380952382
11.547142857142857
10.83952380952381
10.981904761904762
10.653809523809523
9.968571428571428
10.105714285714285
9.39857142857143
9.278095238095238
9.635238095238096
10.008571428571429
9.97
9.530952380952382
9.392857142857142
9.037619047619048
9.16095238095238
9.261428571428572
9.59047619047619
9.49047619047619
8.912857142857144
8.512857142857142
9.038095238095238
9.37095238095238
8.92904761904762
8.743333333333332
8.462380952380952
7.733809523809524
7.635238095238096
7.186666666666666
8.061428571428571
8.568095238095239
8.22904761904762
8.087619047619048
8.342380952380953
7.307142857142857
6.422857142857143
6.325714285714286
6.5547619047619055
6.33
6.4747619047619045
7.132857142857143
7.0652380952380955
6.076666666666666
5.360476190476191
5.752380952380952
6.199523809523809
6.2023809523809526
6.3723809523809525
5.815714285714286
5.232380952380952
4.647619047619047
4.418571428571429
4.884285714285714
5.608095238095238
5.6915
5.9495
5.8235
5.5649999999999995
5.1075
5.297
4.7975
4.7275
4.096
4.1745
4.191000000000001
4.0975
4.5280000000000005
5.211
4.8815
5.0695
4.748
4.644
4.7165
5.558
5.098
5.544
5.766
5.492
5.2215
5.1525
5.002000000000001
5.1964999999999995
4.3235
4.5035
