temperature
3.63
3.680869565217391
3.561304347826087
3.8334782608695654
4.18
4.556521739130434
3.4478260869565216
3.929130434782609
4.28
3.965217391304348
3.6260869565217395
2.6921739130434785
2.4173913043478263
2.562173913043478
3.425217391304348
3.6221739130434782
3.0865217391304345
2.62
3.279565217391305
3.5247826086956526
4.05
4.224347826086956
4.419130434782609
4.209565217391304
3.8091304347826087
3.646521739130435
3.4795652173913045
3.614347826086956
3.495217391304348
2.9082608695652175
2.864347826086956
3.3204347826086957
3.6030434782608696
3.9408695652173913
3.867391304347826
4.314347826086957
4.671739130434782
4.520434782608696
4.104347826086956
3.5917391304347825
2.943913043478261
2.8052173913043474
3.1004347826086955
2.8752173913043477
2.1908695652173913
2.0156521739130433
2.0708695652173916
2.6243478260869564
2.813478260869565
2.964782608695652
2.9526086956521738
3.5756521739130434
3.9530434782608697
4.077826086956522
4.018695652173913
3.109565217391304
3.61695652173913
3.863913043478261
4.153478260869565
4.599130434782609
4.823478260869565
4.803478260869565
4.596086956521739
4.6234782608695655
4.871739130434783
5.42695652173913
5.25695652173913
5.225652173913043
5.5947826086956525
5.912173913043477
5.458260869565217
5.605217391304348
5.477826086956521
5.634347826086957
5.23695652173913
5.791304347826086
5.7995652173913035
5.98391304347826
5.698695652173913
5.791739130434783
5.92695652173913
5.636086956521739
5.976521739130435
6.397826086956522
5.939565217391305
6.353478260869565
6.104782608695652
6.036521739130435
6.3500000000000005
6.251304347826087
7.102727272727273
6.994090909090909
5.986818181818182
5.7749999999999995
5.846363636363637
5.96090909090909
6.5613636363636365
6.5227272727272725
6.47
6.805454545454546
7.194545454545454
7.651818181818182
7.537272727272727
7.670909090909091
7.917727272727273
8.256363636363636
7.591363636363636
7.515000000000001
8.263181818181819
8.178636363636365
8.086363636363636
9.030454545454544
8.703181818181818
8.073636363636364
8.108636363636363
7.8536363636363635
8.066818181818181
7.975909090909091
8.137272727272729
8.405454545454544
8.896818181818182
8.695454545454545
9.023181818181818
9.216818181818182
9.466363636363637
9.789090909090909
9.910454545454545
10.518181818181818
10.093181818181819
10.084545454545456
10.506363636363636
10.383636363636363
11.039090909090909
10.985
11.193636363636363
10.996363636363636
11.177272727272728
11.174090909090909
11.43409090909091
12.079545454545455
11.799090909090909
11.586363636363636
11.991818181818182
12.043636363636363
12.268636363636363
12.331818181818182
12.267727272727273
11.681363636363637
11.92
12.114999999999998
12.26909090909091
12.646818181818183
12.666818181818183
12.956818181818182
12.687272727272727
12.59772727272727
12.702727272727271
12.735454545454546
12.990454545454547
13.294545454545455
13.006818181818181
13.140454545454547
13.255454545454546
13.323636363636364
13.76909090909091
13.59681818181818
13.864999999999998
13.908181818181818
13.371818181818183
14.211363636363636
14.30909090909091
14.276818181818184
14.397727272727273
14.194545454545453
14.244545454545454
14.515909090909092
14.913181818181817
14.732727272727272
14.617727272727274
14.874545454545455
15.15
15.185454545454546
15.280454545454546
15.272272727272728
15.84818181818182
16.670454545454547
16.558636363636364
16.39636363636364
16.653181818181817
16.382272727272728
16.325
16.395
16.065
16.542727272727273
16.24318181818182
16.55
16.005
15.736818181818181
15.766363636363637
15.869545454545454
16.414545454545454
16.09409090909091
16.03590909090909
16.02
15.751818181818182
16.042727272727273
16.51
16.474999999999998
16.71
16.823636363636364
16.953636363636363
16.78909090909091
16.221818181818183
16.19909090909091
16.60727272727273
16.21681818181818
16.097727272727273
16.012727272727275
15.63
16.079545454545453
16.399545454545457
16.24409090909091
15.988636363636363
16.100454545454543
16.227272727272727
16.72681818181818
16.95909090909091
16.231818181818184
15.81590909090909
15.705909090909092
15.936818181818182
16.26090909090909
16.21090909090909
16.233636363636364
15.107727272727272
15.409090909090908
15.485454545454546
15.701818181818181
15.181818181818182
15.426363636363636
15.475454545454545
15.236818181818181
14.685909090909092
15.081818181818182
14.802727272727271
14.633181818181818
14.332727272727272
14.383181818181818
14.057272727272727
14.240000000000002
14.396818181818183
14.351818181818182
14.15409090909091
13.614999999999998
13.799545454545454
13.218181818181819
12.757272727272728
13.25590909090909
13.351363636363637
13.59590909090909
13.303636363636365
12.977272727272727
12.873636363636363
13.002272727272727
12.613636363636363
12.887727272727274
12.694545454545455
12.579545454545455
12.427272727272726
12.44090909090909
12.382272727272728
12.271818181818183
12.366818181818182
12.084347826086956
11.691739130434781
11.657391304347826
11.82217391304348
11.482608695652175
11.131304347826086
11.00695652173913
10.54782608695652
11.329565217391304
11.35608695652174
10.770434782608696
10.704782608695652
10.37217391304348
9.66304347826087
9.922173913043478
9.35608695652174
9.224782608695651
9.657391304347826
10.110869565217392
9.51086956521739
9.05
8.849130434782609
8.843478260869565
9.219565217391304
9.078260869565216
9.274347826086956
9.265217391304347
8.793478260869565
8.179130434782609
8.604782608695652
9.145217391304348
8.97304347826087
8.90304347826087
8.41
7.463478260869565
7.250869565217392
6.740869565217391
7.560434782608695
8.125217391304348
7.661739130434783
7.473478260869564
7.706521739130435
6.56695652173913
6.01304347826087
5.5630434782608695
5.809565217391304
5.881304347826087
5.867826086956522
6.486521739130435
6.154347826086957
5.270434782608696
5.029565217391304
5.322173913043478
5.859565217391305
5.865217391304348
5.71391304347826
4.99304347826087
4.708695652173913
4.419130434782609
3.9804347826086954
4.096521739130435
4.743478260869565
4.982608695652174
5.338260869565217
5.380434782608695
5.399565217391304
4.94391304347826
5.059130434782609
4.319565217391304
3.9565217391304346
3.609565217391305
4.0004347826086954
4.0260869565217385
4.0117391304347825
4.535217391304348
5.103478260869565
4.7239130434782615
4.8130434782608695
4.554347826086956
4.311739130434782
4.586956521739131
5.324782608695652
4.638260869565218
4.908695652173913
4.933913043478261
4.870869565217391
4.751739130434783
4.869130434782608
4.593913043478261
4.664782608695653
3.707826086956522
3.3769565217391304
