temperature
5.265
4.635555555555555
4.318888888888889
4.122777777777778
4.853888888888889
4.648333333333333
5.0
5.272777777777778
4.5633333333333335
4.711111111111111
4.870555555555556
5.118888888888889
5.567777777777778
4.456666666666667
5.516666666666667
4.474736842105263
4.449473684210526
4.767894736842106
5.348947368421053
4.991578947368422
4.234736842105263
3.888421052631579
4.04421052631579
3.787894736842105
4.214210526315789
4.113157894736841
4.057894736842105
3.9826315789473683
4.222631578947369
3.913684210526316
4.00578947368421
3.913684210526316
4.0531578947368425
4.063157894736842
5.2973684210526315
5.326315789473685
5.143157894736842
4.431578947368421
3.9794736842105265
3.943684210526316
4.338421052631579
4.830526315789474
5.62578947368421
4.713684210526316
4.271578947368421
4.748947368421053
4.519473684210527
4.406842105263158
4.502631578947368
4.464736842105263
4.332105263157895
4.87578947368421
5.006842105263158
5.412105263157895
5.528947368421052
5.401578947368421
5.58578947368421
5.300526315789474
4.920526315789473
4.828947368421052
4.4594736842105265
4.400526315789474
4.4594736842105265
4.408947368421052
5.158947368421052
6.395789473684211
6.497894736842105
6.623684210526315
6.364736842105263
6.097894736842105
6.127368421052632
5.731052631578947
6.024736842105263
7.183684210526316
7.454736842105262
7.571052631578947
6.763684210526315
6.024736842105263
6.317894736842105
6.596842105263158
6.62
6.555789473684211
6.524210526315789
6.976842105263158
6.785789473684211
6.807894736842105
7.07578947368421
7.538421052631579
8.17157894736842
8.476315789473684
8.47578947368421
8.809999999999999
8.447894736842105
8.01157894736842
7.979473684210527
8.382631578947368
7.037894736842105
7.119473684210527
7.714736842105264
8.086842105263159
7.6147368421052635
7.347894736842106
7.637368421052632
8.401052631578947
8.513157894736842
8.294210526315789
8.444736842105263
8.045263157894738
7.706842105263158
8.31
9.32421052631579
10.036842105263156
10.633684210526315
10.68
10.816842105263158
10.046315789473685
10.163157894736841
10.319473684210527
10.02
10.050526315789474
10.625263157894736
10.416315789473684
10.48157894736842
10.293157894736842
10.705263157894738
10.798947368421054
11.044210526315789
11.178947368421053
11.513684210526316
11.830526315789474
11.848947368421053
11.428947368421053
11.172105263157896
11.140526315789472
11.65421052631579
12.09842105263158
12.006842105263157
12.248947368421051
12.419473684210526
12.583684210526316
12.071578947368423
12.017894736842106
12.49157894736842
12.656315789473684
12.673684210526316
12.66578947368421
12.609473684210526
12.676315789473684
12.96
12.978947368421052
13.349473684210528
13.584736842105263
14.378421052631579
13.854210526315791
13.388421052631578
13.618947368421052
13.485263157894739
13.802631578947368
13.708421052631579
14.430526315789473
14.175263157894737
13.97
14.223157894736843
14.418421052631578
14.522105263157895
14.484210526315788
14.922631578947367
15.341052631578949
15.332631578947368
15.603684210526318
15.486842105263158
15.066315789473684
14.923157894736843
15.381578947368421
15.218947368421054
15.256842105263157
15.440000000000001
15.537894736842107
15.536842105263156
16.06421052631579
15.933157894736842
16.238947368421055
16.44473684210526
16.367894736842107
16.480526315789472
16.02842105263158
16.20684210526316
16.236842105263158
15.96
16.206315789473685
16.23578947368421
16.052105263157895
15.926315789473685
15.980526315789474
16.387894736842107
16.77842105263158
16.99684210526316
16.58
16.928421052631577
17.26
16.992105263157896
16.477894736842103
16.45263157894737
16.90684210526316
17.07578947368421
17.129473684210524
17.120526315789473
17.410526315789475
17.61684210526316
17.53578947368421
16.856315789473683
16.888947368421054
17.464736842105264
17.25263157894737
17.134736842105262
17.02263157894737
17.564736842105265
17.642631578947366
17.47157894736842
17.320526315789472
17.47684210526316
17.238421052631576
17.568947368421053
16.984736842105264
16.686315789473685
16.70421052631579
17.159473684210525
16.518947368421053
16.585263157894737
16.650000000000002
16.530526315789473
16.52052631578947
16.46
16.416842105263157
16.42263157894737
15.800526315789472
15.714736842105262
15.862631578947367
15.418421052631578
15.152631578947368
15.27842105263158
15.319999999999999
15.459473684210527
15.08842105263158
15.338947368421053
15.740526315789474
15.429473684210528
15.704210526315789
15.598947368421053
15.143684210526317
14.942105263157893
14.829999999999998
15.128947368421052
15.423684210526316
15.153157894736843
13.985263157894739
13.96157894736842
13.678947368421051
13.512631578947369
13.11421052631579
13.647894736842105
14.081052631578949
14.226315789473684
13.991052631578947
13.510526315789473
13.44578947368421
13.19157894736842
12.843684210526316
12.744210526315788
13.324736842105263
13.733157894736843
13.68421052631579
13.713684210526315
13.876666666666667
12.916666666666666
12.609444444444444
11.707777777777778
11.561666666666666
12.126666666666667
11.083333333333334
11.885
12.159444444444444
12.165
11.933333333333332
11.253333333333334
11.007222222222222
10.851111111111111
10.749444444444444
10.817777777777778
10.638333333333334
9.925
10.056666666666667
9.350000000000001
10.401666666666666
10.455555555555556
10.391666666666667
10.406666666666666
10.39
10.267777777777777
10.621666666666666
10.010555555555555
9.422222222222222
9.999444444444444
9.922222222222222
9.13
8.98611111111111
8.954444444444444
7.976666666666666
8.490555555555556
8.378888888888888
8.038888888888888
8.545555555555556
7.457777777777778
7.607222222222223
8.319444444444445
7.955
7.678333333333334
7.101666666666667
6.92
6.540555555555556
6.879444444444444
6.779999999999999
6.445555555555555
6.331666666666667
6.386111111111111
6.33
5.938888888888889
6.243888888888889
6.081666666666667
6.227777777777778
6.506666666666667
6.637777777777778
6.618888888888889
5.973888888888889
5.5905555555555555
5.023333333333333
4.705
4.882777777777778
5.343333333333334
5.262222222222222
5.135555555555555
5.0183333333333335
4.993888888888889
4.81
4.795
4.828888888888889
5.050000000000001
4.692222222222223
4.665555555555556
4.147222222222222
3.3866666666666667
3.461111111111111
3.128888888888889
2.671111111111111
4.133333333333334
4.5344444444444445
5.648888888888889
6.558333333333334
5.497777777777777
4.589444444444444
4.528888888888889
3.578888888888889
3.3794444444444443
4.385
4.496666666666666
