pet
0.21227272727272728
0.2409090909090909
0.3154545454545455
0.2786363636363636
0.20772727272727273
0.20545454545454545
0.30818181818181817
0.2440909090909091
0.28363636363636363
0.31
0.3131818181818182
0.3618181818181818
0.2859090909090909
0.3004545454545455
0.3040909090909091
0.23772727272727276
0.28954545454545455
0.25636363636363635
0.31772727272727275
0.2959090909090909
0.2818181818181818
0.2968181818181818
0.2581818181818182
0.33954545454545454
0.32727272727272727
0.34590909090909094
0.35545454545454547
0.3940909090909091
0.32181818181818184
0.35545454545454547
0.3768181818181818
0.39272727272727276
0.39909090909090905
0.4113636363636364
0.41590909090909095
0.39590909090909093
0.4527272727272727
0.44
0.4813636363636364
0.4681818181818182
0.40454545454545454
0.4018181818181818
0.45681818181818185
0.46181818181818185
0.4540909090909091
0.53
0.525
0.4127272727272727
0.4681818181818182
0.5518181818181819
0.6004545454545455
0.595
0.649090909090909
0.6331818181818182
0.5686363636363636
0.6436363636363637
0.6727272727272727
0.6681818181818181
0.6690909090909091
0.6777272727272727
0.739090909090909
0.644090909090909
0.7427272727272727
0.7568181818181817
0.8040909090909092
0.8140909090909091
0.8490909090909091
0.8495454545454546
0.9636363636363636
0.9118181818181817
0.9281818181818181
0.9236363636363637
0.9095454545454547
0.9131818181818182
0.8899999999999999
0.985909090909091
1.0286363636363636
1.0672727272727274
0.9831818181818182
1.0522727272727272
1.0045454545454546
1.0836363636363637
1.0504545454545455
1.049090909090909
1.145909090909091
1.1381818181818182
1.1681818181818182
1.2395454545454545
1.1427272727272728
1.3231818181818182
1.3456521739130434
1.3882608695652174
1.2421739130434784
1.3126086956521739
1.432173913043478
1.5521739130434784
1.4182608695652172
1.4704347826086956
1.4182608695652172
1.6121739130434782
1.496086956521739
1.4734782608695653
1.4886956521739132
1.5765217391304347
1.6173913043478263
1.7469565217391305
1.6882608695652173
1.6443478260869566
1.6543478260869564
1.7465217391304348
1.768695652173913
1.674782608695652
1.8499999999999999
1.7982608695652174
1.7408695652173913
1.8004347826086955
1.878695652173913
1.8860869565217393
2.0586956521739133
1.962173913043478
2.103913043478261
2.1308695652173912
2.2669565217391305
2.207826086956522
2.0226086956521736
2.135217391304348
2.23
2.2
2.2430434782608697
2.1404347826086956
2.258260869565217
2.3
2.217391304347826
2.242608695652174
2.19
2.1082608695652176
2.1017391304347828
2.300869565217391
2.302608695652174
2.142608695652174
2.313913043478261
2.3752173913043477
2.588695652173913
2.63695652173913
2.5917391304347825
2.509130434782609
2.2356521739130435
2.4469565217391307
2.4582608695652173
2.661304347826087
2.8373913043478263
2.6643478260869564
2.502173913043478
2.5730434782608698
2.3317391304347828
2.6030434782608696
2.3530434782608696
2.7230434782608697
2.7008695652173915
2.738260869565217
2.6791304347826084
2.6821739130434783
2.4526086956521738
2.4065217391304348
2.470869565217391
2.5178260869565214
2.6291304347826085
2.6556521739130434
2.6621739130434783
2.6382608695652174
2.930434782608696
2.6847826086956523
2.646086956521739
2.716086956521739
2.6652173913043478
2.568695652173913
2.832608695652174
2.646086956521739
2.845217391304348
2.8378260869565217
2.5182608695652173
2.6
2.522173913043478
2.5630434782608695
2.51
2.66
2.4656521739130435
2.5356521739130433
2.5626086956521736
2.795217391304348
2.6143478260869566
2.753913043478261
2.64
2.6686956521739127
2.746521739130435
2.718260869565217
2.851304347826087
2.614782608695652
2.7204347826086956
2.537391304347826
2.503913043478261
2.473913043478261
2.6343478260869566
2.608695652173913
2.6434782608695655
2.612173913043478
2.486086956521739
2.628695652173913
2.4469565217391307
2.3591304347826085
2.5482608695652176
2.3208695652173916
2.2134782608695653
2.463913043478261
2.516521739130435
2.2482608695652173
2.43
2.2730434782608695
2.1943478260869567
2.3191304347826085
2.323478260869565
2.049130434782609
2.101304347826087
2.0586956521739133
2.0443478260869568
1.9539130434782608
2.219130434782609
2.188695652173913
2.176086956521739
1.9165217391304348
2.097391304347826
2.0230434782608695
2.0230434782608695
2.1456521739130436
1.8604347826086955
1.857391304347826
1.7843478260869565
1.855217391304348
1.901304347826087
1.8473913043478263
1.9069565217391304
1.7173913043478262
1.696521739130435
1.703478260869565
1.6830434782608696
1.5473913043478262
1.7247826086956521
1.5591304347826087
1.5243478260869565
1.6395652173913045
1.5330434782608695
1.5265217391304347
1.5369565217391306
1.4291304347826086
1.4360869565217391
1.4713043478260872
1.411304347826087
1.3169565217391304
1.3234782608695652
1.286086956521739
1.2234782608695653
1.2243478260869565
1.2117391304347827
1.2682608695652173
1.2378260869565216
1.1356521739130436
1.1143478260869564
0.9982608695652174
1.0208695652173914
0.9317391304347826
0.9873913043478261
0.9691304347826086
0.9578260869565218
0.9940909090909091
0.889090909090909
0.9454545454545454
1.0004545454545453
0.9213636363636364
0.9209090909090908
0.8677272727272727
0.7790909090909092
0.8177272727272726
0.8595454545454545
0.7554545454545455
0.6668181818181819
0.5840909090909091
0.5595454545454546
0.5622727272727274
0.5640909090909091
0.6395454545454545
0.6563636363636364
0.6068181818181818
0.5686363636363636
0.5531818181818182
0.5318181818181817
0.5063636363636363
0.5463636363636364
0.6354545454545455
0.6172727272727273
0.6063636363636363
0.5536363636363636
0.4690909090909091
0.5177272727272727
0.5304545454545454
0.4531818181818182
0.42772727272727273
0.4304545454545455
0.36272727272727273
0.37454545454545457
0.3640909090909091
0.37636363636363634
0.35454545454545455
0.36272727272727273
0.26999999999999996
0.37000000000000005
0.3277272727272727
0.3386363636363636
0.34454545454545454
0.22954545454545452
0.24863636363636363
0.27181818181818185
0.2827272727272727
0.2127272727272727
0.26272727272727275
0.23954545454545453
0.1831818181818182
0.24000000000000002
0.24818181818181817
0.25
0.24000000000000002
0.24136363636363634
0.23318181818181818
0.23318181818181818
0.26227272727272727
0.2559090909090909
0.21045454545454545
0.2790909090909091
0.22636363636363638
0.28818181818181815
0.2659090909090909
0.3268181818181818
0.2427272727272727
0.25681818181818183
0.26
0.18227272727272725
0.16863636363636364
0.195
0.2595454545454545
0.2409090909090909
0.2440909090909091
0.21772727272727274
0.1309090909090909
0.145
0.16454545454545455
0.2131818181818182
0.17363636363636364
0.1759090909090909
0.31272727272727274
0.23272727272727273
0.20045454545454547
0.19409090909090906
0.18818181818181817
0.18409090909090908
0.18500000000000003
0.20545454545454547
