temperature
1.658095238095238
1.11
1.6171428571428572
1.321904761904762
1.61
1.407142857142857
1.6842857142857142
1.3442857142857143
1.905714285714286
1.774761904761905
1.7323809523809526
2.632857142857143
2.3042857142857143
2.005714285714286
2.5300000000000002
1.6371428571428572
1.5119047619047619
1.8714285714285712
1.812857142857143
1.0995238095238096
1.4680952380952381
1.8261904761904764
1.797142857142857
1.5842857142857145
1.4690476190476192
1.6152380952380954
2.010952380952381
1.7595238095238097
1.237142857142857
1.0247619047619048
1.3338095238095238
1.4985714285714284
1.2519047619047619
1.9285714285714286
1.8976190476190478
1.8066666666666666
1.912857142857143
0.8423809523809525
1.0985714285714283
1.4085714285714286
1.2219047619047618
2.1157142857142857
2.039047619047619
1.8066666666666666
2.3580952380952382
2.9747619047619045
2.473333333333333
2.4885714285714284
1.7633333333333334
1.348095238095238
1.6471428571428572
1.7904761904761906
1.6504761904761902
2.7809523809523813
1.9771428571428569
2.2133333333333334
1.9704761904761903
1.9866666666666666
2.0223809523809524
1.390952380952381
1.1314285714285715
1.3314285714285714
1.5933333333333333
1.7733333333333334
2.2642857142857142
3.5100000000000002
2.828095238095238
2.73
2.8252380952380953
2.837619047619048
2.6757142857142857
3.047142857142857
3.4280952380952376
3.344761904761905
3.836666666666667
4.3742857142857146
3.4347619047619045
3.04
3.163809523809524
3.256666666666667
3.474285714285714
3.3133333333333335
3.105238095238095
3.4228571428571426
3.4952380952380957
3.5371428571428574
3.4990476190476194
3.523333333333333
4.191904761904762
4.580952380952381
4.666666666666667
4.366190476190476
4.101904761904762
4.049047619047619
5.042380952380952
4.7057142857142855
4.327619047619048
4.403333333333333
5.274285714285715
5.884285714285714
5.013333333333334
4.347619047619047
3.984761904761905
4.949523809523809
5.015238095238096
4.817142857142857
4.749047619047619
4.058095238095238
4.155714285714286
4.869047619047619
5.9314285714285715
6.182380952380951
6.695714285714285
6.512857142857143
6.244761904761904
5.690476190476191
5.892857142857143
5.9123809523809525
5.992857142857143
5.892857142857143
5.929523809523809
6.07
6.230952380952381
6.831428571428572
6.7785714285714285
6.440476190476191
6.6347619047619055
6.757142857142857
6.831428571428572
7.025714285714285
6.663333333333334
6.379047619047619
6.580952380952381
7.0719047619047615
7.287619047619048
7.414285714285714
7.380476190476191
7.1623809523809525
7.465714285714286
8.01095238095238
7.926190476190476
7.993333333333334
8.321904761904761
8.371428571428572
8.356190476190477
8.52
8.237619047619049
8.596190476190477
8.628571428571428
8.815714285714286
8.723333333333333
9.616666666666665
9.493333333333334
9.406666666666666
8.99952380952381
8.956666666666667
9.526190476190477
9.62904761904762
9.845714285714285
9.78047619047619
9.91952380952381
9.784761904761904
9.210952380952381
9.357142857142858
9.275714285714285
9.71809523809524
10.146666666666667
10.854285714285714
10.630476190476191
10.556666666666667
10.476666666666667
10.296190476190477
10.35142857142857
10.642857142857142
10.486190476190476
10.582380952380952
10.937619047619048
10.692857142857143
11.156666666666666
11.094285714285714
11.244285714285715
11.61047619047619
11.87904761904762
11.762380952380951
11.939047619047619
11.558095238095238
11.680952380952382
11.677619047619046
11.640476190476189
11.96047619047619
11.583809523809524
11.871428571428572
11.616666666666667
11.257142857142858
11.515714285714287
12.107142857142858
12.084285714285715
12.44909090909091
12.090454545454547
12.115454545454547
12.486818181818181
12.19590909090909
12.180454545454547
12.599545454545455
12.520454545454545
12.292272727272728
12.582727272727272
12.647272727272728
12.406818181818181
12.512272727272727
12.285909090909092
12.54409090909091
12.758636363636363
12.71
12.747272727272728
13.066363636363635
12.801363636363636
12.633636363636363
12.172727272727274
11.81
11.934545454545455
11.997727272727273
11.978181818181817
12.255454545454546
12.493181818181819
12.364090909090908
12.270454545454545
12.211818181818183
12.310454545454546
11.852272727272727
12.425
12.31409090909091
12.158181818181818
11.251363636363637
11.198636363636364
11.338181818181818
11.086363636363636
11.008636363636363
10.585
10.990909090909092
11.247272727272728
11.222272727272728
11.155454545454546
11.08090909090909
11.499545454545455
11.468181818181819
11.439545454545454
11.442727272727273
10.958181818181819
10.615909090909092
10.634545454545455
10.249090909090908
10.752272727272727
10.911818181818182
10.473636363636363
10.229545454545455
9.674999999999999
9.504545454545454
9.433636363636364
9.371818181818183
9.41909090909091
9.520909090909091
9.590909090909092
10.40318181818182
10.110909090909091
9.379999999999999
8.946363636363635
9.300454545454546
8.963181818181818
9.262727272727274
9.455
9.30909090909091
9.209090909090909
8.894761904761904
8.57
8.528095238095238
7.704761904761905
8.07095238095238
8.02190476190476
8.133333333333335
8.268095238095238
8.162857142857142
7.717619047619047
7.402857142857143
7.418571428571428
7.726190476190476
8.324285714285715
7.814285714285714
6.849523809523809
6.644285714285714
6.366666666666666
6.385714285714285
5.987619047619047
6.535238095238095
6.718571428571429
6.3376190476190475
6.508095238095238
6.7923809523809515
6.797142857142857
6.320952380952382
6.280952380952381
5.582380952380952
6.215238095238096
6.33
5.922857142857143
5.206666666666667
5.438571428571429
5.228571428571429
4.731428571428571
4.571428571428571
5.271904761904762
5.005238095238095
3.9657142857142857
4.461904761904762
4.712857142857143
4.79047619047619
4.383809523809524
5.065714285714286
4.944285714285714
4.456190476190476
3.624285714285714
3.258095238095238
3.4509523809523808
4.173333333333334
4.093809523809524
3.0061904761904765
3.501904761904762
3.9142857142857146
3.078095238095238
3.7971428571428567
4.070952380952381
3.71
3.0176190476190476
2.83
2.257619047619048
2.456666666666667
2.4914285714285715
1.762857142857143
2.1142857142857143
1.8395238095238096
1.4461904761904762
2.1804761904761905
3.3423809523809522
3.6176190476190477
2.5314285714285716
1.4904761904761905
2.1423809523809525
2.5085714285714285
2.4233333333333333
1.6609523809523812
1.570952380952381
0.2542857142857143
0.005714285714285698
-0.13285714285714287
0.7538095238095238
1.0895238095238096
2.347142857142857
2.2195238095238095
0.9423809523809525
0.17952380952380953
-0.14761904761904757
-0.628095238095238
-0.6152380952380953
0.5747619047619048
1.110952380952381
