pet
0.21227272727272728
0.2440909090909091
0.32863636363636367
0.2813636363636363
0.20954545454545456
0.21727272727272728
0.3063636363636364
0.24227272727272728
0.2940909090909091
0.325
0.3118181818181818
0.3727272727272727
0.2863636363636364
0.31227272727272726
0.31227272727272726
0.24181818181818182
0.29863636363636364
0.2581818181818182
0.32136363636363635
0.30409090909090913
0.295
0.30863636363636365
0.2772727272727273
0.35818181818181816
0.3331818181818182
0.35681818181818187
0.3768181818181818
0.3981818181818182
0.3404545454545454
0.3731818181818182
0.3854545454545455
0.41181818181818186
0.43227272727272725
0.4218181818181818
0.43818181818181823
0.4145454545454546
0.4627272727272727
0.4563636363636364
0.5131818181818182
0.49318181818181817
0.425
0.4254545454545454
0.4686363636363637
0.4727272727272727
0.4818181818181818
0.5572727272727273
0.5459090909090909
0.4331818181818182
0.4786363636363636
0.5700000000000001
0.6086363636363636
0.6172727272727273
0.660909090909091
0.649090909090909
0.5995454545454545
0.6559090909090909
0.6809090909090909
0.6840909090909091
0.6890909090909091
0.6977272727272728
0.775
0.6627272727272727
0.7577272727272728
0.7790909090909092
0.8381818181818183
0.8404545454545453
0.8713636363636365
0.8722727272727273
0.9736363636363637
0.9409090909090909
0.9572727272727274
0.9595454545454545
0.9327272727272727
0.9345454545454545
0.9127272727272726
1.0040909090909091
1.050909090909091
1.1072727272727272
0.995
1.0886363636363636
1.0250000000000001
1.095909090909091
1.0263636363636364
1.0486363636363636
1.1554545454545455
1.145909090909091
1.1795454545454545
1.2659090909090909
1.1636363636363638
1.3277272727272729
1.3591304347826088
1.397391304347826
1.2382608695652173
1.3130434782608695
1.4560869565217391
1.5608695652173912
1.4282608695652175
1.4926086956521738
1.428695652173913
1.6408695652173915
1.5021739130434781
1.4778260869565218
1.4817391304347824
1.5878260869565215
1.6113043478260871
1.7530434782608695
1.6843478260869567
1.6221739130434785
1.6021739130434782
1.7282608695652173
1.7739130434782608
1.6743478260869564
1.8439130434782607
1.8056521739130436
1.7200000000000002
1.7769565217391305
1.86
1.808695652173913
2.0321739130434784
1.9221739130434783
2.028695652173913
2.097826086956522
2.237391304347826
2.190434782608696
2.010869565217391
2.1495652173913045
2.1995652173913043
2.163913043478261
2.1995652173913043
2.1221739130434782
2.2230434782608697
2.2204347826086956
2.142608695652174
2.1943478260869567
2.135217391304348
2.0965217391304347
2.0891304347826085
2.3065217391304347
2.2830434782608693
2.1291304347826085
2.3030434782608693
2.3547826086956523
2.6052173913043477
2.6365217391304347
2.592173913043478
2.495217391304348
2.2343478260869567
2.428695652173913
2.416086956521739
2.6069565217391304
2.8060869565217392
2.621304347826087
2.468695652173913
2.573913043478261
2.299130434782609
2.566086956521739
2.367391304347826
2.685217391304348
2.650434782608696
2.676521739130435
2.652173913043478
2.67
2.455217391304348
2.393913043478261
2.4621739130434785
2.497391304347826
2.6160869565217393
2.655217391304348
2.676086956521739
2.6447826086956523
2.9443478260869567
2.7082608695652173
2.6104347826086958
2.695217391304348
2.63304347826087
2.5256521739130435
2.816086956521739
2.6447826086956523
2.86
2.8343478260869563
2.5169565217391305
2.61695652173913
2.5552173913043474
2.5808695652173914
2.530869565217391
2.6491304347826086
2.444782608695652
2.5504347826086957
2.5560869565217392
2.7934782608695654
2.5986956521739133
2.7395652173913043
2.637391304347826
2.6869565217391305
2.7686956521739132
2.762608695652174
2.8739130434782605
2.629565217391304
2.716086956521739
2.5369565217391306
2.5243478260869567
2.5369565217391306
2.6873913043478264
2.63304347826087
2.688695652173913
2.5934782608695652
2.533478260869565
2.6847826086956523
2.493478260869565
2.4152173913043478
2.5630434782608695
2.37
2.2600000000000002
2.4904347826086957
2.582173913043478
2.3256521739130434
2.451304347826087
2.3230434782608698
2.212608695652174
2.3378260869565217
2.3526086956521737
2.06
2.1095652173913044
2.095217391304348
2.106086956521739
1.9708695652173913
2.292608695652174
2.2521739130434786
2.2478260869565214
1.98
2.154782608695652
2.104782608695652
2.0986956521739133
2.205217391304348
1.9052173913043478
1.8921739130434785
1.8282608695652172
1.8886956521739129
1.9386956521739132
1.9052173913043478
1.997391304347826
1.7786956521739128
1.7360869565217392
1.7678260869565219
1.7652173913043478
1.5926086956521741
1.7926086956521738
1.6339130434782607
1.567826086956522
1.6730434782608694
1.577391304347826
1.567826086956522
1.585217391304348
1.4804347826086954
1.481304347826087
1.4882608695652175
1.462608695652174
1.3560869565217393
1.3578260869565217
1.3347826086956522
1.2560869565217392
1.2408695652173913
1.2495652173913043
1.3039130434782609
1.2969565217391303
1.1752173913043478
1.1221739130434782
1.0430434782608695
1.0717391304347825
0.9678260869565218
1.036086956521739
1.0047826086956522
1.0056521739130435
1.0240909090909092
0.9268181818181819
0.9922727272727272
1.0372727272727273
0.9795454545454546
0.9527272727272728
0.92
0.8218181818181818
0.8490909090909091
0.895909090909091
0.7954545454545454
0.7054545454545454
0.6163636363636363
0.5845454545454545
0.5677272727272727
0.5945454545454546
0.6672727272727272
0.6922727272727273
0.6363636363636364
0.605
0.5609090909090909
0.5495454545454546
0.5268181818181819
0.5731818181818181
0.6559090909090909
0.6409090909090909
0.6336363636363637
0.5809090909090909
0.49454545454545457
0.5345454545454545
0.5368181818181819
0.4954545454545455
0.455
0.45545454545454545
0.3831818181818182
0.3845454545454546
0.38818181818181824
0.385
0.3577272727272727
0.3790909090909091
0.2877272727272727
0.36954545454545457
0.33681818181818185
0.3563636363636364
0.3640909090909091
0.2531818181818182
0.2722727272727273
0.28818181818181815
0.3063636363636364
0.22045454545454543
0.27
0.2459090909090909
0.1918181818181818
0.2559090909090909
0.2581818181818182
0.2540909090909091
0.24500000000000002
0.24772727272727274
0.23
0.23363636363636361
0.2672727272727273
0.25636363636363635
0.205
0.2690909090909091
0.22954545454545452
0.3009090909090909
0.28818181818181815
0.3131818181818182
0.24181818181818182
0.25772727272727275
0.2686363636363636
0.1890909090909091
0.1809090909090909
0.2
0.27454545454545454
0.2645454545454546
0.25363636363636366
0.2468181818181818
0.13954545454545456
0.15409090909090908
0.18136363636363637
0.2259090909090909
0.1809090909090909
0.18727272727272729
0.3104545454545455
0.2440909090909091
0.2081818181818182
0.19454545454545455
0.19409090909090906
0.1740909090909091
0.18863636363636366
0.20545454545454545
