temperature
2.931739130434783
2.8439130434782607
1.932173913043478
2.0791304347826087
2.657391304347826
2.762608695652174
2.4169565217391304
2.5991304347826087
2.4643478260869567
2.2656521739130433
2.3330434782608696
1.5626086956521739
1.411304347826087
2.0782608695652174
2.4147826086956523
2.5217391304347827
1.7043478260869567
1.5969565217391304
2.3504347826086955
2.5252173913043476
2.9347826086956523
3.008695652173913
2.6247826086956523
2.486521739130435
2.2508695652173913
1.7643478260869565
1.707391304347826
1.6117391304347826
2.2843478260869565
2.1556521739130434
1.6930434782608694
1.8004347826086955
2.8065217391304347
2.996086956521739
3.0856521739130436
3.037391304347826
3.266086956521739
2.759130434782609
2.5656521739130436
2.186086956521739
2.020434782608696
1.4765217391304348
1.6165217391304347
1.7560869565217392
1.5065217391304346
0.9773913043478261
0.9765217391304348
1.3878260869565218
1.9447826086956523
2.0856521739130436
2.3143478260869568
2.6591304347826084
3.140869565217391
3.1252173913043477
3.0643478260869568
2.8256521739130434
2.9182608695652177
3.039130434782609
2.753913043478261
3.068260869565217
3.254782608695652
3.1669565217391304
3.357391304347826
3.596086956521739
4.510434782608695
4.580869565217391
4.624347826086956
4.219130434782608
4.218695652173913
4.166956521739131
4.468260869565217
4.164782608695652
3.6686956521739127
3.567391304347826
3.6182608695652174
3.9078260869565216
3.9752173913043483
3.401304347826087
3.5895652173913044
3.4530434782608697
3.5443478260869563
3.7752173913043476
4.14695652173913
4.468260869565217
4.1
4.248695652173913
4.339565217391304
4.445217391304348
4.932608695652174
5.086086956521739
5.068181818181818
4.677272727272728
3.9695454545454543
4.419545454545455
4.870909090909091
4.8136363636363635
4.8
4.6045454545454545
4.793181818181818
5.1854545454545455
5.482272727272727
5.83909090909091
5.526818181818182
5.880000000000001
6.281363636363636
6.343636363636364
6.20090909090909
6.316363636363636
6.670454545454546
6.552727272727273
6.875909090909091
6.745909090909091
6.552727272727273
6.48
6.6481818181818175
6.6054545454545455
6.3927272727272735
6.240454545454545
6.597272727272727
6.8122727272727275
6.760454545454545
6.850454545454546
7.091363636363636
7.382727272727272
7.411363636363637
7.616818181818181
7.879090909090909
8.26
7.614090909090908
7.975
8.577272727272726
8.246363636363636
8.93409090909091
8.799999999999999
9.108636363636363
8.94
8.735454545454546
9.378636363636362
9.210454545454546
9.626818181818182
9.61
9.410454545454545
9.80590909090909
10.355454545454545
10.43
10.285
10.191818181818181
9.821363636363635
9.886363636363637
10.10909090909091
10.272727272727273
10.736363636363636
10.719545454545456
10.753636363636362
10.795454545454545
10.712272727272726
10.642272727272728
10.920454545454545
10.889090909090909
11.275454545454545
10.793181818181818
10.84590909090909
11.136363636363637
10.80909090909091
11.054545454545455
11.186363636363636
11.43409090909091
11.600454545454546
11.639545454545454
12.185
12.29590909090909
11.805909090909092
11.872272727272728
11.831818181818182
11.77727272727273
12.171818181818184
12.110909090909091
11.983181818181817
11.906818181818181
12.019545454545455
12.657727272727271
12.582272727272727
12.709545454545456
12.862272727272726
13.439545454545454
13.792727272727273
13.800454545454546
14.141818181818183
13.935
13.623636363636365
13.325
13.781363636363636
13.585454545454546
13.517727272727273
13.747272727272728
13.373636363636365
13.359545454545453
12.841818181818182
13.197272727272725
13.491363636363637
13.937727272727273
13.499545454545455
13.298636363636364
13.226818181818182
13.295
13.805909090909092
14.057272727272727
14.247727272727273
14.200909090909091
14.40181818181818
13.59681818181818
13.373636363636363
13.407727272727273
13.735454545454546
13.549090909090909
13.142272727272728
13.422272727272729
13.38
13.328181818181816
13.223636363636365
13.441818181818183
13.075454545454546
13.31681818181818
13.415454545454544
13.524090909090908
13.489545454545453
13.638181818181819
13.409999999999998
12.884999999999998
12.858636363636363
13.032727272727273
13.32318181818182
13.325454545454546
13.143181818181818
12.842727272727274
13.361363636363636
13.270454545454545
13.081818181818182
12.824545454545454
12.686363636363637
13.114090909090908
12.433181818181817
12.215000000000002
12.662727272727272
12.233636363636363
12.175
12.068636363636363
11.922727272727274
11.555454545454545
11.464545454545455
11.924090909090909
11.412727272727272
10.945
10.741363636363637
10.770909090909091
10.553181818181818
10.598181818181818
10.793636363636365
10.985
11.395454545454545
11.07
10.44590909090909
10.77
10.600909090909092
10.243636363636362
10.624090909090908
10.133636363636363
9.671363636363637
9.09590909090909
9.297727272727274
9.850454545454546
10.395909090909091
9.908636363636363
10.09608695652174
9.978695652173913
9.73913043478261
9.86695652173913
9.62695652173913
9.375217391304348
9.092173913043478
8.897391304347826
9.31913043478261
8.879565217391304
8.512608695652174
8.363043478260868
7.777826086956521
7.925652173913043
7.945652173913044
7.896521739130435
7.457826086956522
7.673043478260869
7.323913043478262
7.252608695652174
7.037826086956522
7.104782608695652
7.380000000000001
7.454347826086957
7.457391304347826
7.57391304347826
7.10695652173913
7.1204347826086964
7.0230434782608695
7.012608695652173
6.82304347826087
6.378260869565217
6.733478260869566
6.341304347826087
6.134782608695652
5.5426086956521745
5.378260869565217
5.750869565217392
5.885217391304349
5.874782608695653
5.916956521739131
5.696521739130435
4.960434782608695
4.431304347826087
4.095217391304348
4.43
4.129130434782609
3.968695652173913
4.246521739130435
3.832173913043478
3.09304347826087
3.4878260869565216
4.183913043478261
4.313478260869565
4.368695652173913
4.090434782608695
3.6743478260869566
3.250434782608696
3.2256521739130433
2.853913043478261
3.1234782608695655
3.1926086956521744
3.5491304347826085
3.8747826086956523
3.928260869565217
3.963478260869565
3.572608695652174
2.7469565217391305
2.536521739130435
2.413913043478261
2.617391304347826
2.955217391304348
3.103913043478261
3.143913043478261
3.35
3.6252173913043477
3.4482608695652175
2.8347826086956522
2.8813043478260867
3.2252173913043483
3.10695652173913
3.5491304347826085
3.1560869565217393
3.4186956521739127
3.6578260869565216
3.796521739130435
3.753478260869565
3.03
3.22
2.7482608695652173
2.5717391304347825
2.7934782608695654
