temperature
1.8611764705882354
1.2188235294117649
1.5111764705882351
1.3552941176470588
1.71
1.4564705882352942
1.7523529411764704
1.0352941176470587
1.244705882352941
1.3641176470588237
1.4305882352941177
2.0100000000000002
1.785294117647059
1.2658823529411765
2.2147058823529413
1.33
1.1247058823529412
1.7294117647058822
1.77
1.3105882352941176
1.3064705882352943
1.4641176470588235
1.658235294117647
1.6199999999999999
1.846470588235294
1.9782352941176469
2.258235294117647
1.8105882352941176
1.3941176470588235
1.2370588235294118
1.6752941176470588
1.5999999999999999
1.4370588235294117
1.8676470588235294
1.8188235294117647
1.486470588235294
1.2441176470588236
0.9670588235294119
0.861764705882353
1.0782352941176472
1.0182352941176471
1.8358823529411765
1.5076470588235293
1.3076470588235294
1.8688235294117648
2.2188235294117646
1.9364705882352942
1.8323529411764705
1.1988235294117646
0.7323529411764705
1.0941176470588236
1.5341176470588234
1.236470588235294
2.067647058823529
1.4552941176470586
2.1917647058823526
1.9794117647058822
1.755294117647059
1.5870588235294119
0.9252941176470587
0.7717647058823529
1.1329411764705883
1.403529411764706
1.704705882352941
2.323529411764706
3.4711764705882353
2.9235294117647057
2.66
2.5164705882352942
2.3194117647058823
2.0623529411764707
2.1535294117647057
2.9576470588235293
3.173529411764706
3.4423529411764706
4.127058823529412
3.1294117647058823
2.719411764705882
3.0329411764705885
3.286470588235294
3.243529411764706
3.077058823529412
2.9858823529411764
3.301764705882353
3.3064705882352943
3.418235294117647
3.3000000000000003
3.231176470588235
3.7676470588235293
4.297058823529412
4.470588235294118
4.443529411764706
4.464705882352941
4.017058823529412
4.441764705882353
4.2305882352941175
3.6935294117647057
4.025294117647059
5.1129411764705885
5.258235294117647
4.489411764705883
4.126470588235295
4.06
5.0717647058823525
5.064117647058824
4.482941176470588
4.602352941176471
4.040588235294117
4.367058823529412
4.777058823529411
6.0458823529411765
6.45235294117647
6.476470588235294
6.522941176470589
6.159411764705883
5.590588235294117
5.625882352941177
5.867647058823529
6.014705882352941
5.748235294117647
5.696470588235294
5.9411764705882355
6.1776470588235295
6.802941176470589
7.187058823529411
6.831176470588235
7.069411764705882
7.337647058823529
7.341176470588235
7.502352941176471
7.114705882352942
6.871764705882352
7.025294117647058
7.175294117647059
7.2299999999999995
7.455294117647059
7.577647058823529
7.027647058823529
7.5470588235294125
8.073529411764707
7.795294117647059
7.93
7.875294117647059
7.987647058823529
7.934705882352942
8.16
8.15529411764706
8.287058823529412
8.200000000000001
8.525294117647059
8.824117647058824
9.700000000000001
9.859411764705882
9.59529411764706
9.074705882352943
8.864117647058823
9.195882352941178
9.375294117647059
9.640588235294118
9.959411764705882
10.026470588235293
9.762352941176472
9.196470588235295
9.267647058823528
9.325882352941177
9.573529411764707
10.053529411764705
10.518235294117646
10.413529411764706
10.102352941176472
9.911176470588236
9.848823529411765
10.147647058823528
10.420588235294119
10.131764705882354
10.468823529411765
11.136470588235294
10.49529411764706
10.668823529411766
10.931176470588234
11.226470588235294
11.805882352941175
11.90470588235294
11.762352941176472
11.904117647058824
11.648823529411764
11.341176470588236
11.430588235294117
11.22764705882353
11.468823529411765
11.354705882352942
11.405882352941177
11.092941176470589
10.763529411764706
10.930588235294117
11.564705882352941
11.696470588235295
12.20470588235294
11.984117647058824
11.805294117647058
11.63
11.374705882352941
11.795882352941177
12.308823529411764
12.257058823529412
12.041176470588235
12.118235294117646
12.00235294117647
11.807058823529411
11.956470588235293
11.870588235294118
11.871176470588235
12.324117647058824
12.379411764705882
12.441176470588236
12.607058823529412
12.401764705882352
12.235882352941175
11.562941176470588
11.293529411764707
11.684117647058823
11.32764705882353
11.218823529411765
11.481176470588236
12.011764705882353
11.93
11.52235294117647
11.256470588235295
11.452352941176471
11.105882352941178
11.227058823529413
11.173529411764704
11.274117647058823
10.77235294117647
11.021764705882353
10.940588235294118
10.721764705882354
10.750588235294117
10.374705882352941
10.680588235294117
10.659411764705883
10.627647058823529
10.754117647058823
10.441764705882353
11.096470588235293
10.890588235294118
11.171764705882353
11.201764705882354
10.521764705882353
10.074705882352943
10.1
9.968823529411765
10.734117647058824
10.778823529411765
10.663529411764706
10.531176470588235
9.489999999999998
9.165882352941177
9.151764705882352
9.005882352941176
9.124117647058824
9.202352941176471
9.524117647058823
10.015882352941176
9.617647058823529
8.811176470588235
8.714117647058822
9.101764705882353
8.582941176470587
9.093529411764706
9.664117647058823
9.294117647058824
9.182941176470589
8.745000000000001
8.436875
8.396875
7.350625
7.71875
7.415
7.523125
7.998125
7.68625
7.209375
7.1674999999999995
6.995625
7.459375
7.951875
7.335
6.249375
6.216875
6.2368749999999995
6.1049999999999995
5.855
6.094375
6.38375
5.976875
6.055625
6.608124999999999
6.77375
6.70125
6.495
6.014375
6.49375
6.21375
5.42625
5.303125
5.215
5.03875
4.6431249999999995
4.359999999999999
5.091875
4.55125
3.608125
4.71625
4.96625
4.703125
4.183125
4.808125
4.720625
4.02375
3.481875
3.4075
3.631875
4.00375
3.44375
2.556875
3.16375
3.7593750000000004
2.80375
3.5888235294117647
3.9564705882352946
3.2811764705882354
2.66
2.8723529411764703
2.0035294117647062
2.0341176470588236
2.0217647058823527
1.92
1.9376470588235297
1.6652941176470588
1.4505882352941177
2.1452941176470586
3.2676470588235293
3.286470588235294
2.0776470588235294
1.0305882352941176
1.9376470588235293
2.6194117647058826
2.0605882352941176
1.5423529411764705
1.1035294117647059
-0.09941176470588242
-0.38823529411764707
-0.2447058823529412
1.1276470588235294
1.5329411764705883
2.533529411764706
2.2258823529411766
1.0594117647058825
0.7105882352941176
0.3347058823529412
-0.3647058823529411
-0.21294117647058824
0.7035294117647058
1.3294117647058825
