temperature
5.963333333333334
4.9816666666666665
5.361666666666667
4.201666666666667
5.926666666666667
5.419999999999999
5.843333333333334
5.901666666666666
5.413333333333334
5.648333333333333
4.798333333333333
6.2700000000000005
4.168333333333333
4.165
6.021666666666667
4.876666666666666
4.6466666666666665
4.833333333333333
2.9949999999999997
2.768333333333333
3.4783333333333335
4.116666666666666
3.8000000000000003
4.468333333333333
5.41
4.953333333333334
4.093333333333334
4.251666666666666
3.563333333333334
2.6
2.2883333333333336
3.155
3.3166666666666664
3.501666666666667
4.986666666666667
5.601666666666667
4.876666666666666
3.7116666666666664
2.7566666666666664
3.6316666666666664
3.8000000000000003
2.985
3.421666666666667
4.546666666666667
5.183333333333334
5.419999999999999
5.041666666666667
5.435
5.28
4.8566666666666665
4.023333333333333
4.3966666666666665
4.656666666666667
5.696666666666666
6.293333333333333
6.45
5.685
5.308333333333334
5.425
4.84
4.308333333333334
3.6750000000000003
4.355
4.055
5.786666666666666
5.583333333333333
6.0566666666666675
6.763333333333333
6.076666666666667
5.0633333333333335
5.595
4.901666666666666
4.366666666666666
6.311666666666667
6.093333333333334
6.698333333333333
6.31
5.298333333333333
6.364999999999999
6.726666666666667
6.47
6.265000000000001
5.918333333333333
6.678333333333334
6.64
6.121666666666666
6.915
7.873333333333334
7.803333333333334
7.205000000000001
6.95
7.543333333333334
6.5249999999999995
6.41
7.07
7.821666666666666
7.371666666666667
8.135
8.753333333333332
8.713333333333333
8.128333333333332
7.598333333333334
7.863333333333333
8.340000000000002
8.62
8.805
8.575000000000001
8.648333333333333
8.18
8.443333333333333
8.915000000000001
9.235
9.251666666666667
9.131666666666666
9.91
8.923333333333334
8.326666666666666
8.74
8.801666666666668
8.768333333333333
9.488333333333333
9.541666666666666
9.078333333333333
9.011666666666667
9.951666666666666
10.005
10.171666666666667
9.825000000000001
9.983333333333333
10.176666666666668
9.916666666666666
8.901666666666667
8.868333333333334
8.725
9.540000000000001
9.723333333333334
9.786666666666667
10.475
10.366666666666667
11.040000000000001
11.725
11.958333333333334
11.786666666666667
11.351666666666667
11.648333333333333
12.248333333333333
11.636666666666665
11.093333333333334
11.645000000000001
12.115
11.996666666666668
11.590000000000002
13.223333333333334
13.723333333333334
13.143333333333333
12.35
12.823333333333332
12.653333333333334
12.978333333333333
12.163333333333334
11.521666666666667
12.796666666666667
12.94
12.955
13.146666666666667
12.92
12.9
13.438333333333333
13.686666666666667
13.763333333333334
13.616666666666667
13.726666666666667
13.229999999999999
13.648333333333333
13.523333333333333
14.201666666666668
14.838333333333333
14.655000000000001
14.590000000000002
14.831666666666665
14.898333333333333
14.856666666666667
14.106666666666667
14.824999999999998
15.160000000000002
14.568333333333333
13.955
14.771666666666667
14.871666666666668
15.428333333333333
15.896666666666667
15.113333333333332
15.136666666666668
15.225
15.586666666666666
15.286666666666667
15.206666666666665
15.538333333333334
15.774999999999999
16.023333333333333
15.731666666666667
15.808333333333332
15.488333333333335
15.67
15.646666666666667
16.761666666666667
16.96
16.400000000000002
15.753333333333332
14.986666666666666
14.691666666666668
15.038333333333334
15.633333333333333
15.958333333333334
15.475
15.118333333333334
15.136666666666668
14.958333333333334
14.531666666666666
14.663333333333334
15.003333333333332
15.161666666666667
15.185
15.276666666666666
14.901666666666666
14.601666666666667
14.815
15.015
14.464999999999998
14.306666666666667
14.086666666666666
15.043333333333331
15.336666666666668
15.51
14.286666666666667
13.228333333333333
14.028333333333334
14.735
14.073333333333332
14.22
14.056666666666667
13.818333333333333
13.51
13.411666666666667
14.07
14.536666666666667
14.295000000000002
14.421666666666667
13.56
12.628333333333332
13.021666666666667
14.125
14.719999999999999
14.378333333333332
13.950000000000001
13.528333333333334
12.698333333333332
12.57
12.725
13.115
12.873333333333333
13.106666666666667
12.961666666666666
13.211666666666666
12.796666666666667
12.278333333333334
12.651666666666666
12.213333333333333
12.238333333333335
12.673333333333332
13.878333333333332
13.883333333333333
13.338333333333333
14.518
13.934000000000001
14.146
12.636
12.514
11.668
11.318
12.706
13.228
12.062000000000001
11.644
11.222
10.052000000000001
9.334
9.370000000000001
11.175999999999998
11.41
11.896
11.248000000000001
9.512
9.995999999999999
10.762
11.794
11.016
9.928
11.398
10.878
9.636
9.99
11.286
11.406
10.346
10.352
9.63
8.588
8.594
8.414
7.188
8.086
7.965999999999999
8.208
10.386
9.062000000000001
9.452000000000002
8.916
7.279999999999999
7.134
8.472
8.209999999999999
6.8759999999999994
8.512
8.358
7.132
6.048
5.072
4.712000000000001
5.196
5.4
5.678
5.901999999999999
4.426
3.6019999999999994
3.782
4.046
5.380000000000001
4.029999999999999
3.5620000000000003
3.8520000000000003
5.068
5.123333333333334
5.901666666666667
5.319999999999999
4.736666666666666
3.8066666666666666
4.211666666666667
5.9383333333333335
5.3116666666666665
4.5
4.433333333333334
3.141666666666667
4.971666666666667
5.733333333333333
4.97
6.041666666666667
4.681666666666667
4.026666666666666
4.973333333333334
6.108333333333333
4.858333333333333
5.54
6.216666666666666
6.358333333333333
