temperature
3.9186956521739127
3.936086956521739
3.7343478260869567
3.887391304347826
4.030869565217392
4.72
3.756086956521739
3.988695652173913
4.42
4.399565217391304
4.154782608695652
2.995217391304348
3.0782608695652174
3.2908695652173914
3.917826086956522
3.973478260869565
3.468260869565217
2.8895652173913042
3.431304347826087
3.864347826086956
4.216521739130435
4.538260869565217
4.751304347826087
4.356521739130435
3.992608695652174
4.01608695652174
3.949130434782609
4.139565217391305
4.005217391304348
3.2973913043478262
3.110869565217391
3.5599999999999996
3.8069565217391306
4.108260869565217
4.012608695652174
4.7013043478260865
5.22
4.684782608695652
4.275217391304348
3.848695652173913
3.104347826086957
3.002173913043478
3.332608695652174
3.146521739130435
2.3734782608695655
2.3995652173913045
2.3491304347826087
2.824347826086957
3.1504347826086954
3.142608695652174
3.2956521739130435
3.8465217391304347
4.046956521739131
4.280869565217391
4.234347826086957
3.5178260869565214
3.7752173913043476
3.9539130434782606
4.19391304347826
4.761739130434783
4.972608695652174
4.984347826086957
4.668260869565217
4.679565217391304
4.784782608695652
5.481304347826088
5.251304347826087
5.336956521739131
5.80913043478261
6.111739130434782
5.762608695652173
5.745217391304348
5.737826086956522
5.803478260869565
5.644782608695652
6.13304347826087
6.1695652173913045
6.381739130434783
5.997826086956521
6.0926086956521734
6.391739130434782
5.781304347826087
6.4482608695652175
6.641739130434782
6.326956521739131
6.632173913043478
6.350434782608696
6.2956521739130435
6.531739130434782
6.507826086956522
7.350434782608696
7.41391304347826
6.487391304347827
6.132608695652174
5.975652173913043
6.273913043478261
6.835217391304348
7.093913043478261
6.706086956521739
7.099565217391304
7.498695652173913
7.6786956521739125
7.569565217391304
7.663478260869566
8.050434782608695
8.325652173913044
7.876086956521739
7.742608695652173
8.292608695652174
8.405217391304348
8.257826086956522
9.102608695652174
8.979565217391304
8.317826086956522
8.205652173913043
8.180434782608696
8.427391304347827
8.23608695652174
8.600434782608696
8.964347826086957
9.5
9.209565217391305
9.05782608695652
9.238695652173913
9.446521739130436
9.848695652173914
9.900869565217391
10.59695652173913
10.519130434782609
10.550869565217392
10.732173913043479
10.879130434782608
11.231739130434782
11.028695652173912
11.181304347826087
11.165217391304349
11.423636363636364
11.23409090909091
11.837272727272728
12.268181818181818
11.52
11.56181818181818
11.996818181818183
11.92818181818182
12.350909090909092
12.636818181818182
12.29
11.918636363636363
11.93409090909091
12.605454545454545
12.542727272727273
12.961818181818183
12.937727272727273
13.168636363636363
13.077727272727271
12.549545454545454
12.890909090909092
13.05
13.059545454545455
13.436363636363637
13.187727272727273
13.405454545454546
13.308636363636365
13.622727272727273
14.263636363636364
13.9
13.875
13.77727272727273
13.50590909090909
14.155454545454546
14.355454545454545
14.17909090909091
14.527727272727274
14.377272727272727
14.56590909090909
14.360909090909091
15.152727272727274
15.09909090909091
14.879545454545456
15.126818181818182
15.33409090909091
15.47090909090909
15.423181818181819
15.509545454545453
15.639545454545454
16.737727272727273
16.846363636363638
16.62181818181818
16.75318181818182
16.74681818181818
16.308636363636364
16.644545454545455
16.224999999999998
16.735
16.603181818181817
16.63818181818182
16.290454545454544
15.925454545454546
16.05318181818182
15.988636363636363
16.595909090909092
16.434545454545454
16.405
16.325
15.971363636363636
16.295454545454547
16.638636363636365
16.625
16.893181818181816
16.985
17.035
17.31772727272727
16.76318181818182
16.48909090909091
16.984545454545454
16.995
16.508181818181818
16.35590909090909
16.17772727272727
16.675
16.992272727272727
17.008636363636363
16.28318181818182
16.28090909090909
16.447272727272725
17.182727272727274
17.33409090909091
16.78090909090909
16.31
16.111363636363635
16.415454545454544
16.62181818181818
16.836818181818185
16.71409090909091
15.669545454545455
15.527727272727274
15.57
15.97272727272727
15.381818181818181
15.759090909090908
15.880454545454546
15.725
15.316818181818183
15.435
15.44909090909091
15.10590909090909
14.79590909090909
14.734545454545456
14.450454545454544
14.621818181818183
14.558181818181817
14.792727272727273
14.711818181818183
14.195
14.210909090909091
13.592727272727274
13.031818181818181
13.990909090909092
13.759545454545453
14.217727272727274
14.069090909090908
13.72409090909091
13.398636363636363
13.672727272727274
13.117727272727272
13.19590909090909
13.167727272727273
13.253636363636362
13.101363636363637
13.189545454545454
12.855
12.97272727272727
13.041818181818183
12.70590909090909
12.239090909090908
12.30409090909091
12.17681818181818
12.041818181818183
11.575000000000001
11.42590909090909
11.198636363636364
11.969545454545454
12.113636363636363
11.215909090909092
11.290909090909091
11.139545454545454
10.091818181818182
10.539090909090909
10.024090909090908
9.855
10.594545454545456
10.656363636363636
10.236818181818181
10.033181818181818
9.551363636363636
9.299999999999999
9.681363636363637
9.451818181818181
9.798181818181819
9.927727272727273
9.282727272727273
8.660454545454545
8.84590909090909
9.448181818181817
9.290454545454544
9.106818181818182
8.886363636363637
7.552272727272728
7.479090909090909
7.206818181818182
7.876363636363636
8.757727272727273
8.34909090909091
7.829090909090909
8.105909090909092
7.038181818181818
6.705909090909091
6.116818181818181
6.3172727272727265
6.635909090909092
6.335
6.944090909090909
6.42409090909091
5.71
5.547727272727273
5.816363636363636
6.225909090909091
5.834090909090909
5.711363636363637
5.121818181818182
4.84
4.366363636363636
4.083181818181818
4.443636363636364
5.168181818181818
5.156818181818182
5.540454545454545
5.369090909090909
5.733181818181818
5.3554545454545455
5.477727272727273
4.96
4.614545454545454
4.207272727272727
4.197727272727272
4.154545454545455
4.59909090909091
4.986363636363636
5.341363636363637
5.128636363636364
4.988181818181818
5.0227272727272725
4.608636363636363
4.96
5.713636363636364
5.383636363636364
5.328181818181818
5.588636363636364
5.640454545454546
5.346818181818182
5.6049999999999995
5.114545454545454
5.059090909090909
3.960909090909091
3.8222727272727273
