temperature
4.127826086956522
4.124782608695653
3.8078260869565215
4.084782608695653
4.533478260869565
4.618695652173913
3.746086956521739
4.255217391304348
4.541739130434783
4.189130434782609
3.8552173913043477
3.196521739130435
2.7704347826086955
3.0882608695652176
3.7908695652173914
3.9517391304347824
3.257391304347826
2.9747826086956524
3.7252173913043483
3.785217391304348
4.404347826086957
4.504347826086956
4.243913043478261
4.36
4.088260869565217
3.7430434782608697
3.5269565217391308
3.493478260869565
3.6999999999999997
3.3339130434782613
3.2517391304347822
3.4182608695652177
4.0947826086956525
4.44391304347826
4.442608695652174
4.546086956521739
4.791304347826087
4.753478260869565
4.461739130434783
3.938695652173913
3.495217391304348
3.0873913043478263
3.3004347826086957
3.201304347826087
2.716086956521739
2.391739130434783
2.42304347826087
2.9843478260869567
3.1165217391304343
3.3330434782608696
3.2934782608695654
3.8634782608695653
4.262608695652174
4.36
4.468260869565217
3.740869565217391
4.208695652173913
4.265652173913043
4.406521739130435
4.734782608695652
4.963478260869565
4.9626086956521736
4.89
5.1121739130434785
5.5608695652173905
5.850434782608696
5.802173913043478
5.520434782608696
5.854782608695652
6.052608695652174
5.868260869565217
5.942608695652174
5.612608695652174
5.711739130434783
5.379130434782609
5.877826086956522
5.917826086956521
5.845652173913043
5.70695652173913
5.8273913043478265
5.751304347826087
5.720434782608695
5.934347826086957
6.411739130434783
6.01
6.267826086956521
6.150434782608696
6.246956521739131
6.699130434782609
6.515652173913044
7.181363636363637
6.722272727272727
5.826818181818182
5.975454545454546
6.22
6.346818181818182
6.524545454545454
6.307272727272727
6.4768181818181825
6.823636363636364
7.317727272727273
7.941818181818181
7.624545454545455
7.808181818181819
8.126818181818182
8.395
7.939545454545454
7.992272727272728
8.515454545454546
8.339545454545455
8.510454545454547
8.984545454545454
8.621363636363636
8.154545454545454
8.253636363636362
8.166818181818181
8.127272727272727
7.96409090909091
8.343636363636364
8.585909090909091
8.69409090909091
8.52818181818182
9.06590909090909
9.336818181818181
9.518181818181818
9.738181818181818
10.02590909090909
10.581818181818182
9.912727272727274
9.924090909090909
10.565454545454545
10.292727272727273
10.972727272727273
10.874090909090908
11.075000000000001
10.958636363636364
10.948636363636364
11.288181818181819
11.148636363636363
11.913636363636364
11.823636363636364
11.600454545454546
11.944545454545453
12.214090909090908
12.282272727272726
12.211363636363636
12.210454545454546
11.663181818181817
11.912272727272727
11.887272727272727
12.14590909090909
12.64590909090909
12.621363636363638
12.841818181818182
12.741363636363637
12.748636363636363
12.65409090909091
12.805
12.952727272727271
13.1
13.003636363636362
12.950454545454546
13.247727272727273
13.085909090909091
13.310454545454546
13.282727272727271
13.8
13.838636363636363
13.491363636363637
14.25090909090909
14.267727272727273
14.060909090909092
14.074545454545454
14.007272727272728
13.931363636363637
14.467727272727274
14.586818181818183
14.405454545454546
14.372272727272728
14.605
14.917272727272728
15.07409090909091
15.12
15.367727272727274
15.780454545454546
16.19
16.13181818181818
16.176363636363636
16.483636363636364
16.043636363636363
16.077727272727273
16.268636363636364
15.961363636363636
16.277272727272727
15.966818181818182
16.240909090909092
15.942727272727273
15.577727272727271
15.347272727272726
15.675454545454546
16.11090909090909
15.840000000000002
15.761818181818182
15.70590909090909
15.627727272727272
16.05090909090909
16.27318181818182
16.457727272727272
16.48227272727273
16.69
16.548181818181817
16.046363636363637
15.704545454545455
16.051363636363636
16.24318181818182
15.75590909090909
15.912727272727272
15.938636363636364
15.34772727272727
15.590000000000002
15.965909090909092
15.59909090909091
15.69681818181818
15.92
16.08590909090909
16.277272727272727
16.496363636363636
15.80181818181818
15.458181818181817
15.373181818181818
15.560909090909092
15.986818181818181
15.853636363636362
15.950454545454546
15.055454545454547
15.484090909090908
15.505
15.476818181818182
14.981818181818182
15.20590909090909
15.385909090909092
15.042727272727273
14.44818181818182
14.984545454545453
14.524090909090908
14.521818181818183
14.264545454545454
14.267272727272728
13.985000000000001
14.006818181818181
14.382272727272728
14.025454545454545
13.760454545454547
13.327272727272726
13.48
13.055909090909092
12.84590909090909
12.97181818181818
13.34590909090909
13.467272727272727
13.172727272727274
12.575454545454546
12.869545454545454
12.819545454545453
12.47909090909091
12.97272727272727
12.617727272727272
12.075454545454546
12.02681818181818
11.931363636363637
12.344999999999999
12.359545454545456
12.217272727272727
11.97086956521739
11.815652173913042
11.698260869565217
11.857826086956523
11.362608695652172
11.267826086956523
11.14391304347826
10.721739130434782
11.342608695652174
11.16
10.639130434782608
10.643478260869564
10.066086956521739
9.71782608695652
9.760434782608696
9.493478260869566
9.27304347826087
9.496956521739131
9.837826086956522
9.49
8.893478260869566
8.927826086956522
9.113043478260868
9.35695652173913
9.302173913043477
9.218695652173913
9.095217391304347
8.851304347826087
8.363478260869567
8.800869565217392
9.093043478260869
8.722173913043477
8.771304347826087
8.476521739130435
7.960434782608695
7.57304347826087
6.975217391304348
7.631304347826086
8.052173913043477
7.678260869565217
7.633913043478262
7.730869565217391
6.8160869565217395
6.158260869565218
5.669130434782608
6.078260869565218
6.006521739130435
5.881304347826087
6.401304347826087
6.111304347826087
5.266521739130434
5.137391304347826
5.6204347826086964
6.169130434782608
6.165652173913044
6.09608695652174
5.470434782608696
5.010869565217392
4.8765217391304345
4.497391304347826
4.48695652173913
4.900434782608696
5.2873913043478264
5.49304347826087
5.673913043478261
5.5826086956521745
5.195652173913044
4.889130434782609
4.245652173913044
4.0834782608695654
4.012608695652173
4.31391304347826
4.381739130434783
4.394782608695652
4.987391304347826
5.4656521739130435
5.102608695652174
4.850434782608696
4.570434782608696
4.653478260869565
4.781739130434783
5.460434782608695
4.686521739130434
5.138260869565217
5.14695652173913
5.178260869565218
5.15
4.952173913043478
5.038260869565217
4.9452173913043485
4.231304347826088
4.020434782608696
