pet
0.21227272727272728
0.25545454545454543
0.22954545454545452
0.26636363636363636
0.24500000000000002
0.17363636363636364
0.33090909090909093
0.30136363636363633
0.2822727272727273
0.2672727272727273
0.3104545454545455
0.3109090909090909
0.3422727272727273
0.2722727272727273
0.2681818181818182
0.2427272727272727
0.22681818181818184
0.2777272727272727
0.2727272727272727
0.33090909090909093
0.29863636363636364
0.2636363636363636
0.27636363636363637
0.28545454545454546
0.3118181818181818
0.3759090909090909
0.33954545454545454
0.44181818181818183
0.355
0.3618181818181818
0.41727272727272724
0.4109090909090909
0.43863636363636366
0.39272727272727276
0.4827272727272728
0.4772727272727273
0.5181818181818182
0.5218181818181818
0.46727272727272723
0.49090909090909096
0.4772727272727273
0.40954545454545455
0.505909090909091
0.5531818181818182
0.5163636363636364
0.5704545454545454
0.6509090909090909
0.5054545454545455
0.5590909090909091
0.5854545454545454
0.6559090909090909
0.6786363636363636
0.7022727272727273
0.6481818181818182
0.5695454545454545
0.6763636363636364
0.8054545454545454
0.7722727272727272
0.6586363636363637
0.7572727272727273
0.9009090909090909
0.785
0.8186363636363637
0.8159090909090909
0.9490909090909091
0.9013636363636365
0.8490909090909091
0.95
1.030909090909091
0.9754545454545455
1.071818181818182
1.0431818181818182
1.1231818181818183
1.035
1.0763636363636364
0.9981818181818182
1.0777272727272729
1.1204545454545454
1.049090909090909
1.135909090909091
1.1954545454545455
1.1490909090909092
1.1581818181818182
1.1318181818181818
1.1945454545454546
1.2986363636363636
1.3222727272727273
1.2886363636363636
1.2595454545454545
1.5340909090909092
1.5404347826086957
1.6430434782608696
1.5299999999999998
1.5126086956521738
1.5495652173913044
1.8817391304347826
1.5421739130434782
1.8013043478260868
1.5452173913043479
1.7365217391304346
1.6443478260869566
1.6408695652173915
1.6508695652173913
1.7317391304347824
1.7373913043478262
1.8569565217391304
1.9860869565217392
2.097391304347826
1.6521739130434783
1.835217391304348
2.1204347826086956
2.2343478260869567
2.0417391304347827
1.9569565217391303
2.0560869565217392
1.857391304347826
2.180869565217391
2.1886956521739127
2.137391304347826
2.162608695652174
2.32
2.2704347826086955
2.4095652173913042
2.3895652173913042
2.25
2.477826086956522
2.413913043478261
2.2956521739130435
2.483478260869565
2.3434782608695652
2.488260869565217
2.586521739130435
2.4060869565217393
2.2982608695652176
2.5791304347826087
2.3808695652173912
2.251304347826087
2.4621739130434785
2.6295652173913044
2.2886956521739132
2.3195652173913044
2.6230434782608696
2.904347826086956
2.7447826086956524
2.7821739130434784
2.610869565217391
2.3317391304347828
2.6052173913043477
2.7956521739130435
2.776086956521739
3.092608695652174
2.963913043478261
2.685217391304348
2.7982608695652176
2.536086956521739
2.892608695652174
2.6230434782608696
2.9426086956521744
3.031739130434783
2.9469565217391307
2.790434782608696
2.7382608695652175
2.670434782608696
2.7291304347826086
2.7056521739130437
2.9439130434782608
2.890434782608696
2.9543478260869565
3.1247826086956523
3.1873913043478264
3.292173913043478
3.167391304347826
3.0356521739130433
3.188695652173913
3.1517391304347826
3.0091304347826084
3.1656521739130437
3.067391304347826
3.154782608695652
3.3073913043478256
3.180869565217391
3.141739130434783
2.9586956521739127
2.9347826086956523
3.0895652173913044
2.854782608695652
2.9373913043478264
2.9113043478260865
2.766086956521739
3.0834782608695654
3.071304347826087
3.2626086956521734
3.0278260869565217
2.784347826086957
3.2591304347826084
3.140869565217391
3.0469565217391303
2.9560869565217387
3.2430434782608697
3.241304347826087
3.1395652173913042
3.0573913043478256
3.141304347826087
3.1273913043478263
3.250434782608696
3.1495652173913045
2.8552173913043477
2.8417391304347825
3.07
3.0178260869565214
3.114782608695652
2.895217391304348
2.8282608695652174
3.0608695652173914
3.0243478260869567
2.6617391304347824
3.1008695652173914
2.8656521739130434
2.8047826086956524
2.869565217391304
2.8991304347826086
2.604782608695652
2.835217391304348
2.528695652173913
2.54
2.460434782608696
2.732173913043478
2.773913043478261
2.6143478260869566
2.535217391304348
2.592173913043478
2.5504347826086957
2.4969565217391305
2.380434782608696
2.2378260869565216
2.109565217391304
2.0430434782608695
1.8834782608695653
2.2669565217391305
2.2778260869565217
2.214782608695652
1.9404347826086958
2.0608695652173914
2.077391304347826
2.030869565217391
1.927391304347826
2.159130434782609
1.914782608695652
1.876086956521739
1.9578260869565218
1.9139130434782607
1.9369565217391302
1.8834782608695653
1.7426086956521738
1.8095652173913042
1.7534782608695652
1.6382608695652174
1.4965217391304348
1.7047826086956521
1.5947826086956522
1.4395652173913043
1.3547826086956523
1.4156521739130437
1.5504347826086955
1.4069565217391304
1.3543478260869564
1.2813043478260868
1.202608695652174
1.1143478260869564
1.1191304347826085
1.158695652173913
1.1191304347826088
1.1343478260869566
1.0977272727272727
1.0786363636363636
1.0668181818181817
1.115909090909091
1.0518181818181818
1.0122727272727272
0.9227272727272727
0.8022727272727272
0.9095454545454547
1.0322727272727272
0.9140909090909091
0.8490909090909091
0.6545454545454545
0.6868181818181818
0.6754545454545454
0.6418181818181817
0.8586363636363636
0.7872727272727272
0.7395454545454545
0.660909090909091
0.6545454545454545
0.6554545454545454
0.7136363636363637
0.6927272727272727
0.7272727272727273
0.6995454545454546
0.6959090909090909
0.5790909090909091
0.5022727272727273
0.5295454545454545
0.5222727272727272
0.48000000000000004
0.46090909090909093
0.4709090909090909
0.3868181818181818
0.3604545454545454
0.41363636363636364
0.37999999999999995
0.36954545454545457
0.3190909090909091
0.30727272727272725
0.32636363636363636
0.3059090909090909
0.2877272727272727
0.38818181818181813
0.21500000000000002
0.17090909090909093
0.21454545454545454
0.2604545454545455
0.20318181818181816
0.2290909090909091
0.21
0.2
0.2872727272727273
0.22136363636363637
0.21545454545454545
0.21863636363636366
0.2009090909090909
0.18409090909090908
0.18500000000000003
0.18772727272727271
0.22772727272727272
0.2322727272727273
0.3022727272727273
0.24454545454545454
0.31
0.2681818181818182
0.3195454545454546
0.17681818181818182
0.2559090909090909
0.1968181818181818
0.21545454545454545
0.18636363636363634
0.18500000000000003
0.3104545454545455
0.21409090909090908
0.21045454545454545
0.1559090909090909
0.09727272727272727
0.08454545454545455
0.11227272727272726
0.1981818181818182
0.19590909090909092
0.20136363636363636
0.30863636363636365
0.2563636363636364
0.26636363636363636
0.25
0.24136363636363634
0.18045454545454545
0.22136363636363637
0.18500000000000003
