pet
0.3521739130434782
0.41956521739130437
0.5291304347826087
0.5234782608695652
0.3917391304347826
0.40956521739130436
0.43826086956521737
0.34956521739130436
0.29217391304347823
0.45956521739130435
0.59
0.5517391304347826
0.42695652173913046
0.4469565217391304
0.3526086956521739
0.3560869565217391
0.41391304347826086
0.46391304347826084
0.44434782608695655
0.39
0.4504347826086956
0.5195652173913043
0.3830434782608696
0.6460869565217391
0.49391304347826087
0.44608695652173913
0.45869565217391306
0.47695652173913045
0.4534782608695652
0.4969565217391304
0.5834782608695652
0.42695652173913046
0.5604347826086957
0.3552173913043478
0.4726086956521739
0.5495652173913044
0.5204347826086956
0.6495652173913044
0.6039130434782609
0.5052173913043478
0.5821739130434783
0.5539130434782609
0.5247826086956522
0.6682608695652174
0.6739130434782609
0.5947826086956521
0.6191304347826087
0.4930434782608696
0.6291304347826087
0.6269565217391304
0.4921739130434783
0.5921739130434783
0.6217391304347827
0.638695652173913
0.6856521739130435
0.7126086956521739
0.6286956521739131
0.8073913043478261
0.8356521739130435
0.7152173913043478
0.803913043478261
0.8608695652173913
0.8395652173913043
0.721304347826087
0.7465217391304348
0.7752173913043477
0.6860869565217392
0.8813043478260869
0.71
0.8417391304347825
0.9382608695652175
0.8769565217391305
0.8891304347826087
0.9165217391304349
0.9782608695652174
1.1030434782608696
0.9443478260869564
0.9269565217391305
1.0156521739130435
1.0421739130434782
1.2095652173913043
1.1330434782608696
1.163478260869565
1.3008695652173914
1.1817391304347826
1.2460869565217392
1.3408695652173912
1.2160869565217391
1.27
1.1517391304347826
1.09
1.1231818181818183
1.3654545454545455
1.4368181818181818
1.4227272727272728
1.5754545454545452
1.5627272727272727
1.4277272727272727
1.6236363636363635
1.4672727272727273
1.4877272727272726
1.449090909090909
1.7022727272727274
1.9118181818181819
1.8168181818181817
1.8613636363636366
1.9163636363636363
1.6195454545454546
1.6736363636363636
1.8527272727272726
1.836818181818182
1.8936363636363638
2.0072727272727273
2.244090909090909
2.0113636363636362
2.169090909090909
2.3790909090909094
2.069090909090909
1.9631818181818181
1.848181818181818
2.0731818181818182
2.1281818181818184
2.165909090909091
2.239090909090909
2.221363636363636
2.2331818181818184
2.158181818181818
2.179090909090909
2.1077272727272724
1.935909090909091
2.1931818181818183
2.2354545454545454
2.3227272727272728
2.6468181818181815
2.5086363636363633
2.5645454545454545
2.5504545454545453
2.5845454545454545
2.7327272727272724
2.652727272727273
2.5254545454545454
2.6004545454545456
2.5172727272727276
2.8427272727272728
2.3854545454545457
2.641363636363636
2.7754545454545454
2.7859090909090907
2.4272727272727272
2.6218181818181816
2.7186363636363637
2.587727272727273
2.4440909090909093
2.6595454545454547
2.8322727272727275
2.3945454545454545
2.475909090909091
2.506818181818182
2.414090909090909
2.5399999999999996
2.510909090909091
2.4095454545454547
2.6577272727272727
2.713181818181818
2.7363636363636363
2.936363636363636
2.8000000000000003
2.723181818181818
2.526818181818182
2.7936363636363635
3.092727272727273
2.763181818181818
2.9072727272727272
2.5686363636363634
2.559090909090909
2.4990909090909095
2.6404545454545456
2.6272727272727274
2.662272727272727
2.694545454545455
2.7063636363636365
2.695
2.8822727272727273
3.316363636363636
2.7904545454545455
2.951363636363636
3.184090909090909
2.9518181818181817
2.627272727272727
2.6345454545454547
2.3236363636363637
2.54
2.6204545454545456
2.555
2.393181818181818
2.617272727272727
2.6977272727272728
2.7186363636363637
2.6213636363636366
2.489090909090909
2.691818181818182
2.6486363636363635
2.5113636363636362
2.5813636363636365
2.52
2.658181818181818
2.645909090909091
2.648636363636364
2.6336363636363633
2.7022727272727276
2.54
2.23
2.5404545454545455
2.430454545454545
2.493181818181818
2.334090909090909
2.265909090909091
2.18
2.210909090909091
2.224090909090909
2.1145454545454547
2.346363636363636
2.0863636363636364
2.2713636363636365
2.159090909090909
1.9763636363636363
2.1677272727272725
2.4363636363636365
2.438181818181818
2.2236363636363636
2.0422727272727275
2.221818181818182
2.0663636363636364
2.1113636363636363
1.991818181818182
2.117272727272727
1.8981818181818182
2.1254545454545455
2.1113636363636363
1.9259090909090908
1.9013636363636364
2.005909090909091
1.8427272727272728
1.7804545454545455
1.750909090909091
1.870909090909091
1.7336363636363636
1.8031818181818182
1.8086363636363636
1.5936363636363637
1.729090909090909
1.7027272727272729
1.6386363636363634
1.6536363636363638
1.5727272727272728
1.624090909090909
1.4827272727272727
1.4513636363636364
1.288181818181818
1.3900000000000001
1.365909090909091
1.4654545454545456
1.4195454545454547
1.2909090909090908
1.335
1.174090909090909
1.3109090909090908
1.1790909090909092
1.05
1.0413636363636363
1.0495454545454546
1.211818181818182
1.0609090909090908
1.2256521739130435
1.0021739130434784
1.1121739130434782
1.083913043478261
1.0695652173913044
1.1078260869565217
1.164782608695652
1.1230434782608696
0.7995652173913044
0.8543478260869565
0.9686956521739131
0.9208695652173913
0.8226086956521739
0.9134782608695653
0.66
0.8804347826086957
1.0221739130434782
0.758695652173913
0.8356521739130435
0.8391304347826087
0.8008695652173913
0.7508695652173912
0.7434782608695653
0.6665217391304348
0.6504347826086957
0.6308695652173913
0.6534782608695653
0.6004347826086956
0.7565217391304347
0.5452173913043479
0.5621739130434783
0.5182608695652174
0.5708695652173913
0.6478260869565218
0.6534782608695652
0.638695652173913
0.6517391304347826
0.508695652173913
0.6021739130434782
0.69
0.5152173913043478
0.538695652173913
0.611304347826087
0.74
0.5465217391304348
0.5621739130434783
0.43478260869565216
0.528695652173913
0.4973913043478261
0.571304347826087
0.5547826086956522
0.45739130434782604
0.6147826086956522
0.3343478260869565
0.5647826086956522
0.4034782608695652
0.4926086956521739
0.3669565217391304
0.5147826086956522
0.4865217391304348
0.2417391304347826
0.328695652173913
0.3352173913043478
0.3882608695652174
0.478695652173913
0.27304347826086955
0.43260869565217386
0.39956521739130435
0.3782608695652174
0.3778260869565217
0.411304347826087
0.5056521739130434
0.39304347826086955
0.44956521739130434
0.36
0.3104347826086956
0.40521739130434786
0.5026086956521739
0.5460869565217391
0.42913043478260865
0.3552173913043478
0.33043478260869563
0.3721739130434783
0.3830434782608696
0.29869565217391303
0.3926086956521739
0.23782608695652172
0.3991304347826087
0.3169565217391304
0.32608695652173914
0.48217391304347823
0.33695652173913043
