temperature
3.1915
2.751
2.9055
2.65
3.2645000000000004
3.1595
3.6935000000000002
3.686
3.589
3.679
3.755
4.3915
4.4205
3.279
3.8869999999999996
3.0315000000000003
3.1595
3.354
3.8665
3.4875
2.5885000000000002
2.723
2.8295000000000003
2.798
3.4170000000000003
3.144
3.3415
3.05
2.9265
2.4875
2.942
2.9195
2.9675000000000002
3.196
3.6895
3.4810000000000003
3.465
2.9579999999999997
2.6559999999999997
3.0484999999999998
3.049
3.7165
4.213
3.624
3.4755000000000003
4.1205
3.5625
3.4549999999999996
3.3495
2.9785
3.1425
3.4865000000000004
3.7695
4.413
4.2355
4.0415
4.157500000000001
3.8945
3.6335
3.4034999999999997
3.1149999999999998
3.3435
3.0509999999999997
3.224285714285714
3.804761904761905
5.095238095238095
4.763809523809524
4.980476190476191
5.094761904761905
4.696666666666666
4.437619047619047
4.144761904761905
4.811428571428571
5.401428571428572
5.743333333333333
6.2752380952380955
5.40952380952381
4.829047619047619
4.803809523809524
5.053809523809524
5.197619047619048
5.288571428571428
5.142380952380952
5.725714285714285
5.482857142857143
5.053333333333334
5.383333333333333
5.564285714285714
6.364285714285715
6.653333333333333
6.9157142857142855
6.58952380952381
6.420952380952381
6.197619047619048
6.941904761904762
6.970000000000001
6.099047619047618
5.889047619047619
6.714285714285714
7.317142857142857
6.623809523809523
5.8880952380952385
5.726666666666667
6.825238095238096
6.73904761904762
6.739999999999999
6.92
6.225714285714286
5.765714285714286
6.69
7.686190476190476
8.362857142857143
8.952857142857143
8.987142857142857
8.869523809523809
8.082380952380952
8.32904761904762
8.247619047619047
8.059999999999999
7.9819047619047625
8.427142857142858
8.526190476190477
8.700952380952382
9.0
9.051428571428572
8.912857142857144
9.163333333333334
8.991904761904763
9.062380952380952
9.126190476190477
9.102380952380953
8.744285714285715
8.536190476190475
8.875238095238094
9.629999999999999
9.912380952380952
9.730952380952381
9.933333333333334
10.12904761904762
10.520476190476192
10.172380952380953
10.361428571428572
10.797619047619047
10.809999999999999
10.847142857142856
10.84
10.74047619047619
11.075714285714286
11.093809523809524
11.191904761904762
11.466666666666665
11.936190476190475
12.03
11.804285714285713
11.253333333333334
11.390952380952381
11.845238095238095
12.043333333333333
12.062380952380952
12.501428571428571
12.22904761904762
12.102380952380953
11.937619047619048
12.093809523809524
11.949047619047619
12.356666666666667
12.924285714285716
13.52190476190476
13.535238095238096
13.646666666666667
13.55190476190476
12.83
12.912380952380952
13.21238095238095
13.019523809523811
13.07047619047619
13.364761904761902
13.230952380952383
13.72904761904762
13.792380952380952
13.823809523809524
14.093333333333332
14.467142857142857
14.333809523809524
14.35190476190476
14.205714285714285
14.338095238095239
14.524761904761904
14.060476190476189
14.236666666666665
14.411428571428571
14.260476190476192
14.493333333333334
14.164285714285715
14.560952380952383
14.608095238095236
14.735714285714286
14.672380952380953
14.954285714285716
15.286666666666665
15.094761904761905
14.707142857142859
14.544761904761904
15.142857142857142
15.064285714285715
14.85142857142857
15.055238095238096
15.442857142857143
15.298095238095238
15.497619047619047
15.071428571428571
15.045714285714284
15.492380952380952
15.447619047619046
15.412380952380953
15.20047619047619
15.446190476190477
15.375714285714285
15.006190476190476
14.685714285714285
14.892857142857142
14.83952380952381
15.270476190476192
15.03095238095238
14.931428571428572
15.104761904761904
15.183809523809524
14.854285714285714
15.133333333333335
14.863333333333333
15.193333333333333
15.081904761904763
14.772857142857143
14.385238095238098
14.213333333333335
13.823333333333334
13.835714285714285
13.672380952380953
13.364761904761906
13.374285714285715
13.600476190476192
13.480476190476189
13.514285714285714
13.36
13.730952380952383
13.866190476190477
13.631428571428572
13.800952380952381
13.60190476190476
13.274285714285714
13.204285714285716
12.757619047619048
13.146666666666667
13.421428571428573
13.146666666666667
12.444285714285714
12.33047619047619
11.877142857142857
11.764285714285714
11.634761904761906
12.031428571428572
12.227142857142857
12.290952380952382
12.290476190476191
12.036190476190475
11.641428571428571
11.27095238095238
11.275714285714285
11.237142857142857
11.473809523809523
12.005714285714285
11.89
11.75952380952381
11.8485
10.99
11.2065
10.2795
10.1975
10.067
9.9455
10.5395
10.4915
10.2375
10.103
9.939499999999999
9.8955
10.034
9.798
9.3295
9.2
8.565000000000001
8.7425
7.8709999999999996
8.7785
8.9175
8.6595
8.8435
8.995000000000001
9.134
9.055
8.4205
7.593999999999999
8.1865
8.2615
8.0135
7.6345
7.7535
6.8069999999999995
6.9735
6.471500000000001
6.726000000000001
7.0785
5.84
5.989
6.4975
6.606999999999999
6.237
6.212
6.261
5.7295
5.5085
5.2005
4.8795
5.0735
5.0815
4.2115
4.4155
5.1835
4.5
5.0424999999999995
5.328
5.061
4.9125
4.691000000000001
4.0895
3.8950000000000005
3.5744999999999996
3.604
3.8394999999999997
3.7310000000000003
3.375
3.22
3.5835
3.9115
3.5875
3.561
3.9869999999999997
3.786
3.4655
3.3805
2.7809999999999997
2.033
1.89
1.265
2.3225000000000002
3.128
4.1475
4.353
3.2619999999999996
2.468
2.282
1.6305
1.335
2.3895
2.9305
