temperature
4.288636363636363
4.460454545454545
4.404545454545455
4.5618181818181816
4.703636363636364
5.0604545454545455
3.8004545454545453
3.9004545454545454
4.346363636363637
4.4359090909090915
4.217272727272728
3.2418181818181817
3.144090909090909
3.3718181818181816
3.8663636363636367
3.9013636363636364
3.3004545454545453
2.7345454545454544
3.4154545454545455
3.9568181818181816
4.487727272727273
4.783636363636363
4.925454545454546
4.408636363636363
4.27
4.114545454545454
4.03
4.194090909090909
4.239090909090909
3.9127272727272726
3.6681818181818184
4.134545454545454
3.973181818181818
4.191818181818181
4.118636363636363
4.753636363636364
5.251818181818181
4.86
4.368181818181818
3.875
3.2409090909090907
3.0777272727272726
3.313181818181818
2.9713636363636367
2.0654545454545454
2.2177272727272728
2.4359090909090906
2.938636363636364
3.1995454545454547
3.200454545454545
3.1686363636363635
3.6931818181818183
4.1013636363636365
4.374545454545454
4.306818181818182
3.4986363636363635
4.015454545454546
4.463636363636364
4.748636363636364
5.183181818181819
5.287272727272727
5.580909090909091
5.265
5.491818181818181
5.476363636363636
6.354545454545455
5.949545454545454
5.729545454545455
6.252272727272728
6.359090909090909
6.084090909090909
6.167727272727273
6.2727272727272725
6.214545454545455
5.632272727272727
6.1463636363636365
6.185454545454546
6.445909090909091
5.919545454545454
6.055454545454546
6.376363636363636
6.208636363636364
6.698181818181817
6.989545454545455
6.405454545454546
6.736818181818182
6.681363636363637
6.688181818181818
6.972272727272727
6.765
7.569545454545454
7.305000000000001
6.390909090909091
6.157727272727272
6.154545454545455
6.34
6.91
7.121818181818182
6.836818181818182
7.27
7.767727272727272
7.989545454545455
7.820454545454546
7.841818181818183
8.178181818181818
8.652727272727272
8.087272727272728
7.890454545454546
8.452727272727273
8.75590909090909
8.476818181818182
9.247272727272728
9.316363636363636
8.746363636363636
8.662272727272727
8.911818181818182
9.143181818181818
8.979545454545455
9.260909090909092
9.58090909090909
9.93090909090909
9.426190476190477
9.324761904761905
9.411428571428571
9.554761904761905
9.98047619047619
10.129523809523809
10.905238095238095
10.775714285714285
10.673809523809524
11.006190476190476
11.021904761904763
11.524285714285714
11.496190476190476
11.58
11.695714285714287
12.104761904761906
11.843809523809524
12.141428571428571
12.57047619047619
12.06047619047619
12.013333333333334
12.458095238095238
12.665714285714287
12.915714285714287
13.14809523809524
12.797142857142857
12.391904761904764
12.513809523809524
12.923333333333332
12.864761904761906
13.395238095238096
13.35190476190476
13.55857142857143
13.460952380952381
13.284761904761906
13.511428571428572
13.612857142857143
13.811428571428573
14.230476190476192
13.976190476190476
14.122380952380952
13.875714285714285
14.193333333333333
14.764761904761905
14.44809523809524
14.52095238095238
14.506666666666666
14.05142857142857
14.744285714285715
14.91047619047619
14.974761904761905
14.906190476190474
14.789523809523809
14.905238095238095
14.897619047619049
15.699047619047619
15.734761904761905
15.383809523809523
15.854285714285714
16.064285714285717
15.962857142857144
15.894285714285713
16.032857142857143
16.282857142857143
17.256190476190476
17.233809523809526
17.024285714285714
17.15904761904762
16.921904761904763
16.44190476190476
16.849047619047617
16.35238095238095
17.09714285714286
17.115714285714287
17.01047619047619
16.72952380952381
16.298095238095236
16.380000000000003
16.31714285714286
16.89047619047619
16.513809523809524
16.62238095238095
16.62238095238095
16.185714285714283
16.353809523809524
16.888095238095236
17.043809523809525
17.488095238095237
17.579047619047618
17.496190476190478
17.57761904761905
16.993333333333332
16.864761904761906
17.314285714285717
17.185714285714283
16.92904761904762
16.584761904761905
16.45952380952381
17.067619047619047
17.24904761904762
17.262857142857143
16.75190476190476
16.89952380952381
16.727142857142855
17.524761904761903
17.873809523809523
17.25
16.62666666666667
16.376190476190477
16.791428571428572
17.243809523809524
17.106666666666666
16.807142857142857
15.643333333333333
15.680952380952382
15.797619047619047
16.143333333333334
15.55142857142857
15.930476190476192
15.94095238095238
16.01666666666667
15.261904761904763
15.559999999999999
15.548571428571428
15.28047619047619
14.866666666666665
14.82047619047619
14.654761904761905
14.831904761904761
15.0
15.14809523809524
15.111904761904762
14.538095238095238
14.571904761904761
13.983333333333333
13.422857142857143
14.114285714285716
14.146190476190476
14.531904761904762
14.21
14.013809523809524
13.707142857142859
13.944285714285714
13.328571428571427
13.341428571428573
13.189523809523811
13.328571428571427
12.957619047619048
13.256190476190476
13.082380952380953
13.033809523809524
12.907619047619047
12.686190476190477
12.252380952380953
12.199523809523809
12.353809523809524
12.439523809523811
11.984761904761905
11.763809523809524
11.346190476190477
12.02142857142857
12.146666666666667
11.147619047619047
11.153333333333332
11.20952380952381
10.183333333333334
10.466190476190476
9.75047619047619
9.528095238095238
10.238571428571428
10.272380952380953
10.147142857142857
9.802380952380952
9.455238095238096
9.215714285714286
9.484285714285715
9.45952380952381
9.84095238095238
10.03047619047619
9.188095238095238
8.727142857142857
8.819047619047618
9.268571428571429
9.13904761904762
9.144285714285715
8.933809523809524
7.817619047619047
7.594285714285713
7.16047619047619
8.007142857142858
8.757142857142858
8.525238095238095
8.324285714285715
8.367142857142857
7.257142857142857
6.646190476190476
6.226666666666667
6.555238095238095
6.587142857142858
6.323333333333333
6.941428571428572
6.834761904761905
5.661428571428571
5.196666666666666
5.639523809523809
6.150476190476191
6.069047619047619
6.047142857142857
5.213809523809523
4.817142857142857
4.205238095238095
4.06047619047619
4.514285714285714
5.3133333333333335
5.545454545454546
6.017727272727272
5.907272727272727
5.902727272727273
5.423636363636364
5.640454545454546
5.135909090909091
4.798181818181818
4.201818181818182
4.14
4.207272727272727
4.442727272727272
4.870454545454546
5.2704545454545455
5.011818181818182
5.174545454545455
5.116363636363636
4.789090909090909
4.8540909090909095
5.567272727272727
5.214545454545455
5.259090909090909
5.533636363636363
5.473181818181818
5.145
5.403181818181818
5.223181818181818
5.453636363636364
4.3536363636363635
4.054545454545455
