pet
0.255
0.29071428571428576
0.4114285714285714
0.33428571428571424
0.21357142857142858
0.19714285714285715
0.3364285714285714
0.32
0.28500000000000003
0.26285714285714284
0.3257142857142857
0.32
0.30357142857142855
0.48714285714285716
0.20785714285714288
0.2414285714285714
0.40785714285714286
0.2742857142857143
0.4228571428571429
0.26642857142857146
0.33999999999999997
0.4628571428571429
0.37928571428571434
0.44785714285714284
0.3007142857142857
0.415
0.3321428571428572
0.3578571428571428
0.3057142857142857
0.33714285714285713
0.30642857142857144
0.35714285714285715
0.45000000000000007
0.41923076923076924
0.44846153846153847
0.6507692307692309
0.6253846153846153
0.6561538461538461
0.5253846153846153
0.5538461538461539
0.5292307692307692
0.5592307692307692
0.5853846153846154
0.6030769230769231
0.6653846153846155
0.6492307692307692
0.7923076923076923
0.5253846153846153
0.5384615384615384
0.76
0.7776923076923077
0.8184615384615385
0.8630769230769231
0.716153846153846
0.6692307692307692
0.7507692307692307
0.6953846153846155
0.8184615384615385
0.7899999999999999
0.7261538461538461
0.8
0.7438461538461538
0.8292307692307692
0.8346153846153845
0.8523076923076923
0.8576923076923078
0.9161538461538462
0.8707692307692307
0.8892307692307693
0.9230769230769231
0.9815384615384615
1.1238461538461537
0.9976923076923077
1.1876923076923076
1.083846153846154
1.1276923076923078
1.2323076923076923
1.1915384615384617
1.1315384615384616
1.0192307692307692
1.146153846153846
1.1315384615384616
1.1492307692307693
1.1261538461538463
1.2146153846153847
1.2415384615384615
1.2976923076923077
1.353846153846154
1.2461538461538462
1.320769230769231
1.3369230769230769
1.3053846153846154
1.360769230769231
1.323076923076923
1.3023076923076924
1.4853846153846153
1.3546153846153846
1.3553846153846154
1.5153846153846153
1.6999999999999997
1.5538461538461539
1.57
1.4484615384615382
1.57
1.6015384615384616
1.679230769230769
1.5307692307692307
1.3653846153846154
1.5584615384615383
1.6538461538461537
1.606923076923077
1.7415384615384615
1.6546153846153844
1.7638461538461538
1.9038461538461537
1.7969230769230768
2.02
2.213846153846154
2.0684615384615386
2.1715384615384616
2.269230769230769
2.4323076923076923
2.4923076923076923
2.46
2.19
2.4007692307692308
2.3015384615384615
2.3276923076923075
2.54
2.1407692307692305
2.1084615384615386
2.32
2.223846153846154
2.42
2.5938461538461537
2.32
2.2192307692307693
2.506923076923077
2.519230769230769
2.396923076923077
2.5184615384615388
2.6946153846153846
2.6061538461538456
2.683846153846154
2.52
2.5561538461538467
2.4538461538461536
2.7576923076923077
2.74
2.6330769230769233
2.683076923076923
2.883076923076923
2.1853846153846153
2.2976923076923077
2.5307692307692307
2.5653846153846156
2.1107692307692307
2.858461538461538
2.775714285714286
2.6492857142857145
2.442142857142857
2.2592857142857143
2.435
2.9442857142857144
2.8249999999999997
2.674285714285714
2.7542857142857144
2.8607142857142853
3.0435714285714286
3.0021428571428572
3.2735714285714286
2.7785714285714285
3.0135714285714283
2.8857142857142857
2.9657142857142857
2.8507142857142855
2.9499999999999997
2.887857142857143
3.095714285714286
3.1285714285714286
2.7728571428571427
2.4192857142857145
2.3607142857142853
2.6671428571428573
2.6492857142857145
2.8942857142857146
2.8449999999999998
2.665
2.567857142857143
2.7742857142857145
2.814285714285714
2.9907142857142857
2.9657142857142857
2.894285714285714
2.902142857142857
2.6900000000000004
2.9828571428571427
2.887857142857143
2.9892857142857143
2.9828571428571427
3.0799999999999996
2.9057142857142857
3.0042857142857144
3.052857142857143
2.6685714285714286
3.0264285714285717
2.8135714285714286
2.892857142857143
2.8964285714285714
2.9121428571428574
2.8557142857142854
2.692142857142857
2.9364285714285714
2.9957142857142856
2.657857142857143
2.75
2.907857142857143
2.7292857142857145
2.5092857142857143
2.5435714285714286
2.31
2.452142857142857
2.334285714285714
2.35
2.4435714285714285
2.485
2.5814285714285714
2.7342857142857144
2.56
2.480714285714286
2.412857142857143
2.6035714285714286
2.3907142857142856
2.3735714285714287
2.037857142857143
1.967142857142857
1.9314285714285713
2.155
2.117142857142857
1.999285714285714
1.9428571428571428
1.9385714285714286
1.712142857142857
1.9114285714285713
1.8814285714285715
1.5914285714285714
1.897142857142857
1.7521428571428572
1.8664285714285713
1.747142857142857
1.7899999999999998
1.8864285714285713
1.6471428571428572
1.4314285714285713
1.4357142857142857
1.602142857142857
1.542857142857143
1.342857142857143
1.4992857142857143
1.5585714285714285
1.3071428571428572
1.4464285714285714
1.305
1.43
1.1535714285714285
1.2214285714285715
1.2314285714285713
1.0078571428571428
0.8828571428571428
0.9142857142857144
1.0657142857142856
1.055
0.9628571428571429
1.0614285714285714
1.0857142857142856
0.9535714285714285
1.1457142857142857
0.97
0.9685714285714286
0.9642857142857143
0.9357142857142857
0.8942857142857142
0.9171428571428571
0.795
0.795
0.7271428571428571
0.6885714285714286
0.6171428571428572
0.6107142857142858
0.8428571428571429
0.7585714285714287
0.6378571428571428
0.6571428571428571
0.5992857142857143
0.5464285714285715
0.5314285714285714
0.5928571428571429
0.6378571428571428
0.5028571428571429
0.59
0.5242857142857142
0.5935714285714286
0.6278571428571428
0.555
0.5278571428571428
0.5178571428571429
0.44857142857142857
0.5
0.44
0.45071428571428573
0.2857142857142857
0.325
0.445
0.26357142857142857
0.26357142857142857
0.28214285714285714
0.4064285714285714
0.29928571428571427
0.2814285714285714
0.22357142857142856
0.27999999999999997
0.3442857142857143
0.24857142857142858
0.2857142857142857
0.22428571428571428
0.19214285714285714
0.19714285714285712
0.255
0.275
0.2814285714285714
0.22
0.2207142857142857
0.165
0.3
0.24071428571428571
0.24285714285714285
0.29571428571428576
0.28500000000000003
0.26071428571428573
0.32285714285714284
0.3221428571428571
0.22714285714285715
0.28214285714285714
0.17928571428571427
0.23
0.30571428571428566
0.23285714285714287
0.23500000000000001
0.2857142857142857
0.3164285714285714
0.20214285714285715
0.2557142857142857
0.12785714285714286
0.21428571428571427
0.23500000000000001
0.13714285714285715
0.31285714285714283
0.3221428571428571
0.37214285714285716
0.2785714285714286
0.1892857142857143
0.2
0.155
0.18785714285714286
0.15928571428571428
