temperature
3.6052173913043477
3.5895652173913044
3.28
3.61695652173913
3.8686956521739133
4.261304347826086
3.2686956521739132
3.829565217391304
4.174347826086957
4.052608695652174
3.6208695652173915
2.9130434782608696
2.5908695652173916
2.794782608695652
3.4169565217391304
3.6082608695652176
2.9869565217391307
2.465217391304348
3.196521739130435
3.2647826086956524
3.8995652173913045
4.180434782608695
4.006521739130435
4.015652173913043
3.57695652173913
3.390434782608696
3.0817391304347823
3.1182608695652174
3.3
3.066086956521739
2.9395652173913045
3.063478260869565
3.5152173913043474
3.864347826086956
3.9813043478260868
4.275652173913044
4.556086956521739
4.509565217391304
4.169130434782609
3.5943478260869566
3.072173913043478
2.787391304347826
2.9408695652173913
2.7356521739130435
2.2321739130434786
1.9804347826086954
2.0443478260869568
2.6873913043478264
2.8630434782608694
3.0139130434782606
2.958260869565217
3.5100000000000002
4.013913043478261
4.036086956521739
4.187391304347826
3.4752173913043483
3.92
3.8404347826086958
4.059565217391304
4.471739130434783
4.7156521739130435
4.81391304347826
4.719565217391304
4.993913043478261
5.226521739130434
5.651304347826087
5.697391304347826
5.485217391304348
5.808695652173912
6.074782608695652
5.753913043478261
5.7752173913043485
5.530434782608696
5.625652173913043
5.248695652173913
5.8765217391304345
5.982608695652174
6.013478260869565
5.817391304347827
5.995652173913044
5.854347826086957
5.682173913043478
5.990869565217391
6.455652173913043
5.9799999999999995
6.279565217391305
6.015217391304348
6.076521739130435
6.331304347826087
6.294347826086957
7.31
6.96
5.84909090909091
5.749545454545454
5.915909090909091
6.023636363636364
6.416363636363636
6.234090909090909
6.322272727272727
6.828181818181818
7.285
7.831363636363636
7.395454545454545
7.635
8.007272727272728
8.112727272727271
7.665454545454545
7.741363636363636
8.41818181818182
8.32909090909091
8.261363636363637
8.935
8.295
7.749545454545455
7.852727272727273
7.810454545454546
7.780454545454545
7.849545454545455
8.185454545454546
8.548636363636364
8.722727272727273
8.504090909090909
8.976818181818182
9.110909090909091
9.31318181818182
9.610909090909091
9.955454545454545
10.754545454545454
10.225
10.145909090909091
10.412727272727272
10.224545454545455
11.135454545454545
10.645454545454545
11.010454545454545
11.001363636363637
10.80409090909091
10.99409090909091
11.16
11.882272727272728
11.733636363636363
11.520909090909091
11.875
11.879545454545456
12.029545454545454
12.199545454545454
12.034999999999998
11.645
11.856818181818182
11.899545454545455
12.218181818181819
12.808636363636365
12.758636363636363
12.899090909090908
12.745
12.862727272727273
12.985000000000001
12.945
13.05
13.112727272727273
13.114545454545453
13.108181818181817
13.300454545454546
13.489090909090908
13.798181818181819
13.418636363636363
13.797272727272729
14.010454545454547
13.52090909090909
14.325454545454546
14.27727272727273
14.09590909090909
14.147272727272728
14.008636363636363
14.19590909090909
14.716363636363637
14.985000000000001
14.688181818181818
14.65090909090909
14.840909090909092
15.138181818181819
15.442727272727273
15.585454545454546
15.322727272727274
15.736363636363636
16.279090909090908
16.342272727272725
16.353636363636365
16.695
16.298636363636362
16.305909090909093
16.496363636363636
15.905909090909091
16.39
16.31
16.61090909090909
16.077727272727273
15.931363636363637
15.750454545454545
15.913636363636364
16.47909090909091
15.912727272727272
15.936818181818182
16.01772727272727
15.746818181818183
16.05090909090909
16.484545454545454
16.58590909090909
16.876818181818184
17.044545454545457
17.025454545454547
16.82090909090909
16.399090909090912
16.529090909090908
16.705
16.423636363636362
16.328636363636363
16.455454545454543
15.681818181818182
16.206363636363637
16.307727272727274
16.178636363636365
16.15818181818182
16.248636363636365
16.540454545454544
17.014545454545456
17.24772727272727
16.423181818181817
15.921363636363635
15.862727272727273
16.00136363636364
16.369545454545456
16.265454545454546
16.056818181818183
15.08409090909091
15.488636363636363
15.507272727272728
15.617272727272727
15.040454545454544
15.515454545454544
15.815
15.451818181818181
14.569090909090908
15.337727272727273
14.889545454545454
14.888181818181819
14.617727272727272
14.579545454545455
14.24409090909091
14.341363636363637
14.58409090909091
14.423181818181819
14.309545454545455
13.697272727272725
13.80318181818182
13.364999999999998
13.089090909090908
13.219999999999999
13.54590909090909
13.878181818181817
13.522272727272728
12.93590909090909
13.181363636363637
13.15181818181818
12.845454545454546
13.18409090909091
12.760000000000002
12.325454545454546
12.423636363636364
12.382272727272728
12.513181818181819
12.518636363636364
12.57409090909091
12.180869565217392
11.933478260869567
11.802608695652173
11.932173913043478
11.642608695652175
11.364347826086956
11.091304347826087
10.734347826086957
11.44
11.299999999999999
10.884782608695652
10.819565217391304
10.47
9.678260869565218
9.85
9.416956521739131
9.325652173913044
9.615652173913043
9.990434782608697
9.478260869565217
8.743478260869566
8.944347826086956
9.030434782608696
9.48913043478261
9.249130434782609
9.144782608695651
9.262173913043478
8.811739130434784
8.23695652173913
8.632173913043479
9.003043478260869
8.68695652173913
8.677826086956522
8.493478260869566
7.605652173913044
7.432173913043478
6.743913043478261
7.356521739130434
7.885217391304349
7.458695652173914
7.3017391304347825
7.550869565217391
6.4460869565217385
5.972608695652174
5.38
5.753913043478261
5.7791304347826085
5.636086956521739
6.128260869565218
5.9799999999999995
5.136086956521739
4.82
5.326086956521739
5.913043478260869
5.8713043478260865
5.839130434782609
5.121739130434783
4.727391304347826
4.440869565217391
4.048260869565217
3.9543478260869565
4.571304347826087
4.921304347826087
5.187826086956521
5.432173913043478
5.4226086956521735
4.849565217391304
4.521304347826087
4.078260869565217
3.9400000000000004
3.6634782608695655
3.9182608695652177
3.9534782608695656
3.895652173913043
4.430434782608695
4.912173913043478
4.608260869565217
4.5230434782608695
4.293913043478261
4.256521739130435
4.490434782608696
5.222173913043478
4.533478260869565
4.793913043478261
4.786086956521739
4.829130434782608
4.566086956521739
4.613478260869565
4.708260869565217
4.6726086956521735
3.686086956521739
3.380434782608696
