pet
0.46954545454545454
0.4595454545454546
0.4327272727272727
0.3795454545454545
0.37363636363636366
0.3604545454545454
0.46727272727272723
0.4040909090909091
0.35318181818181815
0.3931818181818182
0.4681818181818182
0.39545454545454545
0.385
0.4881818181818182
0.46136363636363636
0.3995454545454545
0.3731818181818181
0.3518181818181818
0.34045454545454545
0.42
0.3472727272727273
0.36
0.3686363636363636
0.4081818181818182
0.4254545454545454
0.5513636363636363
0.43409090909090914
0.6372727272727272
0.46181818181818185
0.48318181818181816
0.5259090909090909
0.4872727272727273
0.4904545454545454
0.4104545454545454
0.5513636363636364
0.5609090909090909
0.5977272727272728
0.5931818181818183
0.5927272727272728
0.604090909090909
0.5631818181818182
0.49636363636363634
0.6531818181818182
0.6618181818181819
0.6427272727272727
0.6572727272727273
0.6804545454545455
0.6318181818181818
0.7318181818181819
0.7354545454545455
0.7236363636363636
0.8413636363636363
0.7650000000000001
0.6727272727272727
0.6654545454545455
0.7395454545454545
0.8263636363636363
0.7790909090909092
0.8340909090909091
0.9027272727272727
0.8954545454545454
0.8145454545454546
0.8854545454545455
0.9463636363636364
0.9513636363636363
0.860909090909091
0.9768181818181817
0.9854545454545455
1.0304545454545455
1.0013636363636365
0.9495454545454546
1.0486363636363636
0.9772727272727273
0.924090909090909
0.9663636363636364
1.085909090909091
1.1290909090909091
1.28
1.2286363636363637
1.0963636363636364
1.2122727272727272
1.2631818181818184
1.1654545454545455
1.258181818181818
1.3481818181818181
1.3327272727272728
1.2877272727272726
1.3709090909090909
1.444090909090909
1.4963636363636363
1.4860869565217392
1.5421739130434782
1.2943478260869565
1.5530434782608695
1.4969565217391305
1.7134782608695651
1.7704347826086957
1.7739130434782608
1.7221739130434783
1.8617391304347826
1.8643478260869566
1.7221739130434783
1.6604347826086956
1.682173913043478
1.7756521739130435
2.002608695652174
1.855217391304348
2.3930434782608696
1.962608695652174
1.8734782608695653
2.016086956521739
1.7060869565217391
1.9565217391304348
1.7434782608695654
1.7569565217391303
1.8652173913043477
2.042173913043478
2.2704347826086955
2.106521739130435
2.1043478260869564
2.2247826086956524
2.517826086956522
2.4843478260869567
2.3743478260869564
2.1782608695652175
2.1556521739130434
2.4330434782608696
2.2647826086956524
2.3017391304347825
2.0
2.34304347826087
2.542608695652174
2.283913043478261
2.3965217391304345
2.4152173913043478
2.2643478260869565
2.2004347826086956
2.373913043478261
2.34
2.34695652173913
2.3278260869565215
2.4813043478260868
2.59
2.460434782608696
2.41
2.3778260869565218
2.2978260869565217
2.511739130434783
2.4369565217391305
2.8108695652173914
2.9452173913043476
2.6339130434782607
2.4191304347826086
2.6934782608695653
2.795217391304348
2.632608695652174
2.532608695652174
2.7995652173913044
3.072173913043478
3.0539130434782606
2.56
2.614782608695652
2.3808695652173912
2.6447826086956523
2.713913043478261
2.928695652173913
2.991739130434783
2.7617391304347825
2.7856521739130433
2.824782608695652
2.8843478260869566
2.748695652173913
2.8604347826086958
3.0760869565217392
2.973478260869565
2.992608695652174
2.779130434782609
2.9
2.7882608695652173
2.88304347826087
2.8708695652173915
2.7021739130434783
2.6043478260869564
2.6643478260869564
2.4569565217391305
2.437826086956522
2.5608695652173914
2.706086956521739
2.6730434782608694
2.893478260869565
2.583913043478261
2.993478260869565
2.7134782608695653
2.6652173913043478
2.8282608695652174
2.493478260869565
2.6208695652173915
2.8743478260869564
2.7043478260869565
2.8373913043478263
2.7086956521739127
2.9534782608695656
2.813478260869565
2.772608695652174
2.8099999999999996
3.074782608695652
2.413478260869565
2.5552173913043474
2.5869565217391304
2.468260869565217
2.53
2.2156521739130435
2.2156521739130435
2.627391304347826
2.5304347826086957
2.190434782608696
2.5765217391304347
2.1665217391304346
2.597826086956522
2.802608695652174
2.411304347826087
2.345217391304348
2.417826086956522
2.40304347826087
2.11695652173913
2.1221739130434782
2.3404347826086958
2.4565217391304346
2.1630434782608696
2.1069565217391304
2.1617391304347824
2.1221739130434782
1.9899999999999998
2.1673913043478263
1.965217391304348
1.98
1.9291304347826086
2.013478260869565
2.2878260869565215
2.143913043478261
1.871304347826087
1.8121739130434782
2.026521739130435
2.088695652173913
1.817391304347826
1.7908695652173912
1.8830434782608696
1.6443478260869566
1.7856521739130435
1.816521739130435
1.66
1.798695652173913
1.8078260869565217
1.606521739130435
1.7204347826086956
1.7582608695652173
1.6982608695652175
1.6313043478260871
1.8043478260869565
1.7039130434782608
1.462608695652174
1.4208695652173913
1.4243478260869564
1.4856521739130435
1.4082608695652175
1.433913043478261
1.423913043478261
1.3317391304347825
1.0808695652173912
1.137391304347826
1.1708695652173913
1.1852173913043478
1.036086956521739
1.0886363636363636
1.1095454545454546
1.136818181818182
1.1604545454545454
1.1395454545454546
1.089090909090909
1.0672727272727274
0.9977272727272727
0.8822727272727273
0.9722727272727273
0.8863636363636364
0.9109090909090909
0.8090909090909091
0.8763636363636365
0.8104545454545454
0.8113636363636364
0.995
0.9795454545454546
0.9527272727272728
0.8272727272727273
0.8754545454545455
0.759090909090909
0.8440909090909091
0.6831818181818182
0.8363636363636363
0.825
0.7731818181818183
0.6859090909090909
0.7031818181818182
0.5840909090909091
0.6731818181818182
0.6222727272727272
0.6536363636363636
0.6127272727272728
0.5581818181818181
0.5995454545454545
0.6004545454545455
0.6131818181818182
0.5736363636363637
0.5636363636363636
0.5086363636363637
0.4981818181818181
0.515
0.49454545454545457
0.5836363636363636
0.3572727272727273
0.3963636363636364
0.45363636363636367
0.47954545454545455
0.46181818181818185
0.4231818181818182
0.40454545454545454
0.3522727272727273
0.39227272727272733
0.3709090909090909
0.3727272727272727
0.4368181818181819
0.3759090909090909
0.4709090909090909
0.3768181818181818
0.3986363636363636
0.3854545454545455
0.4777272727272727
0.5045454545454545
0.4509090909090909
0.5281818181818182
0.4018181818181818
0.604090909090909
0.39499999999999996
0.4309090909090909
0.41181818181818186
0.39590909090909093
0.3054545454545455
0.365
0.4786363636363636
0.3790909090909091
0.42045454545454547
0.2677272727272727
0.3140909090909091
0.2595454545454545
0.2927272727272727
0.2604545454545455
0.25
0.31363636363636366
0.44681818181818184
0.33
0.42454545454545456
0.4904545454545454
0.32181818181818184
0.39454545454545453
0.2781818181818182
0.39272727272727276
