temperature
2.9504761904761905
2.763333333333333
2.1514285714285712
2.2409523809523813
2.848095238095238
3.087142857142857
2.512857142857143
2.7714285714285714
3.016190476190476
2.6376190476190478
2.347142857142857
2.218095238095238
1.821904761904762
2.1233333333333335
2.32
2.6871428571428573
2.041428571428572
1.5
2.242857142857143
2.56
3.255238095238095
3.197619047619048
2.3004761904761906
2.5542857142857143
2.139047619047619
1.8466666666666667
1.8042857142857143
1.6004761904761904
2.454285714285714
2.5038095238095237
2.431904761904762
2.4119047619047618
2.55
2.885238095238095
3.2747619047619048
3.65047619047619
3.86952380952381
3.5166666666666666
2.8076190476190477
2.301904761904762
1.9919047619047618
1.6195238095238094
1.8447619047619046
1.9876190476190476
1.5242857142857142
1.2695238095238095
1.0985714285714285
1.77
1.9457142857142857
1.8919047619047622
1.7752380952380953
1.944761904761905
2.6476190476190475
2.848095238095238
3.2076190476190476
2.55
2.968095238095238
3.3614285714285717
3.4676190476190474
3.413809523809524
3.644285714285714
3.738571428571429
3.7461904761904763
4.7235
5.0520000000000005
5.2075000000000005
5.276
4.5954999999999995
5.1155
5.1925
4.9905
4.859
4.721500000000001
4.349
3.8765
4.396
4.4165
4.142
4.046
4.365
4.339499999999999
4.254
4.2095
4.9735
4.593500000000001
4.681
4.7604999999999995
4.892
5.3469999999999995
5.224
5.9125
5.261
4.0755
4.1945
4.544
4.7905
4.8995
4.6215
4.9415
5.5665
6.042
6.906499999999999
6.0335
6.1285
6.539499999999999
6.688
6.658499999999999
6.4275
7.410500000000001
7.333
7.445
7.638
7.1209999999999996
6.841499999999999
6.6530000000000005
7.008
6.975499999999999
7.108
7.702
7.663500000000001
7.411499999999999
6.9325
7.476000000000001
7.4595
7.6255
7.927
8.247499999999999
8.868500000000001
8.2905
8.137
8.8085
8.4985
9.266
8.997
9.137
9.2315
9.083
9.32
9.211
9.739999999999998
9.812000000000001
9.709
10.0345
10.147499999999999
10.203
10.067
9.9255
9.838
10.3995
10.270999999999999
10.622
11.312999999999999
11.1905
11.5505
11.342
11.531
11.711
11.656
11.442499999999999
11.7175
11.8295
11.562999999999999
11.6695
11.9205
12.3015
11.6815
12.0375
12.3625
12.267
12.7935
12.9245
12.248000000000001
12.388
12.204
12.5375
13.187999999999999
13.364500000000001
13.312999999999999
13.4255
13.325999999999999
13.386000000000001
13.645
13.84
14.144
14.4555
14.164000000000001
14.3265
14.6675
14.8175
14.251499999999998
14.294999999999998
14.738
14.448500000000001
14.6835
14.49
14.7595
14.537
14.351500000000001
14.0635
14.250499999999999
14.7285
14.1
14.189499999999999
14.572999999999999
14.292000000000002
14.557999999999998
14.898499999999999
15.338999999999999
15.4605
15.605
15.01
14.764500000000002
14.574000000000002
15.0
15.2925
15.0525
14.805000000000001
14.663
14.153809523809525
14.276666666666667
14.171904761904763
14.05904761904762
14.432857142857141
14.434285714285714
14.486666666666668
14.85904761904762
15.17
14.456190476190475
13.891904761904764
14.084761904761903
14.348095238095238
14.71
14.567142857142859
14.153809523809525
13.407142857142858
13.665238095238093
13.69857142857143
13.629047619047618
13.353333333333333
13.619047619047619
14.198095238095236
13.662857142857144
12.831904761904763
13.667619047619047
13.142857142857142
13.005714285714285
12.662380952380952
12.561904761904762
12.17095238095238
12.193333333333333
12.733333333333333
12.673333333333332
12.695238095238096
12.296190476190475
12.003333333333334
11.988571428571428
11.593809523809524
11.478095238095237
11.675714285714285
12.119523809523809
11.89
11.205714285714285
11.864761904761904
11.768095238095238
11.257142857142858
11.624285714285715
11.216666666666667
10.625714285714285
10.645238095238096
10.795238095238096
10.991428571428571
11.166666666666666
11.040952380952382
10.752380952380953
10.637142857142857
10.202857142857143
10.180952380952382
9.97
9.949523809523809
9.793809523809523
9.307142857142857
9.977619047619047
9.619523809523809
9.183809523809524
9.253333333333334
8.924285714285714
8.495238095238095
8.383809523809523
7.998571428571428
7.803809523809524
8.021904761904763
8.197619047619048
8.195714285714287
7.613809523809524
7.705238095238095
7.751428571428572
7.806666666666667
7.880476190476191
7.942857142857143
7.781904761904761
7.426666666666667
7.057142857142857
7.421428571428571
7.397142857142858
6.907619047619048
6.753333333333333
6.86
6.376666666666667
6.367142857142857
5.970000000000001
6.197142857142857
6.54
6.475238095238095
6.406190476190476
6.528095238095238
5.480952380952381
5.138571428571429
4.869047619047619
5.301904761904762
4.978571428571429
4.869047619047619
5.371428571428571
5.287142857142857
4.525714285714286
4.114761904761904
4.638571428571429
5.011428571428572
4.511428571428572
4.848571428571428
4.5495238095238095
3.927142857142857
3.6209523809523807
3.410476190476191
3.2542857142857144
4.071428571428571
4.525714285714286
4.725714285714285
4.523809523809524
4.272380952380952
3.9495238095238094
3.3761904761904766
3.243809523809524
3.226666666666667
3.1180952380952385
3.2742857142857145
3.2490476190476194
2.8214285714285716
3.226666666666667
3.505238095238095
3.36952380952381
3.4895238095238095
3.1642857142857146
3.2776190476190474
2.979047619047619
3.7661904761904763
3.2885714285714287
3.718095238095238
3.920952380952381
3.8847619047619046
3.720952380952381
3.371904761904762
3.8914285714285715
3.5542857142857143
2.961904761904762
2.8476190476190473
