temperature
5.470454545454545
4.966363636363637
4.809090909090909
4.669090909090909
5.71
5.086818181818182
5.342727272727273
5.265
5.177727272727273
5.660909090909091
5.795454545454546
6.448181818181819
6.095909090909092
5.667727272727273
6.276818181818182
5.6854545454545455
5.671363636363636
5.58
5.641818181818182
5.278636363636363
4.84909090909091
4.8149999999999995
4.739545454545455
4.904545454545455
5.0618181818181816
4.635
4.684545454545455
4.6477272727272725
4.695909090909091
4.5181818181818185
4.61
4.885454545454546
4.656363636363636
4.628636363636364
5.596818181818183
5.695909090909091
5.453636363636364
5.041363636363636
4.690909090909091
4.83409090909091
5.047272727272728
5.768181818181818
5.961818181818182
5.424090909090909
4.640909090909091
5.097727272727273
4.956363636363636
5.051818181818182
4.975909090909091
5.242272727272727
4.781363636363636
4.796818181818182
5.317727272727272
5.422727272727273
5.4809090909090905
5.588181818181818
5.6059090909090905
5.39
5.135454545454545
4.909090909090909
4.531818181818182
4.707727272727273
4.662272727272727
4.911818181818182
5.711363636363637
6.360454545454545
6.455909090909091
6.3172727272727265
6.369090909090909
6.121363636363636
5.855909090909091
5.325909090909091
5.935
6.518636363636364
6.399545454545454
6.8113636363636365
6.191363636363636
5.856363636363636
6.035454545454545
6.422272727272727
6.637727272727273
6.989090909090908
7.078636363636363
7.454545454545454
7.069090909090909
6.582272727272727
6.722272727272727
7.112727272727273
7.288636363636363
7.518636363636364
7.693043478260869
7.728695652173912
7.307391304347826
7.077826086956521
7.1213043478260865
7.633478260869565
6.935652173913044
6.991739130434783
7.4943478260869565
7.516521739130434
7.309130434782608
7.304347826086956
7.324782608695652
7.716521739130435
7.730434782608696
7.886521739130434
8.114347826086956
7.71304347826087
7.439565217391305
7.899565217391304
8.68695652173913
8.977826086956522
9.380869565217392
9.38304347826087
9.418695652173913
9.375217391304348
9.353478260869565
9.477826086956522
9.431739130434783
9.470434782608695
9.730434782608695
10.065217391304348
9.936521739130434
9.894782608695651
9.855652173913043
9.700869565217392
10.157391304347826
10.15304347826087
10.080869565217393
10.360869565217392
10.937391304347827
10.581304347826087
10.333478260869565
10.178260869565218
10.538695652173914
10.725652173913044
10.533913043478261
10.310869565217391
10.57
10.67608695652174
10.802608695652173
11.056086956521739
11.484347826086957
11.533478260869565
11.293478260869565
11.273043478260869
11.48913043478261
11.44086956521739
11.646521739130435
12.168695652173913
12.201304347826087
12.409565217391306
12.856521739130434
12.682608695652174
12.385217391304348
12.311304347826088
12.574782608695653
12.503478260869565
12.576521739130435
12.859130434782609
12.922173913043478
12.733478260869566
12.450000000000001
12.448695652173912
12.885217391304348
13.033478260869565
13.432173913043478
13.803043478260872
13.750869565217391
13.87913043478261
13.514347826086956
13.080869565217393
13.315217391304348
13.484347826086957
13.540000000000001
13.99608695652174
14.13304347826087
13.991739130434782
14.324782608695653
14.751739130434784
14.67608695652174
14.737391304347826
14.524347826086956
14.53086956521739
14.48521739130435
14.274347826086956
14.065652173913042
14.300869565217392
14.48391304347826
14.583913043478262
15.232608695652175
14.87
14.830869565217393
14.62782608695652
14.802173913043477
14.973478260869564
15.080869565217393
14.869130434782608
15.35217391304348
15.713043478260868
15.29782608695652
15.012173913043478
15.022173913043478
15.389565217391304
15.365217391304347
15.716521739130435
15.567826086956522
15.503043478260869
15.42608695652174
15.49304347826087
15.222173913043479
15.132608695652175
15.590434782608694
15.697391304347827
15.716521739130435
15.68695652173913
15.851304347826087
15.48695652173913
15.375652173913043
15.217391304347826
15.489999999999998
15.516521739130434
15.763478260869565
15.288695652173912
14.89391304347826
15.078260869565218
14.947391304347827
14.879565217391304
15.157391304347826
15.083478260869565
15.22086956521739
15.331739130434782
15.063913043478262
15.10391304347826
14.962173913043477
14.43913043478261
14.527826086956521
14.954782608695652
14.273913043478261
14.093478260869563
14.05913043478261
14.20304347826087
14.374347826086957
14.028260869565216
14.169565217391304
14.571739130434782
14.22086956521739
14.200000000000001
14.106521739130434
13.98913043478261
13.816521739130433
13.773478260869567
14.111739130434783
14.210869565217392
13.504782608695653
13.555652173913044
12.988695652173913
12.798695652173913
12.60695652173913
12.714347826086957
13.248260869565216
13.504782608695653
13.39304347826087
13.36608695652174
13.06391304347826
12.855217391304349
12.568260869565217
12.335652173913045
12.461739130434783
12.587391304347825
12.974347826086957
12.972608695652173
13.29695652173913
13.214545454545457
12.327272727272726
12.189545454545454
11.361363636363636
11.398181818181818
11.646363636363638
11.424999999999999
12.15409090909091
11.987727272727273
11.869545454545454
11.65409090909091
11.363636363636363
10.977727272727272
10.989545454545455
11.155454545454544
11.007272727272728
10.502272727272727
10.195454545454545
10.303636363636365
9.82090909090909
10.437272727272727
10.336363636363636
10.455454545454545
10.552272727272728
10.360454545454546
10.573636363636364
10.683181818181819
10.075454545454546
9.995909090909091
10.396363636363636
10.174090909090909
9.366363636363637
9.272272727272728
9.26
9.043636363636365
9.470454545454546
9.03590909090909
8.749090909090908
9.101363636363637
8.367727272727272
8.493636363636364
8.791363636363636
8.622272727272728
8.689545454545454
8.258181818181818
8.016818181818183
7.567727272727273
7.758181818181819
7.709090909090909
7.153636363636363
7.175
6.941818181818181
6.6863636363636365
6.633636363636364
7.40409090909091
6.975909090909091
7.250909090909091
7.097727272727273
6.969545454545455
6.88909090909091
6.873181818181819
6.350454545454546
6.536818181818182
6.411363636363637
6.4372727272727275
6.362727272727272
6.250909090909091
5.988181818181818
6.033636363636364
6.257272727272727
6.42409090909091
6.123181818181819
6.1481818181818175
5.905454545454546
5.33
5.074545454545454
5.392272727272727
5.069090909090909
5.1499999999999995
5.055909090909091
4.378181818181819
5.511818181818182
5.410454545454545
6.011363636363637
6.040454545454546
5.218636363636364
4.895
4.933181818181819
4.462272727272727
4.71909090909091
5.236363636363636
5.251363636363636
