pet
0.18863636363636366
0.25
0.30727272727272725
0.2913636363636364
0.2381818181818182
0.21181818181818182
0.36
0.295
0.32954545454545453
0.33636363636363636
0.35045454545454546
0.35727272727272724
0.3231818181818182
0.3209090909090909
0.315
0.22136363636363637
0.27909090909090906
0.2636363636363636
0.3268181818181818
0.35500000000000004
0.28954545454545455
0.29227272727272724
0.2827272727272727
0.33818181818181814
0.3418181818181818
0.3986363636363636
0.3790909090909091
0.4290909090909091
0.41
0.36590909090909096
0.41409090909090907
0.46090909090909093
0.4622727272727273
0.43681818181818177
0.5145454545454545
0.4859090909090909
0.5504545454545454
0.565
0.5677272727272727
0.535
0.5054545454545455
0.48454545454545456
0.5422727272727272
0.5354545454545454
0.48681818181818187
0.5918181818181818
0.605
0.46954545454545454
0.5290909090909092
0.6127272727272728
0.6813636363636364
0.6963636363636364
0.765909090909091
0.7040909090909091
0.6118181818181818
0.7040909090909091
0.7527272727272727
0.7972727272727272
0.7318181818181819
0.764090909090909
0.9077272727272727
0.7631818181818182
0.8159090909090909
0.825
0.9631818181818183
0.9768181818181819
0.9359090909090909
0.9681818181818183
1.1004545454545456
1.054090909090909
1.1022727272727273
1.0895454545454546
1.1081818181818182
1.0331818181818182
1.0536363636363637
1.1027272727272728
1.1195454545454544
1.1486363636363637
1.03
1.1959090909090908
1.1913636363636364
1.155909090909091
1.106818181818182
1.1295454545454546
1.261818181818182
1.2531818181818182
1.2886363636363638
1.3145454545454545
1.3122727272727273
1.5331818181818184
1.549090909090909
1.5786363636363634
1.4813636363636364
1.4377272727272727
1.61
1.8277272727272729
1.6054545454545455
1.7386363636363635
1.5622727272727273
1.742727272727273
1.700909090909091
1.5513636363636365
1.6627272727272726
1.7540909090909091
1.6704545454545454
1.8927272727272728
1.867727272727273
1.9322727272727271
1.5631818181818182
1.7595454545454545
2.0
2.129090909090909
2.0927272727272728
2.018181818181818
2.062272727272727
1.9577272727272728
2.1709090909090913
2.0586363636363636
2.173636363636364
2.055454545454545
2.2027272727272726
2.2654545454545456
2.411363636363636
2.3631818181818183
2.250909090909091
2.4040909090909093
2.393181818181818
2.2995454545454543
2.462727272727273
2.2836363636363637
2.3604545454545454
2.494545454545454
2.3186363636363634
2.265
2.391363636363636
2.3804545454545454
2.2572727272727273
2.554090909090909
2.6159090909090907
2.283181818181818
2.4177272727272725
2.454090909090909
2.8345454545454545
2.7195454545454543
2.847272727272727
2.653636363636364
2.4618181818181815
2.699090909090909
2.627727272727273
2.726363636363636
2.9540909090909087
2.953181818181818
2.6422727272727276
2.7963636363636364
2.4918181818181817
2.757727272727273
2.463636363636364
2.815
2.8045454545454547
2.9768181818181816
2.79
2.859090909090909
2.7495454545454545
2.5636363636363635
2.64
2.715
2.8631818181818183
2.8640909090909092
3.055909090909091
2.8868181818181817
3.277272727272727
3.1
2.92
2.9745454545454546
2.877272727272727
2.768181818181818
3.0322727272727277
2.8286363636363636
3.0304545454545457
3.088181818181818
2.8795454545454544
2.9395454545454545
2.840909090909091
2.794090909090909
2.8572727272727274
2.854090909090909
2.768636363636364
2.8413636363636363
2.678181818181818
2.952727272727273
2.983636363636364
3.191363636363636
2.9481818181818182
2.898181818181818
3.217727272727273
3.100909090909091
3.1090909090909093
2.8104545454545455
3.0768181818181817
3.0345454545454547
2.916818181818182
2.7945454545454544
2.958181818181818
2.9768181818181816
3.0990909090909087
2.8277272727272726
2.7677272727272726
2.9222727272727274
2.876818181818182
2.895909090909091
2.9145454545454546
2.683181818181818
2.5272727272727273
2.8754545454545455
2.929090909090909
2.5959090909090907
2.86
2.7513636363636365
2.5427272727272725
2.624090909090909
2.7981818181818183
2.333181818181818
2.5854545454545454
2.335
2.3095454545454546
2.299090909090909
2.699090909090909
2.661818181818182
2.580454545454545
2.359090909090909
2.4995454545454545
2.4045454545454543
2.3659090909090907
2.414090909090909
2.1236363636363635
1.9359090909090908
2.0404545454545455
1.8904545454545456
2.255909090909091
2.179090909090909
2.260909090909091
1.8818181818181818
1.87
2.0290909090909093
1.9686363636363637
1.7445454545454544
2.0204545454545455
1.8231818181818182
1.741818181818182
1.8890909090909092
1.7922727272727272
1.7881818181818183
1.789090909090909
1.6913636363636364
1.7145454545454546
1.6636363636363638
1.6831818181818183
1.4368181818181818
1.6172727272727272
1.489090909090909
1.355
1.3413636363636365
1.3913636363636364
1.4777272727272726
1.4018181818181819
1.2877272727272726
1.204090909090909
1.0872727272727274
1.1309090909090909
1.0354545454545454
1.17
1.1190909090909091
1.094090909090909
1.1081818181818182
1.095
1.095909090909091
1.1545454545454545
1.1013636363636363
0.9931818181818183
0.959090909090909
0.8240909090909091
0.8981818181818183
0.9781818181818182
0.8772727272727273
0.7795454545454544
0.6245454545454545
0.6195454545454545
0.5863636363636364
0.6036363636363636
0.7863636363636364
0.769090909090909
0.7127272727272728
0.6749999999999999
0.5845454545454545
0.6509090909090909
0.6227272727272728
0.6309090909090909
0.6959090909090909
0.7109090909090909
0.6795454545454546
0.5927272727272728
0.465
0.5277272727272727
0.5295454545454545
0.49636363636363634
0.47454545454545455
0.45545454545454545
0.3836363636363636
0.3618181818181818
0.41
0.32727272727272727
0.3431818181818182
0.34545454545454546
0.2731818181818182
0.32136363636363635
0.3145454545454545
0.34
0.37636363636363634
0.23863636363636365
0.2259090909090909
0.2440909090909091
0.2859090909090909
0.22136363636363637
0.24636363636363637
0.23090909090909092
0.1990909090909091
0.2840909090909091
0.24000000000000002
0.2290909090909091
0.2340909090909091
0.21409090909090908
0.205
0.20454545454545456
0.24636363636363637
0.24363636363636365
0.22090909090909092
0.2722727272727273
0.25
0.3422727272727273
0.32
0.3227272727272727
0.245
0.285
0.26
0.20909090909090908
0.1831818181818182
0.20363636363636364
0.3245454545454545
0.25545454545454543
0.2722727272727273
0.2381818181818182
0.1290909090909091
0.1190909090909091
0.15545454545454546
0.22045454545454543
0.19409090909090906
0.21363636363636365
0.31363636363636366
0.2722727272727273
0.2736363636363636
0.22999999999999998
0.24454545454545454
0.16
0.22045454545454543
0.19272727272727275
