pet
0.4026086956521739
0.3443478260869565
0.4069565217391304
0.31869565217391305
0.16434782608695653
0.33
0.31521739130434784
0.30521739130434783
0.2434782608695652
0.31739130434782614
0.3573913043478261
0.40956521739130436
0.33869565217391306
0.3673913043478261
0.18217391304347827
0.2882608695652174
0.3704347826086956
0.2778260869565218
0.3834782608695652
0.23217391304347826
0.3482608695652174
0.35695652173913045
0.3391304347826087
0.4252173913043478
0.29304347826086957
0.3852173913043478
0.3269565217391305
0.29130434782608694
0.3030434782608696
0.3291304347826087
0.4078260869565218
0.39
0.3878260869565217
0.3073913043478261
0.39956521739130435
0.4552173913043478
0.41739130434782606
0.561304347826087
0.4730434782608695
0.3969565217391304
0.5130434782608696
0.44086956521739135
0.3978260869565218
0.5065217391304347
0.4991304347826087
0.43521739130434783
0.4608695652173913
0.341304347826087
0.40521739130434786
0.5156521739130434
0.4839130434782608
0.4873913043478261
0.6339130434782608
0.5939130434782609
0.5539130434782609
0.5130434782608696
0.6304347826086957
0.591304347826087
0.6373913043478261
0.691304347826087
0.706086956521739
0.8539130434782609
0.8008695652173913
0.7973913043478261
0.8104347826086957
0.7417391304347826
0.8408695652173913
0.8699999999999999
0.6952173913043478
0.7669565217391304
0.9595652173913044
0.8330434782608696
0.8600000000000001
0.9347826086956522
0.8521739130434783
0.9591304347826086
1.0295652173913044
0.9508695652173913
0.9839130434782608
1.0956521739130434
1.152608695652174
1.2386956521739132
1.1704347826086956
1.2669565217391305
1.1508695652173913
1.2317391304347824
1.2260869565217392
1.2908695652173914
1.2195652173913043
1.1356521739130436
1.166818181818182
1.1881818181818182
1.2195454545454545
1.3109090909090908
1.3045454545454545
1.3209090909090908
1.3136363636363635
1.2872727272727273
1.4795454545454545
1.4713636363636362
1.518181818181818
1.575
1.6004545454545456
1.8636363636363635
1.7331818181818184
1.7590909090909093
1.6686363636363637
1.624090909090909
1.704090909090909
1.8068181818181819
1.7072727272727273
1.79
1.7822727272727272
1.7922727272727272
1.9004545454545456
1.9618181818181817
1.9563636363636363
1.9409090909090911
1.853181818181818
1.8254545454545457
2.0118181818181817
2.1422727272727276
2.1395454545454546
2.205909090909091
2.0422727272727275
2.138181818181818
2.144090909090909
2.201363636363636
2.248181818181818
2.1595454545454547
2.161363636363636
2.1954545454545453
2.425909090909091
2.619090909090909
2.575909090909091
2.6754545454545453
2.5595454545454546
2.4022727272727273
2.596818181818182
2.51
2.3822727272727273
2.65
2.2645454545454546
2.5104545454545453
2.5977272727272727
2.6295454545454544
2.645909090909091
2.6572727272727272
2.4954545454545456
2.4936363636363637
2.6304545454545454
2.743181818181818
2.5322727272727272
2.6513636363636364
2.789090909090909
2.4363636363636365
2.4431818181818183
2.7209090909090907
2.7281818181818185
2.516363636363636
2.6113636363636363
2.4395454545454545
2.6245454545454545
2.786363636363636
2.9204545454545454
2.8831818181818183
2.721818181818182
2.5768181818181817
2.733636363636364
2.7204545454545457
3.005
2.731363636363636
2.935909090909091
2.6695454545454544
2.659090909090909
2.6340909090909093
2.8372727272727274
2.7536363636363634
2.772272727272727
3.0677272727272724
2.9400000000000004
2.8577272727272724
2.835
3.3322727272727275
3.005909090909091
2.9231818181818183
3.285909090909091
3.1
2.8431818181818183
2.9072727272727272
2.687272727272727
2.980454545454546
2.799090909090909
2.846363636363636
2.727272727272727
2.775
2.8295454545454546
2.8813636363636363
2.7613636363636362
2.6486363636363635
2.713636363636364
2.748181818181818
2.480909090909091
2.5854545454545454
2.546818181818182
2.955909090909091
2.6572727272727272
2.775909090909091
2.6595454545454547
2.889090909090909
2.637272727272727
2.4822727272727274
2.7954545454545454
2.8022727272727272
2.6768181818181818
2.6454545454545455
2.5686363636363634
2.4804545454545455
2.2140909090909093
2.35
2.290909090909091
2.4136363636363636
2.4022727272727273
2.408181818181818
2.3495454545454546
2.2827272727272727
2.5845454545454545
2.6818181818181817
2.4099999999999997
2.1204545454545456
2.1550000000000002
2.450454545454545
2.341818181818182
2.2395454545454543
2.1322727272727273
2.13
1.9936363636363637
2.162272727272727
2.1686363636363635
2.025909090909091
1.9472727272727275
1.999090909090909
1.8195454545454546
1.8877272727272727
1.9881818181818183
1.87
2.0172727272727276
1.9977272727272728
1.964090909090909
1.747272727272727
1.8231818181818182
1.841818181818182
1.791818181818182
1.7054545454545453
1.6718181818181819
1.6745454545454543
1.606818181818182
1.4254545454545455
1.515
1.4036363636363636
1.3672727272727272
1.4104545454545454
1.4768181818181818
1.3231818181818182
1.3381818181818181
1.1813636363636364
1.250909090909091
1.095
1.0240909090909092
1.0604545454545455
1.048181818181818
1.041818181818182
0.9809090909090908
1.1178260869565217
1.0621739130434782
0.9808695652173912
0.9169565217391304
0.9547826086956522
0.9669565217391304
0.9843478260869566
0.9430434782608696
0.7982608695652174
0.8017391304347826
0.8960869565217391
0.7134782608695652
0.7017391304347826
0.6678260869565217
0.5695652173913043
0.6239130434782608
0.7643478260869564
0.7078260869565218
0.7186956521739131
0.6265217391304347
0.6460869565217391
0.661304347826087
0.6160869565217392
0.6130434782608696
0.5734782608695652
0.4339130434782609
0.5065217391304347
0.44739130434782615
0.5473913043478261
0.46565217391304353
0.44608695652173913
0.43869565217391304
0.3739130434782609
0.46043478260869564
0.4791304347826087
0.4726086956521739
0.4673913043478261
0.33217391304347826
0.3521739130434782
0.5726086956521739
0.47608695652173916
0.41956521739130437
0.44173913043478263
0.5365217391304348
0.3682608695652174
0.4273913043478261
0.2608695652173913
0.40217391304347827
0.3291304347826087
0.43782608695652175
0.3482608695652174
0.25130434782608696
0.42260869565217396
0.2652173913043478
0.4847826086956522
0.42130434782608694
0.30782608695652175
0.30391304347826087
0.2426086956521739
0.2943478260869565
0.18217391304347827
0.22130434782608696
0.2826086956521739
0.29043478260869565
0.271304347826087
0.18434782608695652
0.2947826086956522
0.3365217391304348
0.16956521739130434
0.21
0.24434782608695652
0.2391304347826087
0.3652173913043478
0.2756521739130435
0.21956521739130433
0.25608695652173913
0.23956521739130435
0.31086956521739134
0.32608695652173914
0.2534782608695652
0.3291304347826087
0.2326086956521739
0.16869565217391305
0.2952173913043478
0.21782608695652173
0.2691304347826087
0.22391304347826088
0.28608695652173916
0.28043478260869564
0.2526086956521739
0.3595652173913043
0.24391304347826087
