pet
0.36869565217391304
0.3065217391304348
0.42478260869565215
0.3273913043478261
0.16130434782608696
0.35652173913043483
0.30521739130434783
0.24217391304347827
0.21391304347826087
0.29695652173913045
0.3426086956521739
0.3756521739130435
0.32739130434782604
0.3356521739130435
0.1947826086956522
0.2591304347826087
0.3482608695652174
0.2708695652173913
0.3495652173913043
0.21043478260869564
0.32652173913043475
0.34043478260869564
0.31217391304347825
0.4547826086956521
0.2791304347826087
0.3604347826086956
0.3208695652173913
0.29347826086956524
0.2873913043478261
0.34
0.41695652173913045
0.3804347826086957
0.38130434782608696
0.27043478260869563
0.3621739130434783
0.44869565217391305
0.3978260869565218
0.5447826086956521
0.47043478260869565
0.3895652173913043
0.518695652173913
0.42869565217391303
0.3617391304347826
0.5113043478260869
0.5008695652173912
0.4360869565217391
0.47782608695652173
0.3443478260869565
0.3978260869565218
0.5178260869565218
0.4708695652173913
0.4878260869565217
0.5991304347826086
0.5904347826086956
0.5608695652173913
0.5152173913043478
0.6373913043478261
0.592608695652174
0.6321739130434783
0.6947826086956522
0.7186956521739131
0.8482608695652173
0.7695652173913043
0.7539130434782608
0.7660869565217392
0.7169565217391304
0.8339130434782609
0.8269565217391304
0.6730434782608696
0.7560869565217392
0.9326086956521739
0.8086956521739131
0.8799999999999999
0.9143478260869565
0.8278260869565217
0.9695652173913044
1.0352173913043479
0.9356521739130435
0.9643478260869565
1.0856521739130434
1.1608695652173913
1.1882608695652173
1.15
1.2678260869565217
1.1504347826086956
1.2047826086956521
1.2195652173913043
1.2630434782608695
1.2060869565217391
1.1534782608695653
1.1568181818181817
1.195
1.3031818181818182
1.3431818181818183
1.321818181818182
1.395909090909091
1.4036363636363638
1.3418181818181818
1.5431818181818182
1.5095454545454545
1.5345454545454544
1.5904545454545456
1.6409090909090909
1.9322727272727271
1.7863636363636362
1.7995454545454548
1.6859090909090908
1.625
1.7336363636363636
1.8263636363636364
1.744090909090909
1.8909090909090909
1.8513636363636363
1.9063636363636363
1.9431818181818181
1.9486363636363635
1.9936363636363637
1.9745454545454544
1.8131818181818182
1.8236363636363635
1.9840909090909091
2.230909090909091
2.17
2.2495454545454545
2.1136363636363638
2.185909090909091
2.226818181818182
2.284090909090909
2.225909090909091
2.199090909090909
2.183181818181818
2.290909090909091
2.495909090909091
2.6663636363636365
2.6750000000000003
2.6772727272727272
2.584090909090909
2.4613636363636364
2.640454545454545
2.5536363636363637
2.4213636363636364
2.649090909090909
2.3663636363636367
2.61
2.638181818181818
2.6454545454545455
2.6836363636363636
2.6986363636363637
2.5522727272727272
2.533181818181818
2.7072727272727275
2.6904545454545454
2.5495454545454543
2.6786363636363637
2.8322727272727275
2.4204545454545454
2.5145454545454546
2.733636363636364
2.7154545454545453
2.611818181818182
2.640909090909091
2.519090909090909
2.6568181818181817
2.8668181818181817
2.869090909090909
2.9377272727272725
2.8663636363636367
2.602272727272727
2.723181818181818
2.7245454545454546
3.056363636363636
2.8572727272727274
3.0259090909090904
2.7304545454545455
2.7513636363636365
2.6131818181818183
2.850909090909091
2.7413636363636367
2.7436363636363637
3.0031818181818184
2.977272727272727
2.9604545454545454
2.8645454545454547
3.3881818181818186
3.014090909090909
3.0159090909090907
3.3786363636363634
3.1990909090909088
2.9272727272727277
2.9231818181818183
2.744090909090909
3.014545454545454
2.795
2.895909090909091
2.778636363636364
2.826363636363636
2.875909090909091
2.909090909090909
2.824090909090909
2.682272727272727
2.7718181818181815
2.730909090909091
2.599090909090909
2.6472727272727274
2.555
3.0109090909090908
2.727272727272727
2.7795454545454543
2.705454545454545
2.9745454545454546
2.670909090909091
2.569545454545455
2.8145454545454545
2.8390909090909093
2.6418181818181816
2.6995454545454547
2.558181818181818
2.5472727272727274
2.245909090909091
2.4195454545454544
2.3795454545454544
2.465909090909091
2.4222727272727274
2.4254545454545453
2.3863636363636362
2.3086363636363636
2.623181818181818
2.733636363636364
2.403181818181818
2.091818181818182
2.2404545454545453
2.53
2.3204545454545453
2.296818181818182
2.1663636363636365
2.149090909090909
2.0322727272727272
2.215909090909091
2.2495454545454545
2.0527272727272727
1.9831818181818184
2.0504545454545453
1.8677272727272725
1.8527272727272726
1.9772727272727273
1.981818181818182
2.015
1.9627272727272727
1.9404545454545454
1.799090909090909
1.8509090909090908
1.8409090909090908
1.8004545454545455
1.7127272727272727
1.7122727272727274
1.6454545454545455
1.5327272727272727
1.4254545454545455
1.4840909090909091
1.375
1.3086363636363636
1.3627272727272728
1.4549999999999998
1.2686363636363636
1.3499999999999999
1.1977272727272728
1.23
1.0804545454545453
1.035
1.0568181818181819
1.0340909090909092
1.0218181818181817
0.9681818181818183
1.117391304347826
1.0682608695652174
0.9504347826086956
0.9091304347826087
0.9239130434782609
0.9743478260869566
0.9734782608695652
0.9452173913043478
0.7756521739130434
0.7460869565217392
0.8895652173913043
0.7065217391304348
0.72
0.6769565217391305
0.611304347826087
0.6621739130434783
0.7391304347826086
0.6843478260869565
0.707391304347826
0.6430434782608695
0.6152173913043478
0.6634782608695652
0.5739130434782609
0.6334782608695653
0.5543478260869565
0.41695652173913045
0.4965217391304348
0.4739130434782609
0.5356521739130435
0.43000000000000005
0.4156521739130435
0.38
0.33391304347826084
0.46043478260869564
0.45869565217391306
0.45
0.42173913043478256
0.3482608695652174
0.32956521739130434
0.5591304347826087
0.43782608695652175
0.3621739130434783
0.42434782608695654
0.5104347826086957
0.3552173913043478
0.4265217391304348
0.24043478260869566
0.40652173913043477
0.2891304347826087
0.3947826086956522
0.2921739130434783
0.25869565217391305
0.42913043478260865
0.22391304347826088
0.44739130434782604
0.4208695652173913
0.2808695652173913
0.25521739130434784
0.21869565217391304
0.2639130434782609
0.14478260869565218
0.1926086956521739
0.2530434782608696
0.2717391304347826
0.23173913043478261
0.1839130434782609
0.26217391304347826
0.30869565217391304
0.17521739130434782
0.21304347826086958
0.22956521739130437
0.2456521739130435
0.33826086956521734
0.2526086956521739
0.22782608695652176
0.2217391304347826
0.22913043478260872
0.3204347826086957
0.3026086956521739
0.2391304347826087
0.30043478260869566
0.24000000000000002
0.16782608695652174
0.2965217391304348
0.20695652173913043
0.2360869565217391
0.2021739130434783
0.27956521739130435
0.2408695652173913
0.25478260869565217
0.2956521739130435
0.21130434782608698
