temperature
3.598695652173913
3.613913043478261
3.3869565217391306
3.717826086956522
4.0373913043478264
4.370434782608696
3.3000000000000003
3.853478260869565
4.224347826086956
3.986086956521739
3.5460869565217394
2.778260869565217
2.426086956521739
2.5095652173913043
3.39
3.5843478260869563
2.9721739130434783
2.500434782608696
3.2221739130434783
3.33
3.955217391304348
4.18
4.131304347826087
4.091304347826087
3.688695652173913
3.486521739130435
3.1895652173913045
3.2600000000000002
3.3347826086956522
2.9543478260869565
2.903913043478261
3.1508695652173913
3.5482608695652176
3.9134782608695655
3.947391304347826
4.258695652173913
4.55
4.487826086956522
4.152608695652174
3.597391304347826
3.0243478260869567
2.7691304347826087
2.986521739130435
2.7708695652173914
2.1886956521739127
1.9665217391304346
2.021304347826087
2.64
2.8099999999999996
2.9778260869565214
2.899130434782609
3.5130434782608693
3.9782608695652173
4.035652173913044
4.117826086956522
3.323913043478261
3.820869565217391
3.8552173913043477
4.1039130434782605
4.532608695652174
4.757826086956522
4.811304347826087
4.662608695652174
4.850434782608696
5.118695652173913
5.568260869565217
5.540869565217391
5.360869565217391
5.7269565217391305
6.01304347826087
5.647826086956522
5.737391304347827
5.514347826086956
5.643913043478261
5.243478260869565
5.836956521739131
5.9195652173913045
6.01
5.783478260869566
5.907826086956521
5.85695652173913
5.673043478260869
5.975652173913043
6.430434782608696
5.94695652173913
6.3039130434782615
6.056956521739131
6.086086956521739
6.380869565217391
6.300869565217392
7.269090909090909
6.942727272727273
5.8968181818181815
5.801363636363636
5.948181818181817
6.0577272727272735
6.495000000000001
6.338181818181818
6.410454545454545
6.825454545454545
7.275454545454545
7.807272727272727
7.486818181818182
7.692727272727273
8.019545454545455
8.244545454545454
7.702272727272728
7.717727272727273
8.395454545454545
8.31090909090909
8.260909090909092
9.04409090909091
8.529545454545454
7.925454545454545
8.02818181818182
7.906818181818181
7.942727272727273
7.912272727272727
8.193181818181818
8.533636363636363
8.80090909090909
8.612272727272726
9.059090909090909
9.231818181818182
9.465454545454547
9.761363636363637
10.047727272727274
10.749090909090908
10.19090909090909
10.145
10.539090909090909
10.354545454545455
11.15409090909091
10.867272727272727
11.184545454545455
11.09
11.026363636363637
11.150454545454545
11.299545454545454
12.02727272727273
11.864090909090908
11.628181818181817
12.02090909090909
12.079545454545455
12.203636363636365
12.29090909090909
12.19681818181818
11.692727272727273
11.93
12.001363636363635
12.285454545454543
12.82090909090909
12.76909090909091
12.969090909090909
12.79090909090909
12.83
12.902727272727274
12.91590909090909
13.100909090909092
13.236363636363636
13.135454545454547
13.158181818181818
13.332272727272727
13.447272727272725
13.760909090909092
13.501818181818182
13.911818181818182
14.032727272727273
13.500454545454545
14.344999999999999
14.343181818181819
14.240909090909092
14.273636363636363
14.115454545454547
14.211363636363636
14.660909090909092
14.95909090909091
14.709545454545456
14.655000000000001
14.883181818181818
15.180454545454547
15.374545454545455
15.473636363636365
15.378636363636362
15.87409090909091
16.494545454545456
16.484545454545454
16.421818181818182
16.765
16.39818181818182
16.377727272727274
16.502727272727274
16.019545454545455
16.524545454545457
16.308636363636364
16.62909090909091
16.114545454545453
15.909999999999998
15.75
15.926363636363636
16.44818181818182
16.028636363636362
16.014545454545456
16.05545454545455
15.793636363636363
16.131363636363634
16.538181818181815
16.595000000000002
16.81
16.98227272727273
17.04090909090909
16.766363636363636
16.296363636363637
16.397727272727273
16.666818181818183
16.32227272727273
16.248181818181816
16.300454545454546
15.629090909090907
16.128636363636364
16.35181818181818
16.170454545454547
16.099545454545453
16.207727272727272
16.447272727272725
16.890454545454546
17.102272727272727
16.312727272727273
15.877727272727272
15.799090909090909
15.983181818181817
16.354090909090907
16.235454545454544
16.168636363636363
15.102727272727272
15.49590909090909
15.541818181818183
15.687272727272727
15.097272727272726
15.477727272727272
15.676363636363636
15.384090909090908
14.602272727272727
15.231818181818182
14.840000000000002
14.765909090909092
14.490454545454547
14.52
14.170454545454545
14.286363636363637
14.524090909090908
14.356818181818182
14.198636363636364
13.625
13.79681818181818
13.254090909090907
12.927272727272726
13.166818181818183
13.456818181818182
13.693636363636363
13.375
12.868636363636364
13.012272727272727
13.043181818181818
12.718636363636364
13.056363636363637
12.72318181818182
12.353636363636362
12.381363636363636
12.32181818181818
12.43909090909091
12.409545454545453
12.442272727272728
12.08608695652174
11.807391304347826
11.703478260869565
11.857826086956523
11.490869565217393
11.256521739130434
11.039130434782608
10.628695652173914
11.36695652173913
11.290869565217392
10.783913043478261
10.732608695652173
10.348695652173914
9.62217391304348
9.81304347826087
9.321739130434782
9.240869565217391
9.560869565217391
10.001739130434782
9.478260869565217
8.80391304347826
8.854782608695652
8.92
9.333043478260869
9.160869565217393
9.124782608695652
9.197826086956523
8.75478260869565
8.150869565217391
8.587826086956522
9.02695652173913
8.756521739130434
8.73
8.425217391304347
7.559565217391304
7.35304347826087
6.700869565217391
7.391739130434782
7.946521739130434
7.502173913043479
7.340434782608695
7.5773913043478265
6.487391304347827
5.94
5.3734782608695655
5.7299999999999995
5.7760869565217385
5.663913043478261
6.211739130434783
5.997391304347826
5.115217391304348
4.827826086956522
5.269130434782609
5.855652173913044
5.840869565217392
5.77695652173913
5.049565217391304
4.673913043478261
4.409565217391305
3.9878260869565216
3.9717391304347824
4.558260869565218
4.905217391304348
5.193043478260869
5.386086956521739
5.356521739130435
4.833913043478261
4.681304347826087
4.06391304347826
3.864782608695652
3.6004347826086955
3.8969565217391304
3.888695652173913
3.880869565217391
4.441739130434782
4.986521739130435
4.645652173913043
4.5917391304347825
4.346086956521739
4.244782608695652
4.490869565217392
5.221304347826087
4.509565217391304
4.805652173913043
4.8078260869565215
4.824347826086957
4.6378260869565215
4.677391304347826
4.655652173913043
4.665217391304347
3.7017391304347824
3.3821739130434785
