pet
0.3645
0.3035
0.39749999999999996
0.339
0.16799999999999998
0.3105
0.332
0.2495
0.23900000000000002
0.281
0.3315
0.3465
0.346
0.3375
0.1815
0.2935
0.35350000000000004
0.2495
0.28850000000000003
0.2425
0.28900000000000003
0.3585
0.32999999999999996
0.418
0.248
0.37526315789473685
0.2942105263157895
0.2863157894736842
0.21789473684210528
0.4063157894736842
0.4063157894736842
0.4052631578947368
0.4052631578947368
0.3005263157894737
0.37578947368421056
0.4747368421052631
0.43315789473684213
0.5752631578947368
0.5042105263157894
0.3889473684210526
0.5047368421052632
0.4221052631578947
0.4184210526315789
0.45368421052631575
0.5168421052631579
0.5005263157894737
0.5221052631578947
0.4063157894736842
0.4868421052631579
0.5868421052631579
0.5173684210526316
0.5289473684210527
0.5900000000000001
0.5621052631578948
0.5184210526315789
0.56
0.6389473684210527
0.6684210526315789
0.6278947368421053
0.7442105263157895
0.7615789473684211
0.8852631578947369
0.8310526315789474
0.748421052631579
0.8005263157894736
0.67
0.8705263157894736
0.8294736842105264
0.7594736842105263
0.8021052631578948
0.9821052631578947
0.8647368421052631
0.9626315789473684
0.9705263157894738
0.8436842105263158
1.0489473684210526
1.055263157894737
0.9689473684210527
0.9689473684210527
1.0326315789473686
1.1010526315789475
1.1005263157894738
1.2715789473684211
1.2421052631578948
1.2794736842105263
1.2242105263157894
1.2273684210526317
1.295263157894737
1.144736842105263
1.1973684210526316
1.1657894736842105
1.335263157894737
1.318421052631579
1.355263157894737
1.3405263157894736
1.471578947368421
1.266842105263158
1.3426315789473684
1.5068421052631578
1.571578947368421
1.612105263157895
1.6552631578947368
1.7599999999999998
2.1026315789473684
1.9310526315789474
1.7994736842105261
1.7594736842105263
1.6489473684210525
1.7710526315789472
1.8542105263157893
1.728421052631579
1.8847368421052633
1.9363157894736842
2.0257894736842106
1.9368421052631577
1.976315789473684
2.1473684210526316
2.1100000000000003
1.8768421052631576
2.002105263157895
1.9736842105263157
2.3247368421052634
2.4021052631578947
2.3610526315789473
2.1642105263157894
2.3726315789473684
2.345263157894737
2.3521052631578945
2.311578947368421
2.086315789473684
2.2536842105263157
2.5163157894736843
2.592631578947368
2.6494736842105264
2.7642105263157895
2.541578947368421
2.4626315789473683
2.537894736842105
2.60578947368421
2.328421052631579
2.2936842105263158
2.627
2.548
2.7079999999999997
2.7
2.4850000000000003
2.5490000000000004
2.7535
2.6945
2.6175
2.855
2.6825
2.5425
2.507
2.731
2.539
2.4435
2.6165
2.8080000000000003
2.6094999999999997
2.6065
2.367
2.5755
2.7245
2.773
2.8920000000000003
2.8634999999999997
2.548
2.808
3.003
3.1875
2.8850000000000002
3.066
2.7935000000000003
2.7510000000000003
2.699
2.984
3.136
3.141
3.3270000000000004
3.1704999999999997
2.9259999999999997
2.95
3.3985
3.1654999999999998
3.1189999999999998
3.287
3.2354999999999996
2.9690000000000003
3.0655
2.9245
3.057
2.9705
2.9265
2.8805
2.7835
2.878
2.9
2.7965
2.7925
2.894
2.68
2.808
2.8535
2.6605
3.1704999999999997
2.804
2.7329999999999997
2.723
2.962
2.753
2.647
2.896
2.909
2.8465
2.692
2.7039999999999997
2.509
2.2855
2.4065
2.4050000000000002
2.5965
2.397
2.4145
2.4695
2.3754999999999997
2.555
2.7285
2.4535
2.2015000000000002
2.38
2.6065
2.463
2.3625
2.175
2.1305
2.0300000000000002
2.2685
2.3055
2.1235
1.9460000000000002
2.0865
1.8679999999999999
1.7655
1.983
1.9485
1.9475000000000002
1.9364999999999999
1.8539999999999999
1.7265000000000001
1.717
1.8105
1.7570000000000001
1.701
1.6055
1.6565
1.4475
1.365
1.475
1.4085
1.2985
1.3584999999999998
1.3835000000000002
1.2615
1.326
1.205
1.207
1.0895
0.916
1.126
1.0135
0.9955
0.9179999999999999
1.0565
0.958
0.8554999999999999
1.0515
0.829
0.9435
0.991
0.9964999999999999
0.8195
0.797
0.861
0.7215
0.7270000000000001
0.7030000000000001
0.5974999999999999
0.6975
0.8185
0.6965
0.6815
0.5135
0.5445
0.622
0.561
0.5915
0.5509999999999999
0.404
0.422
0.4535
0.472
0.4525
0.45999999999999996
0.382
0.3775
0.3785
0.39899999999999997
0.4
0.4245
0.2805
0.3235
0.42750000000000005
0.3275
0.314
0.3955
0.395
0.2895
0.479
0.2505
0.3585
0.23049999999999998
0.3645
0.2735
0.252
0.37
0.246
0.3725
0.35750000000000004
0.251
0.251
0.217
0.2745
0.156
0.18050000000000002
0.2405
0.2875
0.2685
0.187
0.23149999999999998
0.3395
0.14850000000000002
0.281
0.192
0.28300000000000003
0.3045
0.14350000000000002
0.23850000000000002
0.209
0.28450000000000003
0.2635
0.27349999999999997
0.251
0.2885
0.2955
0.1575
0.304
0.21200000000000002
0.195
0.258
0.22149999999999997
0.2165
0.20800000000000002
0.2635
0.254
