temperature
5.123157894736842
4.480526315789473
4.580526315789474
4.2163157894736845
5.058421052631579
4.513684210526316
4.663157894736843
4.375263157894737
4.221052631578948
4.7905263157894735
4.962631578947369
5.895263157894736
5.407368421052631
4.71578947368421
5.866315789473684
5.139473684210526
5.316315789473684
5.257894736842106
5.279999999999999
4.762105263157895
4.572631578947369
4.58
4.208421052631579
4.193157894736842
4.0185
3.6115000000000004
3.5915
4.1455
4.027
3.8725
3.719
3.9625
3.8385
3.811
4.91
5.1594999999999995
4.8485
4.539
4.2445
4.2325
4.629
5.235
5.402
4.7989999999999995
4.2485
4.5009999999999994
4.5695
4.7589999999999995
4.713
4.7595
4.3315
4.612
4.8895
5.1125
5.1765
4.896
5.014
4.634
4.5365
4.327
3.9899999999999998
4.2965
4.3595
4.2219999999999995
5.1295
5.9765
6.0675
5.8215
5.868
5.723000000000001
5.485
5.103
5.213
6.1665
6.171
6.546000000000001
5.9079999999999995
5.4799999999999995
5.6215
6.156000000000001
6.4155
6.362
6.461499999999999
6.7780000000000005
6.720000000000001
6.3415
6.1945
6.7299999999999995
6.859999999999999
7.086499999999999
7.2465
7.4325
6.842499999999999
6.619
6.6395
7.224500000000001
6.335500000000001
6.5495
7.0065
7.1285
6.8790000000000004
6.8084999999999996
6.9355
7.2615
7.476999999999999
7.601000000000001
7.525499999999999
7.531000000000001
6.9885
7.4625
8.387
8.565000000000001
8.7635
8.881499999999999
9.016499999999999
8.9045
8.8725
8.934999999999999
8.569500000000001
8.6685
8.962
9.543
9.447
9.162
9.2795
9.038499999999999
9.4655
9.6945
9.690999999999999
10.0155
10.4275
10.0165
9.8275
9.821
10.2405
10.623999999999999
10.182500000000001
10.1265
10.193999999999999
10.324
10.6485
10.498999999999999
10.782
10.996
10.870000000000001
10.897499999999999
10.9505
10.7795
11.131499999999999
11.935500000000001
11.815999999999999
11.9505
12.5115
12.292
11.988
11.987
12.241499999999998
11.9845
12.3515
12.3865
12.425999999999998
12.433
12.2935
12.269
12.739
12.896
13.200999999999999
13.398500000000002
13.513
13.747499999999999
13.247499999999999
12.689
12.969
13.0625
13.094
13.582999999999998
13.4715
13.452000000000002
13.536000000000001
13.9585
13.959999999999999
14.1675
13.848500000000001
14.0825
14.017000000000001
13.663499999999999
13.6065
13.8125
13.958000000000002
14.307999999999998
14.6565
14.4245
14.318999999999999
14.372
14.5935
14.793000000000001
14.655000000000001
14.576500000000001
14.7925
15.121500000000001
14.8625
14.928999999999998
14.7905
14.788499999999999
14.8405
15.3995
15.241
15.2375
15.378499999999999
15.138
14.681000000000001
14.517500000000002
14.991499999999998
15.193999999999999
14.947999999999999
15.012
15.465
15.058000000000002
15.065999999999999
15.0425
15.136500000000002
15.151499999999999
15.105500000000001
15.029499999999999
14.7715
14.806000000000001
14.645500000000002
14.428
14.628
14.540000000000001
14.4315
14.587
14.487
14.7195
14.6375
14.269
14.3445
14.724
14.131499999999999
13.871
13.6685
13.797
13.984
13.445500000000001
13.610499999999998
14.214500000000001
14.049000000000001
14.124500000000001
14.13
13.738999999999999
13.562999999999999
13.587
13.9905
14.056000000000001
13.479499999999998
13.191999999999998
12.686499999999999
12.6205
12.4925
12.461
12.7335
12.993500000000001
13.017500000000002
12.9515
12.7825
12.4795
12.2895
11.8655
12.067499999999999
12.248999999999999
12.621500000000001
12.6105
12.9495
12.898421052631578
11.98842105263158
11.696315789473683
11.176315789473684
11.05578947368421
11.466842105263158
10.93421052631579
11.704736842105262
11.554736842105262
11.534736842105263
11.267368421052632
10.759473684210526
10.572105263157894
10.592105263157896
10.744736842105263
10.979473684210527
10.14421052631579
9.763157894736842
9.87421052631579
9.528421052631579
10.074736842105263
9.92263157894737
10.151052631578947
10.253157894736843
9.936315789473683
10.238947368421051
10.259473684210526
9.941052631578946
9.82842105263158
10.05578947368421
9.64421052631579
8.80578947368421
8.723157894736843
8.570526315789474
8.400526315789474
8.791578947368421
8.571578947368423
8.182105263157895
8.481052631578947
7.741052631578948
7.847894736842106
8.227368421052631
7.689473684210526
7.687368421052632
7.401052631578947
7.105263157894737
6.946842105263158
7.28421052631579
7.392631578947369
6.855263157894737
7.068947368421052
6.8042105263157895
6.331578947368421
6.213684210526316
6.475789473684211
6.237368421052631
6.4526315789473685
6.38578947368421
6.719473684210526
6.354736842105263
6.1489473684210525
5.4926315789473685
5.313684210526316
4.935789473684211
5.544736842105263
5.725789473684211
5.62
5.354210526315789
5.556842105263158
5.398421052631579
5.667894736842105
5.386315789473684
5.306842105263158
5.075263157894736
4.931578947368421
4.771052631578947
4.554736842105263
4.273684210526316
4.560526315789474
4.191052631578947
4.297894736842105
5.097368421052631
4.7563157894736845
5.637894736842106
5.904736842105263
4.976315789473684
4.475789473684211
4.61578947368421
3.8073684210526317
4.251052631578947
5.043684210526315
4.8989473684210525
