pet
0.3421739130434783
0.25521739130434784
0.44304347826086954
0.32956521739130434
0.17956521739130435
0.3852173913043478
0.2591304347826087
0.16
0.16782608695652174
0.24434782608695652
0.2995652173913043
0.31
0.31521739130434784
0.2595652173913044
0.2773913043478261
0.2669565217391304
0.2943478260869565
0.23
0.2765217391304348
0.19391304347826085
0.24
0.23521739130434782
0.2760869565217391
0.4678260869565217
0.2426086956521739
0.28521739130434787
0.3239130434782609
0.2982608695652174
0.2756521739130435
0.3521739130434782
0.3926086956521739
0.36
0.3739130434782609
0.22652173913043477
0.3291304347826087
0.43869565217391304
0.3826086956521739
0.44739130434782604
0.45608695652173914
0.35782608695652174
0.5491304347826087
0.4056521739130435
0.3347826086956522
0.43043478260869567
0.4747826086956522
0.4330434782608696
0.49391304347826087
0.33260869565217394
0.43086956521739134
0.5417391304347826
0.48782608695652174
0.5243478260869565
0.538695652173913
0.5730434782608695
0.5830434782608696
0.43826086956521737
0.6426086956521739
0.6447826086956522
0.587391304347826
0.6769565217391305
0.7030434782608697
0.8039130434782608
0.7121739130434782
0.7239130434782608
0.662608695652174
0.688695652173913
0.8178260869565217
0.7382608695652174
0.6856521739130435
0.7539130434782608
0.8452173913043479
0.8265217391304348
0.9152173913043479
0.8800000000000001
0.7456521739130434
0.9430434782608694
1.0395652173913044
0.8839130434782608
0.8613043478260869
1.03
1.0830434782608696
1.0495652173913044
1.093913043478261
1.1682608695652175
1.071304347826087
1.066086956521739
1.172608695652174
1.2078260869565218
1.1517391304347826
1.121304347826087
1.0972727272727274
1.185
1.3936363636363636
1.3827272727272728
1.240909090909091
1.4181818181818182
1.4636363636363638
1.449090909090909
1.54
1.5563636363636364
1.5286363636363638
1.6109090909090908
1.6218181818181818
1.914090909090909
1.7613636363636365
1.82
1.6236363636363635
1.6218181818181818
1.6686363636363637
1.7127272727272727
1.7795454545454545
1.9077272727272727
1.8136363636363635
1.9663636363636363
1.8622727272727273
1.9427272727272729
1.8818181818181818
1.9513636363636364
1.7813636363636363
1.8295454545454546
1.8559090909090907
2.291363636363636
2.080454545454545
2.109090909090909
2.0104545454545457
2.057272727272727
2.158181818181818
2.3222727272727273
2.119090909090909
2.2354545454545454
2.055
2.4059090909090908
2.4854545454545454
2.507727272727273
2.7068181818181816
2.5222727272727274
2.5104545454545457
2.527727272727273
2.581818181818182
2.525
2.308181818181818
2.5081818181818183
2.4136363636363636
2.571818181818182
2.686818181818182
2.6095454545454544
2.5749999999999997
2.618181818181818
2.540909090909091
2.5504545454545453
2.6795454545454547
2.5445454545454544
2.4622727272727274
2.561818181818182
2.8000000000000003
2.2545454545454544
2.516363636363636
2.723181818181818
2.5304545454545457
2.7204545454545457
2.528636363636364
2.523636363636364
2.4968181818181816
2.9045454545454543
2.950909090909091
2.8781818181818184
3.0454545454545454
2.4727272727272727
2.89
2.5813636363636365
2.8713636363636366
2.73
2.955454545454545
2.6763636363636363
2.852272727272727
2.4945454545454546
2.760909090909091
2.6995454545454547
2.7195454545454543
2.8613636363636363
3.0004545454545455
3.005909090909091
2.8104545454545455
3.2413636363636367
2.8322727272727275
3.019545454545455
3.348181818181818
3.2627272727272727
3.0349999999999997
2.9795454545454545
2.807272727272727
3.08
2.7072727272727275
2.9327272727272726
2.8677272727272727
2.7345454545454544
2.8718181818181816
2.8454545454545457
2.7627272727272727
2.5931818181818183
2.8163636363636364
2.6113636363636363
2.6286363636363634
2.5586363636363636
2.439090909090909
3.0186363636363636
2.6713636363636364
2.632727272727273
2.701363636363636
2.9622727272727274
2.6627272727272726
2.683181818181818
2.8313636363636365
2.8686363636363637
2.544545454545455
2.7899999999999996
2.5427272727272725
2.6095454545454544
2.3181818181818183
2.6236363636363635
2.4086363636363637
2.5654545454545454
2.4963636363636366
2.39
2.3277272727272726
2.316818181818182
2.626818181818182
2.737727272727273
2.295
2.033181818181818
2.2899999999999996
2.5427272727272725
2.36
2.416363636363636
2.2904545454545455
2.0845454545454545
2.045909090909091
2.223181818181818
2.2536363636363634
2.085
1.9768181818181818
2.037272727272727
1.9072727272727272
1.8872727272727274
1.9036363636363638
2.1240909090909095
2.039090909090909
1.8340909090909092
1.8195454545454546
1.8477272727272727
1.8195454545454546
1.747272727272727
1.7222727272727274
1.755
1.6904545454545454
1.572272727272727
1.3322727272727273
1.4436363636363636
1.374090909090909
1.3231818181818182
1.2609090909090908
1.210909090909091
1.37
1.2127272727272727
1.3186363636363636
1.1213636363636363
1.03
1.0445454545454547
1.0586363636363636
1.035
1.0040909090909091
0.9409090909090909
0.9172727272727272
1.1199999999999999
1.07
0.8791304347826087
0.8373913043478262
0.8452173913043479
0.8917391304347825
0.8852173913043478
0.9282608695652175
0.721304347826087
0.6578260869565217
0.8160869565217391
0.6395652173913043
0.7891304347826086
0.6491304347826087
0.7195652173913044
0.7617391304347826
0.6404347826086957
0.6521739130434783
0.71
0.6643478260869565
0.6543478260869565
0.672608695652174
0.49391304347826087
0.5782608695652174
0.46347826086956523
0.38260869565217387
0.5217391304347826
0.47695652173913045
0.4921739130434783
0.39217391304347826
0.36086956521739133
0.32217391304347825
0.3
0.43434782608695655
0.38
0.3786956521739131
0.3917391304347826
0.3365217391304348
0.26608695652173914
0.5095652173913043
0.3778260869565217
0.3030434782608696
0.358695652173913
0.4369565217391304
0.3095652173913043
0.401304347826087
0.2021739130434783
0.3852173913043478
0.23173913043478261
0.3713043478260869
0.2782608695652174
0.271304347826087
0.3691304347826087
0.19869565217391305
0.4056521739130435
0.41695652173913045
0.2534782608695652
0.14695652173913043
0.18478260869565216
0.1943478260869565
0.13086956521739132
0.20608695652173914
0.2434782608695652
0.24782608695652175
0.19217391304347825
0.18478260869565216
0.21217391304347827
0.28956521739130436
0.20695652173913043
0.21739130434782608
0.20260869565217393
0.20043478260869566
0.2991304347826087
0.2426086956521739
0.25217391304347825
0.17869565217391306
0.2343478260869565
0.33
0.2908695652173913
0.24000000000000002
0.3026086956521739
0.31652173913043474
0.17391304347826086
0.30434782608695654
0.1917391304347826
0.1882608695652174
0.18478260869565216
0.2952173913043478
0.23260869565217393
0.2543478260869565
0.16304347826086957
0.17347826086956522
