pet
0.3130434782608696
0.20304347826086958
0.42043478260869566
0.3086956521739131
0.16260869565217392
0.3582608695652174
0.23826086956521741
0.12913043478260872
0.14434782608695654
0.23695652173913045
0.29
0.2821739130434783
0.28521739130434787
0.2456521739130435
0.3030434782608696
0.23260869565217393
0.2591304347826087
0.218695652173913
0.24478260869565216
0.18043478260869567
0.21695652173913044
0.1973913043478261
0.2565217391304348
0.44565217391304346
0.23130434782608697
0.2508695652173913
0.32608695652173914
0.32217391304347825
0.2634782608695652
0.3456521739130435
0.3621739130434783
0.34043478260869564
0.36434782608695654
0.19391304347826085
0.3030434782608696
0.41826086956521735
0.36086956521739133
0.43652173913043485
0.44869565217391305
0.3347826086956522
0.5317391304347826
0.3843478260869565
0.3343478260869565
0.43130434782608695
0.47347826086956524
0.44521739130434784
0.4934782608695652
0.33695652173913043
0.4543478260869565
0.5373913043478261
0.45956521739130435
0.54
0.5095652173913043
0.5647826086956522
0.5830434782608696
0.42565217391304344
0.6091304347826086
0.6378260869565218
0.5743478260869566
0.6804347826086957
0.697391304347826
0.8143478260869565
0.6860869565217392
0.7130434782608696
0.6391304347826087
0.7017391304347826
0.7808695652173914
0.7152173913043478
0.7069565217391305
0.758695652173913
0.8139130434782608
0.8565217391304347
0.927391304347826
0.8691304347826088
0.7660869565217392
0.948695652173913
1.0073913043478262
0.8730434782608695
0.8252173913043478
1.0034782608695654
1.1043478260869564
1.0430434782608697
1.0678260869565217
1.1808695652173913
1.0882608695652174
1.046521739130435
1.1821739130434783
1.202608695652174
1.178695652173913
1.1252173913043477
1.0472727272727271
1.180909090909091
1.4277272727272727
1.4154545454545455
1.2277272727272726
1.4545454545454546
1.4863636363636366
1.4622727272727274
1.5431818181818182
1.5477272727272726
1.5190909090909093
1.6427272727272728
1.6381818181818182
1.9481818181818182
1.8145454545454547
1.8695454545454546
1.6486363636363635
1.6254545454545453
1.6990909090909092
1.7454545454545454
1.8204545454545453
1.901818181818182
1.830909090909091
2.058181818181818
1.8836363636363636
1.9572727272727273
1.9386363636363635
1.9700000000000002
1.7813636363636363
1.8759090909090907
1.8354545454545457
2.3000000000000003
2.045
2.127272727272727
2.0177272727272726
2.0454545454545454
2.114090909090909
2.305454545454545
2.0749999999999997
2.186818181818182
2.0336363636363637
2.4118181818181816
2.4545454545454546
2.4595454545454545
2.686818181818182
2.46
2.4563636363636365
2.575454545454545
2.546818181818182
2.525
2.244090909090909
2.4499999999999997
2.442727272727273
2.565
2.670909090909091
2.596818181818182
2.5536363636363637
2.62
2.528636363636364
2.5704545454545453
2.662272727272727
2.5304545454545457
2.4600000000000004
2.5195454545454545
2.7886363636363636
2.179090909090909
2.512272727272727
2.6540909090909093
2.4177272727272725
2.7386363636363638
2.4927272727272727
2.5095454545454547
2.4904545454545453
2.835909090909091
2.9572727272727275
2.8004545454545453
3.0622727272727275
2.37
2.8499999999999996
2.555454545454545
2.8595454545454544
2.6540909090909093
2.945909090909091
2.6063636363636364
2.8427272727272728
2.433181818181818
2.7286363636363635
2.6809090909090907
2.6563636363636363
2.786818181818182
2.9104545454545456
2.936363636363636
2.7981818181818183
3.2395454545454543
2.7795454545454543
2.9686363636363637
3.3045454545454547
3.2454545454545456
2.9681818181818183
2.9472727272727273
2.7536363636363634
3.0081818181818183
2.6986363636363637
2.893181818181818
2.783181818181818
2.653636363636364
2.8322727272727275
2.7745454545454544
2.7409090909090907
2.516363636363636
2.7763636363636364
2.494090909090909
2.585909090909091
2.4927272727272727
2.38
2.977727272727273
2.6545454545454543
2.5322727272727272
2.670909090909091
2.893181818181818
2.563181818181818
2.6122727272727273
2.7954545454545454
2.7436363636363637
2.4154545454545455
2.715909090909091
2.4613636363636364
2.495909090909091
2.294090909090909
2.583636363636364
2.3863636363636362
2.569545454545455
2.436818181818182
2.2895454545454546
2.239090909090909
2.1654545454545455
2.518181818181818
2.6404545454545456
2.236818181818182
1.9309090909090907
2.2104545454545454
2.450454545454545
2.2790909090909093
2.375909090909091
2.2163636363636363
2.0118181818181817
2.0072727272727273
2.1568181818181817
2.1645454545454546
2.046818181818182
1.9027272727272726
1.970909090909091
1.8613636363636366
1.8472727272727274
1.8131818181818182
2.059090909090909
1.9695454545454545
1.7322727272727272
1.7436363636363637
1.789090909090909
1.7295454545454545
1.66
1.6304545454545454
1.716818181818182
1.6145454545454543
1.4863636363636366
1.2422727272727272
1.3918181818181818
1.2568181818181818
1.268181818181818
1.2240909090909091
1.1745454545454546
1.3213636363636363
1.1831818181818183
1.2740909090909092
1.0468181818181819
0.9931818181818183
1.014090909090909
1.0518181818181818
0.9872727272727272
0.9663636363636363
0.9004545454545454
0.8927272727272727
1.1043478260869566
1.0117391304347827
0.8513043478260869
0.8230434782608695
0.7908695652173914
0.8452173913043479
0.8378260869565217
0.9126086956521738
0.6830434782608696
0.5991304347826086
0.7643478260869564
0.6173913043478262
0.7560869565217392
0.6160869565217392
0.6852173913043478
0.7626086956521739
0.6030434782608696
0.6143478260869566
0.682608695652174
0.6439130434782608
0.6469565217391304
0.6473913043478261
0.4643478260869565
0.51
0.4252173913043479
0.3621739130434783
0.4826086956521739
0.46173913043478265
0.4752173913043478
0.36
0.34
0.29391304347826086
0.2673913043478261
0.4056521739130435
0.31956521739130433
0.3347826086956522
0.3421739130434783
0.2891304347826087
0.26
0.45739130434782604
0.35347826086956524
0.2791304347826087
0.3247826086956522
0.3943478260869565
0.2726086956521739
0.3713043478260869
0.1826086956521739
0.3691304347826087
0.21739130434782608
0.3539130434782609
0.25782608695652176
0.24869565217391304
0.3591304347826087
0.1917391304347826
0.3517391304347826
0.3804347826086957
0.21782608695652173
0.10304347826086957
0.1656521739130435
0.15913043478260872
0.12043478260869565
0.20782608695652174
0.22304347826086957
0.22478260869565217
0.17782608695652175
0.16782608695652176
0.1773913043478261
0.25478260869565217
0.22434782608695653
0.21173913043478262
0.18956521739130436
0.1991304347826087
0.25652173913043474
0.24608695652173915
0.26217391304347826
0.16391304347826088
0.23
0.3086956521739131
0.26782608695652177
0.20956521739130435
0.29260869565217396
0.2995652173913043
0.1673913043478261
0.2752173913043478
0.1656521739130435
0.15782608695652173
0.1743478260869565
0.2717391304347826
0.1943478260869565
0.23217391304347826
0.1252173913043478
0.14565217391304347
