temperature
4.302608695652173
4.334782608695653
4.153913043478261
4.291304347826087
4.4943478260869565
5.160869565217391
4.173478260869565
4.432608695652174
4.840000000000001
4.754347826086957
4.510434782608696
3.3434782608695657
3.402173913043478
3.6578260869565216
4.269130434782609
4.35
3.8634782608695653
3.308695652173913
3.848695652173913
4.288695652173913
4.641739130434783
4.919130434782609
5.198695652173913
4.790434782608696
4.4021739130434785
4.392608695652174
4.354782608695652
4.547391304347826
4.3960869565217395
3.640434782608696
3.4591304347826086
3.9834782608695654
4.222608695652174
4.524347826086957
4.393913043478261
5.078695652173913
5.617826086956522
5.102608695652174
4.654347826086957
4.2156521739130435
3.4830434782608695
3.398695652173913
3.7326086956521736
3.5543478260869565
2.7695652173913046
2.7730434782608695
2.7543478260869567
3.210869565217391
3.5304347826086957
3.5565217391304347
3.699130434782609
4.2730434782608695
4.496086956521739
4.6952173913043485
4.60304347826087
3.8104347826086955
4.108695652173913
4.3478260869565215
4.632173913043478
5.179130434782609
5.410434782608696
5.398695652173913
5.09304347826087
5.062608695652174
5.17304347826087
5.891304347826087
5.652608695652174
5.7247826086956515
6.179565217391304
6.489130434782608
6.10304347826087
6.121739130434783
6.120434782608695
6.200869565217391
5.9913043478260875
6.500869565217392
6.511304347826086
6.736521739130435
6.347391304347826
6.437826086956521
6.764782608695652
6.187391304347826
6.8039130434782615
7.0517391304347825
6.68304347826087
7.029565217391305
6.772173913043478
6.680434782608696
6.920869565217392
6.8713043478260865
7.71
7.8977272727272725
6.906818181818181
6.4786363636363635
6.307272727272727
6.489545454545455
7.236363636363635
7.430000000000001
7.076818181818182
7.526818181818182
7.819545454545454
8.081363636363635
8.02818181818182
8.140454545454546
8.435
8.773636363636363
8.101363636363637
7.984090909090909
8.598181818181818
8.645
8.508636363636363
9.52818181818182
9.313636363636364
8.68090909090909
8.567272727272726
8.43681818181818
8.678636363636365
8.542272727272728
8.75590909090909
9.052272727272728
9.682727272727274
9.547727272727274
9.455454545454545
9.715909090909092
9.916818181818181
10.336818181818181
10.334545454545454
10.970454545454546
10.797727272727272
10.784545454545453
10.94409090909091
11.100454545454546
11.625454545454545
11.459090909090909
11.720454545454546
11.54
11.85409090909091
11.654545454545454
12.247727272727273
12.668181818181818
11.970454545454546
11.975909090909092
12.421363636363635
12.37
12.79
13.060454545454546
12.764545454545454
12.33409090909091
12.371363636363638
13.014999999999999
12.92
13.30090909090909
13.323636363636364
13.588181818181818
13.409999999999998
12.92909090909091
13.265454545454544
13.40090909090909
13.488181818181818
13.896363636363635
13.585909090909091
13.798181818181819
13.73090909090909
13.986363636363636
14.67
14.34772727272727
14.310454545454546
14.258636363636363
13.90227272727273
14.61909090909091
14.817272727272728
14.664545454545454
15.006818181818181
14.836363636363636
15.001818181818182
14.831363636363637
15.594090909090909
15.523636363636363
15.286363636363637
15.543636363636363
15.768181818181818
15.852272727272727
15.827272727272726
15.898181818181818
16.152272727272727
17.25681818181818
17.30090909090909
17.062272727272727
17.165
17.11181818181818
16.77
17.035
16.671363636363637
17.18
16.99590909090909
17.072727272727274
16.64909090909091
16.286363636363635
16.497272727272726
16.438636363636363
17.046363636363637
16.826363636363638
16.803636363636365
16.709545454545456
16.36181818181818
16.67
17.09090909090909
17.041363636363638
17.31590909090909
17.39
17.433636363636364
17.71136363636364
17.126818181818184
16.866818181818182
17.36409090909091
17.283636363636365
16.86
16.665
16.55181818181818
17.043181818181818
17.35818181818182
17.36090909090909
16.65909090909091
16.677272727272726
16.799090909090907
17.51681818181818
17.701363636363638
17.13590909090909
16.64818181818182
16.467727272727274
16.753636363636364
16.96727272727273
17.15772727272727
17.06090909090909
15.990454545454547
15.937727272727273
15.984090909090908
16.366363636363637
15.82
16.14090909090909
16.212727272727275
16.01909090909091
15.641818181818183
15.79
15.747727272727273
15.42681818181818
15.128636363636362
15.06
14.762727272727274
14.973636363636365
14.925454545454546
15.157272727272726
15.034999999999998
14.52681818181818
14.57090909090909
13.962727272727273
13.367272727272727
14.315
14.072272727272725
14.538636363636364
14.346363636363636
14.048181818181819
13.728181818181817
13.969999999999999
13.436363636363637
13.544545454545455
13.512272727272727
13.633636363636363
13.397272727272728
13.529545454545454
13.169545454545455
13.206363636363637
13.32318181818182
13.061739130434784
12.630434782608695
12.56086956521739
12.61304347826087
12.475217391304348
11.870869565217392
11.662173913043478
11.389130434782608
12.18913043478261
12.411739130434784
11.728260869565217
11.713478260869566
11.549565217391304
10.55304347826087
10.935652173913043
10.3
10.145217391304348
10.841739130434782
10.974347826086957
10.354782608695652
10.181739130434783
9.71391304347826
9.547391304347826
10.02608695652174
9.85695652173913
10.227391304347826
10.179130434782609
9.652608695652173
9.073478260869566
9.363478260869567
9.998260869565218
9.820434782608697
9.672173913043478
9.34086956521739
8.025217391304349
7.897826086956522
7.52695652173913
8.256086956521738
8.997826086956522
8.650869565217391
8.247391304347826
8.572173913043478
7.37695652173913
6.959130434782609
6.444347826086957
6.582173913043477
6.813043478260869
6.706086956521739
7.3539130434782605
6.886521739130434
6.093913043478261
5.961304347826087
6.117826086956522
6.605217391304348
6.411739130434783
6.262608695652173
5.588260869565217
5.349130434782609
4.964347826086957
4.6982608695652175
4.906086956521739
5.619565217391305
5.614782608695651
6.100434782608696
5.949130434782609
6.176521739130435
5.806521739130435
5.847391304347826
5.3304347826086955
4.880000000000001
4.475652173913043
4.655652173913043
4.675652173913043
4.885217391304348
5.23695652173913
5.6460869565217395
5.427826086956522
5.487391304347826
5.46
5.141304347826087
5.292173913043478
5.9534782608695656
5.557391304347826
5.5804347826086955
5.692608695652174
5.666521739130435
5.428260869565217
5.662173913043477
5.2126086956521736
5.229565217391304
4.208695652173913
3.9473913043478257
