temperature
3.5143478260869565
3.5278260869565217
2.7243478260869565
2.859130434782609
3.4821739130434786
3.4617391304347827
3.0434782608695654
3.300869565217391
3.1878260869565214
2.976086956521739
2.9695652173913043
2.1778260869565216
2.0430434782608695
2.7069565217391305
3.0
3.111304347826087
2.3108695652173914
2.325217391304348
2.9582608695652177
3.1634782608695655
3.5678260869565217
3.5882608695652176
3.278695652173913
3.1482608695652172
2.9765217391304346
2.5121739130434784
2.367391304347826
2.32695652173913
2.8069565217391306
2.598695652173913
2.251304347826087
2.4152173913043478
3.3439130434782607
3.539565217391304
3.633478260869565
3.507391304347826
3.6917391304347826
3.2939130434782613
3.1256521739130436
2.7960869565217394
2.5852173913043477
2.0682608695652176
2.234782608695652
2.2817391304347825
2.023913043478261
1.5856521739130434
1.5930434782608696
1.9573913043478262
2.4165217391304346
2.586521739130435
2.716521739130435
3.0843478260869563
3.544782608695652
3.5608695652173914
3.4873913043478257
3.2652173913043474
3.3604347826086958
3.545217391304348
3.332608695652174
3.5852173913043477
3.7682608695652173
3.5595652173913046
3.72
3.928695652173913
4.846956521739131
4.896521739130435
4.889565217391304
4.538695652173913
4.579565217391305
4.578695652173913
4.799565217391304
4.579565217391305
4.115652173913043
4.049565217391304
4.047826086956522
4.260434782608695
4.369130434782608
3.8795652173913044
3.9769565217391305
3.8721739130434782
3.957826086956522
4.2382608695652175
4.5917391304347825
4.846956521739131
4.544347826086956
4.680434782608696
4.740869565217391
4.804782608695652
5.270434782608696
5.5230434782608695
5.531363636363636
5.069545454545454
4.416363636363636
4.861818181818181
5.343636363636364
5.255454545454545
5.315454545454545
5.047727272727273
5.258636363636364
5.574545454545454
5.791818181818182
6.194090909090909
5.957727272727272
6.297272727272727
6.55
6.7268181818181825
6.579545454545454
6.609545454545454
6.990909090909091
6.83909090909091
7.240909090909091
7.174545454545455
7.0195454545454545
6.921818181818182
7.111363636363635
7.035
6.895454545454545
6.676363636363636
6.928636363636364
7.16090909090909
7.105909090909091
7.302727272727273
7.497727272727272
7.820909090909091
7.845
8.076818181818181
8.243636363636364
8.53590909090909
7.8518181818181825
8.242272727272727
8.890454545454546
8.710909090909091
9.317727272727273
9.280909090909091
9.44
9.348181818181818
9.198181818181817
9.732272727272727
9.611363636363636
10.051363636363636
9.985454545454546
9.792727272727273
10.237727272727271
10.681363636363637
10.705454545454545
10.55090909090909
10.519545454545455
10.187727272727273
10.290909090909091
10.472727272727273
10.611818181818181
10.966818181818182
10.950000000000001
11.06
11.196818181818182
10.92909090909091
10.895909090909091
11.136363636363637
11.18590909090909
11.636363636363637
11.085454545454546
11.185454545454546
11.441363636363636
11.063636363636364
11.16
11.412727272727272
11.711818181818183
11.798636363636364
11.835909090909091
12.375454545454545
12.491818181818182
12.110454545454546
12.154545454545454
12.140454545454544
11.910909090909092
12.265909090909092
12.297272727272729
12.146363636363638
12.119545454545454
12.283636363636363
12.868636363636364
12.736818181818181
12.749545454545455
13.106363636363636
13.648636363636363
14.059545454545455
13.990454545454547
14.298181818181819
14.136363636363637
13.826818181818181
13.566818181818183
13.955
13.828636363636365
13.769545454545455
13.891363636363637
13.52590909090909
13.52
13.05318181818182
13.355454545454545
13.656363636363636
14.02818181818182
13.745909090909093
13.625
13.529545454545454
13.57909090909091
13.99590909090909
14.249545454545455
14.285909090909092
14.267272727272728
14.492727272727272
13.830909090909092
13.514545454545454
13.502727272727272
13.862727272727273
13.729545454545455
13.385909090909092
13.607727272727272
13.496818181818183
13.443181818181818
13.405454545454546
13.675
13.227727272727272
13.506363636363636
13.64590909090909
13.671363636363635
13.604545454545455
13.789090909090909
13.530000000000001
13.097272727272726
13.091363636363637
13.302272727272726
13.556363636363637
13.634090909090908
13.575454545454546
13.168636363636363
13.591363636363637
13.525
13.389545454545454
13.089545454545457
12.970454545454546
13.386363636363637
12.821363636363635
12.59818181818182
12.965909090909092
12.630454545454546
12.517727272727273
12.445
12.260000000000002
11.953636363636365
11.860454545454546
12.337727272727273
11.778636363636364
11.302272727272728
11.136818181818182
11.210454545454546
10.87
10.996363636363636
11.193636363636363
11.358636363636363
11.57409090909091
11.338181818181818
10.753181818181817
11.06909090909091
10.92590909090909
10.65
11.055
10.607272727272727
10.165909090909091
9.599545454545455
9.756818181818183
10.360909090909091
10.75590909090909
10.316363636363636
10.471739130434782
10.290434782608695
10.156521739130435
10.306521739130433
9.997391304347826
9.861739130434783
9.644782608695651
9.439130434782609
9.788260869565217
9.39
8.937826086956521
8.92304347826087
8.35086956521739
8.508695652173913
8.42608695652174
8.378695652173914
7.961304347826087
8.21782608695652
7.9339130434782605
7.89304347826087
7.60695652173913
7.668695652173913
7.918260869565217
7.99
7.990869565217391
8.113478260869567
7.632173913043478
7.716956521739131
7.545217391304347
7.609565217391305
7.4769565217391305
7.012173913043478
7.381304347826087
6.937391304347826
6.762173913043478
6.174347826086956
5.974782608695653
6.410869565217391
6.575652173913044
6.531739130434782
6.565652173913043
6.327826086956521
5.650869565217391
5.08
4.811739130434782
5.039130434782609
4.766521739130434
4.6665217391304346
4.981304347826087
4.540869565217391
3.7656521739130433
4.1039130434782605
4.75
4.896521739130435
4.959130434782609
4.724782608695652
4.24
3.9139130434782605
3.9130434782608696
3.613913043478261
3.896521739130435
3.994782608695652
4.185652173913043
4.471739130434782
4.563478260869565
4.543043478260869
4.218695652173913
3.5456521739130435
3.2543478260869563
3.0556521739130433
3.2778260869565217
3.6286956521739127
3.8304347826086955
3.9017391304347826
4.046956521739131
4.341304347826087
4.241304347826087
3.6539130434782607
3.6295652173913044
3.9008695652173913
3.7952173913043477
4.1869565217391305
3.7469565217391305
4.017826086956521
4.298260869565217
4.402608695652174
4.39
3.6986956521739134
3.8286956521739133
3.4143478260869564
3.285217391304348
3.4717391304347824
