pet
0.3704545454545455
0.3259090909090909
0.4422727272727273
0.3654545454545455
0.2
0.3245454545454546
0.33681818181818185
0.25545454545454543
0.23090909090909092
0.3140909090909091
0.40090909090909094
0.41363636363636364
0.3468181818181818
0.3704545454545455
0.21727272727272728
0.27590909090909094
0.35727272727272724
0.3063636363636364
0.345
0.22636363636363638
0.37636363636363634
0.36227272727272725
0.34045454545454545
0.4413636363636364
0.29863636363636364
0.3768181818181818
0.3481818181818182
0.3281818181818182
0.32
0.3731818181818182
0.46181818181818185
0.375
0.3759090909090909
0.28454545454545455
0.37454545454545457
0.4681818181818182
0.4354545454545455
0.5918181818181818
0.5168181818181817
0.42
0.5131818181818182
0.4313636363636364
0.4059090909090909
0.5177272727272727
0.5045454545454545
0.4690909090909091
0.5181818181818182
0.3731818181818182
0.4572727272727273
0.5504545454545454
0.48454545454545456
0.48454545454545456
0.5750000000000001
0.5854545454545454
0.5940909090909091
0.5700000000000001
0.6181818181818182
0.6418181818181818
0.7009090909090909
0.6963636363636364
0.7277272727272728
0.8490909090909091
0.7790909090909092
0.7527272727272727
0.77
0.7131818181818181
0.8213636363636364
0.8272727272727273
0.655
0.754090909090909
0.9236363636363637
0.8077272727272727
0.8745454545454546
0.8990909090909092
0.8777272727272727
0.9886363636363636
0.9995454545454546
0.9627272727272728
0.9931818181818183
1.0427272727272727
1.1404545454545454
1.1595454545454547
1.1777272727272727
1.2740909090909092
1.1695454545454547
1.2313636363636364
1.2977272727272728
1.289090909090909
1.2281818181818183
1.1522727272727273
1.1309090909090909
1.1527272727272726
1.2863636363636364
1.4136363636363638
1.3954545454545455
1.518181818181818
1.4413636363636362
1.3063636363636364
1.5422727272727272
1.4736363636363636
1.4545454545454546
1.5422727272727272
1.6163636363636364
1.945
1.830909090909091
1.8827272727272728
1.7368181818181818
1.620909090909091
1.758181818181818
1.835909090909091
1.7277272727272726
1.8622727272727273
1.9740909090909091
2.065909090909091
1.958181818181818
2.0031818181818184
2.147727272727273
2.0090909090909093
1.9172727272727272
1.8890909090909092
2.014090909090909
2.182727272727273
2.1686363636363635
2.2586363636363633
2.195
2.2595454545454547
2.2822727272727272
2.2800000000000002
2.249090909090909
2.1427272727272726
2.3395454545454544
2.3186363636363634
2.372727272727273
2.6572727272727272
2.69
2.686818181818182
2.516818181818182
2.563181818181818
2.6986363636363637
2.554090909090909
2.4422727272727274
2.6313636363636363
2.5322727272727272
2.7713636363636365
2.5454545454545454
2.597272727272727
2.6513636363636364
2.6809090909090907
2.5586363636363636
2.6027272727272726
2.75
2.6890909090909094
2.4554545454545456
2.6304545454545454
2.7904545454545455
2.528181818181818
2.6354545454545453
2.76
2.7618181818181817
2.6768181818181818
2.635909090909091
2.47
2.6854545454545455
2.807727272727273
2.799090909090909
2.985909090909091
2.787272727272727
2.625909090909091
2.6895454545454545
2.810909090909091
3.1509090909090904
2.893181818181818
2.9645454545454544
2.734090909090909
2.6713636363636364
2.669090909090909
2.729090909090909
2.811818181818182
2.7304545454545455
3.014545454545455
2.9736363636363636
2.881818181818182
2.893636363636364
3.3840909090909093
3.0513636363636363
3.027272727272727
3.2936363636363635
3.117272727272727
2.760909090909091
2.7754545454545454
2.6163636363636367
2.8204545454545453
2.7595454545454547
2.6827272727272726
2.583636363636364
2.6418181818181816
2.775
2.799090909090909
2.712727272727273
2.609090909090909
2.6977272727272728
2.661363636363636
2.6295454545454544
2.6672727272727275
2.5636363636363635
2.885
2.72
2.7172727272727273
2.645909090909091
2.8113636363636365
2.5904545454545453
2.3877272727272727
2.692727272727273
2.637272727272727
2.6550000000000002
2.53
2.450454545454545
2.326363636363636
2.1977272727272728
2.2927272727272725
2.299090909090909
2.5054545454545454
2.2468181818181816
2.4072727272727272
2.389090909090909
2.161363636363636
2.4272727272727272
2.610909090909091
2.3986363636363635
2.0786363636363636
2.1595454545454547
2.3954545454545455
2.1845454545454546
2.2295454545454545
2.1209090909090906
2.2195454545454543
1.945909090909091
2.148181818181818
2.127272727272727
1.9968181818181818
1.8990909090909092
2.0322727272727272
1.877727272727273
1.7627272727272727
1.925
1.8781818181818182
1.8609090909090908
1.8495454545454544
1.8318181818181818
1.6927272727272729
1.669090909090909
1.6868181818181818
1.6554545454545455
1.6127272727272726
1.5850000000000002
1.5872727272727274
1.5068181818181818
1.3922727272727273
1.386818181818182
1.3204545454545455
1.3068181818181819
1.3895454545454546
1.366818181818182
1.2254545454545456
1.2622727272727272
1.1490909090909092
1.249090909090909
1.1018181818181818
0.9972727272727273
0.990909090909091
1.015
1.0577272727272726
0.9759090909090908
1.0968181818181817
0.9527272727272728
0.9236363636363637
0.9881818181818182
0.9095454545454544
0.9668181818181818
0.9977272727272727
0.9809090909090908
0.7418181818181818
0.7786363636363636
0.9222727272727272
0.7713636363636364
0.7122727272727273
0.7445454545454545
0.5731818181818181
0.6536363636363636
0.7931818181818181
0.6981818181818181
0.6527272727272727
0.6231818181818182
0.6095454545454545
0.6972727272727273
0.6172727272727273
0.6240909090909091
0.5454545454545454
0.4395454545454545
0.49727272727272726
0.5263636363636364
0.585
0.43727272727272726
0.4295454545454545
0.34909090909090906
0.37636363636363634
0.42636363636363633
0.45454545454545453
0.43318181818181817
0.45545454545454545
0.3527272727272727
0.39590909090909093
0.5331818181818182
0.4540909090909091
0.42045454545454547
0.4190909090909091
0.5504545454545454
0.3618181818181818
0.4586363636363636
0.2927272727272727
0.4186363636363637
0.30454545454545456
0.4072727272727273
0.3322727272727273
0.26545454545454544
0.4722727272727273
0.24772727272727274
0.45045454545454544
0.3831818181818182
0.30818181818181817
0.2531818181818182
0.27636363636363637
0.3140909090909091
0.16818181818181818
0.19636363636363638
0.2409090909090909
0.2618181818181818
0.2863636363636364
0.16636363636363635
0.27090909090909093
0.31772727272727275
0.2131818181818182
0.2513636363636364
0.2490909090909091
0.3077272727272727
0.33272727272727276
0.2840909090909091
0.24181818181818182
0.2290909090909091
0.265
0.35454545454545455
0.35727272727272724
0.26545454545454544
0.3059090909090909
0.2259090909090909
0.2222727272727273
0.30363636363636365
0.20681818181818182
0.26545454545454544
0.20727272727272725
0.29363636363636364
0.24772727272727274
0.2718181818181818
0.3559090909090909
0.22090909090909092
