pet
0.30869565217391304
0.32304347826086954
0.3660869565217391
0.2634782608695652
0.20173913043478264
0.23695652173913045
0.19521739130434784
0.32
0.2604347826086957
0.24608695652173915
0.3717391304347826
0.3539130434782609
0.31826086956521743
0.3343478260869565
0.2234782608695652
0.24043478260869566
0.2539130434782609
0.2734782608695652
0.358695652173913
0.3017391304347826
0.28739130434782606
0.27391304347826084
0.27999999999999997
0.32391304347826083
0.2756521739130435
0.23043478260869565
0.27608695652173915
0.21695652173913044
0.288695652173913
0.26260869565217393
0.3739130434782609
0.34
0.3652173913043478
0.3373913043478261
0.3630434782608695
0.3917391304347826
0.36434782608695654
0.42
0.4191304347826087
0.3160869565217391
0.41478260869565214
0.4091304347826087
0.361304347826087
0.4017391304347826
0.4373913043478261
0.3734782608695652
0.3786956521739131
0.3682608695652174
0.3730434782608696
0.42347826086956525
0.4252173913043478
0.4908695652173913
0.5734782608695652
0.48000000000000004
0.4956521739130435
0.4643478260869565
0.46956521739130436
0.5352173913043479
0.6056521739130435
0.568695652173913
0.6130434782608696
0.6460869565217391
0.7134782608695652
0.6117391304347827
0.6413043478260869
0.6578260869565218
0.6560869565217391
0.7043478260869565
0.6591304347826087
0.6978260869565218
0.7708695652173914
0.7704347826086956
0.6995652173913044
0.8269565217391304
0.7769565217391304
0.8365217391304347
0.8934782608695653
0.8260869565217391
0.8947826086956521
0.9517391304347826
0.9265217391304347
0.9282608695652175
1.1056521739130434
0.9952173913043478
0.9708695652173912
1.0847826086956522
1.12
1.147391304347826
1.0860869565217393
0.998695652173913
1.018181818181818
1.1336363636363638
1.1931818181818181
1.1836363636363636
1.2236363636363636
1.210909090909091
1.2722727272727274
1.269090909090909
1.2522727272727272
1.2586363636363638
1.185
1.3336363636363637
1.39
1.572272727272727
1.545909090909091
1.5213636363636363
1.6090909090909091
1.4563636363636363
1.49
1.6254545454545453
1.5854545454545457
1.4840909090909091
1.744090909090909
1.7422727272727272
1.7731818181818182
1.9063636363636363
1.895909090909091
1.6868181818181818
1.6536363636363638
1.6440909090909093
1.935909090909091
1.9027272727272726
1.8863636363636365
1.956818181818182
1.966818181818182
1.9827272727272727
1.8272727272727274
1.924090909090909
1.8545454545454545
1.8709090909090909
2.1145454545454547
1.9663636363636363
2.2468181818181816
2.3659090909090907
2.3545454545454545
2.4336363636363636
2.264090909090909
2.1863636363636365
2.454090909090909
2.3327272727272725
2.3272727272727276
2.312272727272727
2.1354545454545453
2.375
2.4986363636363635
2.398181818181818
2.44
2.466818181818182
2.38
2.4645454545454544
2.2604545454545453
2.525
2.358636363636364
2.523636363636364
2.5681818181818183
2.2459090909090906
2.2181818181818183
2.361818181818182
2.3968181818181815
2.360909090909091
2.4263636363636363
2.1713636363636364
2.3431818181818183
2.3000000000000003
2.5827272727272725
2.604090909090909
2.411363636363636
2.3622727272727273
2.4095454545454547
2.563181818181818
2.6863636363636365
2.4436363636363634
2.6045454545454545
2.3272727272727276
2.380909090909091
2.3790909090909094
2.4781818181818185
2.5727272727272728
2.4945454545454546
2.652727272727273
2.5813636363636365
2.2254545454545456
2.5736363636363637
2.5477272727272724
2.5
2.760909090909091
2.9654545454545453
2.6772727272727272
2.5036363636363634
2.58
2.3204545454545453
2.6104545454545454
2.471363636363636
2.287272727272727
2.424090909090909
2.151818181818182
2.4995454545454545
2.314090909090909
2.3863636363636362
2.3286363636363636
2.4968181818181816
2.555
2.205
2.165909090909091
2.1895454545454545
2.3336363636363635
2.2618181818181817
2.2954545454545454
2.1786363636363637
2.4195454545454544
2.2586363636363633
2.037272727272727
2.2313636363636364
2.091818181818182
2.1313636363636363
2.0613636363636365
2.048636363636364
1.8695454545454544
1.8354545454545457
1.8872727272727274
2.091818181818182
1.9945454545454546
2.010909090909091
1.935
1.8004545454545455
1.8322727272727273
1.8845454545454545
2.102272727272727
2.0481818181818183
1.8631818181818183
1.6718181818181819
1.8472727272727274
1.9518181818181817
1.9377272727272727
1.742727272727273
1.8095454545454546
1.731818181818182
1.7518181818181817
1.7018181818181817
1.6159090909090907
1.5468181818181819
1.5463636363636366
1.5190909090909093
1.7054545454545456
1.6009090909090908
1.4722727272727274
1.4872727272727273
1.555
1.4822727272727272
1.1790909090909092
1.3936363636363636
1.3077272727272726
1.3586363636363636
1.3477272727272727
1.3186363636363636
1.2813636363636363
1.2322727272727272
1.1963636363636363
1.1222727272727273
1.1777272727272727
1.269090909090909
1.2254545454545456
1.1186363636363637
1.110909090909091
0.9850000000000001
0.9690909090909091
1.0322727272727272
0.9390909090909091
0.8418181818181818
0.7859090909090909
0.7736363636363636
0.8577272727272728
0.8527272727272727
0.938695652173913
0.8891304347826087
0.8782608695652173
0.7647826086956522
0.7952173913043478
0.8008695652173913
0.8347826086956521
0.8160869565217391
0.63
0.7869565217391304
0.742608695652174
0.6073913043478261
0.5965217391304348
0.5726086956521739
0.4691304347826087
0.5078260869565218
0.6343478260869565
0.5765217391304348
0.6639130434782609
0.5804347826086956
0.5969565217391305
0.5678260869565218
0.548695652173913
0.41956521739130437
0.4691304347826087
0.46043478260869564
0.5143478260869565
0.4208695652173913
0.5260869565217391
0.3817391304347826
0.4808695652173913
0.42826086956521736
0.4678260869565217
0.3526086956521739
0.3934782608695652
0.3882608695652174
0.5008695652173912
0.31565217391304345
0.3595652173913043
0.43478260869565216
0.4186956521739131
0.4956521739130435
0.41956521739130437
0.47043478260869565
0.26260869565217393
0.3821739130434782
0.26608695652173914
0.33260869565217394
0.2608695652173913
0.3826086956521739
0.3530434782608695
0.21043478260869564
0.3021739130434783
0.25869565217391305
0.41608695652173916
0.2817391304347826
0.25
0.21217391304347827
0.2504347826086956
0.29043478260869565
0.24217391304347827
0.22869565217391302
0.21695652173913044
0.26608695652173914
0.3343478260869565
0.2530434782608696
0.32782608695652177
0.28695652173913044
0.10782608695652174
0.1443478260869565
0.1930434782608696
0.22217391304347828
0.2473913043478261
0.3239130434782609
0.17260869565217393
0.24130434782608695
0.2747826086956522
0.25478260869565217
0.26130434782608697
0.24391304347826087
0.27608695652173915
0.1891304347826087
0.20913043478260868
0.25869565217391305
0.25217391304347825
0.2856521739130435
0.1673913043478261
0.28739130434782606
0.31173913043478263
0.2039130434782609
0.3373913043478261
0.22000000000000003
