temperature
3.8714285714285714
3.8895238095238094
3.605714285714286
3.9747619047619045
4.362857142857143
4.473333333333334
3.3728571428571428
3.6861904761904762
3.9147619047619044
3.624285714285714
3.4580952380952383
2.8647619047619046
2.3876190476190478
2.619047619047619
3.350952380952381
3.54
2.8733333333333335
2.322857142857143
3.141904761904762
3.325714285714286
3.98
4.132380952380952
3.737619047619048
3.817619047619048
3.53
3.26
2.9604761904761907
3.0476190476190474
3.4223809523809527
3.4228571428571426
3.3519047619047617
3.4200000000000004
3.693809523809524
3.886190476190476
3.923809523809524
4.3342857142857145
4.603809523809524
4.470952380952381
4.118571428571428
3.464761904761905
3.0404761904761903
2.719047619047619
2.803809523809524
2.6285714285714286
2.0842857142857145
1.9095238095238096
2.0185714285714287
2.6761904761904765
2.822380952380952
2.970952380952381
2.839047619047619
3.4057142857142857
3.988571428571429
4.041904761904762
4.178571428571429
3.34952380952381
3.910476190476191
3.9466666666666663
4.167142857142857
4.55
4.77
4.941818181818181
4.962727272727273
5.281818181818182
5.544090909090909
5.880909090909091
5.800454545454546
5.390454545454546
5.8968181818181815
6.033181818181817
5.690909090909091
5.682272727272727
5.474545454545455
5.611818181818181
5.301818181818182
5.891818181818182
5.886363636363637
5.837727272727273
5.702727272727273
5.911363636363637
5.778636363636363
5.685
5.8140909090909085
6.340454545454546
5.94
6.222727272727273
5.935
5.965
6.367727272727273
6.359090909090909
7.260454545454545
6.835
5.765454545454546
5.758181818181819
6.023636363636364
6.14
6.387272727272728
6.248636363636364
6.357727272727273
6.877272727272728
7.237727272727272
7.912272727272727
7.3113636363636365
7.6018181818181825
8.011818181818182
8.239545454545455
7.98590909090909
7.840454545454546
8.503181818181817
8.378636363636364
8.290454545454544
8.773636363636363
8.313636363636364
7.866818181818181
8.000454545454545
8.092727272727272
8.05090909090909
7.987727272727272
8.390454545454546
8.763181818181819
8.877272727272727
8.475
8.917272727272728
8.993181818181817
9.166818181818183
9.378181818181817
9.742272727272727
10.47409090909091
9.979090909090909
9.911363636363637
10.316818181818181
10.078181818181818
10.857727272727272
10.568636363636363
10.849545454545455
10.942272727272726
10.950909090909091
11.079545454545455
11.107272727272727
11.719090909090909
11.672272727272729
11.466363636363637
11.934545454545455
12.05090909090909
12.142272727272728
12.142272727272728
12.005454545454546
11.635909090909092
11.929545454545455
11.83090909090909
12.073636363636364
12.719090909090909
12.648636363636363
12.842272727272727
12.807727272727272
13.005
13.137272727272727
13.085454545454546
13.286363636363637
13.453181818181816
13.373636363636365
13.22318181818182
13.297272727272729
13.34590909090909
13.69090909090909
13.444545454545453
13.874545454545455
14.120909090909093
13.720454545454544
14.33409090909091
14.213181818181818
14.010000000000002
14.070454545454545
13.871818181818183
13.878181818181817
14.481363636363637
14.900454545454545
14.660909090909092
14.635000000000002
14.87409090909091
15.126363636363637
15.213636363636363
15.294090909090908
15.335
15.803636363636365
16.005
16.077727272727273
16.11318181818182
16.428636363636365
15.867727272727272
15.853636363636362
15.979545454545455
15.600454545454545
16.217272727272725
16.172727272727272
16.40909090909091
16.221818181818183
15.932272727272727
15.632727272727273
15.81409090909091
16.283636363636365
15.709090909090907
15.757727272727273
15.937727272727273
15.583636363636366
15.788181818181819
16.18409090909091
16.484545454545454
16.756363636363634
16.91409090909091
16.708636363636362
16.405
16.123636363636365
16.35409090909091
16.55409090909091
16.079545454545453
16.057727272727274
16.174090909090907
15.566363636363635
15.983636363636363
16.063636363636363
15.871818181818183
16.028181818181817
16.04
16.211363636363636
16.741363636363637
17.086363636363636
16.29
15.719999999999999
15.70318181818182
15.793636363636363
16.287272727272725
16.12181818181818
15.778636363636364
14.753181818181817
15.152727272727274
15.27590909090909
15.281363636363636
14.79409090909091
15.184545454545455
15.506818181818181
15.406363636363636
14.42909090909091
15.19090909090909
14.740454545454547
14.59909090909091
14.225454545454545
14.285909090909092
13.945
14.125
14.427272727272726
14.232727272727272
14.158181818181818
13.505
13.546363636363635
13.265454545454544
12.901363636363635
12.981363636363636
13.276363636363635
13.550454545454546
13.264090909090909
12.725909090909092
13.050454545454546
12.966818181818182
12.50090909090909
12.913181818181817
12.59681818181818
12.133636363636363
12.119545454545454
12.034999999999998
12.260909090909092
12.23090909090909
12.107272727272727
11.75
11.65409090909091
11.584545454545454
11.715000000000002
11.407272727272728
11.356363636363637
11.11909090909091
10.615909090909092
11.416818181818181
11.159090909090908
10.41909090909091
10.44
10.148181818181818
9.503181818181817
9.538636363636364
9.042727272727273
8.838636363636363
9.18681818181818
9.424545454545454
9.376818181818182
8.545454545454545
8.525
8.655909090909091
9.038181818181819
8.969545454545456
9.102272727272727
9.117727272727272
8.67
8.089545454545455
8.375909090909092
8.666818181818183
8.333636363636364
8.215454545454547
8.143636363636363
7.497272727272727
7.3536363636363635
6.867727272727273
7.5263636363636355
8.002272727272727
7.590454545454546
7.464545454545455
7.545000000000001
6.455454545454546
5.934545454545455
5.456818181818182
5.7727272727272725
5.578181818181818
5.378636363636364
5.956363636363636
5.920909090909091
4.991818181818182
4.641363636363637
5.298181818181818
5.682727272727273
5.5249999999999995
5.509090909090909
4.831363636363636
4.32
4.0631818181818184
3.960909090909091
3.963181818181818
4.701818181818182
5.123636363636364
5.455
5.553181818181819
5.352727272727273
4.821818181818181
4.572727272727272
4.136363636363637
3.9031818181818183
3.5990909090909087
3.6827272727272726
3.727272727272727
3.6931818181818183
4.320454545454545
4.789545454545455
4.407142857142857
4.326666666666666
3.9576190476190476
3.899047619047619
4.165238095238095
5.08952380952381
4.508571428571429
4.829047619047619
4.957142857142857
4.93952380952381
4.81047619047619
4.795238095238095
5.012380952380953
4.928571428571429
3.9180952380952383
3.6895238095238096
