temperature
5.629090909090909
5.0249999999999995
5.076818181818182
4.90090909090909
5.861818181818182
5.161363636363636
5.362272727272727
5.354090909090909
5.231363636363636
5.722727272727273
5.871818181818182
6.532272727272727
6.173181818181818
5.634545454545454
6.555000000000001
5.854545454545455
5.802727272727273
5.725454545454546
5.895
5.434090909090909
5.1440909090909095
5.149545454545454
4.8559090909090905
4.878636363636364
5.052272727272728
4.531818181818182
4.572727272727272
4.875454545454546
4.883636363636364
4.679090909090909
4.5631818181818184
4.877272727272727
4.574545454545454
4.63909090909091
5.741363636363636
5.892727272727272
5.6054545454545455
5.244545454545454
4.916818181818182
4.8959090909090905
5.243181818181818
5.902272727272727
6.123181818181819
5.515454545454546
4.671818181818182
5.083181818181818
5.124545454545454
5.277272727272727
5.298636363636364
5.477727272727273
4.945454545454545
5.010454545454546
5.4363636363636365
5.677727272727273
5.805454545454546
5.673181818181818
5.745909090909091
5.49
5.353181818181818
5.085909090909091
4.662727272727273
4.89
4.8940909090909095
4.9790909090909095
5.8113636363636365
6.561818181818182
6.705909090909091
6.530454545454545
6.59
6.422272727272727
6.123636363636364
5.73590909090909
6.013636363636365
6.833636363636364
6.748181818181819
7.145454545454546
6.586363636363637
6.109999999999999
6.15
6.653181818181818
7.001818181818181
7.234999999999999
7.310454545454545
7.656363636363636
7.355
6.897272727272727
6.956363636363636
7.424545454545455
7.586363636363637
7.806363636363637
7.945652173913044
7.927826086956522
7.478695652173912
7.340869565217392
7.338260869565217
8.029565217391305
7.193913043478261
7.2873913043478264
7.706086956521739
7.758260869565217
7.593913043478261
7.5456521739130435
7.623913043478261
7.918695652173913
8.033478260869567
8.26391304347826
8.306086956521739
8.123043478260868
7.682608695652173
8.080434782608695
8.907826086956522
9.232608695652173
9.54782608695652
9.546521739130435
9.74
9.721739130434782
9.707826086956521
9.877391304347826
9.685217391304347
9.749565217391305
9.963478260869564
10.387391304347826
10.264347826086958
10.10086956521739
10.169130434782609
10.038695652173912
10.365217391304348
10.35695652173913
10.314782608695653
10.706521739130435
11.294347826086955
10.783478260869567
10.57304347826087
10.453478260869565
10.78695652173913
11.14782608695652
10.765217391304347
10.627391304347826
10.819565217391304
10.905652173913042
11.171304347826087
11.360434782608696
11.83608695652174
11.911739130434782
11.72
11.660434782608695
11.773913043478261
11.64913043478261
11.82521739130435
12.541304347826086
12.482608695652175
12.682608695652174
13.207826086956521
13.020869565217392
12.72086956521739
12.665217391304349
13.018260869565218
12.89391304347826
13.014347826086956
13.240869565217393
13.23
13.07695652173913
12.857391304347825
12.891739130434782
13.385652173913044
13.570434782608697
13.932608695652174
14.190434782608696
14.240434782608695
14.389565217391304
14.049565217391304
13.55695652173913
13.734782608695651
13.906086956521738
13.9
14.386521739130433
14.415217391304349
14.598695652173912
14.766521739130434
15.142608695652175
15.045652173913044
15.254347826086958
14.881304347826086
15.018695652173914
14.80391304347826
14.601304347826087
14.430434782608694
14.688695652173912
14.85695652173913
15.075652173913044
15.534347826086957
15.249130434782609
15.160869565217391
15.154782608695653
15.345652173913043
15.60478260869565
15.586521739130434
15.406956521739131
15.70695652173913
16.12695652173913
15.812608695652173
15.651304347826088
15.473478260869564
15.701304347826087
15.759565217391305
16.178695652173914
16.06434782608696
16.049130434782608
16.16
15.957391304347825
15.610869565217392
15.521304347826087
16.019565217391303
16.178260869565214
16.135217391304348
16.07304347826087
16.30695652173913
15.954782608695652
15.923478260869565
15.814347826086957
15.958260869565219
15.994347826086956
16.11913043478261
15.75695652173913
15.285217391304348
15.443478260869565
15.424347826086956
15.338260869565216
15.523478260869567
15.46913043478261
15.562608695652173
15.715217391304348
15.52608695652174
15.681304347826087
15.40913043478261
14.846086956521738
14.990869565217393
15.408695652173913
14.710434782608697
14.43913043478261
14.300434782608697
14.657826086956522
14.76391304347826
14.343478260869563
14.434347826086958
14.858695652173912
14.591739130434783
14.492173913043478
14.553478260869566
14.390434782608697
14.184347826086958
14.200434782608696
14.441739130434781
14.528260869565216
13.851304347826087
13.748260869565216
13.265217391304349
13.07521739130435
12.978260869565217
12.996521739130435
13.360434782608696
13.722173913043479
13.64304347826087
13.551739130434783
13.32
13.082608695652173
12.881304347826086
12.533478260869565
12.741739130434782
12.781304347826085
13.100434782608696
13.06086956521739
13.427391304347825
13.431363636363637
12.609090909090908
12.42090909090909
11.615454545454545
11.537727272727274
11.94818181818182
11.55909090909091
12.394545454545455
12.265454545454544
12.213181818181818
12.018181818181818
11.67
11.30181818181818
11.17909090909091
11.299090909090909
11.345
10.648181818181818
10.247272727272728
10.370000000000001
10.06
10.692272727272728
10.509090909090908
10.661363636363637
10.772272727272728
10.456818181818182
10.700000000000001
10.753181818181817
10.227727272727272
10.25909090909091
10.59590909090909
10.282272727272728
9.372272727272728
9.266363636363637
9.302727272727273
9.09590909090909
9.468636363636364
9.084090909090909
8.70590909090909
9.272727272727273
8.549999999999999
8.591818181818182
8.94590909090909
8.597727272727273
8.687727272727273
8.247272727272728
7.860454545454545
7.59590909090909
7.722727272727273
7.7731818181818175
7.335
7.41409090909091
7.171363636363637
6.83590909090909
6.712727272727273
7.307272727272727
7.068636363636363
7.247272727272727
7.084545454545455
7.194090909090909
7.032272727272727
6.941818181818181
6.454545454545454
6.510909090909092
6.332727272727272
6.550454545454546
6.3
6.111363636363635
5.95090909090909
6.114090909090908
5.984999999999999
6.165
6.03590909090909
6.129545454545454
5.963181818181818
5.391363636363637
5.133181818181818
5.264545454545455
5.040454545454545
5.333636363636364
5.146818181818182
4.765454545454546
5.659545454545454
5.365
6.032272727272727
6.129545454545454
5.256363636363637
4.839545454545455
4.960454545454545
4.5181818181818185
4.910909090909091
5.418181818181818
5.369545454545454
