pet
0.2159090909090909
0.27045454545454545
0.2772727272727273
0.27772727272727277
0.23409090909090907
0.1959090909090909
0.36045454545454547
0.31272727272727274
0.2927272727272727
0.3145454545454545
0.35500000000000004
0.32954545454545453
0.3377272727272727
0.315
0.30818181818181817
0.24500000000000002
0.2813636363636363
0.2672727272727273
0.32227272727272727
0.3390909090909091
0.30363636363636365
0.2840909090909091
0.2840909090909091
0.33409090909090905
0.3518181818181818
0.40318181818181814
0.3709090909090909
0.45045454545454544
0.3795454545454545
0.38045454545454543
0.4268181818181818
0.4304545454545455
0.43863636363636366
0.4127272727272727
0.4813636363636364
0.4777272727272727
0.5318181818181817
0.5404545454545455
0.5154545454545455
0.5086363636363637
0.49
0.4581818181818182
0.5490909090909091
0.5622727272727273
0.5277272727272727
0.5872727272727273
0.6154545454545455
0.49090909090909096
0.5736363636363636
0.6245454545454545
0.685
0.6895454545454546
0.7336363636363636
0.6736363636363637
0.5795454545454546
0.7000000000000001
0.7786363636363636
0.8031818181818182
0.7195454545454546
0.7795454545454544
0.9027272727272727
0.7777272727272727
0.8245454545454546
0.8186363636363637
0.9213636363636364
0.9136363636363637
0.9040909090909092
0.9459090909090908
1.0822727272727273
1.0036363636363637
1.0554545454545454
1.0377272727272728
1.094090909090909
1.02
1.01
1.0463636363636364
1.1022727272727273
1.1645454545454546
1.0822727272727273
1.1763636363636363
1.19
1.1827272727272726
1.1922727272727274
1.1281818181818182
1.28
1.2945454545454547
1.345
1.3681818181818182
1.3381818181818181
1.5445454545454544
1.5191304347826087
1.5969565217391304
1.4660869565217391
1.4821739130434781
1.52
1.8569565217391304
1.6117391304347826
1.7547826086956522
1.5856521739130434
1.7578260869565216
1.6830434782608696
1.6117391304347826
1.6569565217391304
1.7404347826086957
1.7665217391304349
1.9360869565217391
1.9173913043478261
2.0560869565217392
1.6873913043478261
1.8482608695652174
2.030869565217391
2.0826086956521737
2.0404347826086955
1.9900000000000002
2.0386956521739132
1.9582608695652173
2.1582608695652175
2.1695652173913045
2.182608695652174
2.1695652173913045
2.38695652173913
2.379565217391304
2.4656521739130435
2.4573913043478264
2.2482608695652173
2.3595652173913044
2.4682608695652175
2.317391304347826
2.493913043478261
2.2256521739130433
2.4656521739130435
2.619565217391304
2.384782608695652
2.3126086956521736
2.4995652173913046
2.3530434782608696
2.236086956521739
2.4991304347826087
2.6191304347826088
2.227826086956522
2.3534782608695655
2.4830434782608695
2.819130434782609
2.7247826086956524
2.7730434782608695
2.564782608695652
2.3404347826086958
2.6339130434782607
2.695217391304348
2.832173913043478
3.096086956521739
2.967391304347826
2.7065217391304346
2.7521739130434786
2.595217391304348
2.902608695652174
2.571304347826087
2.9808695652173913
2.9795652173913045
3.0808695652173914
2.8447826086956525
2.802608695652174
2.6091304347826085
2.677391304347826
2.614782608695652
2.8743478260869564
2.930869565217391
2.883478260869565
3.0413043478260873
2.9591304347826086
3.2647826086956524
3.0491304347826085
2.970869565217391
3.1204347826086956
3.0530434782608693
2.9643478260869567
3.0878260869565217
2.9478260869565216
3.104782608695652
3.2395652173913048
3.010869565217391
2.973478260869565
2.8417391304347825
2.861304347826087
2.8756521739130436
2.847826086956522
2.822608695652174
2.851304347826087
2.756521739130435
3.031739130434783
3.041739130434783
3.1882608695652173
3.0539130434782606
2.86
3.1908695652173913
2.9752173913043483
3.1160869565217393
2.885217391304348
3.101304347826087
3.10695652173913
2.976086956521739
2.856521739130435
2.930434782608696
2.9956521739130437
3.0869565217391304
3.0778260869565215
2.7556521739130435
2.82695652173913
2.9530434782608697
2.8256521739130434
2.9791304347826086
2.7113043478260868
2.534782608695652
2.9373913043478264
2.8765217391304345
2.4543478260869565
2.8782608695652177
2.6895652173913045
2.638695652173913
2.753913043478261
2.8078260869565215
2.463913043478261
2.657391304347826
2.4191304347826086
2.302608695652174
2.3204347826086957
2.5943478260869566
2.62
2.4756521739130433
2.3317391304347823
2.4669565217391307
2.3634782608695653
2.323478260869565
2.402173913043478
2.143913043478261
1.9934782608695654
1.9882608695652173
1.9560869565217391
2.2621739130434784
2.156086956521739
2.0591304347826087
1.876086956521739
1.9178260869565218
2.0552173913043474
1.9204347826086958
1.7834782608695654
2.048695652173913
1.7904347826086957
1.767391304347826
1.9117391304347826
1.7878260869565217
1.838695652173913
1.8182608695652174
1.673913043478261
1.713913043478261
1.7160869565217391
1.6182608695652174
1.4682608695652175
1.6156521739130434
1.5408695652173912
1.3808695652173912
1.3456521739130434
1.3378260869565217
1.501304347826087
1.347391304347826
1.31
1.297826086956522
1.1252173913043477
1.1195652173913044
1.0778260869565217
1.1643478260869566
1.1291304347826085
1.0878260869565217
1.1222727272727273
1.0672727272727274
1.0754545454545454
1.1363636363636365
1.0445454545454547
0.9781818181818182
0.9295454545454546
0.8359090909090909
0.8904545454545455
0.9945454545454545
0.8845454545454546
0.8104545454545454
0.6713636363636364
0.6672727272727272
0.6522727272727272
0.6431818181818182
0.8263636363636363
0.795
0.7240909090909091
0.6577272727272727
0.6754545454545454
0.6749999999999999
0.6736363636363637
0.6613636363636364
0.7186363636363636
0.7127272727272728
0.6954545454545454
0.6131818181818182
0.525
0.56
0.5713636363636364
0.5118181818181818
0.48363636363636364
0.47
0.40090909090909094
0.4072727272727273
0.41818181818181815
0.3845454545454545
0.3640909090909091
0.3618181818181818
0.3118181818181818
0.35863636363636364
0.33954545454545454
0.3618181818181818
0.385
0.23590909090909093
0.23090909090909092
0.25227272727272726
0.27909090909090906
0.22454545454545452
0.25181818181818183
0.22227272727272726
0.2081818181818182
0.2918181818181818
0.23954545454545453
0.23545454545454544
0.24954545454545454
0.22772727272727272
0.25363636363636366
0.2381818181818182
0.23681818181818182
0.2609090909090909
0.27136363636363636
0.30863636363636365
0.26681818181818184
0.3286363636363636
0.29045454545454547
0.36772727272727274
0.21954545454545454
0.2677272727272727
0.24818181818181817
0.2159090909090909
0.17681818181818182
0.2113636363636364
0.2972727272727273
0.22227272727272726
0.24636363636363637
0.17636363636363636
0.12000000000000001
0.1159090909090909
0.13545454545454547
0.19545454545454544
0.19136363636363637
0.20227272727272727
0.3372727272727273
0.2595454545454545
0.2636363636363636
0.2531818181818182
0.22272727272727275
0.18545454545454546
0.20272727272727273
0.20454545454545456
