temperature
2.648181818181818
2.204090909090909
1.9868181818181818
1.8795454545454546
2.8986363636363635
2.4377272727272725
2.7695454545454545
2.640909090909091
2.6586363636363632
3.0645454545454545
3.090909090909091
3.7849999999999997
3.5404545454545455
3.0722727272727273
3.5181818181818185
2.869545454545454
2.8790909090909094
2.9295454545454547
2.9486363636363637
2.5731818181818182
2.122272727272727
2.1031818181818185
2.1209090909090906
2.359090909090909
2.4568181818181816
2.1904545454545454
2.3063636363636366
2.057727272727273
2.0545454545454542
1.875909090909091
2.1286363636363634
2.42
2.182272727272727
2.2095454545454545
2.985909090909091
2.9868181818181823
2.824090909090909
2.2809090909090908
1.9263636363636365
2.1995454545454547
2.3268181818181817
3.1559090909090908
3.362727272727273
2.83
2.228181818181818
2.7954545454545454
2.4522727272727276
2.4777272727272726
2.2418181818181817
2.444545454545455
2.14
2.232727272727273
2.6977272727272728
2.897727272727273
2.817272727272727
3.0895454545454544
2.9963636363636366
2.9181818181818184
2.5777272727272726
2.32
2.0063636363636363
2.1609090909090907
2.130909090909091
2.411818181818182
3.1145454545454543
3.938636363636364
3.902272727272727
3.7509090909090905
3.8536363636363635
3.541363636363636
3.2754545454545454
2.8354545454545454
3.5777272727272726
4.044545454545455
3.9663636363636368
4.411818181818182
3.713636363636364
3.392272727272727
3.639090909090909
3.9327272727272726
4.11
4.4809090909090905
4.524090909090909
4.872727272727273
4.52
4.051363636363636
4.286818181818182
4.556363636363636
4.865
5.174545454545455
5.433636363636364
5.456363636363637
5.138181818181819
4.763636363636364
4.852727272727273
5.184545454545455
4.554090909090909
4.463181818181818
5.1068181818181815
5.320454545454545
4.953636363636364
4.829545454545454
4.850909090909091
5.469545454545455
5.526363636363636
5.425909090909091
5.705909090909091
5.079545454545454
4.905454545454545
5.4786363636363635
6.347272727272727
6.739545454545455
7.212727272727273
7.257727272727272
7.159545454545454
6.829545454545454
6.891363636363636
6.996363636363637
6.984999999999999
7.010454545454545
7.414090909090908
7.745000000000001
7.720454545454545
7.755000000000001
7.619545454545454
7.325454545454545
7.9377272727272725
7.921818181818182
7.805000000000001
8.031363636363636
8.272727272727273
8.155454545454544
8.032272727272728
8.098636363636363
8.426363636363636
8.422727272727272
8.283478260869567
7.953913043478261
8.304347826086957
8.504347826086956
8.534782608695652
8.79695652173913
9.191739130434783
9.262608695652174
9.02608695652174
8.967391304347826
9.15304347826087
9.208260869565217
9.467391304347826
9.867391304347825
10.027391304347827
10.278260869565218
10.640434782608695
10.461739130434783
10.11695652173913
10.034347826086956
10.381304347826088
10.386086956521739
10.374782608695652
10.749130434782609
10.847826086956522
10.584347826086956
10.204347826086956
10.215652173913044
10.52608695652174
10.654347826086957
11.132608695652175
11.645217391304346
11.486521739130435
11.582173913043478
11.251304347826085
10.801304347826088
11.06391304347826
11.292173913043479
11.37217391304348
11.757391304347827
12.030434782608696
11.672608695652174
12.061739130434784
12.468695652173912
12.398260869565219
12.449130434782608
12.405217391304348
12.386521739130433
12.45304347826087
12.173478260869565
11.971739130434784
12.223478260869564
12.29304347826087
12.32391304347826
12.950000000000001
12.616521739130436
12.592173913043478
12.242173913043478
12.444782608695652
12.62217391304348
12.797391304347824
12.61826086956522
13.095652173913043
13.418695652173913
13.095652173913043
12.645652173913044
12.776521739130436
13.262608695652174
13.14304347826087
13.369130434782608
13.295652173913044
13.227826086956522
13.02
13.233478260869566
13.062608695652173
13.01391304347826
13.411304347826086
13.403478260869566
13.452173913043477
13.418695652173913
13.53391304347826
13.231304347826086
13.049130434782608
12.83608695652174
13.200000000000001
13.097826086956522
13.38173913043478
12.959130434782608
12.626086956521737
12.829565217391304
12.696956521739128
12.575652173913044
12.832173913043478
12.673913043478262
12.97086956521739
13.033043478260868
12.709999999999999
12.591304347826087
12.493478260869566
11.984782608695651
12.002173913043478
12.342608695652174
11.755652173913044
11.644347826086957
11.714347826086957
11.761304347826087
11.93
11.620434782608696
11.840434782608694
12.216521739130435
11.87217391304348
11.848260869565218
11.60086956521739
11.522608695652172
11.355217391304349
11.216521739130435
11.653478260869564
11.76695652173913
11.096521739130434
11.099565217391303
10.462608695652174
10.241739130434782
10.05391304347826
10.136086956521739
10.676521739130434
10.918260869565218
10.926521739130434
10.98913043478261
10.60608695652174
10.268260869565216
9.964782608695652
9.835217391304349
9.868695652173912
8.760000000000002
10.488260869565218
10.538695652173912
10.76086956521739
10.624545454545455
9.715454545454547
9.594545454545456
8.771363636363636
8.824545454545454
8.973181818181818
8.866363636363637
9.536363636363637
9.355
9.077727272727273
8.865909090909092
8.604090909090909
8.314545454545454
8.432727272727274
8.541363636363636
8.116818181818182
7.782272727272727
7.493181818181818
7.642727272727272
7.050909090909091
7.702272727272727
7.708181818181817
7.716363636363636
7.858636363636363
7.794090909090909
7.946818181818181
8.032727272727273
7.443636363636363
7.115454545454545
7.657272727272727
7.567727272727273
6.850909090909091
6.609090909090909
6.693636363636363
6.38909090909091
6.742272727272728
6.258181818181819
6.217272727272728
6.346818181818182
5.499545454545454
5.765454545454546
6.084545454545455
5.99
5.975909090909091
5.634545454545455
5.486363636363636
4.964545454545455
5.021818181818182
4.920909090909091
4.352727272727273
4.447727272727272
4.2295454545454545
3.9104545454545456
3.907272727272727
4.761363636363637
4.179090909090909
4.611363636363636
4.557272727272728
4.217727272727273
4.119090909090909
4.073636363636364
3.566363636363636
3.828181818181818
3.7704545454545455
3.5595454545454546
3.6213636363636366
3.5595454545454546
3.3099999999999996
3.2436363636363637
3.772272727272727
3.929090909090909
3.4231818181818183
3.2568181818181814
3.1845454545454546
2.6845454545454546
2.4995454545454545
2.8413636363636363
2.4181818181818184
2.1863636363636365
2.0786363636363636
1.1700000000000002
2.479090909090909
2.6568181818181817
3.3295454545454546
3.3172727272727274
2.446818181818182
2.0
1.981818181818182
1.5404545454545455
1.7054545454545456
2.316363636363636
2.4099999999999997
