temperature
4.571818181818181
4.028636363636363
3.842727272727273
3.809090909090909
4.800909090909091
4.357272727272727
4.590454545454545
4.829545454545454
4.541363636363636
4.926363636363636
4.98590909090909
5.582727272727273
5.674545454545455
4.75
5.491363636363636
4.7704545454545455
4.716363636363637
4.785909090909091
5.197272727272727
4.807272727272728
4.219090909090909
4.106363636363636
4.016363636363637
3.9918181818181817
4.3145454545454545
3.9
3.933636363636364
4.001818181818182
4.158636363636363
3.9031818181818183
3.935909090909091
4.1409090909090915
3.860454545454546
3.9909090909090907
5.131363636363637
5.092272727272728
4.908181818181818
4.419545454545455
3.885
3.944545454545455
4.393636363636364
5.0645454545454545
5.504545454545454
4.829999999999999
4.007272727272727
4.534545454545455
4.481363636363636
4.465
4.498636363636364
4.4381818181818184
4.036818181818182
4.333181818181818
4.664090909090909
4.988636363636363
5.1895454545454545
5.1854545454545455
5.217727272727273
5.135
4.830909090909091
4.67
4.256363636363637
4.303636363636364
4.249090909090909
4.422272727272727
5.170454545454546
6.095454545454545
6.238181818181818
6.180000000000001
6.192727272727273
5.907727272727272
5.635454545454546
5.213181818181818
5.599090909090909
6.556363636363637
6.560454545454545
6.890454545454546
6.274090909090909
5.711363636363637
5.761818181818182
6.152727272727273
6.462272727272728
6.7318181818181815
6.841818181818183
7.170000000000001
6.786818181818182
6.333636363636364
6.632727272727272
7.112272727272727
7.462272727272727
7.759545454545455
7.913913043478261
7.892608695652174
7.539565217391305
7.306956521739131
7.31695652173913
7.982173913043479
6.891304347826087
6.886521739130434
7.371739130434783
7.744782608695652
7.408260869565217
7.242173913043478
7.254347826086956
7.813478260869566
7.949130434782609
8.09
8.276521739130434
7.833913043478261
7.4534782608695656
8.040869565217392
8.934782608695652
9.517391304347827
9.983478260869566
9.98304347826087
10.048260869565217
9.719565217391304
9.850434782608696
9.957391304347826
9.757826086956522
9.909565217391304
10.172173913043478
10.262608695652174
10.221739130434782
10.035652173913043
10.216086956521739
10.234347826086957
10.555652173913044
10.51304347826087
10.548695652173913
10.931739130434783
11.263478260869565
10.89913043478261
10.610434782608696
10.65391304347826
10.961304347826088
11.183043478260869
10.943478260869565
10.927826086956522
11.225652173913044
11.308260869565217
11.358695652173912
11.499565217391305
12.068260869565217
12.237391304347826
12.051304347826088
11.83304347826087
11.911304347826086
11.902608695652173
12.154347826086957
12.636086956521739
12.94391304347826
13.08695652173913
13.651304347826088
13.290869565217392
12.865217391304347
13.015652173913043
13.39782608695652
13.463478260869566
13.387826086956522
13.784347826086957
13.659130434782607
13.440434782608696
13.279565217391305
13.390434782608697
13.720434782608695
13.739565217391304
14.275217391304347
14.688695652173912
14.709130434782608
14.816956521739131
14.560434782608695
13.938260869565216
14.093043478260869
14.354782608695654
14.40304347826087
14.761739130434782
14.947391304347827
15.017826086956523
15.202608695652176
15.546086956521739
15.444782608695652
15.59695652173913
15.548260869565217
15.608695652173912
15.532608695652174
15.138695652173913
15.082173913043478
15.299999999999999
15.292608695652175
15.447826086956523
15.858695652173912
15.60217391304348
15.64
15.491739130434782
15.869130434782608
16.03391304347826
16.12782608695652
15.704782608695652
16.14695652173913
16.64391304347826
16.37217391304348
15.959130434782608
15.890869565217391
16.372608695652172
16.42478260869565
16.53608695652174
16.475652173913044
16.725217391304348
16.71391304347826
16.66695652173913
16.380434782608695
16.28608695652174
16.689565217391305
16.578260869565216
16.601304347826087
16.38173913043478
16.75304347826087
16.577391304347827
16.444347826086958
16.246521739130436
16.502173913043478
16.316521739130433
16.714347826086957
16.175217391304347
15.627391304347826
15.768260869565218
16.06304347826087
15.781304347826085
15.889565217391304
15.862608695652176
16.110869565217392
16.187826086956523
15.876086956521737
15.959999999999999
15.666521739130435
14.930869565217392
15.010000000000002
15.304782608695652
14.704347826086956
14.318260869565217
14.349565217391305
14.640434782608697
14.722608695652173
14.392608695652173
14.555652173913042
14.938695652173914
14.626521739130435
14.597826086956522
14.56304347826087
14.39608695652174
14.223478260869564
14.126521739130435
14.341304347826087
14.50695652173913
14.010434782608696
13.498260869565216
13.081739130434782
12.80608695652174
12.754347826086958
12.632608695652175
13.086521739130434
13.464347826086957
13.532608695652174
13.362173913043478
12.994347826086956
12.759565217391305
12.57304347826087
12.19391304347826
12.386521739130433
12.45695652173913
12.910869565217391
12.915652173913044
13.155652173913042
13.21
12.262727272727272
12.025454545454545
11.22409090909091
11.06318181818182
11.482272727272727
10.995909090909091
11.898636363636363
11.889545454545454
11.719545454545454
11.565454545454545
11.114545454545455
10.782727272727273
10.610909090909091
10.617727272727272
10.457727272727272
10.101363636363637
9.501363636363637
9.69681818181818
9.207272727272727
10.082272727272727
10.09909090909091
10.084090909090909
10.25590909090909
10.06409090909091
10.196818181818182
10.283636363636363
9.655909090909091
9.376363636363637
9.888636363636364
9.741818181818182
8.94909090909091
8.690454545454545
8.931818181818182
8.337727272727273
8.739545454545453
8.254999999999999
8.020909090909091
8.499545454545455
7.607272727272728
7.776363636363637
8.181363636363637
7.902727272727272
7.97
7.28909090909091
7.00090909090909
6.59
6.66090909090909
6.693181818181818
6.203636363636363
6.2304545454545455
6.042272727272728
5.918636363636364
5.685
6.319545454545454
6.149090909090909
6.453181818181818
6.386818181818182
6.161818181818182
6.076363636363637
5.931818181818182
5.663181818181818
5.61
5.507272727272727
5.612727272727272
5.360454545454545
5.184090909090909
5.032272727272727
5.040454545454545
4.931363636363636
4.904090909090909
4.872727272727273
5.139545454545455
5.178181818181819
4.419545454545455
4.175
4.371818181818182
3.9231818181818183
4.169090909090909
3.9686363636363637
3.115
4.265
4.370909090909091
5.048181818181818
5.3931818181818185
4.441363636363636
3.946818181818182
3.956363636363636
3.5313636363636363
3.5595454545454546
4.156818181818182
4.23
