temperature
3.821304347826087
3.864347826086956
3.7226086956521733
4.0230434782608695
4.377391304347825
4.696521739130435
3.5947826086956525
4.113913043478261
4.469565217391304
4.145217391304348
3.7626086956521743
2.9160869565217387
2.5847826086956522
2.6430434782608696
3.604782608695652
3.8021739130434784
3.233913043478261
2.7882608695652173
3.4739130434782606
3.6556521739130434
4.2269565217391305
4.4021739130434785
4.501304347826087
4.3734782608695655
3.9860869565217394
3.7939130434782613
3.577391304347826
3.6843478260869564
3.6234782608695655
3.106086956521739
3.0786956521739133
3.457826086956522
3.7943478260869563
4.143913043478261
4.105652173913043
4.477391304347826
4.792173913043478
4.702173913043478
4.326086956521739
3.7982608695652176
3.178695652173913
2.991304347826087
3.2617391304347825
3.0413043478260873
2.3973913043478263
2.1956521739130435
2.251304347826087
2.8291304347826083
2.9930434782608697
3.16
3.1130434782608694
3.736521739130435
4.139565217391305
4.250869565217391
4.2443478260869565
3.3691304347826083
3.8869565217391306
4.067391304347826
4.339130434782609
4.769565217391304
4.986521739130435
4.985217391304348
4.800434782608695
4.879565217391304
5.154347826086957
5.656086956521739
5.527826086956522
5.442608695652174
5.810869565217391
6.116086956521738
5.694347826086957
5.837391304347825
5.668695652173913
5.82391304347826
5.413913043478261
5.970434782608695
6.003043478260869
6.154782608695652
5.894347826086956
5.996086956521739
6.058695652173912
5.8252173913043475
6.131739130434783
6.570434782608696
6.1121739130434785
6.501304347826087
6.260869565217392
6.231304347826087
6.5547826086956515
6.45
7.325454545454545
7.111818181818182
6.108181818181818
5.961363636363637
6.073636363636364
6.191818181818181
6.713181818181818
6.614545454545455
6.626818181818181
6.966363636363636
7.388181818181818
7.885454545454545
7.709090909090909
7.863636363636363
8.127727272727272
8.444545454545455
7.820909090909091
7.7727272727272725
8.488181818181818
8.39090909090909
8.335909090909091
9.216363636363637
8.835909090909091
8.217727272727272
8.276818181818182
8.06409090909091
8.21409090909091
8.12409090909091
8.33090909090909
8.620000000000001
9.014999999999999
8.82
9.217727272727272
9.412272727272727
9.656818181818183
9.962272727272726
10.141818181818183
10.758181818181818
10.269545454545455
10.244545454545454
10.692272727272726
10.54590909090909
11.235000000000001
11.137272727272729
11.365454545454545
11.197727272727272
11.303181818181818
11.360000000000001
11.539090909090909
12.236818181818181
12.017272727272728
11.786818181818182
12.185909090909092
12.257272727272726
12.42681818181818
12.469545454545454
12.422727272727274
11.842727272727274
12.09909090909091
12.22090909090909
12.43
12.854545454545455
12.848636363636365
13.117272727272727
12.885000000000002
12.844545454545454
12.911363636363637
12.943636363636363
13.184545454545455
13.42818181818182
13.21
13.297272727272729
13.448636363636364
13.499545454545455
13.869545454545454
13.700454545454546
14.053636363636365
14.102272727272727
13.578636363636365
14.415909090909093
14.475909090909092
14.431363636363637
14.506363636363636
14.325909090909091
14.360000000000001
14.715909090909092
15.055
14.85409090909091
14.768636363636364
15.02090909090909
15.299090909090909
15.380454545454546
15.47090909090909
15.479545454545455
16.031363636363636
16.758636363636363
16.66409090909091
16.53681818181818
16.842272727272725
16.527272727272727
16.49772727272727
16.574545454545454
16.21227272727273
16.69
16.389545454545456
16.719545454545454
16.196363636363635
15.944545454545455
15.876818181818182
16.026818181818182
16.547272727272727
16.223636363636363
16.172272727272727
16.171363636363637
15.925
16.233636363636364
16.660454545454545
16.658636363636365
16.868636363636366
17.01
17.12318181818182
16.867727272727272
16.33909090909091
16.38681818181818
16.752727272727274
16.349090909090908
16.274090909090912
16.241818181818182
15.74409090909091
16.19454545454545
16.50318181818182
16.312272727272727
16.150909090909092
16.278636363636362
16.435454545454544
16.885
17.10909090909091
16.357727272727274
15.960909090909091
15.856363636363636
16.077727272727273
16.428636363636365
16.34409090909091
16.370454545454546
15.258181818181818
15.602272727272727
15.668636363636363
15.847272727272726
15.303636363636365
15.58409090909091
15.671363636363635
15.427727272727275
14.80318181818182
15.268636363636364
14.944545454545453
14.812272727272727
14.518636363636363
14.574545454545454
14.247727272727273
14.398636363636363
14.601363636363637
14.484545454545456
14.292272727272728
13.74909090909091
13.941818181818183
13.370454545454544
12.972272727272726
13.352727272727272
13.543181818181818
13.743181818181819
13.449545454545454
13.060454545454546
13.053636363636365
13.145
12.786363636363637
13.1
12.861818181818181
12.635000000000002
12.55090909090909
12.521363636363638
12.561363636363637
12.464090909090908
12.527272727272726
12.21608695652174
11.873478260869565
11.823478260869566
11.98695652173913
11.608260869565218
11.337391304347825
11.198260869565217
10.740434782608697
11.48913043478261
11.480869565217391
10.912173913043478
10.863913043478261
10.490434782608697
9.816521739130435
10.03217391304348
9.503913043478262
9.387826086956522
9.76304347826087
10.234347826086957
9.67608695652174
9.128695652173914
9.015652173913043
9.046956521739132
9.415652173913044
9.27913043478261
9.381304347826088
9.388695652173913
8.95
8.338695652173913
8.782608695652174
9.28217391304348
9.072173913043478
9.021304347826087
8.583043478260869
7.7043478260869565
7.4799999999999995
6.911304347826087
7.6960869565217385
8.248695652173913
7.780434782608695
7.619999999999999
7.840869565217392
6.737391304347827
6.164782608695652
5.685217391304348
5.974347826086956
6.028695652173913
5.987826086956522
6.584782608695652
6.289999999999999
5.403478260869565
5.145217391304348
5.49304347826087
6.047391304347826
6.056086956521739
5.939565217391305
5.217826086956522
4.895652173913043
4.631739130434783
4.188260869565218
4.26608695652174
4.8713043478260865
5.1573913043478266
5.474782608695652
5.579130434782608
5.561304347826087
5.100434782608696
5.13304347826087
4.403478260869565
4.102608695652174
3.8043478260869565
4.168260869565217
4.174347826086957
4.1726086956521735
4.713913043478261
5.286521739130435
4.904782608695652
4.936521739130435
4.666956521739131
4.4830434782608695
4.749130434782609
5.482608695652174
4.763478260869565
5.072173913043478
5.0865217391304345
5.047826086956522
4.925217391304348
4.99695652173913
4.817826086956522
4.870434782608696
3.928260869565217
3.6026086956521737
