pet
0.32227272727272727
0.2604545454545455
0.4354545454545455
0.31227272727272726
0.2818181818181818
0.2890909090909091
0.28
0.24045454545454545
0.29454545454545455
0.3022727272727273
0.3895454545454546
0.4840909090909091
0.2731818181818182
0.2722727272727273
0.42454545454545456
0.3054545454545454
0.3704545454545455
0.33818181818181814
0.37363636363636366
0.3440909090909091
0.4640909090909091
0.385
0.37000000000000005
0.3645454545454545
0.31
0.30863636363636365
0.38818181818181824
0.3518181818181818
0.33954545454545454
0.44181818181818183
0.39045454545454544
0.41181818181818186
0.4440909090909091
0.5109090909090909
0.5131818181818182
0.41090909090909095
0.41954545454545455
0.41500000000000004
0.5036363636363637
0.4459090909090909
0.4477272727272727
0.3731818181818182
0.3286363636363636
0.4218181818181818
0.4222727272727273
0.5186363636363637
0.5468181818181819
0.46545454545454545
0.4540909090909091
0.545
0.5545454545454546
0.5390909090909091
0.5990909090909091
0.5913636363636363
0.5631818181818182
0.6213636363636363
0.6695454545454546
0.6095454545454545
0.6672727272727272
0.5831818181818181
0.620909090909091
0.5736363636363636
0.72
0.7381818181818182
0.7859090909090909
0.754090909090909
0.7599999999999999
0.8359090909090909
0.8777272727272727
0.9268181818181819
0.8486363636363635
0.879090909090909
0.8845454545454546
0.8409090909090909
0.7968181818181819
0.8981818181818183
0.870909090909091
0.9554545454545454
0.9195454545454546
0.9809090909090908
0.9199999999999999
1.0477272727272728
1.0104545454545455
1.0022727272727272
1.0477272727272728
1.0813636363636363
1.0822727272727273
1.0922727272727273
1.1163636363636362
1.1686363636363637
1.2686363636363636
1.2559090909090909
1.1268181818181817
1.1472727272727272
1.3859090909090908
1.219090909090909
1.2854545454545454
1.270909090909091
1.1854545454545455
1.5031818181818182
1.3468181818181817
1.4436363636363636
1.3909090909090909
1.3845454545454545
1.5690909090909093
1.5350000000000001
1.6486363636363637
1.4159090909090908
1.5813636363636363
1.5240909090909092
1.525
1.5240909090909092
1.6118181818181818
1.57
1.594090909090909
1.6590909090909092
1.5927272727272728
1.6145454545454547
1.5799999999999998
1.758181818181818
1.8727272727272728
1.7950000000000002
1.8536363636363637
1.8163636363636364
1.8627272727272726
1.9590909090909092
1.9409090909090911
2.046818181818182
2.069545454545455
2.0949999999999998
1.981818181818182
1.9995454545454547
2.1545454545454543
2.226363636363636
1.981818181818182
2.012272727272727
1.9281818181818182
2.0749999999999997
1.9754545454545456
2.0545454545454547
2.1395454545454546
2.265454545454545
2.295
2.3140909090909094
2.141363636363636
2.2413636363636367
2.2327272727272724
2.1681818181818184
2.062727272727273
2.2245454545454546
2.312272727272727
2.1895454545454545
2.101363636363636
2.203181818181818
2.155
2.117272727272727
2.3395454545454544
2.227272727272727
2.1886363636363635
2.283181818181818
2.221363636363636
2.337727272727273
2.049545454545455
2.1295454545454544
2.444090909090909
2.17
2.166363636363636
2.1904545454545454
2.145
2.100909090909091
2.0913636363636363
2.0872727272727274
1.8740909090909093
2.002272727272727
2.0127272727272727
2.242272727272727
2.3322727272727275
2.4127272727272726
2.314090909090909
2.1195454545454546
2.1263636363636365
2.2104545454545454
2.169090909090909
2.3322727272727275
2.0295454545454543
1.8990909090909092
1.983181818181818
2.111818181818182
2.233636363636364
2.3304545454545456
1.8731818181818183
2.1522727272727273
1.9345454545454546
2.184090909090909
2.0736363636363637
2.434090909090909
2.2286363636363635
2.2236363636363636
2.0954545454545457
1.95
2.102272727272727
2.065
2.411363636363636
2.0054545454545454
2.188181818181818
2.084090909090909
2.0704545454545453
2.179090909090909
1.8281818181818181
2.0054545454545454
2.0072727272727273
1.9131818181818183
1.9281818181818182
1.7854545454545454
1.950909090909091
2.2327272727272724
2.078181818181818
1.8718181818181818
1.88
1.8181818181818181
1.7504545454545453
1.7004545454545452
1.616818181818182
1.6536363636363638
1.8077272727272728
1.6986363636363635
1.741818181818182
1.7840909090909092
1.699090909090909
1.5136363636363634
1.6377272727272727
1.6827272727272728
1.7027272727272729
1.7122727272727274
1.4845454545454544
1.7136363636363638
1.5836363636363637
1.7045454545454546
1.528181818181818
1.413181818181818
1.5577272727272726
1.450909090909091
1.502727272727273
1.249090909090909
1.4104545454545454
1.3145454545454545
1.3863636363636365
1.405
1.2977272727272728
1.3327272727272728
1.393181818181818
1.4122727272727273
1.3445454545454547
1.1531818181818183
1.1286363636363637
1.2181818181818183
1.0981818181818181
1.1368181818181817
1.0313636363636365
1.0609090909090908
1.0877272727272727
1.0827272727272728
1.050909090909091
1.0222727272727274
1.079090909090909
1.0422727272727272
1.0127272727272727
0.9181818181818181
1.0245454545454544
0.9554545454545454
0.8454545454545456
0.8631818181818182
0.8359090909090909
0.8495238095238096
0.8361904761904762
0.9980952380952381
0.8685714285714285
0.9038095238095238
0.9452380952380953
0.8795238095238095
0.7466666666666667
0.8176190476190477
0.8614285714285714
0.7119047619047618
0.7052380952380952
0.6085714285714285
0.569047619047619
0.5876190476190476
0.6038095238095238
0.6476190476190476
0.6847619047619048
0.709047619047619
0.5728571428571428
0.5457142857142857
0.4971428571428571
0.46095238095238095
0.6076190476190476
0.5923809523809523
0.5595238095238095
0.5285714285714286
0.4795238095238095
0.44619047619047625
0.4685714285714286
0.4766666666666667
0.4880952380952381
0.4280952380952381
0.47904761904761906
0.40238095238095234
0.3476190476190476
0.44333333333333336
0.36809523809523814
0.5538095238095238
0.37761904761904763
0.35095238095238096
0.43809523809523804
0.35047619047619044
0.33190476190476187
0.36142857142857143
0.3952380952380953
0.4081818181818182
0.3768181818181818
0.40954545454545455
0.3931818181818182
0.40863636363636363
0.3618181818181818
0.29454545454545455
0.28954545454545455
0.32227272727272727
0.34136363636363637
0.32181818181818184
0.36954545454545457
0.3095454545454545
0.2731818181818182
0.2890909090909091
0.30409090909090913
0.3018181818181818
0.33818181818181814
0.23954545454545456
0.29772727272727273
0.34045454545454545
0.28863636363636364
0.2786363636363636
0.32227272727272727
0.30363636363636365
0.2659090909090909
0.2527272727272727
0.3018181818181818
0.36363636363636365
0.3831818181818182
0.33454545454545453
0.3409090909090909
0.27772727272727277
0.2740909090909091
0.2690909090909091
0.31
0.2859090909090909
0.31636363636363635
0.3140909090909091
0.2290909090909091
0.13590909090909092
0.17181818181818184
0.16181818181818183
0.15136363636363637
0.23454545454545456
0.2381818181818182
