temperature
2.8459090909090907
2.4881818181818183
2.5936363636363633
2.397727272727273
3.0204545454545455
2.8227272727272728
3.2077272727272725
2.7395454545454547
3.261818181818182
3.378181818181818
3.237727272727273
4.1059090909090905
3.8668181818181817
3.553181818181818
3.899545454545455
2.9786363636363635
2.9763636363636365
3.399090909090909
3.1931818181818183
2.6522727272727273
2.775909090909091
2.8945454545454545
2.869545454545454
2.982727272727273
2.7704545454545455
2.872727272727273
3.122727272727273
2.7854545454545456
2.543181818181818
2.396818181818182
2.752727272727273
3.0645454545454545
2.7668181818181816
3.0795454545454546
3.335909090909091
3.2459090909090906
3.2763636363636364
2.4109090909090907
2.388181818181818
2.7636363636363637
2.6863636363636365
3.627272727272727
3.666818181818182
3.1245454545454545
3.228181818181818
3.882727272727273
3.4013636363636364
3.325454545454545
2.6977272727272728
2.6168181818181817
2.713181818181818
2.837727272727273
3.0318181818181817
3.7181818181818183
3.1727272727272724
3.5777272727272726
3.2568181818181823
3.3622727272727273
3.1359090909090908
2.670909090909091
2.5136363636363637
2.744545454545454
2.9236363636363634
3.1036363636363635
3.5622727272727275
4.840454545454546
4.32
4.071363636363636
4.265909090909091
4.076818181818182
3.8286363636363636
3.9663636363636368
4.588636363636364
4.622727272727273
4.793636363636363
5.302272727272727
4.4354545454545455
4.097272727272728
4.429545454545455
4.545909090909091
4.775454545454545
4.925
4.782272727272727
5.053636363636364
4.9809090909090905
4.718636363636364
4.874090909090909
4.871818181818182
5.513636363636364
5.971818181818182
6.069565217391304
5.866086956521738
5.748695652173913
5.291739130434783
5.851304347826088
5.886956521739131
5.516086956521739
5.357391304347826
6.210000000000001
6.662608695652175
5.929565217391304
5.586086956521739
5.47
6.19
6.311739130434782
6.174347826086956
6.440434782608696
5.658695652173913
5.811304347826087
6.288260869565217
7.18304347826087
7.586521739130435
8.08
8.061304347826086
7.593478260869565
7.210434782608695
7.536521739130435
7.71304347826087
7.78
7.755217391304348
7.838260869565217
7.90304347826087
7.977391304347826
8.344347826086956
8.32913043478261
8.056086956521739
8.567391304347826
8.550869565217392
8.548695652173913
8.821304347826088
8.69
8.602608695652174
8.528260869565218
8.679565217391303
8.734782608695653
8.890434782608695
8.98391304347826
8.430434782608696
8.762608695652174
9.283043478260868
9.235217391304348
9.500434782608695
9.740869565217391
9.848695652173914
9.682608695652174
9.714782608695652
9.62
9.878695652173914
10.124347826086957
10.400869565217391
10.600434782608696
11.073478260869566
11.14391304347826
11.080869565217391
10.709565217391305
10.600434782608696
11.156086956521738
11.330869565217393
11.270869565217392
11.544782608695652
11.731304347826086
11.389130434782608
10.863043478260868
10.871739130434783
10.94304347826087
11.140869565217391
11.641304347826088
12.34695652173913
12.073478260869566
12.026521739130436
11.91
11.607826086956523
11.770434782608698
12.021739130434783
12.061304347826088
12.271304347826087
12.790434782608695
12.379565217391304
12.722608695652173
12.94304347826087
12.861304347826087
13.144782608695651
13.186521739130436
13.24608695652174
13.479130434782608
13.039130434782608
12.953478260869565
13.135652173913044
13.041304347826086
13.120434782608696
13.234347826086957
13.308695652173913
13.061739130434784
12.636086956521739
12.883478260869564
13.308260869565217
13.426521739130434
13.635652173913044
13.633478260869564
13.805217391304348
13.909565217391306
13.38
13.568695652173913
14.087826086956522
13.85304347826087
13.835652173913045
13.984782608695651
13.87
13.612608695652172
13.841304347826087
13.750869565217391
13.848695652173912
14.202608695652176
14.118695652173914
14.14304347826087
14.261304347826087
14.125217391304348
13.947391304347827
13.651739130434782
13.400434782608695
13.710869565217392
13.514347826086956
13.511304347826087
13.51304347826087
13.542173913043477
13.642608695652173
13.423913043478262
13.32304347826087
13.419130434782607
13.11826086956522
13.620434782608696
13.581304347826087
13.360434782608696
12.691739130434783
12.687826086956521
12.480869565217391
12.391304347826088
12.44086956521739
12.082608695652173
12.30391304347826
12.45695652173913
12.37913043478261
12.506956521739129
12.23782608695652
12.640434782608697
12.772608695652172
12.674347826086956
12.58304347826087
12.111304347826087
12.01695652173913
11.918260869565218
11.662608695652175
12.216956521739132
12.250434782608695
11.657826086956522
11.60086956521739
10.900869565217391
10.660434782608695
10.59695652173913
10.549565217391304
10.78217391304348
11.035652173913043
11.290000000000001
11.77608695652174
11.345652173913043
10.611304347826087
10.328260869565218
10.435652173913043
10.18304347826087
10.465652173913044
10.767391304347827
10.843478260869565
10.887391304347826
10.602272727272727
10.035454545454545
9.865
9.139545454545454
9.24409090909091
9.259090909090908
9.369545454545454
9.80181818181818
9.626818181818182
9.075000000000001
8.756818181818183
8.637727272727274
8.758636363636363
9.173181818181819
8.907727272727273
7.943181818181818
7.805909090909091
7.642727272727272
7.8127272727272725
7.3172727272727265
7.833636363636364
7.973181818181818
7.765454545454546
7.9772727272727275
8.114545454545455
8.084090909090909
7.95090909090909
7.707272727272727
7.0609090909090915
7.684545454545455
7.748181818181819
7.185
6.673181818181818
6.907727272727272
6.719090909090909
6.565454545454545
6.1909090909090905
6.797727272727273
6.371363636363636
5.402727272727272
5.877727272727273
6.178181818181819
6.183636363636364
5.788181818181818
6.153181818181818
6.086818181818182
5.609090909090909
5.123181818181818
4.943636363636364
4.781363636363636
5.107727272727273
4.9368181818181816
4.1872727272727275
4.406818181818182
5.098636363636364
4.332272727272727
4.9750000000000005
5.155454545454545
4.720909090909091
4.370454545454546
4.241818181818181
3.690909090909091
4.050454545454546
4.076363636363637
3.371818181818182
3.679090909090909
3.564090909090909
3.1186363636363637
3.5427272727272725
4.665
4.911363636363636
3.8659090909090907
2.9013636363636364
3.358636363636364
3.321818181818182
3.355909090909091
3.2659090909090907
2.9450000000000003
1.9595454545454545
1.7822727272727272
1.0754545454545452
2.153636363636364
2.6754545454545453
3.651818181818182
3.485
2.395
1.5950000000000002
1.404090909090909
1.0854545454545454
1.2536363636363637
2.1777272727272727
2.4886363636363638
