temperature
1.3310526315789473
1.631578947368421
1.1336842105263158
0.8747368421052633
1.3421052631578947
1.1826315789473685
1.0189473684210526
1.0678947368421055
1.2547368421052632
0.9800000000000001
0.97
0.8121052631578948
1.0410526315789472
1.8
1.6878947368421053
1.6757894736842105
1.5810526315789473
1.5626315789473686
1.8005263157894738
1.8636842105263156
2.008947368421053
1.681578947368421
1.4263157894736842
1.4173684210526316
0.6173684210526317
0.5426315789473686
0.47052631578947374
0.7494736842105263
1.381578947368421
1.7773684210526313
1.2905263157894737
1.3763157894736842
1.6078947368421053
1.7531578947368422
2.005263157894737
2.3878947368421053
2.695263157894737
1.3073684210526315
1.1463157894736842
1.2015789473684209
1.0905263157894736
1.0357894736842106
1.4852631578947368
1.4310526315789474
1.1073684210526316
0.85
0.6605263157894737
0.9626315789473684
1.3342105263157895
1.421578947368421
1.4126315789473685
1.471578947368421
2.227894736842105
2.004736842105263
1.5921052631578947
1.4952631578947368
1.513157894736842
2.155263157894737
2.0494736842105263
2.188421052631579
1.8136842105263158
1.696842105263158
2.263157894736842
2.789473684210526
3.664736842105263
3.619473684210526
3.431052631578947
3.3542105263157898
3.5968421052631583
3.3442105263157895
3.789473684210526
3.7689473684210526
3.039473684210526
2.4678947368421054
2.5505263157894738
2.6305263157894734
2.4236842105263157
2.1194736842105266
2.1605263157894736
1.946842105263158
2.2431578947368425
2.506315789473684
2.7294736842105265
3.2536842105263157
3.1115789473684208
3.166315789473684
3.157368421052632
3.123157894736842
3.8689473684210527
4.375263157894737
4.073888888888889
3.5277777777777777
2.841666666666667
3.175
3.8544444444444443
4.098888888888889
4.203333333333333
3.726111111111111
4.265555555555555
4.7283333333333335
4.835555555555556
4.694999999999999
4.315
4.556666666666667
4.960555555555556
5.1
4.911111111111111
4.6338888888888885
4.992777777777778
5.005
5.086666666666667
4.93
5.194444444444445
5.614999999999999
5.647777777777778
5.713333333333334
6.037777777777778
6.214444444444444
6.279444444444445
6.618888888888889
6.063888888888889
6.133333333333334
6.075555555555556
6.275
6.152222222222222
6.321666666666667
6.766111111111111
6.571111111111112
5.969444444444445
6.385555555555555
7.2444444444444445
7.568888888888889
7.882777777777777
8.169444444444444
8.213333333333333
7.529999999999999
7.473333333333334
7.411111111111111
7.351111111111111
8.027222222222223
8.32888888888889
8.324444444444445
8.72888888888889
9.118333333333332
8.745555555555555
8.515
8.419444444444444
8.036666666666667
8.628333333333334
9.243888888888888
9.428333333333335
9.440555555555555
9.412222222222221
9.587777777777779
9.576666666666666
9.243333333333332
9.426666666666668
9.49
9.578333333333333
10.147222222222222
9.852777777777778
10.071666666666665
9.77111111111111
9.807222222222222
9.758333333333333
9.851666666666667
10.018888888888888
10.684444444444445
10.364444444444445
10.846666666666668
11.087777777777779
10.44111111111111
10.336111111111112
9.881666666666668
10.258888888888889
10.533333333333333
10.829444444444444
11.18388888888889
11.301666666666668
10.94111111111111
11.078888888888889
10.729444444444445
10.589444444444444
10.982777777777777
11.731666666666667
11.657222222222222
11.954444444444444
12.226666666666667
11.859444444444444
11.656666666666666
11.440555555555555
12.202222222222222
12.01611111111111
11.751111111111111
12.097222222222221
11.647222222222222
11.453333333333333
11.406666666666666
11.693888888888889
12.18888888888889
12.713888888888889
12.216111111111111
11.93
12.411666666666667
12.470555555555556
12.89611111111111
13.084444444444445
12.831666666666667
12.576666666666666
12.95888888888889
12.437222222222223
12.443888888888889
12.197222222222221
12.375555555555556
12.205555555555556
11.927222222222222
11.949444444444445
11.883333333333333
11.959444444444445
11.794444444444444
11.755555555555555
11.47
11.984444444444444
12.045555555555556
11.606111111111112
11.615555555555556
11.730555555555556
11.72111111111111
11.507777777777777
11.774999999999999
12.196666666666665
12.258888888888889
12.01
11.49
11.163333333333334
11.367222222222223
11.142777777777777
11.06388888888889
10.882222222222222
11.04
11.578333333333333
11.317222222222222
11.052222222222222
11.195
10.765555555555556
11.090555555555556
10.792222222222222
10.385
9.785555555555554
9.68388888888889
10.12
10.039444444444445
9.942777777777778
9.73611111111111
9.61111111111111
9.251111111111111
9.06388888888889
8.957777777777778
9.379444444444445
9.93388888888889
9.598333333333334
9.368333333333332
9.606666666666666
9.31611111111111
8.868888888888888
9.166666666666666
8.899999999999999
8.399444444444445
7.911666666666666
8.17388888888889
8.583888888888888
9.14
8.737222222222222
8.805263157894737
8.512631578947369
8.053157894736842
8.394736842105264
8.07
8.229473684210527
8.131578947368421
8.06
8.244736842105263
7.619473684210527
7.343684210526316
7.415789473684211
7.016315789473684
7.523157894736842
7.071052631578947
6.5473684210526315
6.3384210526315785
6.643684210526316
6.36
6.354210526315789
6.058947368421053
5.854210526315789
6.241052631578947
6.3315789473684205
6.058421052631579
6.17
5.802631578947368
6.016842105263158
5.6352631578947365
5.37578947368421
5.492105263157894
5.347894736842105
5.442631578947368
5.440526315789474
5.115263157894737
5.016842105263158
4.688421052631579
5.1284210526315785
4.828947368421052
4.782631578947369
4.681578947368421
4.487368421052632
4.3910526315789475
3.965263157894737
3.9705263157894737
4.064210526315789
3.953684210526316
3.6857894736842107
4.043684210526315
3.1468421052631577
2.6789473684210527
3.0673684210526315
3.313684210526316
3.083157894736842
3.1694736842105264
3.0799999999999996
2.60578947368421
2.305263157894737
2.7305263157894735
2.590526315789474
2.94
3.2689473684210526
3.7926315789473684
4.072105263157895
3.124736842105263
2.66
2.2742105263157897
1.203157894736842
1.4763157894736842
1.8094736842105263
2.2373684210526315
2.653684210526316
2.4494736842105262
2.0478947368421054
1.441578947368421
2.154736842105263
2.0489473684210524
1.980526315789474
1.6057894736842104
1.6905263157894737
1.0089473684210528
1.3557894736842107
1.1705263157894736
1.45
2.1294736842105264
2.0189473684210526
1.2221052631578946
0.5784210526315791
1.0315789473684212
0.8742105263157894
1.1626315789473685
1.4278947368421053
