temperature
4.435
3.9913636363636367
3.7977272727272724
3.797272727272727
4.496818181818181
4.322727272727272
4.621363636363636
5.02
4.619090909090909
4.774090909090909
4.700909090909091
5.259545454545455
5.821363636363636
4.6431818181818185
5.23
4.510454545454546
4.402727272727272
4.585909090909091
5.243636363636363
4.919090909090909
4.2704545454545455
4.135
4.239090909090909
3.8290909090909087
4.208181818181818
3.899545454545454
3.9600000000000004
3.8104545454545455
4.263636363636364
3.9545454545454546
3.9822727272727274
3.9136363636363636
3.769090909090909
4.011363636363637
5.295
5.083181818181818
4.997727272727273
4.441363636363636
3.8350000000000004
3.914090909090909
4.524545454545454
4.964545454545455
5.529090909090909
4.567727272727272
4.055454545454546
4.599545454545455
4.818181818181818
4.584090909090909
4.589545454545455
4.198636363636364
4.044545454545455
4.374545454545454
4.492727272727273
5.035
5.448636363636364
5.369090909090909
5.505909090909091
5.369090909090909
5.165909090909091
5.0627272727272725
4.717272727272728
4.536818181818182
4.498181818181819
4.758636363636364
5.223636363636364
6.394090909090909
6.51409090909091
6.636363636363637
6.345
6.114090909090908
6.017727272727272
5.659090909090909
6.06
6.967727272727273
7.328636363636363
7.448181818181819
6.780909090909091
6.010454545454545
6.09
6.251818181818181
6.53909090909091
6.710909090909092
6.887272727272728
7.233636363636364
6.737272727272727
6.416363636363636
6.772272727272727
7.393636363636364
8.087272727272728
8.481363636363637
8.482173913043479
8.50695652173913
8.139130434782608
7.7986956521739135
8.014782608695652
8.550434782608695
7.279565217391305
7.177826086956522
7.630000000000001
8.388695652173913
7.99391304347826
7.537826086956522
7.467391304347826
8.115652173913043
8.361739130434783
8.496521739130435
8.863478260869565
8.22695652173913
7.967391304347826
8.551739130434783
9.56695652173913
10.387391304347826
10.946521739130436
10.885652173913044
11.055652173913044
10.267826086956521
10.572608695652173
10.684782608695652
10.391739130434782
10.398695652173913
10.714347826086957
10.436521739130434
10.607391304347827
10.34086956521739
10.677391304347827
11.143478260869566
11.265652173913043
11.130434782608695
11.44608695652174
11.712608695652174
11.621739130434783
11.224782608695653
11.021304347826087
11.040869565217392
11.419130434782607
11.804782608695652
11.751739130434782
11.93695652173913
12.041739130434781
12.341739130434783
12.012173913043478
12.060434782608695
12.66391304347826
12.98391304347826
12.79304347826087
12.813478260869564
12.584782608695651
12.847391304347827
12.82217391304348
13.006086956521738
13.57391304347826
13.73391304347826
14.26695652173913
13.763478260869565
13.272173913043478
13.848260869565218
14.107826086956523
14.63304347826087
14.290000000000001
14.531739130434783
14.333913043478262
14.196956521739132
14.328695652173913
14.450434782608696
14.455652173913045
14.426521739130434
14.966956521739132
15.566086956521739
15.772173913043478
15.769565217391303
15.74608695652174
15.16304347826087
15.045652173913044
15.274782608695652
15.26608695652174
15.322608695652175
15.75
16.142608695652175
16.127391304347828
16.375217391304346
16.195652173913043
16.31
16.713478260869564
16.70695652173913
17.01
16.324347826086957
16.42478260869565
16.36913043478261
16.184782608695652
16.364782608695652
16.36304347826087
16.56478260869565
16.542608695652174
16.35391304347826
17.06478260869565
17.320434782608697
17.395652173913046
16.79695652173913
17.09304347826087
17.673478260869565
17.582608695652173
17.16304347826087
16.971304347826084
17.67304347826087
17.87304347826087
17.467391304347824
17.475652173913044
18.061739130434784
18.116521739130434
18.166521739130435
17.695217391304347
17.612173913043478
18.12304347826087
17.81304347826087
17.878260869565217
17.463478260869568
17.917826086956524
18.07391304347826
17.786956521739132
17.503913043478263
17.60782608695652
17.50913043478261
17.933478260869567
17.262608695652176
16.973478260869566
16.966521739130435
17.566521739130433
17.08608695652174
17.035217391304347
17.348260869565216
17.460434782608697
17.401304347826088
17.26391304347826
16.925652173913043
16.731304347826086
16.00304347826087
16.051739130434783
16.049130434782608
15.608695652173912
15.208695652173914
15.407826086956522
15.524782608695652
15.535652173913043
15.387391304347828
15.623478260869565
15.70304347826087
15.528260869565216
15.69391304347826
15.652173913043478
15.385652173913044
15.35608695652174
15.173478260869565
15.154782608695653
15.378260869565217
15.150434782608695
14.061304347826088
14.037826086956523
13.652173913043478
13.69217391304348
13.291739130434781
13.695217391304348
14.121304347826088
14.312173913043479
14.23913043478261
13.812173913043479
13.585652173913045
13.303043478260872
12.956521739130435
12.982173913043477
13.28
13.525652173913045
13.55913043478261
13.68
13.82409090909091
13.02727272727273
12.563636363636363
11.868181818181819
11.622727272727273
12.081818181818182
11.407272727272728
12.245454545454544
12.553636363636365
12.409090909090908
12.131818181818181
11.681363636363637
11.489090909090908
11.291818181818181
10.918181818181818
10.675454545454546
10.645454545454545
9.796363636363635
10.06909090909091
9.567272727272726
10.56409090909091
10.741818181818182
10.620000000000001
10.726363636363637
10.643181818181818
10.57
10.59681818181818
10.035454545454545
9.573636363636364
9.960909090909091
9.883181818181818
9.288636363636364
9.032272727272728
9.397272727272728
8.645909090909091
8.725909090909092
8.357272727272727
8.273181818181818
8.612727272727273
7.610454545454545
7.825454545454545
8.17590909090909
8.001818181818182
7.872727272727272
7.358181818181818
7.122727272727274
6.484090909090909
6.347272727272727
6.466818181818183
6.3113636363636365
6.181818181818182
6.077272727272727
6.029545454545455
5.808636363636364
6.128636363636364
6.242727272727273
6.512727272727273
6.532272727272727
6.257727272727274
6.234090909090909
5.959090909090909
5.984545454545454
5.62
5.49
5.4363636363636365
5.225454545454546
4.948636363636364
4.89
4.9395454545454545
4.805909090909091
4.648181818181818
4.909090909090909
5.125909090909091
5.260909090909091
4.383636363636364
4.278636363636363
4.203181818181818
3.7418181818181817
3.9427272727272733
3.8763636363636365
2.967727272727273
3.899090909090909
4.361818181818182
5.0
5.763181818181819
4.76
4.137272727272727
3.9236363636363634
3.4318181818181817
3.2313636363636364
3.9690909090909092
4.117727272727273
