temperature
0.729090909090909
0.31227272727272726
0.855909090909091
0.5627272727272727
0.8522727272727273
0.6977272727272728
0.9490909090909092
0.4645454545454546
1.184090909090909
1.049090909090909
1.0468181818181819
1.903181818181818
1.6077272727272727
1.3186363636363636
1.7263636363636365
0.7509090909090909
0.7368181818181818
1.2004545454545454
1.0727272727272728
0.49090909090909096
1.0195454545454545
1.1677272727272727
1.0104545454545455
0.9090909090909091
0.7240909090909091
0.9218181818181819
1.2309090909090907
0.9359090909090909
0.5495454545454546
0.38727272727272727
0.6918181818181819
0.8822727272727273
0.5495454545454546
1.1772727272727272
1.184090909090909
1.1422727272727273
1.2363636363636363
0.13727272727272727
0.41318181818181815
0.7331818181818182
0.5463636363636364
1.4104545454545454
1.3472727272727274
1.038181818181818
1.5199999999999998
2.098181818181818
1.5909090909090908
1.499090909090909
0.875
0.5249999999999999
0.82
0.8963636363636364
0.7863636363636364
1.879090909090909
1.085909090909091
1.3427272727272728
1.1018181818181818
1.1545454545454545
1.1690909090909092
0.6240909090909091
0.45136363636363636
0.6272727272727273
0.9913636363636363
1.1413636363636364
1.6254545454545453
2.928181818181818
2.2563636363636363
1.9595454545454545
2.1122727272727273
2.139090909090909
1.9413636363636364
2.378636363636364
2.7154545454545453
2.505909090909091
2.898181818181818
3.459090909090909
2.5290909090909093
2.1854545454545455
2.31
2.4272727272727272
2.776818181818182
2.7077272727272725
2.4127272727272726
2.730909090909091
2.764090909090909
2.769090909090909
2.8545454545454545
2.8000000000000003
3.4618181818181815
3.862727272727273
3.963913043478261
3.595217391304348
3.34
3.2326086956521736
4.101739130434782
3.898695652173913
3.536086956521739
3.4530434782608697
4.343478260869565
5.047391304347826
4.152608695652174
3.5678260869565217
3.284782608695652
4.125652173913044
4.225652173913043
4.2556521739130435
4.108695652173913
3.4421739130434785
3.530869565217391
4.143913043478261
5.129565217391304
5.449565217391305
5.922173913043479
5.897826086956522
5.379565217391304
4.984347826086957
5.344782608695652
5.467391304347826
5.466521739130435
5.4
5.343478260869565
5.4482608695652175
5.453478260869565
6.052608695652174
6.195652173913044
5.831304347826087
6.093478260869565
6.081739130434783
6.108695652173913
6.4073913043478266
6.09
5.8591304347826085
5.912173913043477
6.201739130434782
6.358260869565218
6.536521739130435
6.590434782608696
6.356521739130434
6.501304347826087
7.033913043478261
7.112608695652174
7.251739130434783
7.516521739130434
7.469130434782608
7.45
7.495217391304347
7.293913043478261
7.604782608695652
7.811304347826087
8.044782608695652
8.147826086956522
8.842173913043478
8.692173913043478
8.724347826086957
8.418695652173913
8.264347826086958
8.900869565217391
9.109130434782609
9.20608695652174
9.171739130434784
9.269565217391303
9.152173913043478
8.617826086956523
8.626521739130435
8.495217391304347
8.905652173913044
9.322173913043478
10.03608695652174
9.821304347826086
9.740869565217391
9.758260869565218
9.550869565217392
9.510434782608696
9.731739130434784
9.68608695652174
9.780434782608696
10.27304347826087
10.163913043478262
10.600434782608696
10.56695652173913
10.56913043478261
10.93304347826087
11.074347826086957
11.093478260869565
11.270434782608698
10.790869565217392
10.884347826086957
10.901304347826086
10.933478260869565
11.040434782608695
10.780434782608696
11.05695652173913
10.795217391304348
10.44086956521739
10.671739130434782
11.254782608695653
11.292173913043479
11.718695652173912
11.318260869565217
11.371739130434783
11.714347826086957
11.387826086956522
11.438695652173912
11.931304347826087
11.725652173913044
11.489565217391304
11.770869565217392
11.786521739130434
11.635217391304348
11.741304347826087
11.513478260869565
11.745217391304347
12.004782608695653
11.988695652173913
11.990869565217393
12.304782608695652
11.996521739130435
11.777391304347827
11.481739130434782
11.083913043478262
11.262608695652174
11.19391304347826
11.056521739130435
11.369565217391305
11.588260869565216
11.59
11.399565217391304
11.377391304347826
11.42086956521739
11.036521739130436
11.579565217391304
11.501739130434784
11.326086956521738
10.345652173913043
10.345217391304347
10.424347826086956
10.279565217391305
10.15304347826087
9.871304347826086
10.294782608695652
10.492173913043478
10.392608695652173
10.474347826086957
10.340434782608696
10.703043478260868
10.59608695652174
10.606521739130434
10.542173913043479
10.075217391304347
9.807826086956522
9.817391304347826
9.531304347826087
10.083913043478262
10.194782608695652
9.654347826086957
9.47695652173913
8.804347826086957
8.636956521739132
8.579565217391306
8.512173913043478
8.554782608695652
8.766521739130434
8.998695652173913
9.73
9.35304347826087
8.60304347826087
8.201304347826087
8.418260869565218
8.07391304347826
8.297391304347826
8.492173913043478
8.460869565217392
8.47695652173913
8.113636363636363
7.8536363636363635
7.761363636363637
6.981363636363636
7.197727272727272
7.217727272727273
7.356363636363636
7.574090909090909
7.41090909090909
6.9386363636363635
6.598181818181818
6.535
6.739545454545455
7.314545454545454
6.763636363636365
5.755
5.597727272727273
5.4390909090909085
5.555454545454546
5.22
5.650454545454545
5.788636363636363
5.509545454545454
5.723636363636364
5.8927272727272735
5.819090909090909
5.453636363636364
5.463636363636364
4.8131818181818184
5.397272727272727
5.518636363636364
5.082272727272727
4.4772727272727275
4.742272727272727
4.613181818181818
4.099545454545455
3.8795454545454544
4.6022727272727275
4.245
3.2786363636363633
3.58
3.816818181818182
3.941363636363636
3.414090909090909
4.111363636363636
4.069090909090909
3.723181818181818
2.899090909090909
2.5172727272727276
2.730909090909091
3.2427272727272727
3.1436363636363636
2.0290909090909093
2.4327272727272726
2.803181818181818
2.0954545454545457
2.852727272727273
3.145
2.871818181818182
2.2150000000000003
2.100909090909091
1.526818181818182
1.8190909090909093
1.9377272727272727
1.1177272727272727
1.4672727272727273
1.239090909090909
0.6454545454545454
1.4409090909090911
2.5940909090909092
2.8413636363636363
1.6945454545454546
0.6036363636363636
1.3104545454545455
1.6263636363636365
1.6059090909090907
0.8786363636363638
0.8731818181818182
-0.3481818181818181
-0.58
-0.9622727272727274
-0.1422727272727273
0.1722727272727272
1.424090909090909
1.249090909090909
0.06409090909090902
-0.8554545454545455
-1.0990909090909091
-1.450909090909091
-1.32
-0.23227272727272716
0.17227272727272722
