temperature
4.567727272727272
4.1054545454545455
3.9604545454545454
3.9686363636363637
4.571363636363636
4.408181818181818
4.706363636363636
5.069545454545454
4.701363636363637
4.8122727272727275
4.756818181818182
5.266818181818182
5.891363636363637
4.739090909090909
5.300454545454546
4.622727272727273
4.5227272727272725
4.682727272727273
5.329090909090909
4.987727272727273
4.3963636363636365
4.279545454545455
4.389545454545455
3.902727272727273
4.233636363636363
3.9645454545454544
4.046818181818182
3.8704545454545456
4.335
4.032727272727272
4.025454545454545
3.9099999999999997
3.804090909090909
4.077272727272727
5.396818181818182
5.181818181818182
5.0645454545454545
4.5
3.921818181818182
3.9990909090909095
4.642727272727273
5.030454545454545
5.557272727272728
4.568181818181818
4.1045454545454545
4.652727272727272
4.959545454545455
4.699090909090909
4.66
4.293181818181818
4.146818181818182
4.443636363636364
4.489545454545454
5.051363636363636
5.541818181818182
5.463181818181818
5.630909090909091
5.423181818181818
5.253181818181819
5.174090909090909
4.832272727272727
4.588636363636364
4.618181818181818
4.891363636363637
5.299545454545455
6.444090909090909
6.615909090909091
6.738636363636363
6.34590909090909
6.148636363636364
6.134090909090909
5.762272727272727
6.152727272727273
7.027272727272727
7.463636363636363
7.513636363636365
6.881818181818182
6.074090909090909
6.1477272727272725
6.2718181818181815
6.536363636363637
6.716818181818181
6.9386363636363635
7.267727272727272
6.745454545454546
6.482272727272728
6.792727272727273
7.472727272727273
8.167727272727273
8.589545454545455
8.584782608695651
8.62695652173913
8.232608695652173
7.877826086956522
8.091739130434782
8.582608695652175
7.353478260869565
7.259565217391304
7.686956521739131
8.454347826086956
8.12217391304348
7.637391304347826
7.540869565217391
8.14913043478261
8.429565217391303
8.56913043478261
8.935652173913043
8.306086956521739
8.119130434782608
8.647826086956522
9.659565217391306
10.462608695652174
11.036521739130436
10.968695652173913
11.209999999999999
10.355217391304349
10.646521739130435
10.791739130434783
10.533043478260868
10.495217391304347
10.77608695652174
10.46391304347826
10.650869565217391
10.381739130434783
10.739565217391304
11.265652173913043
11.391304347826088
11.259130434782607
11.608260869565218
11.888695652173913
11.71391304347826
11.299999999999999
11.130869565217392
11.089565217391305
11.471739130434784
11.89521739130435
11.87782608695652
12.070434782608697
12.138695652173913
12.481304347826086
12.11826086956522
12.130869565217392
12.712608695652174
13.068260869565217
12.873043478260868
12.999565217391305
12.722608695652173
13.026521739130436
12.873478260869566
13.040869565217392
13.588695652173914
13.74608695652174
14.294347826086955
13.78
13.341304347826087
13.96782608695652
14.15
14.769130434782609
14.39
14.528695652173912
14.41
14.306521739130435
14.479130434782608
14.569565217391306
14.512608695652174
14.521739130434783
14.984782608695651
15.607826086956523
15.855652173913043
15.861739130434783
15.844347826086958
15.329565217391304
15.12
15.361739130434783
15.355652173913043
15.347391304347827
15.824782608695653
16.28739130434783
16.210434782608694
16.482608695652175
16.284347826086954
16.36913043478261
16.842608695652174
16.80782608695652
17.215217391304346
16.513478260869565
16.57217391304348
16.433043478260867
16.272173913043478
16.437391304347827
16.401304347826088
16.688695652173916
16.602608695652176
16.406521739130433
17.152608695652173
17.460434782608694
17.554782608695653
16.943478260869565
17.18130434782609
17.76304347826087
17.71608695652174
17.35391304347826
17.11304347826087
17.825652173913046
18.060434782608695
17.577826086956524
17.580434782608698
18.17086956521739
18.257826086956523
18.331304347826087
17.817391304347826
17.743913043478262
18.284347826086957
17.976086956521737
18.05217391304348
17.621304347826086
18.061739130434784
18.27695652173913
17.982608695652175
17.649565217391306
17.725217391304348
17.71
18.067826086956522
17.414782608695653
17.195217391304347
17.167826086956524
17.745652173913044
17.26086956521739
17.198695652173914
17.604347826086954
17.655652173913044
17.579565217391302
17.501739130434782
17.07608695652174
16.94086956521739
16.243478260869566
16.270869565217392
16.260434782608694
15.828695652173913
15.400434782608695
15.612173913043478
15.722173913043479
15.713478260869564
15.58304347826087
15.79391304347826
15.856521739130434
15.699565217391307
15.903913043478262
15.877391304347826
15.595652173913043
15.567826086956522
15.401304347826088
15.344347826086958
15.582173913043478
15.39608695652174
14.218695652173915
14.263478260869565
13.886521739130433
13.92086956521739
13.475217391304348
13.897391304347826
14.333043478260867
14.503478260869565
14.484347826086957
14.07
13.864782608695652
13.513478260869565
13.194782608695652
13.171304347826087
13.494782608695653
13.71782608695652
13.753478260869565
13.887826086956522
14.025
13.262272727272727
12.741363636363637
12.082727272727272
11.832727272727272
12.30318181818182
11.579545454545455
12.413181818181817
12.785454545454547
12.65
12.35409090909091
11.897727272727273
11.713181818181818
11.53
11.120454545454546
10.898181818181818
10.896363636363636
9.995454545454546
10.286818181818182
9.817272727272726
10.782727272727273
10.959090909090909
10.863181818181818
10.941363636363636
10.850454545454545
10.750454545454545
10.760909090909092
10.227727272727272
9.787272727272727
10.112272727272726
10.020909090909091
9.44
9.231818181818182
9.602727272727272
8.88409090909091
8.865454545454545
8.557272727272727
8.463181818181818
8.781363636363636
7.790909090909091
7.990454545454545
8.33
8.156818181818181
8.03
7.554545454545454
7.302727272727273
6.604545454545454
6.4390909090909085
6.608181818181818
6.516363636363637
6.392272727272727
6.259090909090909
6.23
6.011363636363637
6.262272727272728
6.425
6.658636363636364
6.666818181818183
6.457727272727272
6.454999999999999
6.1445454545454545
6.1922727272727265
5.775454545454545
5.63909090909091
5.541363636363636
5.335
5.0631818181818184
4.991363636363636
5.095909090909091
4.994090909090908
4.765
5.092272727272728
5.284545454545455
5.361818181818182
4.508636363636364
4.454545454545454
4.27590909090909
3.8513636363636365
4.081818181818182
4.040909090909091
3.1900000000000004
4.072272727272727
4.552272727272728
5.159090909090909
5.965
4.917272727272728
4.329090909090909
4.075
3.6013636363636365
3.3845454545454547
4.114545454545454
4.266818181818182
