pet
0.20894736842105263
0.2642105263157895
0.3273684210526316
0.2963157894736842
0.2489473684210526
0.21052631578947367
0.35368421052631577
0.2736842105263158
0.27789473684210525
0.2968421052631579
0.3468421052631579
0.34210526315789475
0.26473684210526316
0.28368421052631576
0.32052631578947366
0.22421052631578947
0.2705263157894737
0.2421052631578947
0.301578947368421
0.30894736842105264
0.24947368421052632
0.23
0.2
0.29578947368421055
0.3294736842105263
0.31526315789473686
0.3257894736842106
0.4036842105263158
0.36052631578947364
0.3273684210526316
0.402
0.40249999999999997
0.3935
0.4025
0.4405
0.426
0.48
0.48250000000000004
0.5015000000000001
0.472
0.45549999999999996
0.4215
0.45099999999999996
0.483
0.425
0.5135
0.5275000000000001
0.4085
0.49749999999999994
0.55
0.631
0.616
0.709
0.6665
0.584
0.666
0.739
0.72
0.7185
0.717
0.7675
0.682
0.7415
0.7925
0.8055
0.8560000000000001
0.8494999999999999
0.884
0.9435
0.96
0.9465
0.9105000000000001
0.982
0.942
0.8775000000000001
0.9574999999999999
1.041
1.058
0.9890000000000001
1.1075
1.0795
1.0875
1.0050000000000001
1.0150000000000001
1.1775
1.1395
1.2645
1.208
1.2445
1.409
1.393
1.374
1.3255000000000001
1.342
1.451
1.6265
1.512
1.6239999999999999
1.502
1.6015000000000001
1.567
1.4834999999999998
1.4945
1.5735
1.614
1.812
1.7594999999999998
1.8445
1.6195
1.7885000000000002
1.859
1.8785
1.916
1.8699999999999999
1.873
1.791
1.9920000000000002
1.94
2.061
1.9274999999999998
2.216
2.173
2.284
2.214
2.082
2.1035
2.3015
2.1715
2.307
2.1465
2.2760000000000002
2.4044999999999996
2.228
2.2385
2.339
2.2675
2.243
2.367
2.4219999999999997
2.2155
2.413
2.4285
2.682
2.666
2.7195
2.5565
2.3274999999999997
2.498
2.5375
2.746
2.9485
2.864
2.631
2.7015000000000002
2.4395
2.653
2.391
2.7640000000000002
2.702
2.907
2.8129999999999997
2.8545000000000003
2.554
2.4204999999999997
2.4695
2.6295
2.8275
2.798
2.782
2.746
3.1015
2.8515
2.6439999999999997
2.7905
2.7560000000000002
2.7145
2.919
2.536
2.7125
2.77
2.534
2.6645
2.6625
2.694
2.6605
2.706
2.5975
2.618
2.6155
2.7824999999999998
2.7585
2.9455
2.756
2.728
2.9539999999999997
2.8890000000000002
2.9595
2.6665
2.882
2.802
2.5895
2.65
2.6355
2.6919999999999997
2.837
2.6935
2.5275
2.731
2.659
2.4724999999999997
2.6390000000000002
2.414
2.1864999999999997
2.5665
2.6109999999999998
2.2375
2.5345
2.4215
2.3565
2.4635000000000002
2.541
2.113
2.2935
2.181
2.012
2.036
2.339
2.3125
2.2649999999999997
2.0445
2.1855
2.1075
2.0505
2.211
1.943
1.8675000000000002
1.7845
1.841
1.9939999999999998
1.893
1.999
1.7570000000000001
1.7995
1.8669999999999998
1.7454999999999998
1.656
1.8664999999999998
1.6735
1.6344999999999998
1.7845
1.643
1.6489999999999998
1.6785
1.5195
1.6015000000000001
1.611
1.554
1.4060000000000001
1.4395
1.356
1.2790000000000001
1.262
1.2894999999999999
1.3705
1.282
1.2029999999999998
1.1935
1.0305
1.0715
0.9279999999999999
1.0805
1.058
1.0105
1.0710526315789475
0.9952631578947368
1.01
1.0189473684210526
0.9663157894736841
0.94
0.8894736842105262
0.7547368421052632
0.8342105263157894
0.9136842105263158
0.8368421052631579
0.7357894736842105
0.5952631578947368
0.5900000000000001
0.5921052631578947
0.5842105263157894
0.6984210526315789
0.6573684210526316
0.6542105263157895
0.6289473684210526
0.5684210526315789
0.5889473684210526
0.54
0.5410526315789473
0.6442105263157895
0.6794736842105263
0.6342105263157896
0.6089473684210527
0.5073684210526316
0.5631578947368421
0.5394736842105263
0.45
0.4394736842105263
0.4757894736842105
0.39473684210526316
0.41578947368421054
0.3836842105263158
0.4068421052631579
0.38263157894736843
0.3757894736842105
0.31105263157894736
0.39052631578947367
0.3394736842105263
0.3694736842105263
0.3310526315789474
0.18736842105263157
0.20789473684210524
0.2231578947368421
0.2710526315789474
0.23421052631578948
0.25684210526315787
0.24263157894736845
0.20842105263157895
0.2673684210526316
0.23842105263157895
0.23894736842105263
0.2694736842105263
0.24368421052631578
0.24842105263157893
0.2231578947368421
0.26684210526315794
0.24157894736842103
0.24894736842105267
0.27631578947368424
0.22473684210526312
0.2868421052631579
0.2431578947368421
0.32052631578947366
0.22263157894736843
0.21210526315789474
0.24894736842105267
0.16842105263157894
0.1268421052631579
0.21736842105263157
0.25842105263157894
0.1936842105263158
0.22947368421052633
0.1889473684210526
0.12842105263157894
0.1236842105263158
0.14894736842105263
0.19210526315789472
0.19736842105263158
0.18421052631578946
0.34157894736842104
0.2726315789473684
0.21263157894736842
0.23842105263157895
0.21999999999999997
0.15894736842105264
0.1731578947368421
0.2068421052631579
