pet
0.30043478260869566
0.29086956521739127
0.4043478260869566
0.3491304347826087
0.2456521739130435
0.2995652173913044
0.31043478260869567
0.24434782608695652
0.21043478260869564
0.3547826086956522
0.41956521739130437
0.3960869565217391
0.3086956521739131
0.3426086956521739
0.22478260869565217
0.2508695652173913
0.30130434782608695
0.32608695652173914
0.3239130434782609
0.24304347826086956
0.35695652173913045
0.3517391304347826
0.3017391304347826
0.46608695652173915
0.3373913043478261
0.33956521739130435
0.34043478260869564
0.34608695652173915
0.30782608695652175
0.3426086956521739
0.44565217391304346
0.3565217391304348
0.3943478260869565
0.25521739130434784
0.3704347826086956
0.4256521739130435
0.40608695652173915
0.5534782608695652
0.4743478260869565
0.391304347826087
0.4743478260869565
0.4126086956521739
0.41434782608695647
0.5491304347826087
0.5165217391304349
0.45869565217391306
0.4921739130434783
0.3730434782608696
0.4613043478260869
0.5321739130434783
0.42260869565217396
0.4721739130434782
0.5313043478260869
0.5417391304347826
0.5760869565217391
0.5478260869565217
0.5469565217391305
0.6191304347826087
0.6795652173913044
0.6404347826086957
0.7000000000000001
0.7795652173913044
0.7252173913043478
0.6630434782608695
0.6865217391304348
0.67
0.6765217391304348
0.7921739130434782
0.6247826086956522
0.7243478260869566
0.8578260869565217
0.7626086956521739
0.802608695652174
0.83
0.8560869565217392
0.9656521739130435
0.8726086956521739
0.8834782608695653
0.9221739130434783
0.9708695652173912
1.112608695652174
1.0547826086956522
1.0630434782608695
1.2208695652173913
1.1147826086956523
1.168695652173913
1.2265217391304348
1.1778260869565218
1.1973913043478261
1.0804347826086957
1.0427272727272727
1.0795454545454546
1.2577272727272726
1.3486363636363636
1.329090909090909
1.4304545454545454
1.4331818181818183
1.2677272727272728
1.4931818181818182
1.3736363636363635
1.39
1.458181818181818
1.5795454545454546
1.839090909090909
1.7518181818181817
1.785
1.745909090909091
1.579090909090909
1.6145454545454547
1.7504545454545453
1.7113636363636362
1.8113636363636365
1.8854545454545457
2.0604545454545455
1.9177272727272727
1.9631818181818181
2.1713636363636364
1.9340909090909089
1.8195454545454546
1.7513636363636365
1.96
2.0736363636363637
2.096818181818182
2.1768181818181818
2.166363636363636
2.1772727272727272
2.098181818181818
2.1604545454545456
2.0681818181818183
1.964090909090909
2.191818181818182
2.1931818181818183
2.287272727272727
2.6363636363636362
2.5004545454545455
2.584090909090909
2.484090909090909
2.495
2.6404545454545456
2.5777272727272726
2.432727272727273
2.5595454545454546
2.388181818181818
2.702272727272727
2.3636363636363638
2.536363636363636
2.6486363636363635
2.637272727272727
2.437272727272727
2.494090909090909
2.655
2.601818181818182
2.434090909090909
2.5959090909090907
2.766363636363636
2.3613636363636363
2.4104545454545456
2.5204545454545455
2.4745454545454546
2.521818181818182
2.5136363636363637
2.3763636363636365
2.608636363636364
2.6286363636363634
2.691818181818182
2.856363636363636
2.710909090909091
2.5890909090909093
2.466818181818182
2.683181818181818
3.02
2.705
2.908181818181818
2.5827272727272725
2.5272727272727273
2.502727272727273
2.6195454545454546
2.6336363636363633
2.5536363636363637
2.701363636363636
2.700454545454545
2.669545454545455
2.7981818181818183
3.2427272727272727
2.841818181818182
2.885
3.152727272727273
2.9840909090909093
2.665909090909091
2.6331818181818183
2.4136363636363636
2.67
2.6545454545454543
2.610909090909091
2.4277272727272727
2.597272727272727
2.686818181818182
2.670909090909091
2.6245454545454545
2.4822727272727274
2.5772727272727276
2.569545454545455
2.5063636363636363
2.553181818181818
2.4481818181818182
2.7245454545454546
2.625909090909091
2.6313636363636363
2.5263636363636364
2.7386363636363638
2.47
2.2068181818181816
2.5136363636363637
2.4204545454545454
2.4131818181818185
2.3286363636363636
2.2654545454545456
2.169090909090909
2.0772727272727276
2.1345454545454547
2.1463636363636365
2.3140909090909094
2.102272727272727
2.243181818181818
2.1777272727272727
1.9531818181818181
2.2036363636363636
2.390909090909091
2.330909090909091
2.0322727272727272
2.016363636363636
2.234090909090909
2.016363636363636
2.0931818181818183
1.9381818181818182
2.098181818181818
1.895909090909091
2.046818181818182
2.0559090909090907
1.8827272727272728
1.7936363636363637
1.9004545454545456
1.7677272727272728
1.6672727272727272
1.7422727272727272
1.7513636363636365
1.6995454545454545
1.7409090909090907
1.735
1.5622727272727273
1.6354545454545457
1.622272727272727
1.5472727272727271
1.5263636363636364
1.4909090909090907
1.5063636363636363
1.3777272727272727
1.3154545454545454
1.2713636363636363
1.2677272727272728
1.248181818181818
1.3445454545454545
1.31
1.174090909090909
1.2227272727272729
1.0863636363636362
1.2068181818181818
1.035909090909091
0.9340909090909091
0.9168181818181819
0.9581818181818181
1.048181818181818
0.9331818181818182
1.077391304347826
0.9526086956521739
0.9478260869565218
0.9334782608695652
0.8782608695652173
0.9365217391304348
0.971304347826087
0.9491304347826086
0.7017391304347826
0.7478260869565218
0.8369565217391305
0.7656521739130434
0.6734782608695652
0.7347826086956522
0.5391304347826087
0.6630434782608695
0.803913043478261
0.6434782608695653
0.6778260869565217
0.6430434782608695
0.6291304347826087
0.6530434782608695
0.6030434782608696
0.5621739130434783
0.5204347826086957
0.4682608695652174
0.48217391304347823
0.4943478260869565
0.5808695652173913
0.3873913043478261
0.4360869565217391
0.3952173913043478
0.3739130434782609
0.4860869565217391
0.47260869565217395
0.45260869565217393
0.45304347826086955
0.3591304347826087
0.43000000000000005
0.5317391304347826
0.43173913043478257
0.40782608695652167
0.42043478260869566
0.5460869565217391
0.3352173913043478
0.43913043478260866
0.2960869565217391
0.40608695652173915
0.33391304347826084
0.40652173913043477
0.34695652173913044
0.2882608695652174
0.46304347826086956
0.23217391304347826
0.43173913043478257
0.32826086956521744
0.30043478260869566
0.23869565217391306
0.29739130434782607
0.3108695652173913
0.1634782608695652
0.21173913043478262
0.24
0.2639130434782609
0.3108695652173913
0.1773913043478261
0.2882608695652174
0.28347826086956524
0.22695652173913042
0.2391304347826087
0.23565217391304347
0.3408695652173913
0.288695652173913
0.27434782608695657
0.23521739130434782
0.22217391304347828
0.2643478260869565
0.34043478260869564
0.36
0.2843478260869565
0.2669565217391304
0.20608695652173914
0.23565217391304347
0.26782608695652177
0.20130434782608694
0.24869565217391304
0.1691304347826087
0.2821739130434783
0.21826086956521737
0.25608695652173913
0.3556521739130435
0.21086956521739128
