temperature
3.8704347826086956
3.917391304347826
3.6843478260869564
3.8743478260869564
4.018260869565218
4.687391304347826
3.640434782608696
3.9530434782608697
4.403478260869565
4.387391304347826
4.091304347826087
2.9904347826086957
3.023913043478261
3.217391304347826
3.795217391304348
3.9269565217391302
3.4056521739130434
2.781304347826087
3.3708695652173915
3.741304347826087
4.171739130434783
4.474347826086956
4.716086956521739
4.342173913043479
3.9391304347826086
3.9613043478260868
3.782173913043478
3.9617391304347827
3.8821739130434785
3.273913043478261
3.154782608695652
3.5565217391304347
3.723478260869565
4.0426086956521745
3.978695652173913
4.645652173913043
5.13304347826087
4.663913043478261
4.261304347826086
3.832173913043478
3.105652173913043
2.995217391304348
3.3395652173913044
3.0730434782608698
2.3204347826086957
2.303478260869565
2.307391304347826
2.8000000000000003
3.1234782608695655
3.142608695652174
3.2247826086956524
3.824347826086956
4.129130434782609
4.313478260869566
4.2617391304347825
3.5252173913043476
3.8365217391304345
3.9695652173913043
4.228260869565218
4.802608695652174
5.022173913043479
5.066521739130435
4.761304347826087
4.841304347826087
4.953043478260869
5.591739130434783
5.466521739130435
5.49304347826087
5.927391304347827
6.277826086956521
5.874782608695653
5.865217391304348
5.810869565217391
5.866521739130435
5.643478260869566
6.232173913043479
6.313478260869566
6.478260869565218
6.135217391304347
6.220434782608695
6.427391304347827
5.913043478260869
6.521739130434782
6.768695652173913
6.37695652173913
6.768695652173913
6.408260869565217
6.358695652173913
6.582173913043477
6.57391304347826
7.571363636363636
7.642727272727272
6.597272727272727
6.173181818181818
6.03
6.242272727272728
6.965909090909091
7.034090909090909
6.769090909090909
7.279545454545455
7.573181818181819
7.8568181818181815
7.694090909090909
7.823636363636364
8.186818181818182
8.488636363636363
7.8172727272727265
7.763181818181818
8.360909090909091
8.433181818181819
8.269545454545455
9.262272727272729
8.950909090909091
8.254545454545454
8.222727272727273
8.145909090909091
8.251818181818182
8.231363636363637
8.488636363636363
8.852272727272727
9.385454545454545
9.270909090909091
9.270454545454545
9.408181818181818
9.683181818181819
10.08909090909091
10.150454545454545
10.92090909090909
10.682272727272727
10.611818181818181
10.685
10.870454545454546
11.487727272727271
11.210454545454546
11.585909090909091
11.451818181818181
11.571818181818182
11.384090909090908
12.001363636363635
12.452727272727271
11.897272727272728
11.820454545454545
12.245
12.184545454545455
12.510000000000002
12.770909090909093
12.471363636363636
12.10590909090909
12.17181818181818
12.687272727272727
12.77
13.249545454545455
13.175
13.379545454545456
13.265909090909092
12.901363636363635
13.172727272727274
13.283181818181818
13.381363636363636
13.669090909090908
13.42590909090909
13.614545454545453
13.55318181818182
13.913181818181819
14.493636363636364
14.102727272727272
14.114999999999998
14.136818181818182
13.705909090909092
14.437727272727273
14.615000000000002
14.502272727272727
14.745
14.569545454545455
14.754545454545456
14.725
15.373636363636363
15.258636363636363
15.10590909090909
15.338181818181818
15.618636363636364
15.735454545454546
15.775
15.627272727272727
15.927727272727275
17.022727272727273
17.11818181818182
16.927272727272726
17.112727272727273
16.995
16.617272727272727
16.92590909090909
16.398636363636363
16.92818181818182
16.88909090909091
16.96
16.503636363636364
16.25409090909091
16.340454545454545
16.27
16.902272727272727
16.611363636363635
16.588636363636365
16.577272727272728
16.168181818181818
16.501363636363635
16.94909090909091
16.914545454545454
17.188181818181818
17.332272727272727
17.455454545454543
17.629545454545454
17.043636363636363
16.779545454545453
17.203636363636363
17.22590909090909
16.774545454545457
16.649545454545457
16.383181818181818
16.93045454545455
17.19454545454545
17.201363636363638
16.635454545454547
16.60818181818182
16.79090909090909
17.571363636363635
17.724999999999998
17.076363636363638
16.53772727272727
16.430909090909093
16.707727272727272
16.900000000000002
17.026818181818182
16.85909090909091
15.803636363636365
15.764090909090909
15.869545454545454
16.218636363636364
15.591363636363637
15.981818181818182
16.166363636363638
15.963181818181818
15.391363636363637
15.684545454545455
15.626363636363635
15.340000000000002
15.014999999999999
14.978181818181817
14.654545454545454
14.825
14.852272727272727
14.996818181818183
14.926363636363636
14.37090909090909
14.42909090909091
13.754545454545456
13.223636363636365
14.061363636363637
13.908181818181818
14.379090909090907
14.155000000000001
13.787727272727272
13.526363636363635
13.789090909090909
13.331363636363637
13.388181818181819
13.252727272727272
13.272272727272728
13.195
13.245
12.973181818181816
13.087727272727273
13.139090909090909
12.807391304347826
12.406956521739131
12.301739130434783
12.36695652173913
12.249130434782609
11.73304347826087
11.411739130434782
11.152173913043478
11.933478260869563
12.151304347826088
11.47695652173913
11.399565217391304
11.324347826086955
10.24
10.614782608695652
9.977391304347826
9.890434782608697
10.48913043478261
10.690434782608696
10.043478260869565
9.69304347826087
9.443913043478261
9.277826086956521
9.805652173913044
9.579565217391306
9.826086956521738
9.876086956521739
9.333913043478262
8.8
8.98391304347826
9.599130434782609
9.429565217391303
9.263478260869565
8.984347826086957
7.69086956521739
7.590434782608696
7.169130434782609
7.831739130434783
8.546086956521739
8.191739130434783
7.807391304347826
8.178260869565218
6.94695652173913
6.525217391304347
5.967391304347826
6.143478260869564
6.41
6.265217391304348
6.854347826086957
6.484782608695652
5.671304347826087
5.4534782608695656
5.714782608695652
6.228695652173912
6.047391304347826
5.930434782608696
5.264347826086956
4.978260869565218
4.570434782608696
4.259130434782609
4.43608695652174
5.119130434782609
5.160434782608696
5.671304347826087
5.589130434782609
5.809565217391304
5.3130434782608695
5.296086956521739
4.8334782608695654
4.473478260869565
4.060869565217391
4.185652173913043
4.228695652173913
4.3908695652173915
4.746521739130435
5.13304347826087
4.982173913043479
4.956086956521739
4.980434782608696
4.700869565217391
4.903043478260869
5.56695652173913
5.114347826086957
5.137391304347826
5.216521739130435
5.281739130434783
4.938695652173913
5.185217391304348
4.850434782608696
4.85304347826087
3.7517391304347827
3.5104347826086952
