pet
0.3740909090909091
0.3477272727272727
0.385
0.305
0.17136363636363636
0.2509090909090909
0.2913636363636364
0.29636363636363633
0.23454545454545456
0.26545454545454544
0.37454545454545457
0.4145454545454545
0.33409090909090905
0.37454545454545457
0.17772727272727273
0.2731818181818182
0.3372727272727273
0.27090909090909093
0.35000000000000003
0.2290909090909091
0.3422727272727273
0.3440909090909091
0.3318181818181818
0.3609090909090909
0.28045454545454546
0.3686363636363636
0.3290909090909091
0.28454545454545455
0.30363636363636365
0.3231818181818182
0.3940909090909091
0.3468181818181818
0.33681818181818185
0.30954545454545457
0.3931818181818182
0.43454545454545457
0.41409090909090907
0.5422727272727272
0.47181818181818186
0.37863636363636366
0.45681818181818185
0.4163636363636364
0.3809090909090909
0.4486363636363636
0.46318181818181814
0.41363636363636364
0.4313636363636364
0.34181818181818185
0.4027272727272727
0.48045454545454547
0.4772727272727273
0.44909090909090904
0.5895454545454546
0.5481818181818182
0.5295454545454545
0.5068181818181818
0.5709090909090909
0.5722727272727273
0.6472727272727273
0.6472727272727273
0.6513636363636364
0.7995454545454546
0.775
0.7672727272727272
0.7831818181818182
0.7136363636363636
0.7927272727272728
0.8095454545454545
0.6513636363636364
0.7377272727272728
0.8995454545454545
0.7877272727272726
0.7972727272727272
0.8759090909090909
0.8327272727272728
0.9140909090909091
1.0
0.9177272727272728
0.9595454545454545
1.0131818181818182
1.0463636363636364
1.145909090909091
1.1504545454545454
1.1786363636363637
1.0886363636363636
1.184090909090909
1.2159090909090908
1.2586363636363638
1.1827272727272726
1.075
1.0977272727272727
1.1513636363636364
1.1495454545454544
1.2713636363636363
1.28
1.305
1.2695454545454545
1.2204545454545455
1.3413636363636365
1.413181818181818
1.3431818181818183
1.4772727272727273
1.4895454545454547
1.760909090909091
1.6563636363636363
1.705909090909091
1.63
1.5036363636363637
1.6118181818181818
1.741818181818182
1.6113636363636366
1.6381818181818182
1.7909090909090908
1.8004545454545455
1.7690909090909093
1.9
1.9281818181818182
1.85
1.8604545454545454
1.7927272727272727
1.9486363636363635
1.9772727272727273
2.001818181818182
2.080454545454545
1.9645454545454546
2.083181818181818
2.066818181818182
2.0713636363636363
2.1504545454545454
2.0013636363636365
2.1818181818181817
2.098181818181818
2.23
2.4545454545454546
2.466818181818182
2.57
2.3654545454545453
2.358636363636364
2.516363636363636
2.369090909090909
2.233636363636364
2.4995454545454545
2.286363636363636
2.5127272727272727
2.4499999999999997
2.487727272727273
2.4454545454545453
2.502272727272727
2.46
2.463181818181818
2.5204545454545455
2.585
2.3622727272727273
2.5500000000000003
2.6654545454545455
2.4318181818181817
2.4131818181818185
2.671818181818182
2.6859090909090906
2.4795454545454545
2.5168181818181816
2.3495454545454546
2.497727272727273
2.6236363636363635
2.7786363636363633
2.784090909090909
2.54
2.510909090909091
2.6104545454545454
2.713181818181818
2.9795454545454545
2.653181818181818
2.7668181818181816
2.585909090909091
2.4936363636363637
2.549545454545455
2.659090909090909
2.7386363636363638
2.7209090909090907
3.0131818181818186
2.8495454545454546
2.700909090909091
2.7722727272727274
3.112727272727273
2.9322727272727276
2.847272727272727
3.103181818181818
2.9454545454545453
2.622272727272727
2.7604545454545453
2.557272727272727
2.7836363636363637
2.7068181818181816
2.599090909090909
2.4895454545454543
2.4881818181818183
2.648181818181818
2.6631818181818185
2.5713636363636363
2.521818181818182
2.601818181818182
2.674090909090909
2.3595454545454544
2.495
2.483636363636364
2.735909090909091
2.5786363636363636
2.635
2.548636363636364
2.6756521739130434
2.488260869565217
2.3104347826086955
2.5943478260869566
2.5591304347826087
2.5321739130434784
2.4417391304347826
2.3834782608695653
2.254782608695652
2.0826086956521737
2.1282608695652177
2.185217391304348
2.3265217391304347
2.260869565217391
2.242608695652174
2.201304347826087
2.09304347826087
2.320869565217391
2.4769565217391305
2.323913043478261
2.017826086956522
2.0069565217391303
2.25
2.221739130434783
2.092608695652174
2.0069565217391307
2.069130434782609
1.911304347826087
2.013913043478261
2.003913043478261
1.9295652173913045
1.8004347826086955
1.8613636363636366
1.7477272727272728
1.814090909090909
1.8709090909090909
1.7163636363636363
1.835909090909091
1.8486363636363636
1.8386363636363638
1.5886363636363638
1.6645454545454543
1.685909090909091
1.6368181818181817
1.56
1.533181818181818
1.5686363636363636
1.4945454545454546
1.3445454545454545
1.4077272727272727
1.3363636363636364
1.3531818181818183
1.374090909090909
1.3981818181818182
1.2718181818181817
1.2340909090909091
1.0927272727272728
1.1890909090909092
1.0445454545454547
0.9527272727272728
0.9831818181818182
0.9763636363636364
1.0195454545454545
0.9431818181818182
1.0495454545454546
0.9336363636363636
0.889090909090909
0.9340909090909091
0.9045454545454544
0.8904545454545455
0.935
0.9154545454545455
0.7518181818181818
0.8018181818181819
0.8972727272727272
0.7027272727272728
0.6527272727272727
0.6659090909090909
0.5422727272727272
0.5540909090909091
0.7531818181818182
0.6763636363636364
0.6259090909090909
0.5586363636363637
0.605909090909091
0.6354545454545455
0.6131818181818182
0.5463636363636364
0.525
0.4072727272727273
0.4990909090909091
0.42590909090909096
0.5413636363636364
0.43681818181818177
0.4454545454545455
0.36818181818181817
0.4059090909090909
0.40090909090909094
0.4436363636363636
0.4227272727272728
0.4727272727272727
0.2872727272727273
0.35454545454545455
0.4959090909090909
0.44727272727272727
0.4645454545454546
0.4090909090909091
0.515
0.34545454545454546
0.41090909090909095
0.27045454545454545
0.3809090909090909
0.3131818181818182
0.43454545454545457
0.3463636363636364
0.22136363636363637
0.4018181818181818
0.24727272727272728
0.46181818181818185
0.3768181818181818
0.30409090909090913
0.2840909090909091
0.25545454545454543
0.31363636363636366
0.20272727272727273
0.20454545454545456
0.26136363636363635
0.2586363636363636
0.30863636363636365
0.15363636363636363
0.28318181818181815
0.3259090909090909
0.1668181818181818
0.20181818181818184
0.22999999999999998
0.24954545454545454
0.3409090909090909
0.27409090909090905
0.20545454545454547
0.24181818181818182
0.23727272727272727
0.3
0.3154545454545455
0.2468181818181818
0.3240909090909091
0.18999999999999997
0.17227272727272727
0.29
0.21363636363636365
0.27
0.21500000000000002
0.265
0.29409090909090907
0.2340909090909091
0.36272727272727273
0.23772727272727276
