temperature
4.066666666666667
4.160952380952381
3.878095238095238
4.016190476190476
4.350476190476191
4.774761904761904
3.3685714285714283
3.6533333333333333
4.153809523809524
4.120952380952381
3.8604761904761906
3.128095238095238
2.7895238095238093
2.7323809523809524
3.339523809523809
3.6366666666666667
3.0857142857142854
2.3733333333333335
3.2333333333333334
3.5390476190476186
4.288571428571428
4.55
4.378571428571429
3.905238095238095
3.7285714285714286
3.56
3.3095238095238093
3.4638095238095237
3.610952380952381
3.4423809523809528
3.5342857142857143
3.7971428571428567
3.5533333333333337
3.816666666666667
3.941904761904762
4.513333333333334
4.740952380952381
4.4019047619047615
3.9342857142857146
3.5342857142857143
3.0357142857142856
2.760952380952381
2.8666666666666667
2.639047619047619
1.8347619047619048
1.9866666666666666
2.1023809523809525
2.796666666666667
2.935238095238095
2.817619047619048
2.520952380952381
3.09952380952381
3.802857142857143
4.037619047619048
4.172380952380952
3.4347619047619045
4.04047619047619
4.38047619047619
4.583809523809523
4.885714285714285
5.0909523809523805
5.298095238095239
4.988095238095238
5.421904761904762
5.647142857142858
6.349523809523809
6.17
5.736666666666666
6.286190476190476
6.566666666666667
6.113333333333333
6.159523809523809
6.1676190476190484
6.007619047619047
5.386666666666667
5.989999999999999
6.034285714285714
6.086190476190477
5.690476190476191
5.951428571428572
6.113333333333333
6.0390476190476186
6.312380952380953
6.813809523809524
6.191428571428572
6.61047619047619
6.427142857142857
6.523333333333333
6.793809523809523
6.687619047619047
7.553181818181819
7.116363636363636
6.046818181818182
5.927727272727273
6.044545454545454
6.198181818181819
6.71409090909091
6.673636363636363
6.629999999999999
7.178636363636364
7.631818181818182
8.052727272727273
7.618636363636364
7.712727272727273
8.13090909090909
8.547727272727274
8.04
7.807272727272727
8.577272727272726
8.724545454545455
8.557727272727272
9.207272727272727
9.025
8.461363636363636
8.481818181818182
8.74409090909091
8.816818181818181
8.802727272727273
9.106363636363637
9.40318181818182
9.65090909090909
9.138636363636364
9.405454545454546
9.319545454545455
9.448181818181817
9.928181818181818
10.124545454545455
10.981818181818182
10.633636363636363
10.537272727272727
10.887272727272729
10.92590909090909
11.635454545454545
11.48409090909091
11.666363636363638
11.642727272727273
11.624090909090908
11.526363636363637
11.748636363636363
12.327727272727271
12.139545454545454
11.985909090909091
12.319090909090908
12.39409090909091
12.56
12.711363636363636
12.340909090909092
12.064545454545454
12.291363636363638
12.414090909090909
12.726818181818182
13.466363636363637
13.385909090909092
13.505
13.264545454545454
13.372727272727273
13.737272727272726
13.716818181818182
13.87590909090909
13.938181818181818
13.905454545454546
13.957272727272727
13.823636363636364
14.172272727272729
14.682727272727272
14.243636363636364
14.52590909090909
14.77
14.132272727272726
14.860000000000001
14.882727272727273
14.854545454545455
14.864090909090908
14.577727272727271
14.897272727272728
15.14409090909091
15.552272727272726
15.534999999999998
15.45409090909091
15.765454545454547
15.92818181818182
15.952727272727271
15.943809523809524
15.88904761904762
16.293809523809525
16.98190476190476
17.009999999999998
16.94952380952381
17.23
16.777142857142856
16.496666666666666
16.798095238095236
16.166666666666668
16.961904761904762
16.96952380952381
17.024761904761903
16.736190476190476
16.436190476190475
16.342380952380953
16.290952380952383
16.86952380952381
16.28857142857143
16.486666666666668
16.625714285714285
16.046666666666667
16.26904761904762
16.84285714285714
17.085238095238097
17.515714285714285
17.69190476190476
17.567142857142855
17.44952380952381
16.99142857142857
16.96666666666667
17.285714285714285
17.066666666666666
16.887142857142855
16.715238095238096
16.27904761904762
16.85809523809524
16.973333333333333
16.951904761904764
16.87238095238095
16.893333333333334
16.834761904761905
17.61047619047619
17.98
17.214761904761904
16.52857142857143
16.427142857142858
16.762857142857143
17.23952380952381
16.913809523809523
16.563809523809525
15.393333333333333
15.573333333333334
15.779523809523809
15.97857142857143
15.37952380952381
15.828095238095237
16.02047619047619
16.09190476190476
14.972857142857142
15.617142857142856
15.386666666666667
15.203809523809525
14.816666666666666
14.907142857142858
14.617142857142856
14.745238095238093
15.03047619047619
15.088571428571429
15.098095238095238
14.41095238095238
14.459523809523809
13.875714285714285
13.403809523809525
13.791428571428572
14.00904761904762
14.333333333333334
13.988571428571428
13.602380952380951
13.554761904761904
13.744761904761905
13.22809523809524
13.311904761904762
13.02809523809524
12.975238095238096
12.791904761904762
12.952380952380953
12.942857142857143
12.845238095238095
12.736190476190476
12.424761904761905
12.08095238095238
11.953809523809523
12.188571428571429
12.197619047619046
11.905714285714286
11.60190476190476
11.081904761904761
11.84095238095238
11.82095238095238
10.843333333333334
10.813809523809525
10.866666666666665
9.892380952380952
10.038571428571428
9.383333333333335
9.194285714285714
9.753809523809524
9.986666666666666
9.890952380952381
9.200476190476191
9.120000000000001
8.959999999999999
9.28
9.225714285714286
9.437142857142858
9.673333333333332
8.881904761904762
8.426190476190476
8.511904761904763
8.907142857142857
8.746666666666666
8.684285714285714
8.53
7.552857142857143
7.411428571428571
6.853333333333333
7.6138095238095245
8.274761904761906
8.039047619047619
7.865714285714286
7.971904761904762
6.810952380952381
6.183809523809525
5.743809523809524
6.1847619047619045
6.090476190476191
5.8376190476190475
6.478571428571428
6.472380952380952
5.305238095238095
4.68952380952381
5.341904761904762
5.844285714285714
5.828571428571429
5.819523809523809
5.029047619047619
4.532857142857143
3.9690476190476187
3.720952380952381
4.0095238095238095
4.832380952380952
5.13047619047619
5.506666666666667
5.73952380952381
5.614761904761904
4.83952380952381
4.88
4.4471428571428575
4.285238095238095
3.694761904761905
3.7014285714285715
3.763809523809524
3.7314285714285713
4.15
4.605238095238095
4.499047619047619
4.6433333333333335
4.458095238095238
4.414285714285715
4.524285714285715
5.3966666666666665
4.983809523809524
5.126666666666667
5.269047619047619
5.17
4.784761904761905
4.933809523809524
4.914761904761905
5.0042857142857144
3.935714285714286
3.7857142857142856
