temperature
4.210454545454545
3.8713636363636366
3.862727272727273
3.7877272727272726
4.370454545454546
4.204545454545454
4.711363636363636
5.065454545454545
4.736818181818182
4.725454545454546
4.735
5.222272727272728
5.776818181818182
4.621818181818182
5.094090909090909
4.360454545454545
4.244090909090909
4.465909090909091
5.085454545454545
4.899090909090909
4.1022727272727275
4.085454545454545
4.169090909090909
3.8018181818181818
4.246818181818182
4.009090909090909
4.065909090909091
3.7931818181818184
4.296363636363636
3.886818181818182
4.026818181818182
3.9045454545454548
3.7909090909090906
4.074999999999999
5.222272727272728
5.011363636363637
4.972727272727273
4.482727272727273
3.737727272727273
3.941363636363636
4.433181818181819
4.905454545454545
5.487272727272727
4.551363636363636
4.160454545454545
4.690909090909091
4.780909090909091
4.486818181818182
4.448181818181818
4.024090909090909
4.074090909090909
4.287727272727273
4.456818181818182
4.995909090909091
5.363636363636363
5.208636363636364
5.431363636363636
5.302727272727273
5.155454545454545
4.9350000000000005
4.675
4.5204545454545455
4.344545454545455
4.72409090909091
5.120909090909091
6.366818181818181
6.3977272727272725
6.56
6.331363636363636
6.031818181818181
5.9409090909090905
5.572727272727272
6.034545454545454
6.764545454545455
7.233181818181818
7.423636363636363
6.707272727272727
5.925454545454546
5.948636363636364
6.145454545454545
6.333181818181817
6.486363636363635
6.578181818181818
7.077272727272727
6.540909090909091
6.137727272727273
6.584545454545454
7.098181818181818
7.954999999999999
8.366818181818182
8.28695652173913
8.265652173913043
7.871739130434783
7.555217391304347
8.012173913043478
8.408695652173913
7.212608695652174
6.9504347826086965
7.4913043478260875
8.347826086956522
7.865217391304348
7.2043478260869565
7.200869565217391
7.827826086956521
8.012608695652174
8.222173913043479
8.658260869565217
7.98391304347826
7.762173913043478
8.310434782608695
9.327826086956522
10.169130434782607
10.812608695652173
10.730869565217391
10.842608695652174
10.008695652173913
10.35695652173913
10.456521739130435
10.110869565217392
9.931304347826087
10.278260869565218
9.995217391304347
10.276521739130436
10.197826086956523
10.508695652173913
10.951304347826087
10.953478260869565
10.826521739130435
11.180869565217392
11.260000000000002
11.140434782608697
10.79304347826087
10.550434782608695
10.569565217391304
11.114782608695652
11.553478260869566
11.56304347826087
11.906086956521738
11.834347826086956
12.123913043478263
11.73
11.773478260869567
12.335217391304347
12.509565217391305
12.40913043478261
12.528260869565216
12.349130434782607
12.752608695652174
12.51391304347826
12.616521739130436
13.096086956521738
13.335217391304347
13.82304347826087
13.442608695652174
12.94086956521739
13.467391304347826
13.725652173913044
14.300869565217392
13.887826086956522
14.123478260869565
14.03086956521739
13.901739130434782
14.040434782608695
14.135217391304348
13.921304347826087
14.061739130434784
14.549130434782608
15.199565217391307
15.452608695652172
15.450434782608696
15.504782608695653
14.865652173913043
14.781739130434783
14.814782608695653
14.743478260869566
14.793478260869565
15.126086956521737
15.686086956521738
15.724347826086957
15.854782608695654
15.69304347826087
15.845652173913043
16.36
16.390869565217393
16.76304347826087
16.092173913043478
16.259565217391305
16.14521739130435
15.875652173913043
15.876521739130435
16.018260869565218
16.214782608695653
16.289130434782606
16.00086956521739
16.682608695652174
16.879130434782606
16.973478260869566
16.452173913043477
16.75
17.21217391304348
17.234782608695653
16.82608695652174
16.562173913043477
17.356521739130436
17.42782608695652
16.88304347826087
17.06869565217391
17.64913043478261
17.61304347826087
17.790434782608695
17.323478260869564
17.157391304347826
17.775652173913045
17.55695652173913
17.682173913043478
17.235652173913046
17.60217391304348
17.707391304347826
17.390434782608697
17.022173913043478
17.070434782608697
17.024347826086956
17.531739130434783
16.858260869565218
16.79695652173913
16.86391304347826
17.337391304347825
16.84521739130435
16.805652173913042
17.110434782608696
17.284347826086954
17.187826086956523
17.02913043478261
16.479130434782608
16.45391304347826
15.78217391304348
15.891304347826088
15.699565217391303
15.451739130434783
15.075652173913044
15.412173913043478
15.317826086956522
15.288695652173912
15.242173913043478
15.408260869565217
15.482608695652175
15.284782608695652
15.46782608695652
15.428260869565218
15.242173913043478
15.23913043478261
14.973478260869564
14.990434782608697
15.311304347826088
15.006521739130434
13.971304347826086
14.090434782608694
13.566086956521739
13.587826086956522
13.211304347826088
13.640434782608697
14.030434782608696
14.28217391304348
14.200434782608696
13.824782608695651
13.548695652173913
13.186521739130436
12.921304347826087
12.861739130434783
13.143478260869566
13.434347826086958
13.50695652173913
13.579565217391304
13.708636363636362
13.04409090909091
12.569090909090908
11.788181818181817
11.652727272727274
11.969999999999999
11.399545454545454
12.068181818181818
12.432272727272727
12.272272727272728
11.97272727272727
11.655000000000001
11.466818181818182
11.34590909090909
10.940454545454545
10.687272727272727
10.69
9.889545454545454
10.124545454545455
9.54590909090909
10.557272727272727
10.773181818181818
10.545454545454545
10.658636363636363
10.656818181818181
10.56909090909091
10.517272727272728
9.943181818181818
9.34590909090909
9.760909090909092
9.765
9.307727272727274
9.080454545454545
9.384090909090908
8.685454545454546
8.623181818181818
8.276818181818182
8.18909090909091
8.590000000000002
7.613181818181818
7.707727272727272
8.041363636363636
7.961363636363637
7.775
7.510909090909092
7.329999999999999
6.640454545454546
6.41
6.548636363636363
6.384545454545455
6.303636363636364
6.209545454545455
5.9359090909090915
5.804545454545455
6.067727272727273
6.123181818181819
6.517727272727272
6.507727272727272
6.1913636363636355
6.189545454545455
6.013181818181818
5.991363636363636
5.62
5.430909090909091
5.343181818181818
5.232727272727273
4.9772727272727275
4.728181818181818
4.832727272727273
4.643636363636364
4.711363636363637
4.997272727272727
5.252727272727273
5.3131818181818184
4.540454545454545
4.427727272727273
4.385909090909091
3.8568181818181815
3.8268181818181817
3.855909090909091
2.9068181818181817
3.647727272727273
4.327272727272727
4.97409090909091
5.742272727272727
4.748181818181818
4.13909090909091
3.9604545454545454
3.3863636363636362
2.9986363636363635
3.8077272727272726
4.121363636363636
