pet
0.3077272727272727
0.3186363636363636
0.44499999999999995
0.32954545454545453
0.2631818181818182
0.3009090909090909
0.305
0.30818181818181817
0.3609090909090909
0.3640909090909091
0.36272727272727273
0.49318181818181817
0.295
0.3418181818181818
0.39454545454545453
0.2968181818181818
0.3759090909090909
0.3590909090909091
0.3709090909090909
0.3463636363636364
0.33136363636363636
0.38227272727272726
0.3159090909090909
0.3954545454545455
0.35818181818181816
0.35818181818181816
0.37636363636363634
0.41363636363636364
0.3372727272727273
0.44
0.4
0.43227272727272725
0.42
0.4668181818181818
0.4040909090909091
0.37000000000000005
0.465
0.4509090909090909
0.519090909090909
0.48227272727272724
0.4090909090909091
0.40090909090909094
0.4186363636363636
0.46136363636363636
0.4572727272727273
0.5431818181818181
0.5495454545454546
0.4240909090909091
0.47409090909090906
0.5831818181818181
0.5945454545454546
0.5809090909090909
0.6627272727272727
0.6177272727272727
0.5981818181818181
0.6872727272727274
0.6659090909090909
0.6081818181818183
0.6572727272727273
0.6463636363636364
0.6663636363636364
0.6295454545454545
0.7177272727272727
0.7554545454545455
0.7277272727272727
0.7472727272727273
0.7677272727272727
0.8040909090909092
0.9
0.8727272727272727
0.8490909090909091
0.8754545454545455
0.8390909090909091
0.8836363636363637
0.825909090909091
0.9236363636363637
0.9581818181818181
1.008181818181818
0.9568181818181819
1.0072727272727273
0.9022727272727273
1.0554545454545454
1.0931818181818183
1.0654545454545454
1.133181818181818
1.110909090909091
1.1209090909090909
1.1977272727272728
1.0236363636363637
1.2495454545454545
1.3013043478260868
1.3395652173913042
1.1852173913043478
1.267391304347826
1.3369565217391304
1.3634782608695653
1.3482608695652174
1.3456521739130434
1.3560869565217393
1.5460869565217392
1.4030434782608694
1.5156521739130435
1.4882608695652173
1.5060869565217392
1.6730434782608696
1.6943478260869564
1.7269565217391303
1.6343478260869566
1.894782608695652
1.7926086956521738
1.6873913043478261
1.5621739130434782
1.797826086956522
1.6734782608695653
1.682173913043478
1.7360869565217392
1.7995652173913044
1.8521739130434782
2.066086956521739
1.9991304347826087
2.128695652173913
2.1317391304347826
2.2095652173913045
2.0660869565217395
1.9039130434782607
2.0182608695652173
2.1769565217391302
2.260869565217391
2.3078260869565215
2.241304347826087
2.303478260869565
2.2995652173913044
2.4117391304347824
2.3556521739130436
2.0482608695652176
2.0934782608695652
1.998695652173913
2.0343478260869565
2.033478260869565
2.101304347826087
2.2995652173913044
2.3817391304347826
2.426521739130435
2.568695652173913
2.4482608695652175
2.491739130434783
2.218695652173913
2.3334782608695654
2.317391304347826
2.61304347826087
2.623478260869565
2.4517391304347824
2.407826086956522
2.516521739130435
2.367391304347826
2.468695652173913
2.3843478260869566
2.6317391304347826
2.5582608695652174
2.627391304347826
2.599565217391304
2.5630434782608695
2.327391304347826
2.2556521739130435
2.5404347826086955
2.3460869565217393
2.38695652173913
2.512608695652174
2.225217391304348
2.4165217391304346
2.572173913043478
2.3791304347826085
2.465217391304348
2.477826086956522
2.4730434782608697
2.43
2.7108695652173913
2.522173913043478
2.5478260869565217
2.492608695652174
2.246521739130435
2.4969565217391305
2.207826086956522
2.359565217391304
2.362173913043478
2.482173913043478
2.181304347826087
2.3408695652173916
2.4982608695652173
2.650434782608696
2.3130434782608695
2.490869565217391
2.325217391304348
2.5382608695652173
2.3643478260869566
2.4930434782608697
2.4895652173913043
2.5426086956521736
2.5760869565217392
2.2630434782608693
2.3282608695652174
2.3086956521739133
2.5473913043478262
2.360869565217391
2.392608695652174
2.4421739130434785
2.357391304347826
2.367391304347826
1.9926086956521738
2.0826086956521737
2.292173913043478
2.057391304347826
2.0786956521739133
2.110869565217391
2.142608695652174
2.1582608695652175
2.253913043478261
1.9713043478260868
2.0417391304347827
2.143478260869565
2.0891304347826085
1.912173913043478
1.7747826086956522
1.8839130434782607
1.8852173913043477
1.7426086956521738
1.943913043478261
1.9469565217391305
1.8904347826086958
1.6621739130434785
1.857391304347826
1.7739130434782608
1.8282608695652172
1.94
1.6791304347826086
1.8730434782608696
1.662173913043478
1.8039130434782609
1.6373913043478259
1.6721739130434783
1.696521739130435
1.5960869565217393
1.6430434782608696
1.4208695652173913
1.4843478260869565
1.478695652173913
1.541304347826087
1.4060869565217393
1.3869565217391304
1.5426086956521738
1.4821739130434783
1.4469565217391305
1.4882608695652173
1.3056521739130436
1.2765217391304347
1.352608695652174
1.325217391304348
1.2839130434782609
1.2508695652173913
1.1921739130434783
1.147391304347826
1.1804347826086956
1.1869565217391305
1.168695652173913
1.2073913043478262
1.0960869565217393
1.1782608695652173
0.9882608695652174
1.04
0.9304347826086956
0.8960869565217391
0.8947826086956521
0.9417391304347826
1.0131818181818182
0.8727272727272727
0.9395454545454546
0.9581818181818182
0.9090909090909091
0.9586363636363636
0.855
0.7722727272727273
0.8404545454545453
0.8604545454545455
0.6927272727272727
0.66
0.5995454545454545
0.6463636363636364
0.6331818181818182
0.6331818181818182
0.6649999999999999
0.7154545454545455
0.6649999999999999
0.6272727272727273
0.6327272727272727
0.5368181818181819
0.5131818181818182
0.5809090909090909
0.6881818181818182
0.5777272727272726
0.6540909090909092
0.6372727272727272
0.5354545454545454
0.535909090909091
0.5395454545454546
0.47363636363636363
0.4904545454545454
0.5022727272727273
0.4818181818181818
0.4563636363636363
0.47
0.45454545454545453
0.46181818181818185
0.4454545454545455
0.3609090909090909
0.5168181818181817
0.43818181818181823
0.37772727272727274
0.3972727272727273
0.3109090909090909
0.32136363636363635
0.3622727272727273
0.35000000000000003
0.33636363636363636
0.4040909090909091
0.36772727272727274
0.31
0.29090909090909095
0.35363636363636364
0.39454545454545453
0.315
0.35454545454545455
0.30272727272727273
0.2927272727272727
0.33636363636363636
0.34045454545454545
0.31363636363636366
0.3645454545454545
0.2968181818181818
0.3318181818181818
0.3140909090909091
0.42863636363636365
0.3731818181818182
0.3686363636363636
0.35863636363636364
0.2563636363636364
0.23136363636363635
0.2618181818181818
0.3322727272727273
0.3431818181818182
0.37000000000000005
0.3063636363636364
0.2159090909090909
0.2677272727272727
0.245
0.2868181818181818
0.22136363636363637
0.24227272727272728
0.3613636363636364
0.24727272727272726
0.21636363636363634
0.21954545454545454
0.22
0.2918181818181818
0.24136363636363634
0.29090909090909095
