temperature
3.6822727272727276
3.363181818181818
3.3954545454545455
3.225909090909091
3.883181818181818
3.658181818181818
4.035454545454545
3.58
4.048636363636363
4.177272727272728
4.079090909090909
4.913636363636363
4.6477272727272725
4.390909090909091
4.727727272727273
3.85
3.8286363636363636
4.237272727272727
3.937272727272727
3.4327272727272726
3.556363636363636
3.6386363636363637
3.632727272727273
3.774090909090909
3.540909090909091
3.637272727272727
3.840454545454546
3.534090909090909
3.3354545454545454
3.1972727272727273
3.5113636363636362
3.8277272727272726
3.5627272727272725
3.803181818181818
4.090909090909091
4.027272727272727
4.05
3.2318181818181815
3.188636363636364
3.563636363636364
3.483636363636364
4.421363636363636
4.434090909090909
3.897727272727273
3.928181818181818
4.550909090909091
4.138181818181819
4.0604545454545455
3.436818181818182
3.391818181818182
3.438181818181818
3.5622727272727275
3.813181818181818
4.368181818181818
3.862727272727273
4.322727272727272
3.972727272727273
4.071363636363636
3.8145454545454545
3.3768181818181815
3.255454545454546
3.4886363636363638
3.6354545454545457
3.825
4.298181818181818
5.493181818181818
4.992272727272727
4.749090909090909
4.940909090909091
4.741363636363636
4.494545454545454
4.579545454545454
5.207272727272727
5.2695454545454545
5.384545454545454
5.859090909090909
5.015454545454546
4.707727272727273
5.118181818181818
5.224545454545455
5.424545454545455
5.570909090909091
5.502272727272727
5.752727272727273
5.673181818181818
5.383636363636364
5.499545454545454
5.512272727272727
6.123636363636364
6.595
6.656086956521739
6.515217391304348
6.384782608695652
5.875217391304347
6.360869565217392
6.447391304347826
6.108695652173913
5.960869565217391
6.7730434782608695
7.132173913043478
6.478695652173912
6.210869565217391
6.146521739130435
6.779565217391305
6.908260869565217
6.748695652173913
7.094347826086956
6.343478260869565
6.490434782608696
6.896521739130435
7.762173913043478
8.151304347826086
8.589130434782609
8.587391304347825
8.167826086956522
7.824347826086957
8.106521739130434
8.315652173913044
8.377391304347826
8.373043478260868
8.471739130434782
8.544347826086957
8.601304347826087
8.927826086956522
8.865652173913043
8.626521739130435
9.19217391304348
9.22391304347826
9.206521739130435
9.441739130434783
9.375652173913045
9.33
9.26
9.319565217391304
9.324347826086957
9.47391304347826
9.561304347826086
8.97
9.326956521739131
9.789565217391305
9.730869565217391
10.036521739130436
10.26608695652174
10.406956521739131
10.205217391304348
10.253478260869565
10.22695652173913
10.437826086956521
10.651739130434782
10.938260869565218
11.133478260869564
11.538260869565217
11.683043478260869
11.605652173913043
11.247826086956522
11.173913043478262
11.63695652173913
11.801739130434783
11.714782608695652
12.040869565217392
12.253043478260869
11.865217391304347
11.358260869565218
11.351739130434781
11.505217391304347
11.624347826086957
12.110434782608696
12.754347826086958
12.484347826086957
12.433913043478261
12.316086956521739
12.054347826086957
12.244347826086956
12.466956521739132
12.538695652173912
12.802608695652173
13.301304347826088
12.86304347826087
13.170434782608696
13.468260869565217
13.343043478260869
13.57913043478261
13.579565217391304
13.635217391304348
13.873478260869566
13.452173913043477
13.374782608695652
13.54695652173913
13.46391304347826
13.516521739130434
13.730869565217391
13.78086956521739
13.491739130434782
13.088260869565216
13.311304347826088
13.712608695652174
13.854347826086956
14.034347826086957
14.116521739130436
14.277826086956521
14.342173913043478
13.792608695652175
14.012608695652174
14.530434782608696
14.301304347826088
14.324347826086958
14.430869565217392
14.28217391304348
14.01391304347826
14.260000000000002
14.208695652173914
14.245217391304347
14.636521739130433
14.55913043478261
14.592608695652174
14.710869565217392
14.600434782608696
14.409565217391306
14.107826086956523
13.905652173913042
14.226086956521739
14.03
14.038695652173912
13.993913043478262
14.008260869565218
14.095217391304347
13.849565217391305
13.77
13.869130434782608
13.602608695652174
14.068695652173913
14.030434782608696
13.820869565217391
13.216086956521737
13.26608695652174
13.014347826086956
12.94304347826087
13.028695652173912
12.676521739130434
12.869565217391305
12.959999999999999
12.88695652173913
13.03608695652174
12.747391304347826
13.152608695652173
13.33695652173913
13.230869565217391
13.116521739130436
12.645652173913044
12.598260869565218
12.48608695652174
12.305652173913042
12.830869565217393
12.807391304347826
12.203478260869565
12.222173913043479
11.51086956521739
11.253043478260869
11.213478260869566
11.187391304347827
11.452608695652176
11.694347826086958
11.93913043478261
12.366521739130436
11.954347826086956
11.247391304347826
11.034782608695652
11.09
10.830869565217391
11.132608695652175
11.434347826086958
11.52608695652174
11.58695652173913
11.289090909090909
10.728181818181818
10.505454545454546
9.813636363636364
9.946363636363635
9.971363636363636
10.044545454545455
10.497272727272728
10.33
9.760909090909092
9.43909090909091
9.320454545454545
9.429545454545455
9.843636363636364
9.635454545454547
8.684545454545455
8.562272727272727
8.429545454545455
8.576363636363636
8.06409090909091
8.56
8.705
8.540454545454546
8.738636363636363
8.836363636363636
8.795454545454545
8.748181818181818
8.464545454545455
7.886363636363637
8.47
8.486363636363636
7.879090909090909
7.465454545454546
7.656363636363636
7.501363636363636
7.4386363636363635
7.056363636363637
7.6072727272727265
7.112727272727272
6.25
6.736818181818182
7.005909090909091
6.986818181818182
6.630000000000001
6.949545454545454
6.870909090909091
6.393636363636364
5.972727272727273
5.874090909090909
5.640454545454546
5.907727272727272
5.713181818181818
5.091363636363637
5.256363636363637
5.982727272727273
5.234090909090909
5.815454545454545
5.927727272727273
5.470454545454545
5.195909090909091
5.117272727272727
4.565
4.948636363636364
4.9386363636363635
4.2713636363636365
4.555909090909091
4.430909090909091
4.100454545454546
4.473181818181818
5.552727272727273
5.762727272727273
4.751363636363636
3.805909090909091
4.175454545454546
4.089090909090909
4.127727272727273
4.145909090909091
3.769545454545455
2.877272727272727
2.7409090909090907
2.0309090909090908
3.130454545454546
3.617272727272727
4.4772727272727275
4.304545454545455
3.2572727272727273
2.545
2.420909090909091
2.0749999999999997
2.2540909090909094
3.112727272727273
3.4013636363636364
