temperature
2.988181818181818
2.560909090909091
2.8186363636363634
2.554090909090909
3.088181818181818
2.9595454545454545
3.35
2.895909090909091
3.446818181818182
3.5722727272727273
3.353181818181818
4.25
4.040454545454545
3.632727272727273
3.9840909090909093
3.055909090909091
3.0795454545454546
3.472727272727273
3.4395454545454545
2.8631818181818183
2.9740909090909096
3.139090909090909
3.1018181818181816
3.141818181818181
3.024090909090909
3.102727272727273
3.4095454545454547
3.0290909090909093
2.7409090909090907
2.5309090909090908
2.966818181818182
3.2409090909090907
2.908181818181818
3.319090909090909
3.559090909090909
3.4345454545454546
3.4650000000000003
2.5595454545454546
2.570909090909091
2.958636363636364
2.8527272727272726
3.7545454545454544
3.8459090909090907
3.3177272727272724
3.540909090909091
4.218181818181818
3.635
3.560909090909091
2.997272727272727
2.8572727272727274
3.01
3.125
3.2318181818181815
4.1013636363636365
3.530909090909091
3.7681818181818185
3.539090909090909
3.6186363636363637
3.5009090909090905
2.9704545454545452
2.7590909090909093
2.983636363636364
3.188181818181818
3.3663636363636367
3.8268181818181817
5.194545454545454
4.680000000000001
4.442727272727272
4.575909090909091
4.421818181818182
4.170909090909091
4.377272727272727
4.998181818181819
4.986363636363636
5.246818181818181
5.796818181818182
4.915
4.5195454545454545
4.697272727272727
4.839090909090909
5.124090909090909
5.248636363636364
4.96
5.318636363636364
5.220454545454545
5.039545454545455
5.255
5.251818181818182
5.90090909090909
6.3136363636363635
6.455652173913043
6.130000000000001
5.991739130434783
5.7004347826086965
6.430434782608696
6.340869565217392
5.912608695652175
5.7504347826086954
6.648695652173912
7.2443478260869565
6.414782608695652
5.932173913043478
5.702173913043478
6.558260869565218
6.645652173913043
6.586086956521739
6.690434782608696
5.891304347826087
6.016521739130434
6.638260869565218
7.555217391304348
7.9513043478260865
8.523478260869565
8.48695652173913
8.004347826086956
7.563043478260869
7.938260869565218
8.017391304347827
8.105652173913043
8.010434782608696
8.06608695652174
8.155217391304348
8.213478260869564
8.677826086956522
8.712173913043477
8.419565217391305
8.792608695652174
8.710434782608695
8.73304347826087
9.04304347826087
8.861304347826087
8.639130434782608
8.55695652173913
8.865652173913043
9.040434782608695
9.228695652173913
9.320434782608697
8.927391304347827
9.168260869565218
9.753478260869565
9.714782608695652
9.926521739130434
10.195652173913043
10.221304347826088
10.132173913043477
10.16
9.95
10.273913043478261
10.558695652173913
10.80391304347826
10.969130434782608
11.563913043478262
11.498695652173915
11.462173913043477
11.072608695652173
10.932173913043478
11.603478260869565
11.78608695652174
11.791739130434781
11.950434782608696
12.052608695652173
11.847826086956522
11.333043478260867
11.398260869565219
11.301304347826088
11.65304347826087
12.158260869565217
12.93695652173913
12.684347826086958
12.678260869565218
12.562173913043479
12.200000000000001
12.276521739130436
12.54304347826087
12.51608695652174
12.641739130434782
13.139565217391304
12.834347826086956
13.273478260869567
13.343913043478262
13.32913043478261
13.67086956521739
13.800434782608697
13.854782608695654
14.050869565217392
13.608260869565218
13.565652173913042
13.743043478260871
13.632173913043479
13.742608695652173
13.667826086956522
13.796521739130435
13.650434782608695
13.19391304347826
13.499130434782609
13.961739130434783
14.03608695652174
14.30391304347826
14.10695652173913
14.289130434782608
14.441304347826087
14.034782608695652
14.109130434782609
14.632608695652175
14.414782608695653
14.289565217391305
14.515652173913043
14.48913043478261
14.280434782608696
14.458695652173914
14.255652173913044
14.452173913043477
14.75391304347826
14.691304347826087
14.701304347826087
14.847391304347827
14.671739130434782
14.47391304347826
14.196521739130434
13.84695652173913
14.113478260869567
13.952608695652176
13.949565217391307
14.03217391304348
14.126521739130435
14.211304347826088
14.062173913043479
13.94086956521739
14.038695652173912
13.72304347826087
14.237826086956522
14.173478260869565
13.952608695652172
13.163478260869566
13.074782608695653
12.98608695652174
12.888260869565217
12.874782608695652
12.500869565217391
12.798695652173913
13.049130434782608
12.92478260869565
13.005652173913044
12.830869565217393
13.216956521739132
13.219565217391304
13.113478260869567
13.09
12.63304347826087
12.441739130434783
12.39304347826087
12.024782608695652
12.576086956521738
12.727391304347828
12.164782608695653
11.980434782608697
11.368260869565216
11.14608695652174
11.032608695652174
10.93391304347826
11.132173913043479
11.388695652173913
11.611739130434783
12.177391304347825
11.756521739130434
11.040000000000001
10.611739130434783
10.801739130434783
10.56304347826087
10.824347826086957
11.1
11.145217391304346
11.171304347826087
10.909545454545453
10.349545454545455
10.278636363636364
9.499545454545455
9.57409090909091
9.567272727272726
9.754090909090909
10.101363636363637
9.905909090909091
9.451818181818181
9.15318181818182
9.037272727272727
9.140454545454546
9.547727272727274
9.16909090909091
8.236818181818181
8.08
7.865
8.067727272727273
7.600454545454546
8.13
8.25
7.996818181818182
8.187272727272727
8.401818181818182
8.403636363636364
8.114545454545455
7.9390909090909085
7.204999999999999
7.848181818181818
7.971818181818182
7.53909090909091
6.888636363636365
7.155454545454546
6.916818181818181
6.628181818181818
6.302727272727273
6.915454545454545
6.665454545454545
5.562727272727273
5.956363636363636
6.284090909090909
6.343636363636364
5.8977272727272725
6.359545454545454
6.3
5.829545454545454
5.255
4.9368181818181816
4.912727272727273
5.306363636363636
5.166818181818182
4.209545454545455
4.524090909090909
5.126363636363636
4.350909090909091
5.082727272727272
5.372272727272727
5.016363636363637
4.538636363636363
4.317272727272727
3.820909090909091
4.095909090909091
4.134545454545455
3.4186363636363635
3.780909090909091
3.6704545454545454
3.041818181818182
3.516818181818182
4.641818181818182
4.965
3.9450000000000003
3.0095454545454543
3.5627272727272725
3.605909090909091
3.6013636363636365
3.283181818181818
3.102727272727272
2.002727272727273
1.7768181818181816
1.0986363636363636
2.1240909090909095
2.684090909090909
3.8004545454545453
3.700909090909091
2.5386363636363636
1.6695454545454547
1.4077272727272727
1.1427272727272728
1.2077272727272728
2.221818181818182
2.5399999999999996
