pet
0.4176923076923077
0.3046153846153846
0.6092307692307692
0.49615384615384617
0.3861538461538462
0.37461538461538463
0.44461538461538463
0.4215384615384616
0.2969230769230769
0.4
0.5284615384615384
0.4253846153846154
0.3523076923076923
0.5638461538461539
0.27384615384615385
0.4492307692307692
0.36846153846153845
0.3484615384615385
0.31461538461538463
0.2530769230769231
0.28
0.38769230769230767
0.2569230769230769
0.5584615384615385
0.5007692307692307
0.5984615384615385
0.3161538461538462
0.46384615384615385
0.25
0.4253846153846154
0.3992307692307693
0.33153846153846156
0.4346153846153846
0.29384615384615387
0.35461538461538467
0.5453846153846154
0.5515384615384615
0.5769230769230769
0.5507692307692308
0.5984615384615385
0.56
0.4253846153846154
0.6438461538461537
0.5823076923076923
0.6346153846153846
0.6307692307692307
0.8523076923076923
0.5630769230769231
0.6646153846153846
0.7515384615384615
0.5869230769230769
0.8415384615384615
0.6542857142857142
0.6128571428571429
0.6085714285714285
0.7514285714285714
0.79
0.9371428571428572
0.8378571428571429
1.0264285714285715
0.8250000000000001
0.8171428571428571
0.7357142857142858
0.8642857142857142
0.8042857142857143
0.7442857142857143
0.8085714285714286
0.8078571428571427
0.7321428571428571
0.9635714285714286
0.8235714285714286
1.0692857142857144
0.8857142857142858
0.9228571428571428
0.8828571428571428
1.0885714285714285
0.9671428571428571
0.9764285714285714
0.9214285714285715
0.8614285714285714
1.2635714285714286
1.0735714285714286
1.0235714285714286
1.2892857142857144
1.1907142857142858
1.325
1.3599999999999999
1.2335714285714285
1.282857142857143
1.407857142857143
1.3492857142857144
1.1414285714285715
1.257142857142857
1.4442857142857142
1.4507142857142856
1.577142857142857
1.6335714285714287
1.4607142857142856
1.5271428571428574
1.645
1.6714285714285713
1.465
1.7507142857142857
1.727857142857143
1.6942857142857142
1.7021428571428572
1.625714285714286
1.8628571428571428
1.6228571428571428
1.6485714285714284
1.7207142857142856
1.6521428571428571
1.8471428571428572
1.862142857142857
1.695
1.7678571428571428
2.079285714285714
2.4135714285714287
2.165
2.137857142857143
2.197857142857143
2.799285714285714
2.6057142857142854
2.6142857142857143
2.3728571428571428
2.6021428571428573
2.677857142857143
2.442857142857143
2.432857142857143
2.0714285714285716
2.315
2.592142857142857
2.167857142857143
2.552857142857143
2.6935714285714285
2.382142857142857
2.4907142857142857
2.8521428571428573
2.5364285714285715
2.830714285714286
2.712142857142857
2.8578571428571427
2.8885714285714283
2.6350000000000002
2.5028571428571427
2.4257142857142857
2.485
2.875
2.35
2.5535714285714284
2.8428571428571425
2.7278571428571428
2.0307142857142857
2.2314285714285718
2.5064285714285717
2.4050000000000002
2.459285714285714
2.670714285714286
2.5007142857142854
2.677857142857143
2.317857142857143
2.2814285714285716
2.406428571428571
2.829285714285714
2.7107142857142854
3.266428571428571
3.1464285714285714
2.9778571428571428
3.0585714285714287
3.165714285714286
3.0371428571428574
2.934285714285714
3.1335714285714285
3.092142857142857
2.9014285714285712
3.0714285714285716
2.7285714285714286
3.0364285714285715
2.8892857142857147
2.8792857142857144
3.0235714285714286
2.580714285714286
2.7714285714285714
2.7492857142857146
2.3314285714285714
2.8035714285714284
2.62
2.5464285714285713
2.689285714285714
2.7535714285714286
2.6900000000000004
2.77
2.765
2.715
2.557857142857143
2.59
2.8721428571428573
2.835714285714286
2.8214285714285716
3.176428571428571
3.1271428571428572
3.0471428571428576
3.174285714285714
3.1185714285714283
2.9135714285714287
3.167857142857143
2.5928571428571425
2.662142857142857
2.9892857142857143
2.6271428571428572
2.8042857142857143
2.542857142857143
2.642857142857143
2.4457142857142857
2.5
2.682857142857143
2.7342857142857144
2.210714285714286
2.634285714285714
2.835
2.255
2.597857142857143
2.107142857142857
2.3857142857142857
2.282142857142857
2.204285714285714
2.3135714285714286
2.662857142857143
2.4935714285714283
2.445
2.2721428571428572
2.3642857142857143
2.124285714285714
2.1185714285714288
1.9278571428571427
1.9064285714285714
1.9435714285714287
2.2414285714285715
2.3335714285714286
2.087142857142857
1.9857142857142858
2.177857142857143
2.013571428571429
1.957857142857143
1.7978571428571428
1.717857142857143
1.9478571428571427
1.9057142857142857
1.8864285714285713
1.6185714285714285
1.7735714285714284
1.8185714285714287
1.7414285714285713
1.5614285714285714
1.6907142857142856
1.782142857142857
1.5078571428571428
1.4542857142857142
1.5142857142857142
1.6650000000000003
1.3235714285714286
1.457142857142857
1.547857142857143
1.4885714285714287
1.397142857142857
1.295
1.4371428571428573
1.1485714285714288
0.88
1.032857142857143
1.0778571428571428
1.1435714285714287
0.91
1.1092857142857144
1.1085714285714285
1.1300000000000001
1.2114285714285715
1.0757142857142858
1.075
1.0728571428571427
1.0935714285714286
0.9
0.76
0.8842857142857143
0.9192857142857143
0.8935714285714286
1.0042857142857142
0.7071428571428572
0.8242857142857142
1.0392857142857144
0.9278571428571428
0.7464285714285713
0.8278571428571428
0.7671428571428571
0.55
0.7178571428571427
0.7621428571428571
0.7742857142857142
0.7557142857142857
0.7428571428571429
0.7535714285714284
0.7685714285714286
0.7728571428571429
0.7007142857142857
0.5599999999999999
0.625
0.44
0.5957142857142858
0.6578571428571429
0.6314285714285715
0.4192857142857143
0.48999999999999994
0.6185714285714285
0.4114285714285714
0.38
0.48214285714285715
0.48214285714285715
0.4321428571428571
0.30500000000000005
0.40714285714285714
0.5114285714285715
0.5221428571428571
0.42214285714285715
0.5121428571428571
0.3821428571428571
0.30357142857142855
0.3192857142857143
0.34928571428571425
0.2571428571428572
0.4407142857142857
0.3992857142857143
0.43642857142857144
0.28928571428571426
0.3078571428571429
0.2592857142857143
0.3285714285714286
0.45285714285714285
0.5392857142857143
0.3535714285714286
0.4035714285714286
0.5464285714285715
0.3257142857142857
0.43642857142857144
0.3085714285714286
0.5378571428571429
0.33999999999999997
0.2815384615384615
0.36153846153846153
0.35384615384615387
0.40846153846153843
0.22923076923076924
0.3523076923076923
0.17615384615384616
0.3230769230769231
0.34923076923076923
0.29846153846153844
0.44307692307692303
0.46692307692307694
0.4169230769230769
0.39076923076923076
0.39923076923076917
0.19538461538461538
0.3723076923076923
0.28615384615384615
0.3161538461538462
