temperature
5.43076923076923
5.406153846153846
5.811538461538461
6.268461538461538
6.9192307692307695
6.5430769230769235
5.716153846153846
6.176153846153847
5.694615384615385
5.7153846153846155
6.078461538461538
6.124615384615385
5.359230769230769
5.2846153846153845
6.01
6.151538461538461
5.625384615384615
4.8999999999999995
5.527692307692307
5.395384615384615
5.321538461538462
4.97
5.096923076923076
5.070769230769231
4.628461538461538
3.713076923076923
4.021538461538461
4.697692307692308
4.837692307692308
5.282307692307692
4.776153846153846
4.383076923076922
4.366153846153846
4.723076923076923
5.9592307692307696
6.3646153846153855
6.623846153846154
5.773846153846154
5.2130769230769225
5.32923076923077
5.594615384615385
6.011538461538462
6.544615384615384
5.668461538461538
4.97
5.4592307692307696
5.953846153846154
5.857692307692308
6.111538461538462
6.292307692307692
5.576153846153845
5.4484615384615385
5.71
6.4471428571428575
6.207857142857143
5.173571428571429
5.751428571428571
6.063571428571429
5.524285714285715
5.1450000000000005
5.085
5.422857142857143
5.571428571428571
5.740714285714286
6.610714285714286
7.213571428571428
6.8500000000000005
6.6899999999999995
7.195714285714286
7.589285714285714
7.077142857142857
7.718571428571429
7.75
7.576428571428571
7.237857142857143
7.623571428571429
7.289285714285714
6.913571428571429
6.026428571428572
7.2371428571428575
7.515714285714286
7.63
7.660714285714286
7.511428571428572
6.762142857142857
6.843571428571429
7.002142857142857
7.000714285714286
7.343571428571429
7.497857142857143
7.777857142857143
7.217142857142858
6.802142857142857
6.320714285714287
6.436428571428571
7.261428571428572
7.192142857142857
7.490714285714286
7.973571428571428
8.014999999999999
7.823571428571428
7.325714285714286
7.137142857142857
6.446428571428571
6.875714285714286
7.217142857142856
7.273571428571429
7.149285714285715
7.555
7.555
8.016428571428571
8.695
8.851428571428572
8.422857142857143
8.382857142857143
8.802142857142858
9.233571428571429
9.595714285714285
9.557857142857143
9.790000000000001
10.42357142857143
10.827142857142857
11.127142857142857
10.814285714285715
10.659285714285714
10.28357142857143
10.152857142857144
10.389285714285714
10.30642857142857
10.539285714285715
11.23
10.898571428571428
10.837142857142856
11.38642857142857
11.672857142857143
11.832857142857142
11.237142857142857
11.1
11.13642857142857
11.519285714285713
12.074285714285713
12.292142857142858
13.112142857142857
13.19357142857143
12.237857142857141
11.99
12.407142857142857
12.103571428571428
11.805000000000001
12.147857142857143
11.972857142857142
12.345
11.619285714285713
11.710714285714285
11.420714285714284
11.741428571428571
12.292857142857143
12.435
11.754999999999999
12.560714285714285
12.80642857142857
12.322857142857144
12.817142857142857
13.050714285714287
13.362857142857143
13.656428571428572
14.056428571428572
14.192857142857141
14.232142857142858
14.545
14.770714285714286
13.855714285714287
13.698571428571428
13.775714285714287
13.855
14.365
14.497142857142856
14.557142857142859
14.580714285714285
15.115714285714287
15.166428571428572
15.145714285714286
14.509285714285713
14.554999999999998
14.745000000000001
15.376428571428571
15.020714285714286
14.894285714285715
15.095714285714285
15.286428571428571
15.332857142857142
15.331428571428571
15.182857142857143
15.162142857142857
14.76142857142857
15.428571428571429
15.452857142857143
15.293571428571429
15.59142857142857
16.210714285714285
16.45642857142857
16.320714285714285
16.07357142857143
16.115000000000002
16.0
15.965714285714286
15.897142857142857
16.032857142857143
16.27857142857143
16.265714285714285
16.22857142857143
15.877142857142857
16.40357142857143
16.772142857142857
16.830714285714286
16.196428571428573
15.909285714285714
16.26214285714286
15.985714285714284
16.032142857142855
16.195714285714285
16.23357142857143
16.172857142857143
15.587142857142856
15.349285714285713
15.611428571428572
15.657857142857143
15.259285714285713
15.385
15.52357142857143
16.205714285714286
16.20357142857143
16.02285714285714
15.822857142857144
15.507857142857144
15.145714285714286
15.661428571428571
15.92
14.935
14.61
14.652857142857144
14.778571428571428
14.970714285714285
14.529285714285715
14.822142857142856
14.67357142857143
14.230714285714287
14.032857142857143
14.239285714285714
14.577142857142858
14.379285714285714
14.102142857142857
13.760000000000002
14.053571428571429
13.31
13.370714285714286
12.944999999999999
13.096428571428572
13.30642857142857
13.460714285714285
13.98857142857143
13.513571428571428
13.129999999999999
13.346428571428572
13.280000000000001
13.052142857142856
13.185
12.852142857142857
12.824285714285713
12.834999999999999
13.020714285714286
12.796428571428573
12.947857142857144
12.379285714285714
11.957857142857142
12.027857142857142
11.45142857142857
11.364285714285714
11.264285714285714
11.435
11.73857142857143
11.730714285714285
11.792857142857143
11.672142857142857
11.705714285714285
11.815714285714284
11.446428571428571
11.547142857142857
11.31857142857143
10.792142857142858
9.890714285714285
10.605
10.472857142857142
10.805000000000001
10.452142857142858
10.632857142857144
10.501428571428573
10.354285714285714
10.302857142857144
10.542142857142858
9.924999999999999
9.784285714285714
9.782142857142857
9.329285714285716
8.676428571428572
8.642142857142856
8.611428571428572
8.517857142857142
8.458571428571428
8.392142857142858
8.812857142857142
9.35142857142857
8.692857142857143
8.426428571428572
8.590714285714286
8.828571428571427
8.064285714285715
7.781428571428571
7.487142857142857
7.562142857142858
7.651428571428572
7.743571428571428
7.572142857142857
6.89
6.3149999999999995
5.883571428571429
6.273571428571429
7.452857142857143
7.262857142857143
7.374285714285714
6.906428571428571
7.342142857142858
7.4071428571428575
7.951428571428571
7.3950000000000005
6.795
6.753571428571428
6.339285714285714
5.739285714285714
5.838571428571428
6.271428571428571
6.166428571428571
5.962142857142857
6.6000000000000005
6.672142857142857
6.726153846153846
6.55076923076923
5.816923076923077
5.2807692307692315
5.999230769230769
6.285384615384615
5.9423076923076925
6.382307692307692
5.71
6.516153846153847
6.636923076923077
6.743076923076923
6.071538461538461
5.359999999999999
5.201538461538462
4.594615384615385
4.619230769230769
5.212307692307693
4.703846153846154
5.029230769230769
