temperature
3.0040909090909094
2.640909090909091
2.4931818181818177
2.368181818181818
3.2827272727272727
3.084090909090909
3.515
3.6431818181818185
3.5513636363636363
3.7563636363636363
3.666363636363636
4.369090909090909
4.510454545454546
3.52
3.9686363636363637
3.180909090909091
3.174090909090909
3.35
3.828181818181818
3.578181818181818
2.804090909090909
2.7795454545454543
2.8327272727272725
2.897727272727273
3.308181818181818
2.9740909090909096
3.139090909090909
2.814090909090909
2.985
2.649090909090909
2.994090909090909
3.128181818181818
2.8804545454545454
3.0895454545454544
3.9149999999999996
3.7245454545454546
3.6750000000000003
3.160909090909091
2.5513636363636363
2.834090909090909
3.0868181818181815
3.8222727272727273
4.328181818181818
3.6381818181818177
3.158636363636364
3.774090909090909
3.3786363636363634
3.3013636363636363
3.244090909090909
2.9872727272727273
2.9481818181818182
3.197727272727273
3.5
3.9745454545454546
3.967727272727273
3.960909090909091
4.05
4.082727272727272
3.7981818181818183
3.5063636363636363
3.186818181818182
3.258181818181818
3.056363636363636
3.385
3.9718181818181817
5.1859090909090915
5.113181818181818
5.102727272727273
5.177727272727273
4.786363636363636
4.496818181818182
4.159090909090909
4.849545454545455
5.483181818181818
5.637272727272727
6.087272727272728
5.289545454545455
4.755909090909091
4.791818181818182
5.070454545454545
5.359090909090909
5.6454545454545455
5.517272727272727
6.001818181818181
5.567272727272727
5.069999999999999
5.557727272727273
5.868181818181818
6.492727272727273
6.781363636363636
6.965217391304347
6.737826086956522
6.5260869565217385
6.214782608695652
6.684782608695652
7.017391304347826
6.033043478260869
5.8160869565217395
6.528260869565218
7.107826086956521
6.483478260869566
6.086086956521739
5.932608695652175
6.7956521739130435
6.865652173913043
6.98695652173913
7.238695652173914
6.484347826086956
6.255217391304348
7.03608695652174
7.960434782608695
8.670434782608696
9.31391304347826
9.250869565217391
9.03695652173913
8.465217391304348
8.769130434782609
8.819565217391304
8.646521739130435
8.623043478260868
8.934347826086958
8.90913043478261
9.023478260869565
9.09695652173913
9.205652173913043
9.235652173913042
9.458695652173912
9.296956521739132
9.405652173913044
9.601304347826087
9.702608695652174
9.426521739130434
9.111304347826087
9.322608695652173
9.819565217391304
10.010434782608696
9.96782608695652
9.99391304347826
10.21391304347826
10.445217391304348
10.311304347826086
10.481739130434782
11.001304347826087
11.061739130434784
10.923913043478262
10.76
10.758260869565218
10.990434782608697
11.262173913043478
11.48695652173913
11.915217391304349
12.24304347826087
12.488260869565218
12.162173913043478
11.650434782608695
11.825652173913044
12.37217391304348
12.559565217391304
12.414782608695653
12.901739130434782
12.630434782608695
12.465652173913043
12.26478260869565
12.396521739130435
12.363913043478261
12.541739130434781
13.201739130434783
13.838695652173914
13.841304347826087
13.896521739130435
13.73521739130435
12.996521739130435
13.180434782608694
13.39
13.356521739130434
13.564347826086957
13.902608695652173
13.839565217391305
14.208695652173914
14.335217391304347
14.288695652173912
14.478695652173913
14.771304347826087
14.800434782608697
14.861304347826087
14.380869565217392
14.376086956521737
14.609130434782609
14.372608695652174
14.43913043478261
14.745217391304347
14.57913043478261
14.797826086956523
14.468260869565217
14.875652173913043
14.98695652173913
15.10304347826087
14.767391304347825
15.15304347826087
15.592173913043478
15.418260869565218
14.925217391304349
14.895217391304346
15.519565217391303
15.46913043478261
15.361304347826087
15.443478260869565
15.761304347826087
15.61304347826087
15.803478260869566
15.483478260869566
15.468695652173912
15.870434782608696
15.696956521739128
15.733478260869566
15.46782608695652
15.710869565217392
15.575652173913044
15.302608695652173
15.051304347826088
15.302173913043477
15.100434782608696
15.57913043478261
15.064347826086957
14.741739130434782
14.97
15.212608695652174
14.87782608695652
15.033913043478263
14.933478260869563
15.299565217391304
15.27
14.946521739130434
14.677391304347825
14.44304347826087
13.815217391304348
13.883478260869564
13.840434782608694
13.43913043478261
13.324347826086955
13.558695652173913
13.549999999999999
13.60217391304348
13.490434782608695
13.735652173913044
13.867391304347825
13.60608695652174
13.69217391304348
13.44391304347826
13.287826086956523
13.240869565217393
12.895217391304346
13.234782608695651
13.452608695652176
13.003043478260869
12.45695652173913
12.12086956521739
11.764782608695654
11.626956521739132
11.516521739130434
11.948260869565217
12.252608695652174
12.459130434782608
12.412173913043478
11.977826086956522
11.625652173913043
11.305217391304348
11.14391304347826
11.230869565217391
11.499130434782609
11.82
11.860434782608696
11.888695652173913
11.934545454545455
11.067272727272726
10.923181818181819
10.039545454545454
9.978636363636364
10.125
9.95590909090909
10.587272727272728
10.52909090909091
10.31
10.110000000000001
9.865909090909092
9.623636363636363
9.595454545454546
9.421818181818182
8.983636363636363
8.814545454545454
8.297272727272727
8.502727272727272
7.833181818181819
8.72090909090909
8.875454545454545
8.690454545454545
8.82909090909091
8.873181818181818
8.969090909090909
8.960909090909091
8.363636363636363
7.723181818181818
8.379545454545454
8.42090909090909
7.913636363636363
7.468181818181819
7.764545454545455
7.087727272727273
7.315
6.756818181818182
6.788636363636363
7.140000000000001
6.074090909090909
6.282272727272727
6.656818181818181
6.622272727272727
6.503181818181818
6.158636363636364
6.072272727272727
5.494090909090909
5.360454545454545
5.216363636363637
4.848636363636364
4.901818181818182
4.802727272727273
4.27
4.345454545454545
4.963181818181818
4.55
5.129090909090909
5.2309090909090905
4.785
4.6036363636363635
4.489545454545454
4.21
4.195454545454545
4.119545454545454
4.005909090909091
4.015909090909091
3.9149999999999996
3.6090909090909093
3.4927272727272727
3.706363636363636
3.9927272727272727
3.753181818181818
3.8354545454545454
3.975454545454545
3.311363636363636
3.0895454545454544
3.2899999999999996
2.8295454545454546
2.516363636363636
2.3786363636363634
1.3618181818181818
2.3231818181818182
2.936363636363636
3.766818181818182
4.106363636363636
3.164090909090909
2.515454545454545
2.3954545454545455
1.9004545454545456
1.8118181818181818
2.591818181818182
2.7713636363636365
