temperature
2.586521739130435
2.5478260869565217
2.178695652173913
2.47
2.8769565217391304
3.03
2.190434782608696
2.7017391304347824
2.9808695652173913
2.7043478260869565
2.3843478260869566
1.7160869565217391
1.2917391304347827
1.6495652173913042
2.263478260869565
2.4239130434782608
1.7308695652173913
1.3895652173913042
2.1656521739130437
2.2121739130434785
2.8365217391304345
2.9873913043478257
2.6673913043478263
2.791739130434783
2.4843478260869567
2.1513043478260867
1.9339130434782608
1.8865217391304347
2.17
1.871304347826087
1.7339130434782606
1.8495652173913044
2.550869565217391
2.8947826086956523
2.93
3.0565217391304347
3.313913043478261
3.256086956521739
2.9482608695652175
2.4039130434782607
1.9782608695652173
1.5660869565217392
1.7430434782608695
1.6560869565217393
1.1904347826086958
0.8582608695652175
0.8891304347826087
1.482608695652174
1.641304347826087
1.833913043478261
1.816521739130435
2.36304347826087
2.7943478260869563
2.859130434782608
3.005652173913043
2.3065217391304347
2.754782608695652
2.738695652173913
2.8704347826086956
3.2117391304347827
3.447391304347826
3.496521739130435
3.4417391304347826
3.7082608695652177
4.125652173913044
4.424347826086957
4.417826086956522
4.107826086956522
4.434347826086956
4.613043478260869
4.450869565217391
4.4769565217391305
4.1378260869565215
4.22304347826087
3.90695652173913
4.439565217391304
4.487391304347827
4.389565217391304
4.26608695652174
4.4052173913043475
4.296521739130435
4.251739130434783
4.482608695652174
4.9708695652173915
4.540869565217391
4.786086956521739
4.663913043478261
4.785652173913043
5.199130434782608
5.0343478260869565
5.744545454545454
5.285454545454545
4.341363636363637
4.476818181818182
4.719545454545455
4.839090909090909
5.0
4.800909090909091
4.965
5.374545454545454
5.878636363636364
6.494545454545454
6.105
6.319090909090909
6.680454545454546
6.870454545454546
6.455454545454546
6.553181818181818
7.078181818181818
6.915454545454546
7.05
7.488181818181818
7.043181818181818
6.590909090909091
6.694545454545454
6.652727272727273
6.570454545454546
6.468181818181819
6.880909090909091
7.136363636363637
7.215454545454546
7.024545454545454
7.573636363636364
7.821818181818181
7.982727272727273
8.208636363636364
8.547272727272727
9.174545454545454
8.526818181818182
8.517272727272728
9.084545454545456
8.778636363636364
9.530909090909091
9.296818181818182
9.558636363636364
9.47409090909091
9.389090909090909
9.754545454545454
9.641818181818183
10.395909090909091
10.308181818181819
10.09909090909091
10.425454545454546
10.672727272727272
10.767727272727273
10.751363636363637
10.695454545454545
10.19818181818182
10.416818181818183
10.405909090909091
10.68590909090909
11.235454545454546
11.20590909090909
11.388181818181819
11.276363636363635
11.348636363636363
11.288181818181819
11.414545454545454
11.515
11.615
11.567727272727273
11.505454545454546
11.794090909090908
11.70318181818182
11.964545454545457
11.840909090909092
12.332727272727272
12.436818181818182
12.075909090909091
12.842727272727274
12.832272727272727
12.577272727272726
12.59818181818182
12.52
12.54
13.096363636363636
13.219545454545454
13.013181818181819
12.97409090909091
13.177272727272726
13.504090909090907
13.732272727272727
13.811363636363637
13.92590909090909
14.318636363636363
14.69
14.691363636363635
14.763181818181819
15.057272727272727
14.618181818181819
14.642727272727273
14.867727272727272
14.486818181818181
14.825909090909091
14.57909090909091
14.851363636363637
14.536818181818182
14.19090909090909
13.97
14.283181818181818
14.743636363636364
14.375
14.307272727272727
14.280000000000001
14.184545454545455
14.609545454545456
14.858636363636363
15.075454545454546
15.141818181818183
15.335
15.15318181818182
14.72318181818182
14.400454545454545
14.735909090909091
14.883636363636363
14.429545454545455
14.55909090909091
14.63
13.973636363636365
14.254090909090907
14.542727272727273
14.243181818181817
14.334545454545456
14.530454545454546
14.75
14.969090909090909
15.186363636363637
14.478636363636365
14.087272727272728
14.012727272727272
14.161818181818182
14.594090909090909
14.449545454545454
14.44590909090909
13.59772727272727
14.056818181818182
14.056818181818182
14.02681818181818
13.532727272727273
13.804545454545455
14.033636363636363
13.640454545454544
12.981818181818182
13.604545454545455
13.111818181818181
13.134999999999998
12.888636363636364
12.866818181818182
12.568636363636363
12.594090909090909
12.950909090909091
12.627727272727272
12.381818181818181
11.919545454545455
12.039090909090909
11.665454545454544
11.45409090909091
11.546363636363637
11.932727272727272
12.140909090909092
11.811363636363637
11.172727272727274
11.508181818181818
11.433181818181819
11.08
11.563181818181818
11.162272727272727
10.595454545454546
10.585454545454546
10.508181818181818
10.897272727272728
10.954545454545455
10.824545454545454
10.562173913043479
10.423043478260869
10.272173913043478
10.416956521739131
9.972608695652173
9.824347826086957
9.645652173913044
9.261304347826087
9.907826086956522
9.687391304347827
9.22304347826087
9.192608695652174
8.640869565217391
8.22695652173913
8.3
8.024782608695652
7.818260869565217
8.035217391304348
8.333478260869565
7.980434782608696
7.357391304347826
7.458260869565217
7.643478260869566
7.930434782608696
7.8426086956521734
7.724347826086956
7.6460869565217395
7.350869565217391
6.8734782608695655
7.299130434782609
7.562173913043479
7.181304347826086
7.238695652173914
7.003913043478261
6.44
6.079130434782608
5.461739130434783
6.068260869565217
6.493913043478261
6.135217391304347
6.072173913043478
6.193478260869565
5.256521739130435
4.648260869565218
4.107391304347826
4.541739130434783
4.47304347826087
4.314347826086957
4.811739130434782
4.560434782608696
3.7321739130434786
3.5917391304347825
4.101304347826087
4.6582608695652175
4.643913043478261
4.582173913043478
3.9617391304347827
3.4804347826086954
3.321304347826087
2.9743478260869565
2.893913043478261
3.337391304347826
3.747391304347826
3.960434782608696
4.160869565217391
4.0865217391304345
3.6604347826086956
3.256521739130435
2.6978260869565216
2.575217391304348
2.490869565217391
2.7656521739130433
2.8521739130434782
2.821304347826087
3.4373913043478264
3.869565217391304
3.526086956521739
3.273913043478261
3.005652173913043
3.110869565217391
3.2356521739130435
3.925217391304348
3.186521739130435
3.5982608695652174
3.597391304347826
3.6473913043478263
3.5652173913043477
3.3808695652173917
3.523913043478261
3.4078260869565216
2.6604347826086956
2.448695652173913
