temperature
3.174545454545455
2.789090909090909
2.585909090909091
2.497272727272727
3.4645454545454544
3.2077272727272725
3.5968181818181817
3.7613636363636362
3.6181818181818177
3.8654545454545453
3.805909090909091
4.494545454545454
4.63
3.6463636363636365
4.140909090909091
3.37
3.352727272727273
3.5090909090909093
3.9709090909090907
3.708636363636364
2.936818181818182
2.8790909090909094
2.919545454545455
2.994545454545454
3.3881818181818186
3.03
3.1799999999999997
2.9022727272727273
3.082727272727273
2.7813636363636363
3.0654545454545454
3.2122727272727274
2.960909090909091
3.1454545454545455
4.033636363636363
3.869090909090909
3.7927272727272725
3.2854545454545456
2.6713636363636364
2.9172727272727275
3.2209090909090907
3.9540909090909087
4.45
3.7636363636363637
3.1872727272727275
3.794090909090909
3.4563636363636365
3.397272727272728
3.347727272727273
3.1381818181818186
3.0236363636363635
3.2881818181818185
3.605454545454545
4.026363636363636
4.0609090909090915
4.091818181818182
4.164545454545455
4.184545454545455
3.860454545454546
3.6168181818181817
3.2818181818181817
3.334090909090909
3.158181818181818
3.464090909090909
4.084090909090909
5.234545454545454
5.209545454545455
5.190454545454545
5.264545454545455
4.879090909090909
4.592272727272728
4.206363636363637
4.865909090909091
5.57
5.681818181818182
6.108181818181818
5.337727272727273
4.8131818181818184
4.873636363636364
5.165909090909091
5.453636363636364
5.753636363636364
5.695909090909091
6.135
5.698181818181818
5.191818181818181
5.652727272727272
5.999545454545455
6.569090909090909
6.864090909090908
7.049130434782609
6.872608695652174
6.647391304347826
6.314347826086956
6.675217391304348
7.091304347826087
6.079565217391305
5.901739130434783
6.577826086956521
7.097391304347826
6.530434782608695
6.210000000000001
6.085652173913044
6.899130434782609
6.984782608695652
7.09695652173913
7.35304347826087
6.6378260869565215
6.393913043478261
7.134782608695652
8.056521739130435
8.754347826086956
9.37217391304348
9.314782608695653
9.144782608695651
8.609130434782609
8.875652173913045
8.951739130434783
8.77
8.802608695652173
9.114782608695652
9.096521739130434
9.187826086956521
9.19217391304348
9.312608695652173
9.341304347826087
9.604347826086956
9.459565217391305
9.554347826086957
9.78217391304348
9.927826086956522
9.663478260869566
9.348260869565218
9.510434782608696
9.978695652173913
10.140434782608697
10.062608695652173
10.065652173913042
10.325652173913044
10.52
10.416086956521738
10.577826086956522
11.115217391304348
11.20695652173913
11.037826086956523
10.853478260869565
10.892173913043479
11.072608695652173
11.352608695652174
11.618695652173914
12.054347826086957
12.330434782608696
12.64913043478261
12.302173913043477
11.804782608695652
11.98
12.487826086956522
12.65304347826087
12.512173913043478
13.005652173913044
12.757826086956522
12.573478260869566
12.367826086956521
12.486521739130435
12.540434782608695
12.672173913043478
13.317391304347826
13.913478260869566
13.914782608695653
13.969565217391304
13.78086956521739
13.061304347826088
13.262173913043478
13.495217391304347
13.478695652173913
13.724782608695653
14.051739130434783
13.97304347826087
14.304782608695652
14.5
14.440434782608696
14.60478260869565
14.842173913043478
14.858260869565218
14.906956521739131
14.435217391304347
14.401739130434782
14.638260869565217
14.450869565217392
14.528260869565216
14.894782608695651
14.685217391304347
14.876521739130434
14.57521739130435
14.96608695652174
15.071739130434782
15.196521739130434
14.81
15.265652173913043
15.723478260869564
15.509130434782607
14.989999999999998
14.98608695652174
15.592173913043478
15.561304347826086
15.511304347826087
15.548260869565217
15.845217391304347
15.706521739130435
15.875652173913043
15.580434782608696
15.545652173913044
15.94086956521739
15.758695652173913
15.79695652173913
15.521739130434783
15.799999999999999
15.671304347826087
15.415652173913044
15.184347826086958
15.453913043478261
15.248695652173915
15.726521739130433
15.178695652173914
14.783478260869565
15.008695652173913
15.26086956521739
14.930434782608694
15.087826086956522
14.989565217391304
15.342173913043478
15.342608695652174
15.010000000000002
14.839130434782609
14.590434782608694
13.910434782608695
13.971739130434784
14.0
13.55913043478261
13.38173913043478
13.570869565217391
13.629565217391304
13.694347826086958
13.53086956521739
13.76304347826087
13.960869565217392
13.683043478260869
13.748260869565216
13.528695652173914
13.376956521739132
13.299565217391304
13.008695652173913
13.336521739130434
13.534347826086957
13.070869565217391
12.542173913043479
12.16304347826087
11.831304347826087
11.702608695652176
11.611304347826087
12.06086956521739
12.376956521739132
12.562608695652173
12.48
12.036956521739132
11.709999999999999
11.424347826086956
11.214347826086957
11.329565217391304
12.178695652173914
11.921739130434782
11.957391304347825
12.021739130434783
12.072727272727274
11.163636363636364
11.004090909090909
10.129090909090909
10.05181818181818
10.252727272727272
10.014545454545454
10.715909090909092
10.664545454545454
10.44
10.251818181818182
9.967727272727272
9.693636363636363
9.639090909090909
9.52818181818182
9.14090909090909
8.93
8.402272727272727
8.600909090909092
7.943181818181818
8.843181818181819
8.975
8.828636363636363
8.981818181818182
8.966363636363637
9.07090909090909
9.111363636363636
8.486363636363636
7.917272727272728
8.562272727272727
8.566818181818181
7.986363636363635
7.583636363636364
7.874545454545455
7.203636363636363
7.497727272727272
6.929090909090909
6.909999999999999
7.275
6.237272727272727
6.46090909090909
6.837272727272728
6.754545454545454
6.691363636363636
6.232727272727273
6.121363636363636
5.5640909090909085
5.488636363636363
5.374090909090909
4.954090909090909
4.993636363636363
4.884545454545454
4.455454545454545
4.467272727272728
5.115454545454546
4.736818181818182
5.264545454545455
5.324545454545454
4.891363636363637
4.743181818181818
4.640454545454546
4.3513636363636365
4.348181818181818
4.283636363636363
4.206363636363637
4.162727272727273
4.055
3.786363636363636
3.68
3.8431818181818183
4.055454545454546
3.8395454545454544
3.973181818181818
4.082272727272727
3.3763636363636365
3.147727272727273
3.394090909090909
2.911363636363636
2.7195454545454543
2.5713636363636363
1.554090909090909
2.58
3.0936363636363637
3.885
4.217272727272728
3.2790909090909093
2.6731818181818183
2.5813636363636365
2.0822727272727275
2.0300000000000002
2.766363636363636
2.917272727272727
