temperature
1.4123809523809523
1.1376190476190478
0.40761904761904766
0.7309523809523809
1.131904761904762
1.2923809523809524
1.1800000000000002
0.7895238095238094
0.3442857142857143
0.4314285714285714
0.8490476190476189
0.3933333333333333
0.25047619047619046
0.8833333333333334
0.9719047619047619
1.0157142857142856
0.5866666666666667
0.4933333333333333
1.3276190476190475
1.5647619047619048
1.9223809523809523
1.6828571428571426
0.909047619047619
0.910952380952381
0.4219047619047619
0.15238095238095248
0.23238095238095238
-0.13619047619047617
1.1795238095238094
1.463809523809524
1.0276190476190474
0.9880952380952381
1.4138095238095238
1.312857142857143
1.437142857142857
1.8528571428571428
1.8928571428571428
1.0971428571428572
0.9295238095238095
0.7171428571428572
0.5976190476190476
0.12666666666666665
0.3423809523809524
0.7347619047619047
0.5566666666666668
-0.06190476190476196
-0.07952380952380952
0.13857142857142865
0.8647619047619047
0.7657142857142857
1.0085714285714285
1.1823809523809523
1.9447619047619047
2.0123809523809526
1.9095238095238096
1.7780952380952382
1.7933333333333332
1.9542857142857142
1.3266666666666667
1.571904761904762
1.8895238095238096
1.9342857142857142
2.3461904761904764
2.7504761904761903
3.677142857142857
3.6990476190476196
3.620952380952381
3.140952380952381
3.1119047619047615
3.051904761904762
3.377619047619047
2.8342857142857145
2.5795238095238098
2.2238095238095235
2.1147619047619046
2.5280952380952377
2.3652380952380954
1.808095238095238
1.9976190476190478
1.7771428571428571
2.2147619047619047
1.9590476190476191
2.089047619047619
2.7723809523809524
2.651904761904762
2.7804761904761905
2.9814285714285713
2.969047619047619
3.5471428571428567
3.8476190476190473
3.6861904761904762
3.3499999999999996
2.4561904761904763
2.8023809523809526
3.372380952380952
3.4257142857142857
3.282857142857143
3.075714285714286
3.275714285714286
3.8128571428571427
4.109523809523809
4.251904761904762
3.738095238095238
4.090476190476191
4.673809523809524
4.729523809523809
4.564285714285714
4.608095238095238
4.987619047619047
5.161904761904762
5.277142857142857
5.005714285714286
4.861428571428571
5.212857142857143
5.0304761904761905
5.073333333333333
5.0600000000000005
5.357619047619047
5.634761904761905
5.829047619047619
5.404090909090909
5.221363636363637
5.119545454545454
5.530454545454545
5.765
5.819999999999999
6.051818181818181
6.402272727272727
6.010454545454545
6.130909090909091
6.674545454545455
6.474545454545455
7.0213636363636365
6.739545454545455
7.180000000000001
6.980909090909091
6.988181818181818
7.5613636363636365
7.352727272727273
7.399090909090909
7.747272727272727
7.658181818181817
7.928636363636364
8.337727272727273
8.425454545454546
8.462272727272726
8.418636363636365
8.044545454545455
8.133181818181818
8.451818181818181
8.67681818181818
9.093181818181819
9.136363636363637
9.264545454545454
9.120909090909091
9.126363636363637
9.316818181818181
9.54318181818182
9.368181818181817
9.717272727272727
9.236363636363636
9.423181818181819
9.635454545454545
9.465
9.786363636363637
9.710909090909091
9.759545454545455
10.007727272727273
10.265454545454546
10.631818181818183
10.906363636363636
10.267727272727273
10.157727272727273
10.172727272727274
10.285454545454545
10.636818181818182
10.55409090909091
10.687727272727273
10.67681818181818
10.624545454545455
11.197272727272727
10.983181818181817
11.162727272727272
11.302272727272728
11.831363636363637
11.976363636363637
12.090000000000002
12.311818181818182
11.961818181818183
11.799545454545454
11.508636363636363
11.98090909090909
11.936818181818182
11.726363636363637
11.925
11.60909090909091
11.594090909090909
11.278095238095238
11.692380952380953
11.998095238095239
12.310476190476189
11.638571428571428
11.480952380952381
11.744285714285715
11.603333333333333
12.093809523809524
12.409047619047618
12.710476190476191
12.912380952380953
12.987619047619049
11.82095238095238
11.824761904761905
11.95142857142857
12.34
12.112857142857143
11.693333333333333
11.814285714285713
11.835238095238095
12.176666666666668
11.889047619047618
11.806666666666667
11.50095238095238
11.763333333333334
11.937142857142858
12.092857142857142
12.217142857142857
12.17047619047619
12.08
11.284285714285714
11.412380952380952
11.58952380952381
11.841904761904763
11.779523809523809
11.023333333333333
11.06952380952381
11.506666666666668
11.234761904761905
11.244761904761905
11.424761904761905
11.17
11.875238095238094
10.801904761904762
10.755714285714285
11.233809523809523
10.652857142857144
10.538095238095238
10.449047619047619
10.140476190476189
9.685238095238095
9.627142857142857
10.218095238095238
9.984285714285713
9.685238095238095
9.474761904761905
9.18
9.31904761904762
9.162857142857144
9.217619047619047
9.253809523809524
10.142857142857142
9.487619047619049
9.149047619047618
9.643809523809523
9.151904761904762
8.674761904761905
8.89809523809524
8.616666666666665
8.233333333333334
7.76047619047619
7.719523809523809
8.032857142857143
8.718571428571428
8.349047619047619
8.504761904761905
8.64
8.35
8.485714285714286
8.040000000000001
7.659523809523809
7.3914285714285715
7.35
7.6971428571428575
6.740476190476191
6.867142857142857
6.77904761904762
6.4019047619047615
6.52
6.314761904761905
6.186190476190476
5.822857142857143
5.916190476190476
5.725238095238096
5.749047619047619
5.705714285714286
5.609523809523809
5.829047619047619
5.923333333333334
6.007142857142857
6.311428571428571
6.01047619047619
5.808571428571429
5.761904761904762
5.46047619047619
4.872857142857143
4.558571428571429
4.977142857142857
4.771428571428571
4.571428571428571
4.260952380952381
4.180952380952381
4.52952380952381
4.524285714285715
4.618095238095238
4.335714285714285
4.113809523809524
3.427142857142857
3.128095238095238
3.0352380952380953
3.3714285714285714
3.3033333333333337
3.1333333333333333
3.2147619047619043
2.902857142857143
2.158095238095238
2.4704761904761905
3.087619047619048
2.928095238095238
2.6614285714285715
2.378095238095238
2.012380952380952
1.6152380952380954
1.8842857142857143
1.5071428571428573
1.7123809523809523
1.8347619047619048
2.517142857142857
3.0852380952380956
2.7866666666666666
2.7157142857142857
2.3190476190476192
1.1
1.3547619047619048
1.23
1.4066666666666667
1.606190476190476
1.4300000000000002
1.58
1.4985714285714284
1.6623809523809525
1.1761904761904762
1.1495238095238096
1.0952380952380953
1.3133333333333332
1.2723809523809524
1.9119047619047618
1.8199999999999998
1.842857142857143
1.8800000000000001
2.225714285714286
2.048571428571429
1.3923809523809525
1.7080952380952379
1.0861904761904762
1.1033333333333335
1.2157142857142857
