pet
0.3291304347826087
0.21739130434782608
0.43782608695652175
0.3160869565217391
0.16695652173913042
0.3704347826086956
0.25521739130434784
0.14043478260869566
0.16260869565217392
0.24869565217391304
0.31217391304347825
0.2995652173913044
0.3073913043478261
0.2639130434782609
0.2856521739130435
0.2508695652173913
0.28043478260869564
0.23391304347826086
0.26956521739130435
0.18869565217391304
0.2417391304347826
0.24782608695652175
0.26565217391304347
0.46956521739130436
0.24739130434782605
0.27695652173913043
0.32826086956521744
0.31521739130434784
0.27869565217391307
0.3565217391304348
0.39565217391304347
0.3530434782608696
0.3739130434782609
0.20782608695652174
0.3134782608695652
0.43913043478260866
0.3878260869565217
0.4682608695652174
0.4652173913043478
0.36434782608695654
0.5360869565217391
0.41086956521739126
0.3421739130434783
0.4673913043478261
0.4965217391304348
0.4556521739130435
0.532608695652174
0.35695652173913045
0.44956521739130434
0.5547826086956522
0.4834782608695652
0.5373913043478261
0.5343478260869565
0.59
0.5982608695652174
0.45521739130434785
0.6243478260869565
0.6521739130434783
0.6173913043478261
0.691304347826087
0.7265217391304348
0.8430434782608696
0.7334782608695652
0.7378260869565217
0.6582608695652175
0.7195652173913044
0.8091304347826087
0.7478260869565218
0.7108695652173914
0.7695652173913043
0.8434782608695651
0.8543478260869565
0.9400000000000001
0.9082608695652175
0.7895652173913044
0.9865217391304348
1.04
0.8965217391304349
0.8652173913043477
1.0378260869565217
1.1395652173913045
1.0782608695652174
1.1043478260869564
1.2304347826086957
1.113913043478261
1.091304347826087
1.2160869565217391
1.23
1.193913043478261
1.1604347826086958
1.0777272727272729
1.210909090909091
1.4527272727272729
1.4359090909090908
1.2754545454545456
1.4859090909090908
1.5113636363636365
1.494090909090909
1.585
1.5813636363636363
1.5595454545454546
1.6595454545454544
1.6768181818181818
2.0127272727272727
1.8627272727272726
1.9063636363636363
1.6759090909090908
1.654090909090909
1.7481818181818183
1.8068181818181819
1.8536363636363637
1.9618181818181817
1.8904545454545454
2.0949999999999998
1.9409090909090911
1.9763636363636365
2.0086363636363633
2.0113636363636362
1.8409090909090908
1.8672727272727272
1.916818181818182
2.3604545454545454
2.127272727272727
2.1686363636363635
2.0722727272727273
2.1095454545454544
2.1977272727272728
2.3622727272727273
2.118181818181818
2.2354545454545454
2.14
2.4254545454545453
2.4954545454545456
2.5454545454545454
2.735
2.5
2.5404545454545455
2.6027272727272726
2.6213636363636366
2.5713636363636363
2.3390909090909093
2.501818181818182
2.4413636363636364
2.627727272727273
2.6777272727272727
2.637272727272727
2.6427272727272726
2.671818181818182
2.553181818181818
2.6004545454545456
2.6954545454545453
2.5959090909090907
2.5195454545454545
2.62
2.834090909090909
2.255
2.565
2.68
2.5031818181818184
2.7977272727272724
2.565
2.559090909090909
2.566818181818182
2.885909090909091
2.9650000000000003
2.9063636363636363
3.084090909090909
2.466818181818182
2.848181818181818
2.653181818181818
2.9545454545454546
2.766363636363636
3.0545454545454547
2.6999999999999997
2.881818181818182
2.5500000000000003
2.7713636363636365
2.7322727272727274
2.6818181818181817
2.8477272727272727
3.0004545454545455
3.0090909090909093
2.8572727272727274
3.328181818181818
2.861818181818182
3.056363636363636
3.3763636363636365
3.2972727272727274
3.005
2.9768181818181816
2.803181818181818
3.0404545454545455
2.7381818181818183
2.929090909090909
2.835
2.729090909090909
2.875
2.8454545454545457
2.8268181818181817
2.608636363636364
2.835
2.5927272727272728
2.6577272727272727
2.5772727272727276
2.4386363636363635
3.035909090909091
2.7418181818181817
2.6290909090909094
2.7504545454545455
2.994090909090909
2.6236363636363635
2.6604545454545456
2.845
2.8068181818181817
2.533181818181818
2.7763636363636364
2.497727272727273
2.5322727272727272
2.3363636363636364
2.6168181818181817
2.419090909090909
2.595
2.4827272727272724
2.3595454545454544
2.2713636363636365
2.2195454545454543
2.575454545454545
2.7254545454545456
2.294090909090909
2.015
2.2704545454545455
2.524090909090909
2.3313636363636365
2.3986363636363635
2.236818181818182
2.091818181818182
2.078181818181818
2.2140909090909093
2.245
2.097272727272727
1.9713636363636362
2.039090909090909
1.9009090909090909
1.8495454545454544
1.854090909090909
2.1081818181818184
2.028636363636364
1.8245454545454545
1.8236363636363635
1.8622727272727273
1.8022727272727272
1.723181818181818
1.716818181818182
1.7590909090909093
1.6804545454545454
1.5768181818181817
1.3168181818181817
1.4268181818181818
1.329090909090909
1.3313636363636363
1.2531818181818182
1.2286363636363637
1.3718181818181818
1.204090909090909
1.3395454545454546
1.1154545454545455
1.0295454545454545
1.0618181818181818
1.0627272727272727
1.0277272727272726
1.0040909090909091
0.9272727272727272
0.9313636363636363
1.1369565217391304
1.0521739130434782
0.8839130434782609
0.8456521739130435
0.8295652173913043
0.8756521739130435
0.8721739130434782
0.938695652173913
0.721304347826087
0.6373913043478261
0.8195652173913044
0.6456521739130434
0.7752173913043477
0.6526086956521739
0.6956521739130435
0.7595652173913043
0.6556521739130435
0.6460869565217391
0.6982608695652174
0.6439130434782608
0.6473913043478261
0.6665217391304348
0.5039130434782608
0.5569565217391305
0.46304347826086956
0.39652173913043476
0.5017391304347827
0.4908695652173913
0.4965217391304348
0.3834782608695652
0.37
0.31782608695652176
0.3026086956521739
0.43652173913043474
0.3634782608695652
0.3773913043478261
0.3669565217391304
0.31086956521739134
0.2708695652173913
0.4891304347826087
0.3808695652173913
0.2956521739130435
0.3647826086956522
0.4295652173913044
0.30782608695652175
0.39999999999999997
0.20695652173913043
0.3878260869565217
0.23130434782608697
0.3647826086956522
0.2604347826086957
0.26565217391304347
0.3847826086956522
0.1991304347826087
0.3743478260869565
0.3952173913043478
0.23782608695652172
0.13652173913043478
0.18304347826086956
0.1791304347826087
0.11913043478260871
0.19521739130434784
0.23347826086956522
0.2408695652173913
0.17478260869565218
0.16999999999999998
0.1926086956521739
0.2491304347826087
0.22565217391304346
0.21782608695652173
0.1917391304347826
0.21434782608695652
0.2778260869565217
0.24782608695652175
0.24608695652173915
0.1760869565217391
0.23217391304347826
0.3134782608695652
0.27999999999999997
0.21869565217391304
0.2826086956521739
0.2991304347826087
0.18043478260869567
0.2952173913043478
0.178695652173913
0.1773913043478261
0.17826086956521742
0.2773913043478261
0.21086956521739128
0.24217391304347827
0.16521739130434782
0.16391304347826088
