pet
0.33636363636363636
0.22045454545454543
0.4327272727272727
0.35000000000000003
0.18545454545454546
0.34136363636363637
0.2972727272727273
0.17500000000000002
0.1918181818181818
0.2740909090909091
0.3477272727272727
0.3513636363636364
0.3277272727272727
0.3040909090909091
0.23590909090909093
0.2545454545454545
0.32
0.2636363636363636
0.2931818181818182
0.18727272727272729
0.3054545454545454
0.30272727272727273
0.28545454545454546
0.4477272727272728
0.26545454545454544
0.32363636363636367
0.31
0.3290909090909091
0.29227272727272724
0.3795454545454545
0.43636363636363634
0.34454545454545454
0.3877272727272727
0.22818181818181815
0.33681818181818185
0.46181818181818185
0.41
0.5304545454545454
0.4959090909090909
0.3936363636363636
0.509090909090909
0.4104545454545454
0.3809090909090909
0.4895454545454545
0.4981818181818182
0.4531818181818182
0.5663636363636364
0.3618181818181818
0.4522727272727272
0.555
0.48363636363636364
0.4772727272727273
0.53
0.5945454545454546
0.5959090909090908
0.5331818181818182
0.6145454545454545
0.6768181818181819
0.6709090909090909
0.6872727272727274
0.7545454545454546
0.8586363636363636
0.7731818181818183
0.7427272727272727
0.6940909090909091
0.7186363636363636
0.8063636363636365
0.7995454545454546
0.6672727272727272
0.7881818181818182
0.879090909090909
0.8413636363636363
0.9068181818181817
0.889090909090909
0.8395454545454545
1.0190909090909093
1.0336363636363635
0.9236363636363637
0.9472727272727273
1.0263636363636364
1.1581818181818182
1.1145454545454545
1.1327272727272728
1.2604545454545455
1.1622727272727273
1.170909090909091
1.2886363636363638
1.2563636363636363
1.2054545454545453
1.1863636363636363
1.0972727272727274
1.1736363636363636
1.3672727272727274
1.4618181818181817
1.3859090909090908
1.6018181818181818
1.492727272727273
1.4045454545454545
1.6113636363636366
1.495
1.505909090909091
1.575
1.6445454545454545
2.025
1.8927272727272728
1.9368181818181818
1.719090909090909
1.6736363636363636
1.7995454545454543
1.8995454545454544
1.8204545454545453
1.9522727272727272
1.9836363636363636
2.1545454545454543
1.9809090909090907
1.9672727272727273
2.1595454545454547
2.0645454545454545
1.9372727272727273
1.8754545454545453
1.9563636363636363
2.290909090909091
2.1540909090909093
2.213181818181818
2.1672727272727275
2.2454545454545456
2.3322727272727275
2.3613636363636363
2.194545454545455
2.196818181818182
2.305454545454545
2.3495454545454546
2.403636363636364
2.6136363636363638
2.7554545454545454
2.557727272727273
2.526818181818182
2.6104545454545454
2.655
2.5454545454545454
2.455909090909091
2.5690909090909093
2.545909090909091
2.776818181818182
2.59
2.6727272727272724
2.705
2.737727272727273
2.558181818181818
2.6054545454545455
2.773181818181818
2.620909090909091
2.442727272727273
2.5959090909090907
2.7822727272727272
2.445
2.7027272727272726
2.7513636363636365
2.686818181818182
2.770909090909091
2.6463636363636365
2.544090909090909
2.6854545454545455
2.898181818181818
2.8763636363636365
3.0327272727272727
2.977272727272727
2.6131818181818183
2.755
2.811818181818182
3.158181818181818
2.938636363636364
3.0313636363636363
2.725909090909091
2.8068181818181817
2.716818181818182
2.808181818181818
2.8018181818181818
2.6977272727272728
2.988181818181818
3.0231818181818184
3.0386363636363636
2.980909090909091
3.4481818181818182
3.0381818181818185
3.130909090909091
3.36
3.2072727272727275
2.8622727272727273
2.815
2.682272727272727
2.87
2.7277272727272726
2.7645454545454546
2.6754545454545453
2.699090909090909
2.8086363636363636
2.830909090909091
2.8027272727272727
2.606818181818182
2.7818181818181817
2.637272727272727
2.6813636363636366
2.7104545454545454
2.520909090909091
3.0127272727272727
2.7927272727272725
2.701363636363636
2.7836363636363637
2.89
2.630909090909091
2.4681818181818183
2.786818181818182
2.735909090909091
2.6654545454545455
2.6418181818181816
2.4795454545454545
2.37
2.3163636363636364
2.484090909090909
2.403636363636364
2.6145454545454547
2.3327272727272725
2.463181818181818
2.35
2.1809090909090907
2.5522727272727272
2.7068181818181816
2.3663636363636367
2.0545454545454547
2.2413636363636367
2.545
2.252727272727273
2.2927272727272725
2.155
2.204090909090909
2.0222727272727274
2.2104545454545454
2.208636363636364
2.0804545454545456
1.9827272727272727
2.0777272727272726
1.91
1.7640909090909092
1.8377272727272727
2.02
1.9699999999999998
1.85
1.8281818181818181
1.804090909090909
1.7118181818181817
1.6713636363636362
1.7159090909090908
1.6781818181818182
1.5986363636363636
1.6009090909090908
1.440909090909091
1.4086363636363635
1.345
1.3277272727272729
1.2531818181818182
1.3418181818181818
1.3445454545454547
1.1977272727272728
1.319090909090909
1.154090909090909
1.1568181818181817
1.0954545454545455
1.0372727272727273
1.0036363636363637
0.9981818181818182
1.0022727272727272
0.9431818181818182
1.115
0.9386363636363636
0.8668181818181818
0.9477272727272728
0.8581818181818182
0.9313636363636363
0.9509090909090908
0.9572727272727272
0.7522727272727273
0.6927272727272727
0.8927272727272727
0.7295454545454546
0.7490909090909091
0.7372727272727272
0.6240909090909091
0.7113636363636364
0.7322727272727273
0.6745454545454546
0.6477272727272727
0.6254545454545455
0.5954545454545455
0.6763636363636364
0.5618181818181819
0.6077272727272728
0.4954545454545455
0.455909090909091
0.4895454545454545
0.535
0.5318181818181819
0.4227272727272728
0.38272727272727275
0.3063636363636364
0.34909090909090906
0.4022727272727273
0.3868181818181818
0.3940909090909091
0.38727272727272727
0.34909090909090906
0.32227272727272727
0.5127272727272727
0.4018181818181818
0.32545454545454544
0.40045454545454545
0.4722727272727273
0.3527272727272727
0.41181818181818186
0.25227272727272726
0.4018181818181818
0.2581818181818182
0.3427272727272727
0.30409090909090913
0.25727272727272726
0.4413636363636364
0.22545454545454546
0.3836363636363636
0.36909090909090914
0.2540909090909091
0.20045454545454547
0.22772727272727272
0.23863636363636365
0.1190909090909091
0.1690909090909091
0.22545454545454546
0.23136363636363635
0.21181818181818182
0.1527272727272727
0.20863636363636362
0.2413636363636364
0.23090909090909092
0.23863636363636365
0.22
0.26954545454545453
0.3004545454545455
0.26272727272727275
0.24136363636363634
0.19272727272727275
0.22363636363636363
0.3227272727272727
0.3159090909090909
0.23772727272727276
0.26681818181818184
0.2672727272727273
0.21454545454545454
0.2968181818181818
0.17500000000000002
0.21227272727272728
0.18500000000000003
0.26954545454545453
0.21
0.2527272727272727
0.23909090909090908
0.1827272727272727
