temperature
4.210909090909091
4.263181818181818
4.264545454545455
4.5609090909090915
4.898181818181818
4.953181818181818
3.7381818181818187
4.087272727272727
4.390909090909091
4.051363636363636
3.9486363636363637
2.9695454545454543
2.6095454545454544
2.872272727272727
3.741818181818182
3.9086363636363632
3.3459090909090907
2.840909090909091
3.516363636363636
3.8572727272727274
4.350909090909091
4.421363636363636
4.6454545454545455
4.451818181818182
4.050909090909091
3.8613636363636363
3.757727272727273
3.9318181818181817
3.8009090909090912
3.2677272727272726
3.1977272727272723
3.7431818181818177
4.076818181818182
4.305454545454546
4.166818181818182
4.656818181818182
4.991363636363636
4.809090909090909
4.409545454545455
3.860909090909091
3.1854545454545455
3.055454545454545
3.327727272727273
3.110909090909091
2.455909090909091
2.3104545454545455
2.4918181818181817
2.9618181818181815
3.0136363636363637
3.1709090909090913
3.1245454545454545
3.7322727272727274
4.194999999999999
4.4359090909090915
4.307272727272727
3.3518181818181816
3.931363636363636
4.292727272727273
4.605
5.022272727272727
5.151363636363636
5.172272727272728
5.114090909090908
5.180454545454546
5.422727272727273
6.010454545454545
5.606363636363636
5.434545454545455
5.895454545454545
6.090909090909091
5.639545454545455
5.7690909090909095
5.749545454545455
5.919090909090909
5.52
6.02
5.88909090909091
6.084090909090909
5.834545454545455
5.966818181818183
6.113181818181818
5.966363636363636
6.117727272727273
6.528181818181818
6.175909090909091
6.575454545454545
6.305909090909091
6.161818181818182
6.586363636363637
6.53590909090909
7.237272727272727
7.011818181818182
6.136818181818182
5.9736363636363645
6.159545454545454
6.27590909090909
6.801363636363636
6.877727272727273
6.828636363636363
6.952272727272727
7.41409090909091
7.879090909090909
7.734545454545454
7.842727272727273
8.08090909090909
8.537272727272727
8.061818181818182
7.835
8.564545454545454
8.430909090909092
8.205
9.01590909090909
8.895
8.405909090909091
8.485454545454546
8.334090909090909
8.66090909090909
8.486363636363636
8.674545454545454
8.855
9.31
8.909090909090908
9.219090909090909
9.346363636363636
9.479090909090909
9.712727272727273
9.906363636363636
10.483181818181817
10.14090909090909
10.174545454545454
10.727272727272727
10.438636363636364
10.93409090909091
11.065454545454545
11.141363636363636
11.130454545454546
11.496363636363638
11.456363636363635
11.547727272727274
12.090909090909092
11.967727272727274
11.782727272727273
12.30318181818182
12.536363636363637
12.657272727272726
12.589545454545457
12.526363636363635
11.976818181818182
12.17181818181818
12.254545454545456
12.353181818181817
12.755454545454546
12.697272727272725
13.001818181818182
12.842272727272727
12.911363636363637
13.011818181818182
12.938636363636363
13.29590909090909
13.761363636363637
13.464090909090908
13.491363636363637
13.50090909090909
13.505
13.926363636363636
13.885000000000002
14.123181818181818
14.162272727272727
13.690454545454545
14.353636363636362
14.42590909090909
14.484090909090908
14.504545454545456
14.321363636363635
14.254545454545456
14.606363636363636
15.093181818181819
15.07181818181818
14.899545454545455
15.162272727272727
15.343636363636364
15.180454545454547
15.278636363636364
15.408181818181818
16.051363636363636
16.69090909090909
16.453636363636363
16.288636363636364
16.512272727272727
16.100909090909088
16.015454545454546
16.074545454545454
15.896363636363635
16.529090909090908
16.35363636363636
16.545454545454547
16.233636363636364
15.898636363636363
15.867272727272727
15.99409090909091
16.502727272727274
16.10272727272727
16.047727272727272
16.125454545454545
15.812727272727273
15.978636363636362
16.42772727272727
16.565
16.805909090909093
16.895454545454545
16.919090909090908
16.654090909090908
16.16272727272727
16.23818181818182
16.654090909090908
16.081818181818182
16.078181818181818
15.938181818181818
15.728636363636362
16.160454545454545
16.413636363636364
16.16272727272727
16.053636363636365
16.19818181818182
16.079090909090908
16.651818181818182
17.072727272727274
16.344545454545454
15.888636363636364
15.70590909090909
15.96
16.377727272727274
16.325
16.223181818181818
14.990454545454547
15.30818181818182
15.430909090909092
15.667727272727273
15.20909090909091
15.372272727272728
15.322272727272725
15.47
14.802727272727271
15.131818181818181
14.947727272727274
14.67909090909091
14.17909090909091
14.257272727272728
14.081818181818182
14.311818181818182
14.52818181818182
14.442727272727273
14.262727272727272
13.667727272727273
13.780909090909091
13.43318181818182
12.889090909090909
13.29681818181818
13.427727272727275
13.657272727272726
13.411363636363637
13.196363636363635
13.040454545454544
13.091818181818182
12.580909090909092
12.84590909090909
12.67681818181818
12.653636363636364
12.315454545454545
12.409999999999998
12.484090909090908
12.30409090909091
12.180909090909092
12.208181818181817
11.775
11.867272727272727
11.943636363636363
11.542272727272728
11.370000000000001
11.402272727272727
10.884545454545455
11.635909090909092
11.639999999999999
10.828181818181818
10.77818181818182
10.361363636363636
9.79
10.065454545454545
9.608636363636363
9.418636363636365
9.873181818181818
10.335
9.907272727272728
9.51
9.214545454545455
9.128181818181817
9.353181818181818
9.19909090909091
9.517272727272728
9.532272727272728
8.94909090909091
8.316818181818181
8.688636363636364
9.218636363636364
9.138181818181819
9.035
8.492727272727272
7.651363636363637
7.431363636363637
7.035
7.949090909090909
8.548636363636364
7.9772727272727275
7.729090909090909
7.876363636363636
6.867727272727273
6.374090909090909
6.018636363636364
6.253636363636364
6.297272727272727
6.225454545454546
6.839545454545455
6.448636363636364
5.612272727272727
5.358181818181818
5.672727272727273
6.094545454545455
5.993181818181818
5.792272727272727
5.1895454545454545
4.880909090909091
4.545909090909091
4.130909090909091
4.38
5.051818181818182
5.262272727272728
5.517272727272727
5.549545454545455
5.621363636363636
5.222727272727273
5.489545454545454
4.720909090909091
4.385
3.9963636363636366
4.307272727272728
4.322727272727272
4.466818181818182
5.100909090909091
5.618636363636363
5.055000000000001
5.087272727272727
4.766363636363637
4.478181818181818
4.905
5.826818181818182
5.148181818181818
5.397272727272727
5.572272727272727
5.505
5.434545454545455
5.578636363636363
5.164090909090909
5.175454545454546
4.2290909090909095
4.001363636363636
