temperature
4.12
3.9126086956521737
2.949130434782609
3.1282608695652177
3.5573913043478256
3.789130434782609
3.579565217391304
3.6530434782608694
3.5208695652173914
3.4030434782608694
3.537391304347826
2.88304347826087
2.6278260869565218
3.273913043478261
3.572608695652174
3.674347826086956
2.9139130434782605
2.6382608695652174
3.4856521739130435
3.6552173913043475
4.046956521739131
4.144782608695652
3.6443478260869564
3.5782608695652174
3.2682608695652173
2.8182608695652176
2.912608695652174
2.7086956521739127
3.577391304347826
3.4847826086956526
2.9078260869565216
2.932608695652174
4.014782608695652
4.170869565217392
4.2269565217391305
4.325217391304348
4.622608695652175
4.044782608695653
3.713913043478261
3.2956521739130435
3.180434782608696
2.661304347826087
2.747826086956522
2.973913043478261
2.7108695652173913
2.1191304347826088
2.1447826086956523
2.6043478260869564
3.1721739130434785
3.242173913043479
3.608695652173913
3.8691304347826083
4.349130434782609
4.349565217391304
4.336521739130435
4.018260869565218
4.11695652173913
4.1634782608695655
3.861739130434782
4.1582608695652175
4.4308695652173915
4.482173913043479
4.670869565217392
4.987826086956522
5.780434782608695
5.885217391304347
5.914347826086956
5.483478260869566
5.50304347826087
5.410434782608696
5.727826086956522
5.354782608695652
4.869565217391305
4.732173913043479
4.824782608695652
5.25695652173913
5.223478260869565
4.604782608695652
4.8334782608695654
4.777826086956522
4.864347826086957
4.968260869565217
5.278695652173913
5.721739130434782
5.330869565217391
5.43608695652174
5.522173913043478
5.7034782608695656
6.18608695652174
6.188695652173913
6.152272727272727
5.885909090909092
5.125909090909091
5.481363636363636
5.870454545454546
5.88909090909091
5.777727272727272
5.676363636363636
5.839545454545455
6.361363636363635
6.766363636363637
7.115
6.693636363636363
7.0213636363636365
7.582272727272727
7.472272727272728
7.309545454545455
7.572272727272727
7.889545454545455
7.775454545454545
8.010454545454545
7.778636363636363
7.538636363636363
7.5190909090909095
7.587272727272727
7.616363636363636
7.365454545454545
7.342727272727273
7.823181818181819
7.972272727272727
7.925454545454545
7.820909090909091
8.144090909090908
8.392272727272728
8.41
8.54590909090909
8.850454545454546
9.437272727272727
8.92090909090909
9.130454545454546
9.634090909090908
9.176363636363636
9.911818181818182
9.655454545454546
10.008181818181818
9.835909090909091
9.684090909090909
10.391363636363637
10.210909090909091
10.575000000000001
10.614545454545455
10.438181818181818
10.695454545454545
11.272272727272728
11.461818181818181
11.421363636363637
11.257727272727273
10.923636363636364
10.921818181818182
11.155
11.280454545454544
11.827727272727271
11.848636363636365
11.862272727272728
11.767727272727273
11.901363636363635
11.831363636363637
12.10409090909091
11.979545454545455
12.237727272727273
11.899090909090908
11.943636363636363
12.235909090909091
12.015454545454544
12.478636363636362
12.417272727272728
12.581818181818182
12.81590909090909
12.867727272727272
13.413181818181817
13.510000000000002
12.882727272727273
13.02090909090909
12.991363636363637
13.122727272727273
13.613636363636363
13.47409090909091
13.370454545454544
13.219999999999999
13.265909090909092
13.910454545454543
13.985909090909091
14.231363636363636
14.189545454545454
14.648636363636363
14.872272727272728
15.004545454545456
15.344090909090909
15.15181818181818
14.79590909090909
14.552272727272726
15.102727272727272
14.861363636363636
14.762727272727272
14.978636363636362
14.74909090909091
14.698636363636364
14.175
14.495
14.764090909090909
15.307727272727272
14.69909090909091
14.416818181818183
14.389545454545454
14.450909090909091
15.035909090909092
15.275
15.658181818181818
15.665454545454544
15.773636363636363
14.909090909090908
14.774545454545455
14.80909090909091
15.175454545454546
14.977272727272727
14.501818181818182
14.781818181818181
14.81409090909091
14.766363636363637
14.592727272727274
14.716818181818182
14.436818181818182
14.640454545454547
14.742727272727272
14.952272727272726
14.960909090909091
15.126363636363637
14.868181818181819
14.227727272727272
14.235909090909091
14.331363636363637
14.661363636363637
14.639545454545454
14.275454545454545
14.148636363636363
14.682727272727272
14.557272727272727
14.32181818181818
14.158181818181818
14.015454545454544
14.456363636363637
13.632272727272728
13.422727272727274
13.981818181818182
13.461363636363636
13.48090909090909
13.365909090909092
13.164545454545454
12.824545454545454
12.77
13.218636363636364
12.765909090909092
12.359090909090908
12.122272727272728
12.008181818181818
12.036363636363637
11.97409090909091
12.150454545454545
12.32090909090909
12.985454545454546
12.512272727272727
11.84909090909091
12.212272727272728
11.987272727272728
11.527272727272727
11.898181818181818
11.374090909090908
10.891818181818183
10.445454545454545
10.645454545454545
11.133181818181818
11.710909090909091
11.210909090909091
11.421304347826087
11.371739130434783
11.076521739130435
11.146521739130435
10.996521739130435
10.584347826086956
10.26304347826087
10.095217391304347
10.610434782608696
10.070434782608697
9.820869565217391
9.560869565217391
9.024347826086956
9.108260869565218
9.189565217391305
9.20217391304348
8.709130434782608
8.855652173913043
8.474782608695653
8.339130434782609
8.197826086956523
8.327826086956522
8.613913043478261
8.715217391304348
8.676521739130434
8.805217391304348
8.397391304347826
8.251304347826087
8.24391304347826
8.19086956521739
7.975217391304348
7.536521739130435
7.847391304347826
7.576086956521739
7.315652173913043
6.721739130434782
6.579130434782608
6.942173913043478
7.007391304347827
6.971739130434782
7.032608695652174
6.863913043478261
6.0486956521739135
5.633478260869565
5.27695652173913
5.664347826086956
5.3673913043478265
5.134782608695652
5.387391304347826
5.016521739130434
4.398695652173913
4.762608695652174
5.434782608695652
5.6091304347826085
5.630000000000001
5.322608695652174
5.015217391304348
4.497391304347826
4.419565217391304
4.047826086956522
4.170869565217392
4.291739130434783
4.801304347826087
5.158695652173913
5.1347826086956525
5.217826086956522
4.774782608695652
3.832173913043478
3.742608695652174
3.677826086956522
3.825217391304348
4.086956521739131
4.182608695652174
4.2156521739130435
4.527826086956522
4.734782608695652
4.49
4.001739130434783
3.966521739130435
4.354347826086957
4.265217391304348
4.756521739130435
4.37
4.606521739130435
4.711304347826087
4.901739130434782
4.831739130434783
4.202608695652174
4.424782608695652
3.9321739130434783
3.6917391304347826
3.901304347826087
