pet
0.3222222222222222
0.27722222222222226
0.32944444444444443
0.24555555555555555
0.16555555555555557
0.18388888888888888
0.2833333333333333
0.2716666666666667
0.2594444444444444
0.18888888888888888
0.28111111111111114
0.33333333333333337
0.3255555555555556
0.3716666666666667
0.15666666666666665
0.25833333333333336
0.3483333333333334
0.21888888888888888
0.27055555555555555
0.21666666666666667
0.2744444444444445
0.3672222222222222
0.34
0.3011111111111111
0.19333333333333333
0.3055555555555556
0.2561111111111111
0.19944444444444442
0.18944444444444442
0.3194444444444444
0.3522222222222222
0.37722222222222224
0.3416666666666667
0.3377777777777778
0.37777777777777777
0.4255555555555556
0.4494444444444444
0.5277777777777778
0.43722222222222223
0.37444444444444447
0.4566666666666666
0.3938888888888889
0.41500000000000004
0.4600000000000001
0.4605555555555555
0.4605555555555555
0.4905555555555556
0.41833333333333333
0.46444444444444444
0.5694444444444444
0.5505555555555556
0.5333333333333333
0.5950000000000001
0.5194444444444444
0.48944444444444446
0.5255555555555556
0.5433333333333334
0.5722222222222223
0.6044444444444443
0.6661111111111111
0.7494444444444445
0.7516666666666666
0.6761111111111111
0.6838888888888888
0.78
0.6322222222222222
0.8005555555555556
0.7422222222222222
0.701111111111111
0.7622222222222222
0.8455555555555556
0.8344444444444444
0.8261111111111111
0.9166666666666666
0.8777777777777778
0.9094444444444445
0.9944444444444444
0.9777777777777779
0.9327777777777777
0.9122222222222222
1.021111111111111
1.0372222222222223
1.1133333333333333
1.1788888888888889
1.1583333333333334
1.1833333333333333
1.2016666666666667
1.2433333333333332
1.0666666666666667
1.1244444444444444
1.0861111111111112
1.2672222222222222
1.225
1.2455555555555555
1.2344444444444445
1.2927777777777778
1.1316666666666668
1.2005555555555556
1.3744444444444444
1.5505555555555555
1.3722222222222222
1.573888888888889
1.511111111111111
1.7538888888888888
1.6744444444444444
1.6616666666666666
1.6005555555555555
1.483888888888889
1.641111111111111
1.8066666666666664
1.6194444444444445
1.6855555555555555
1.7694444444444446
1.8072222222222223
1.7783333333333333
1.8972222222222221
2.006111111111111
1.9483333333333333
1.9249999999999998
1.97
2.1033333333333335
2.1644444444444444
2.1994444444444445
2.308333333333333
2.0005555555555556
2.348888888888889
2.153888888888889
2.1855555555555557
2.1755555555555555
1.915
2.1655555555555552
2.2227777777777775
2.322222222222222
2.5144444444444445
2.5566666666666666
2.4433333333333334
2.160555555555556
2.23
2.3055555555555554
2.155
2.1016666666666666
2.3744444444444444
2.2938888888888886
2.5655555555555556
2.3827777777777777
2.4066666666666667
2.226111111111111
2.551111111111111
2.52
2.589444444444444
2.716111111111111
2.6683333333333334
2.3983333333333334
2.4205555555555556
2.5816666666666666
2.5277777777777777
2.302222222222222
2.6755555555555555
2.695555555555556
2.4444444444444446
2.4972222222222222
2.0566666666666666
2.386111111111111
2.7411111111111115
2.782222222222222
2.8138888888888887
2.677777777777778
2.586111111111111
2.74
2.7394444444444446
2.9405555555555556
2.542222222222222
2.786111111111111
2.55
2.5838888888888887
2.447222222222222
2.676111111111111
2.8216666666666668
2.9038888888888885
3.075
2.8016666666666667
2.557777777777778
2.4922222222222223
2.8600000000000003
2.7972222222222225
2.862222222222222
2.986111111111111
2.876666666666667
2.693888888888889
2.8183333333333334
2.714444444444444
2.8605555555555555
2.7155555555555555
2.808888888888889
2.7022222222222223
2.5372222222222223
2.763888888888889
2.716666666666667
2.655
2.721111111111111
2.7977777777777777
2.7505555555555556
2.6722222222222225
2.756111111111111
2.435
3.0055555555555555
2.717777777777778
2.677222222222222
2.5088888888888885
2.7222222222222223
2.645
2.365
2.6933333333333334
2.746111111111111
2.6522222222222225
2.4766666666666666
2.5683333333333334
2.461111111111111
2.2283333333333335
2.238888888888889
2.2327777777777778
2.427777777777778
2.23
2.283888888888889
2.29
2.3383333333333334
2.3444444444444446
2.479444444444445
2.339444444444444
2.0905555555555555
2.253888888888889
2.393333333333333
2.1822222222222223
2.1966666666666668
1.9005555555555556
1.8961111111111113
1.8383333333333332
1.9888888888888887
2.0094444444444446
1.8461111111111113
1.8133333333333335
1.9022222222222223
1.7366666666666668
1.788888888888889
1.8683333333333334
1.608888888888889
1.7844444444444443
1.7822222222222222
1.7744444444444445
1.525
1.5599999999999998
1.6366666666666667
1.6066666666666665
1.385
1.4072222222222222
1.5627777777777778
1.4511111111111112
1.2733333333333334
1.345
1.3394444444444444
1.3222222222222222
1.3522222222222222
1.3577777777777778
1.266111111111111
1.203888888888889
1.1172222222222221
1.1105555555555555
1.0316666666666667
0.8594444444444445
0.9511111111111111
0.9572222222222222
0.9483333333333334
0.8783333333333334
0.9716666666666666
0.8794444444444445
0.8538888888888888
1.0283333333333333
0.8544444444444443
0.8177777777777778
0.9461111111111111
0.8755555555555555
0.7611111111111111
0.8361111111111111
0.7283333333333333
0.6488888888888888
0.6605555555555556
0.6322222222222222
0.5255555555555556
0.5633333333333334
0.7472222222222222
0.5744444444444444
0.6511111111111112
0.48444444444444446
0.5388888888888889
0.5144444444444445
0.4255555555555556
0.521764705882353
0.4729411764705883
0.42000000000000004
0.4023529411764706
0.36117647058823527
0.4664705882352941
0.4347058823529412
0.4123529411764706
0.37823529411764706
0.45
0.32823529411764707
0.35000000000000003
0.31470588235294117
0.3805882352941176
0.2576470588235294
0.26
0.3811764705882353
0.30823529411764705
0.2605882352941176
0.3458823529411765
0.34
0.24647058823529414
0.3305882352941176
0.16058823529411764
0.2872222222222222
0.24777777777777776
0.3666666666666667
0.23833333333333334
0.18944444444444444
0.23777777777777778
0.2222222222222222
0.31666666666666665
0.32666666666666666
0.19111111111111112
0.215
0.17555555555555558
0.2644444444444444
0.19722222222222222
0.2127777777777778
0.25777777777777783
0.29055555555555557
0.33444444444444443
0.15444444444444447
0.19111111111111112
0.26555555555555554
0.13166666666666668
0.17555555555555558
0.15944444444444444
0.1622222222222222
0.2588888888888889
0.09888888888888889
0.16944444444444445
0.2288888888888889
0.2788888888888889
0.21666666666666667
0.2638888888888889
0.24611111111111109
0.2911111111111111
0.1938888888888889
0.14833333333333332
0.2638888888888889
0.16555555555555557
0.18166666666666667
0.24611111111111109
0.1827777777777778
0.17222222222222222
0.145
0.23222222222222222
0.22611111111111112
