temperature
2.601111111111111
2.6544444444444446
2.2866666666666666
2.5566666666666666
3.0861111111111112
2.8038888888888893
1.7622222222222221
2.163888888888889
2.8444444444444446
2.3866666666666667
1.9955555555555557
2.376666666666667
2.0122222222222224
2.1077777777777778
2.0188888888888887
2.498333333333333
2.2394444444444446
1.8677777777777775
2.413333333333333
2.5005555555555556
2.825
2.7
2.321111111111111
2.6405555555555558
2.098888888888889
1.8994444444444443
1.8133333333333335
2.0744444444444445
2.682777777777778
2.5838888888888887
2.6016666666666666
2.427222222222222
2.598333333333333
2.9322222222222223
3.4316666666666666
3.466111111111111
4.009444444444444
3.432777777777778
2.713888888888889
2.68
2.2783333333333333
1.9994444444444446
2.2394444444444446
1.8838888888888887
1.5061111111111112
1.7405555555555556
1.6366666666666667
2.2044444444444444
2.1822222222222223
1.9916666666666667
1.7999999999999998
1.8638888888888887
2.5505555555555555
2.482222222222222
2.78
2.068888888888889
2.441111111111111
3.1872222222222226
3.6666666666666665
3.228888888888889
3.2288888888888887
3.022222222222222
3.3433333333333333
4.487777777777778
4.800000000000001
5.222777777777778
4.979444444444444
4.429444444444445
5.262777777777778
5.121666666666666
4.652222222222222
5.111666666666666
4.89
4.621666666666666
4.317777777777778
4.875555555555555
4.862222222222222
4.4094444444444445
4.098333333333334
4.4094444444444445
4.665555555555556
4.872222222222223
4.926666666666667
5.2844444444444445
4.997222222222223
4.85
4.798333333333334
4.897777777777778
5.388333333333333
5.442777777777778
6.027222222222223
5.516666666666667
4.7411111111111115
4.584444444444444
5.06
5.358888888888888
5.5088888888888885
5.348888888888889
5.952777777777778
6.611666666666667
6.407777777777778
6.754444444444444
5.976111111111111
6.267777777777777
6.736666666666667
7.208888888888889
7.132777777777777
6.378333333333334
6.819444444444445
6.6883333333333335
6.942777777777778
7.430000000000001
7.3805555555555555
7.32388888888889
6.957222222222223
7.283333333333333
7.768333333333334
7.611111111111111
8.229444444444445
8.693888888888889
8.533888888888889
8.286666666666667
8.527222222222223
8.40611111111111
8.335
8.445555555555556
8.529444444444444
8.723888888888888
7.9350000000000005
7.748333333333333
8.443888888888889
8.518888888888888
9.273888888888889
9.505
9.689444444444444
9.411111111111111
9.340555555555556
9.398333333333333
9.530555555555557
10.027777777777779
10.121111111111112
10.028333333333332
10.476666666666667
10.832777777777778
10.849444444444444
10.684444444444445
10.346666666666668
9.90611111111111
10.600555555555555
11.247222222222222
11.509444444444444
11.712777777777779
11.410555555555554
11.51
11.421666666666667
11.565
12.013333333333334
11.932777777777778
11.745
12.065000000000001
12.032777777777778
11.869444444444445
11.738888888888889
11.994444444444445
12.172777777777778
11.967222222222222
12.567222222222222
13.088888888888889
12.68611111111111
12.81111111111111
13.087777777777779
12.257777777777777
12.613888888888889
12.085
12.275555555555556
12.934444444444445
13.38888888888889
13.473888888888888
13.649444444444445
13.770000000000001
13.594444444444443
13.466666666666667
13.113333333333333
13.552777777777777
14.050555555555555
14.176666666666668
14.44611111111111
14.775555555555554
15.176111111111112
14.554444444444446
14.722222222222221
15.370555555555557
15.046666666666669
15.205555555555556
15.141666666666667
15.305
14.656666666666666
14.171666666666667
14.32
15.049444444444443
15.490555555555554
15.123333333333331
14.924444444444443
15.24888888888889
15.145555555555555
15.288333333333334
15.250555555555556
15.605555555555554
15.418888888888887
15.925555555555555
15.606666666666667
15.281666666666666
15.043333333333335
15.197222222222223
15.422222222222224
14.98611111111111
14.877222222222223
14.981111111111112
14.262777777777778
14.592777777777778
14.720555555555556
14.788888888888888
15.05888888888889
14.845555555555555
14.497777777777777
14.719444444444443
15.197777777777778
14.871111111111112
14.785
14.985000000000001
15.391111111111112
15.666111111111112
15.396666666666667
15.242777777777778
14.041666666666666
13.878888888888888
13.86888888888889
13.696666666666665
13.357777777777777
13.550555555555555
13.996111111111112
13.672777777777776
13.038888888888888
13.590555555555556
13.32388888888889
13.432777777777778
13.012777777777778
12.477222222222222
12.057222222222222
12.41777777777778
12.803888888888888
12.578333333333333
12.596111111111112
12.20111111111111
12.141666666666667
11.66777777777778
11.562777777777777
11.519444444444444
12.078333333333333
12.421666666666667
12.33
11.528333333333332
11.996111111111112
11.78888888888889
11.360555555555557
11.347222222222221
11.10888888888889
10.411666666666667
10.591111111111111
10.728333333333332
11.154444444444444
11.418333333333333
11.238333333333333
11.208888888888888
10.806111111111111
10.291111111111112
10.337222222222222
9.927222222222222
10.038333333333334
9.965
9.560555555555556
10.221666666666668
9.738333333333333
8.820555555555556
9.003333333333334
9.065555555555555
8.637777777777778
8.695555555555556
8.111666666666666
8.149444444444445
8.047777777777778
8.262777777777778
8.04888888888889
7.522222222222222
7.219444444444445
7.417777777777778
7.549411764705883
7.596470588235293
7.825294117647059
7.580588235294118
7.5858823529411765
7.014117647058824
7.248235294117647
7.194705882352942
7.429411764705883
6.747647058823529
6.881176470588236
6.254705882352941
5.898235294117647
5.277647058823529
6.048823529411765
6.458235294117648
6.307058823529411
6.25235294117647
6.476470588235294
6.128235294117648
5.648235294117647
4.929411764705883
5.292941176470588
5.033529411764706
4.613888888888889
5.164444444444444
4.728888888888889
3.9777777777777774
3.7783333333333338
4.120555555555556
4.518888888888889
4.322222222222222
4.896111111111111
4.761111111111111
3.867777777777778
3.392777777777778
3.3338888888888887
3.8305555555555557
4.466666666666667
4.910555555555556
5.241666666666666
4.741666666666666
4.222222222222222
3.48
2.727777777777778
2.1616666666666666
2.2772222222222225
2.088333333333333
2.471111111111111
2.643333333333333
2.572777777777778
2.8716666666666666
3.2377777777777776
3.3922222222222222
3.7194444444444446
3.285555555555556
3.535
2.8066666666666666
3.31
2.488888888888889
2.8155555555555556
3.1966666666666668
2.9722222222222223
2.752777777777778
2.221111111111111
2.785
2.8494444444444444
2.5122222222222224
2.7494444444444444
