pet
0.3817391304347826
0.32217391304347825
0.33
0.26260869565217393
0.18956521739130436
0.25608695652173913
0.21347826086956523
0.34043478260869564
0.25521739130434784
0.27
0.3604347826086956
0.3960869565217391
0.3178260869565217
0.34347826086956523
0.21391304347826087
0.29739130434782607
0.32304347826086954
0.26652173913043475
0.3826086956521739
0.29782608695652174
0.28608695652173916
0.2843478260869565
0.29347826086956524
0.31826086956521743
0.28
0.29217391304347823
0.28695652173913044
0.25826086956521743
0.31565217391304345
0.28782608695652173
0.361304347826087
0.3582608695652174
0.3878260869565217
0.3473913043478261
0.42347826086956525
0.4186956521739131
0.3934782608695652
0.46347826086956523
0.41478260869565214
0.3521739130434782
0.41695652173913045
0.41043478260869565
0.388695652173913
0.43173913043478257
0.46565217391304353
0.3878260869565217
0.40217391304347827
0.348695652173913
0.3882608695652174
0.43130434782608695
0.44217391304347825
0.5017391304347826
0.61
0.5330434782608695
0.5143478260869565
0.4678260869565217
0.48217391304347823
0.5508695652173913
0.63
0.6069565217391305
0.6408695652173914
0.7321739130434782
0.7917391304347826
0.7178260869565216
0.7365217391304348
0.7373913043478261
0.7239130434782608
0.7665217391304348
0.72
0.7391304347826086
0.8317391304347825
0.8143478260869565
0.7469565217391304
0.8491304347826087
0.8178260869565217
0.8921739130434783
0.9665217391304348
0.8604347826086957
0.9313043478260871
0.998695652173913
0.9765217391304348
1.0191304347826087
1.1382608695652174
1.095217391304348
1.037391304347826
1.1504347826086956
1.1652173913043478
1.2443478260869565
1.1652173913043478
1.0339130434782609
1.0172727272727273
1.1768181818181818
1.124090909090909
1.155909090909091
1.2127272727272727
1.1754545454545455
1.2240909090909091
1.2522727272727272
1.2759090909090909
1.329090909090909
1.3086363636363636
1.4613636363636362
1.4104545454545454
1.6163636363636364
1.6090909090909091
1.580909090909091
1.6181818181818182
1.5395454545454543
1.5768181818181817
1.723181818181818
1.6281818181818182
1.4904545454545455
1.7113636363636362
1.6877272727272727
1.7049999999999998
1.892272727272727
1.8713636363636363
1.7431818181818182
1.779090909090909
1.6963636363636363
1.9781818181818183
1.9036363636363638
1.8909090909090909
1.916818181818182
1.8709090909090909
1.9622727272727274
1.8213636363636363
1.964090909090909
1.9736363636363636
1.905909090909091
2.145909090909091
1.9877272727272726
2.2199999999999998
2.358636363636364
2.372272727272727
2.4263636363636363
2.2704545454545455
2.2413636363636367
2.4268181818181818
2.2954545454545454
2.3068181818181817
2.356818181818182
2.0690909090909093
2.3186363636363634
2.5177272727272726
2.43
2.43
2.449090909090909
2.3677272727272727
2.493181818181818
2.270909090909091
2.600909090909091
2.3663636363636367
2.5595454545454546
2.5436363636363635
2.3190909090909093
2.191818181818182
2.4136363636363636
2.433181818181818
2.374090909090909
2.460909090909091
2.2722727272727274
2.369090909090909
2.3804545454545454
2.7895454545454546
2.6554545454545457
2.393181818181818
2.4454545454545453
2.466818181818182
2.6404545454545456
2.7468181818181816
2.411818181818182
2.6113636363636363
2.399090909090909
2.405
2.5118181818181817
2.5986363636363636
2.6750000000000003
2.673636363636364
2.8704545454545456
2.75
2.3663636363636367
2.727272727272727
2.651818181818182
2.6513636363636364
2.748181818181818
2.983636363636364
2.776818181818182
2.6563636363636363
2.702272727272727
2.453181818181818
2.737727272727273
2.6436363636363636
2.4318181818181817
2.465909090909091
2.3295454545454546
2.5404545454545455
2.465909090909091
2.442727272727273
2.4454545454545453
2.6013636363636365
2.6672727272727275
2.1827272727272726
2.234090909090909
2.2772727272727273
2.5095454545454547
2.3736363636363635
2.421818181818182
2.3845454545454547
2.5295454545454543
2.3372727272727274
2.1609090909090907
2.416818181818182
2.2613636363636362
2.3445454545454543
2.2531818181818184
2.233181818181818
1.9454545454545453
1.9486363636363635
2.0095454545454547
2.184090909090909
2.135909090909091
2.1954545454545453
2.0731818181818182
1.903181818181818
1.9404545454545454
2.085909090909091
2.248181818181818
2.158181818181818
1.95
1.7822727272727272
1.9872727272727273
2.1577272727272727
2.0045454545454544
1.8759090909090907
1.8845454545454545
1.8172727272727272
1.8086363636363636
1.814090909090909
1.7636363636363634
1.6463636363636363
1.616818181818182
1.627727272727273
1.8486363636363636
1.6977272727272728
1.5627272727272727
1.6645454545454543
1.6859090909090908
1.6445454545454545
1.3422727272727273
1.5040909090909091
1.4404545454545454
1.4659090909090908
1.4545454545454546
1.363181818181818
1.429090909090909
1.4068181818181817
1.2945454545454547
1.2518181818181817
1.3054545454545454
1.3909090909090909
1.329090909090909
1.2904545454545455
1.26
1.0818181818181818
1.014090909090909
1.0445454545454547
0.9595454545454545
0.88
0.87
0.8486363636363637
0.9172727272727272
0.895909090909091
1.0039130434782608
0.9256521739130434
0.8947826086956523
0.83
0.8569565217391305
0.8217391304347825
0.8586956521739131
0.8456521739130435
0.7065217391304348
0.8260869565217391
0.8060869565217391
0.6204347826086957
0.5921739130434783
0.578695652173913
0.4830434782608695
0.5039130434782608
0.6582608695652175
0.6134782608695651
0.6817391304347826
0.5730434782608695
0.6330434782608696
0.5656521739130435
0.5939130434782609
0.45
0.4930434782608696
0.4965217391304348
0.5365217391304348
0.3860869565217391
0.5169565217391304
0.42608695652173906
0.4930434782608696
0.4469565217391305
0.46347826086956523
0.3791304347826087
0.4047826086956522
0.40608695652173915
0.5173913043478261
0.2947826086956522
0.3334782608695652
0.43260869565217386
0.4708695652173913
0.5039130434782608
0.42130434782608694
0.4665217391304348
0.2965217391304348
0.3852173913043478
0.2917391304347826
0.35782608695652174
0.28956521739130436
0.41826086956521735
0.3991304347826087
0.2147826086956522
0.3165217391304348
0.3034782608695652
0.4439130434782608
0.3204347826086957
0.2773913043478261
0.2508695652173913
0.2617391304347826
0.28304347826086956
0.2456521739130435
0.22086956521739132
0.2634782608695652
0.2843478260869565
0.3560869565217391
0.24521739130434786
0.33260869565217394
0.3134782608695652
0.14739130434782607
0.16
0.20608695652173914
0.20652173913043478
0.29347826086956524
0.3234782608695652
0.17391304347826086
0.25608695652173913
0.24130434782608695
0.24782608695652175
0.27956521739130435
0.24782608695652175
0.32652173913043475
0.21391304347826087
0.2034782608695652
0.2952173913043478
0.23869565217391306
0.30043478260869566
0.20478260869565218
0.2821739130434783
0.3517391304347826
0.21521739130434783
0.3669565217391304
0.25217391304347825
