temperature
5.418571428571428
4.776666666666666
4.850952380952381
4.68
5.6761904761904765
5.073333333333333
5.244285714285714
5.161904761904762
4.93
5.441428571428571
5.544761904761905
6.223809523809523
5.8185714285714285
5.36047619047619
6.416190476190477
5.739047619047619
5.7299999999999995
5.636190476190476
5.756190476190476
5.21
4.838571428571429
4.821428571428571
4.496666666666667
4.545238095238095
4.60095238095238
4.098571428571428
4.120952380952381
4.609523809523809
4.572380952380952
4.320476190476191
4.267619047619048
4.550476190476191
4.308571428571429
4.331904761904762
5.4366666666666665
5.612380952380953
5.371904761904762
5.071904761904762
4.7457142857142856
4.696190476190476
5.1000000000000005
5.757619047619047
5.916190476190476
5.413333333333333
4.786190476190477
5.078571428571429
5.038095238095238
5.111428571428571
5.096666666666667
5.2457142857142856
4.776190476190476
4.9852380952380955
5.333809523809524
5.475238095238096
5.635238095238096
5.362857142857143
5.378571428571429
5.023809523809524
5.057619047619048
4.7804761904761905
4.284285714285714
4.531904761904762
4.6066666666666665
4.572857142857143
5.4833333333333325
6.220000000000001
6.317142857142857
6.160952380952381
6.341904761904762
6.220000000000001
5.900476190476191
5.464761904761905
5.625238095238095
6.466190476190476
6.524761904761905
6.961904761904761
6.307142857142857
5.8566666666666665
5.9871428571428575
6.416666666666667
6.746666666666667
6.849047619047618
6.967619047619047
7.30095238095238
7.164761904761905
6.687619047619047
6.589047619047619
7.052380952380952
7.257142857142857
7.5719047619047615
7.781428571428571
7.89047619047619
7.345714285714285
7.242857142857143
7.106190476190475
7.803333333333334
6.9
7.033809523809524
7.462380952380952
7.581904761904762
7.372857142857144
7.310952380952381
7.376666666666667
7.793333333333333
7.9523809523809526
8.011904761904763
7.997619047619047
7.891904761904762
7.254761904761905
7.683809523809523
8.606666666666667
8.853809523809524
9.127142857142857
9.221904761904762
9.577142857142857
9.394761904761904
9.254761904761905
9.306190476190476
9.02
9.216190476190476
9.531428571428572
10.138095238095238
10.09952380952381
9.936666666666667
9.991904761904763
9.783333333333333
10.145238095238096
10.214285714285714
10.101904761904763
10.390476190476189
10.724761904761905
10.30904761904762
10.119047619047619
10.08047619047619
10.55857142857143
10.936666666666666
10.511904761904763
10.431904761904761
10.594761904761905
10.754761904761905
10.953333333333333
11.042857142857143
11.408095238095237
11.47
11.369523809523809
11.378571428571428
11.515714285714285
11.379523809523809
11.67142857142857
12.372380952380952
12.262380952380951
12.35142857142857
12.86809523809524
12.747142857142856
12.460952380952381
12.379523809523809
12.658095238095237
12.526666666666667
12.696190476190477
12.782380952380953
12.798095238095238
12.867619047619046
12.642857142857142
12.564285714285715
13.087142857142856
13.349047619047619
13.624285714285715
13.843333333333332
13.961428571428572
14.17095238095238
13.773809523809524
13.276190476190477
13.46
13.664761904761903
13.582380952380953
14.19047619047619
14.145714285714286
14.144761904761905
14.283333333333333
14.813809523809525
14.743333333333334
14.781904761904762
14.404761904761905
14.550476190476191
14.388095238095238
14.291904761904762
14.186666666666667
14.447142857142856
14.58095238095238
14.959523809523809
15.384761904761904
15.015714285714285
14.899047619047618
14.94095238095238
15.103809523809524
15.268571428571429
15.201428571428572
15.03095238095238
15.384285714285713
15.841428571428573
15.519047619047617
15.451904761904762
15.19095238095238
15.222857142857142
15.325238095238095
16.005238095238095
15.850000000000001
15.83
15.944285714285714
15.704285714285716
15.346666666666666
15.235238095238095
15.78761904761905
15.955238095238096
15.798095238095238
15.796190476190475
16.069523809523808
15.705238095238096
15.638095238095238
15.504761904761903
15.590952380952382
15.811904761904762
15.861904761904762
15.654761904761905
15.282380952380953
15.327142857142857
15.238571428571428
15.146190476190476
15.355714285714287
15.253333333333334
15.20047619047619
15.396666666666667
15.218571428571428
15.399523809523808
15.244761904761905
14.760952380952382
14.94047619047619
15.229999999999999
14.62
14.305714285714286
14.153333333333332
14.384285714285713
14.527619047619046
14.002380952380953
14.151904761904762
14.593333333333332
14.482380952380952
14.487619047619049
14.43904761904762
14.227619047619049
14.015238095238095
14.012380952380951
14.341428571428573
14.466190476190476
13.819047619047618
13.554285714285713
13.119523809523809
13.05190476190476
12.933333333333334
12.943809523809524
13.300952380952381
13.53
13.41952380952381
13.32904761904762
13.122857142857143
12.912380952380953
12.693809523809524
12.234761904761905
12.569047619047618
12.692857142857143
12.964285714285714
12.90952380952381
13.402380952380952
13.4005
12.4345
12.2575
11.715
11.487
11.922
11.484
12.344
12.1535
12.031
11.7215
11.305
11.1355
11.193000000000001
11.351
11.4675
10.7845
10.2455
10.3875
9.9765
10.564
10.454285714285714
10.618571428571428
10.731428571428571
10.312380952380952
10.606190476190475
10.58904761904762
10.06952380952381
10.15
10.57
10.193809523809524
9.229999999999999
9.097619047619048
9.052857142857144
8.794285714285715
9.10047619047619
8.855238095238096
8.542857142857143
9.071904761904761
8.39
8.354285714285714
8.776666666666667
8.412857142857142
8.400952380952381
8.066190476190476
7.793809523809523
7.453333333333334
7.572857142857143
7.635238095238096
7.238571428571428
7.488571428571428
7.338095238095238
7.023333333333333
6.88
7.277142857142857
6.866666666666666
6.979047619047619
6.939523809523809
7.183333333333333
6.898571428571429
6.738571428571428
6.239999999999999
6.204761904761905
5.883333333333333
6.213333333333334
6.007142857142857
5.737619047619047
5.605238095238096
5.806190476190476
5.628571428571429
5.92
5.859523809523809
5.825238095238095
5.654761904761905
5.279047619047619
5.027142857142858
4.959047619047619
4.698571428571428
4.892380952380952
4.629047619047619
4.54
5.50047619047619
5.1257142857142854
5.819047619047619
5.991428571428571
5.141904761904762
4.752380952380952
4.8028571428571425
4.223809523809524
4.589047619047619
5.208095238095238
5.1866666666666665
