pet
0.29904761904761906
0.2571428571428572
0.3676190476190476
0.250952380952381
0.1842857142857143
0.21904761904761902
0.1619047619047619
0.28523809523809524
0.2604761904761905
0.19666666666666666
0.26857142857142857
0.2961904761904762
0.32333333333333336
0.3104761904761905
0.19380952380952382
0.2123809523809524
0.24857142857142855
0.22952380952380955
0.37476190476190474
0.25952380952380955
0.26476190476190475
0.27142857142857146
0.2961904761904762
0.2752380952380952
0.2509523809523809
0.22476190476190475
0.2619047619047619
0.24523809523809526
0.2557142857142857
0.2366666666666667
0.3376190476190476
0.3147619047619048
0.3223809523809524
0.36904761904761907
0.34476190476190477
0.3404761904761905
0.3314285714285714
0.32904761904761903
0.3647619047619048
0.2785714285714286
0.33190476190476187
0.38047619047619047
0.3504761904761905
0.3495238095238095
0.38
0.3057142857142857
0.33714285714285713
0.37
0.3557142857142857
0.40238095238095234
0.4042857142857143
0.4471428571428572
0.5014285714285714
0.4376190476190476
0.4371428571428571
0.43285714285714283
0.4266666666666667
0.4619047619047619
0.5390476190476191
0.5533333333333333
0.5452380952380952
0.5519047619047619
0.6871428571428572
0.5804761904761905
0.5566666666666666
0.6614285714285715
0.608095238095238
0.6647619047619047
0.6266666666666667
0.6900000000000001
0.670952380952381
0.7304761904761905
0.6204761904761904
0.790952380952381
0.6971428571428572
0.720952380952381
0.83
0.7876190476190476
0.7990476190476191
0.8514285714285714
0.8004761904761905
0.8019047619047619
1.0133333333333334
0.8380952380952381
0.8571428571428571
0.9471428571428572
0.9895238095238096
1.0795238095238096
0.9628571428571429
0.9966666666666667
0.9657142857142857
1.15
1.1304761904761906
1.129047619047619
1.139047619047619
1.0647619047619048
1.129047619047619
1.1823809523809523
1.1
1.1647619047619049
0.9557142857142857
1.2228571428571429
1.2514285714285716
1.3942857142857144
1.369047619047619
1.3004761904761906
1.5123809523809524
1.2914285714285714
1.2966666666666666
1.4980952380952381
1.4266666666666667
1.3023809523809524
1.5576190476190477
1.6152380952380954
1.5823809523809522
1.7152380952380955
1.6876190476190476
1.520952380952381
1.570952380952381
1.59
1.8704761904761906
1.766190476190476
1.6852380952380952
1.7114285714285713
1.7328571428571429
1.8114285714285714
1.7057142857142857
1.822857142857143
1.7714285714285716
1.776190476190476
2.025714285714286
1.9604761904761905
2.1014285714285714
2.2204761904761905
2.204285714285714
2.223809523809524
2.024285714285714
2.0180952380952384
2.2142857142857144
2.2404761904761905
2.1228571428571428
2.2057142857142855
2.1642857142857146
2.3133333333333335
2.439047619047619
2.3185714285714285
2.3333333333333335
2.3328571428571427
2.2385714285714284
2.3833333333333333
2.0738095238095235
2.2904761904761903
2.1128571428571425
2.353809523809524
2.3004761904761906
2.1371428571428575
2.0642857142857145
2.257142857142857
2.281428571428571
2.2252380952380952
2.262857142857143
2.1085714285714285
2.2304761904761907
2.1904761904761907
2.4457142857142857
2.3404761904761906
2.2333333333333334
2.041904761904762
2.264761904761905
2.4180952380952383
2.43
2.2966666666666664
2.376190476190476
2.0833333333333335
2.254285714285714
2.1195238095238094
2.23
2.329047619047619
2.334761904761905
2.4414285714285717
2.4176190476190476
2.0347619047619045
2.276666666666667
2.1695238095238096
2.255238095238095
2.451428571428571
2.6733333333333333
2.3085714285714283
2.235238095238095
2.3528571428571428
2.0938095238095236
2.396190476190476
2.1742857142857144
2.150952380952381
2.17952380952381
1.888095238095238
2.124285714285714
1.997142857142857
2.217142857142857
2.0742857142857143
2.2561904761904765
2.361904761904762
2.0785714285714283
2.0914285714285716
2.0633333333333335
2.1404761904761904
2.0585714285714287
1.9923809523809521
1.9676190476190476
2.126190476190476
2.071904761904762
2.0114285714285716
2.022857142857143
1.9442857142857142
1.868095238095238
1.8638095238095238
1.8476190476190475
1.7204761904761905
1.6895238095238096
1.7747619047619045
1.9252380952380952
1.8571428571428572
1.837142857142857
1.8066666666666666
1.6504761904761902
1.609047619047619
1.5909523809523811
1.8376190476190475
1.7661904761904763
1.592857142857143
1.522857142857143
1.6533333333333333
1.7780952380952382
1.7771428571428571
1.5599999999999998
1.6561904761904762
1.5704761904761904
1.6061904761904764
1.5666666666666667
1.4147619047619049
1.4528571428571428
1.3561904761904762
1.3823809523809525
1.5071428571428573
1.4085714285714286
1.2795238095238095
1.325238095238095
1.3661904761904762
1.2909523809523809
1.0557142857142858
1.1528571428571428
1.0914285714285714
1.1828571428571428
1.1761904761904762
1.1595238095238096
1.1433333333333333
1.1666666666666667
1.1242857142857143
0.9866666666666666
1.1099999999999999
1.118095238095238
1.1095238095238096
0.9980952380952381
1.0242857142857145
0.8857142857142858
0.8942857142857144
0.8999999999999999
0.8495238095238096
0.7890476190476191
0.7919047619047619
0.6252380952380953
0.7104761904761905
0.7980952380952382
0.7933333333333333
0.7442857142857142
0.769047619047619
0.6842857142857144
0.6519047619047619
0.6814285714285715
0.7333333333333334
0.6523809523809524
0.5185714285714286
0.6866666666666666
0.6052380952380952
0.559047619047619
0.5152380952380953
0.5009523809523809
0.41571428571428576
0.4919047619047619
0.5633333333333334
0.490952380952381
0.620952380952381
0.49238095238095236
0.4704761904761905
0.4828571428571429
0.41904761904761906
0.3828571428571429
0.4176190476190476
0.3795238095238095
0.430952380952381
0.35
0.4585714285714285
0.36142857142857143
0.34285714285714286
0.3595238095238096
0.44619047619047625
0.27142857142857146
0.35904761904761906
0.2804761904761905
0.3728571428571429
0.26857142857142857
0.3061904761904762
0.28904761904761905
0.30619047619047624
0.3642857142857143
0.36904761904761907
0.3485714285714286
0.20238095238095238
0.34476190476190477
0.225
0.28900000000000003
0.259
0.277
0.362
0.196
0.20249999999999999
0.1885
0.33999999999999997
0.23349999999999999
0.211
0.1885
0.2395
0.257
0.24700000000000003
0.24100000000000002
0.23199999999999998
0.27599999999999997
0.325
0.2105
0.2435
0.24500000000000002
0.1125
0.1125
0.152
0.10800000000000001
0.20550000000000002
0.20600000000000002
0.075
0.173
0.1635
0.164
0.2185
0.2655
0.186
0.1565
0.1945
0.21600000000000003
0.258
0.2625
0.18
0.23199999999999998
0.27599999999999997
0.17350000000000002
0.272
0.1805
