pet
0.20933333333333334
0.26999999999999996
0.31466666666666665
0.232
0.22733333333333333
0.21600000000000003
0.34800000000000003
0.2613333333333333
0.3026666666666667
0.3486666666666667
0.388
0.39599999999999996
0.2753333333333333
0.24266666666666667
0.3266666666666667
0.24666666666666667
0.2793333333333334
0.2693333333333333
0.30866666666666664
0.36200000000000004
0.30066666666666664
0.25533333333333336
0.2326666666666667
0.3346666666666667
0.3626666666666667
0.368
0.39133333333333337
0.4533333333333333
0.38466666666666666
0.3686666666666667
0.45266666666666666
0.4653333333333334
0.4393333333333333
0.4393333333333333
0.41933333333333334
0.37333333333333335
0.438
0.43866666666666665
0.49933333333333335
0.4233333333333333
0.356
0.3813333333333333
0.4106666666666667
0.436
0.4206666666666667
0.48000000000000004
0.4013333333333334
0.358
0.45666666666666667
0.5006666666666667
0.5526666666666666
0.5793333333333333
0.7093333333333334
0.6653333333333333
0.5686666666666667
0.6613333333333333
0.7446666666666667
0.6826666666666666
0.6673333333333333
0.7506666666666667
0.756
0.7200000000000001
0.7526666666666666
0.8133333333333332
0.9053333333333333
0.9213333333333333
0.9206666666666667
0.9433333333333334
1.0306666666666666
1.0193333333333332
1.04
0.978
1.0146666666666666
0.8946666666666666
0.9133333333333333
1.026
1.064
1.0746666666666667
1.0473333333333334
1.2393333333333334
1.13
1.224
1.0926666666666667
1.1446666666666667
1.2013333333333334
1.1666666666666667
1.1833333333333333
1.2226666666666666
1.212
1.4426666666666668
1.482
1.4593333333333334
1.3633333333333333
1.4400000000000002
1.5273333333333334
1.6773333333333333
1.6006666666666667
1.7719999999999998
1.538
1.6640000000000001
1.628
1.5753333333333333
1.6346666666666667
1.7446666666666668
1.7533333333333334
1.9986666666666666
1.9200000000000002
1.9966666666666666
1.722
1.9106666666666667
1.9913333333333334
1.9093333333333333
2.056
1.962
1.91
1.9606666666666668
2.01
1.8673333333333333
2.0906666666666665
1.9233333333333333
2.1386666666666665
2.188
2.308666666666667
2.2819999999999996
2.195333333333333
2.240666666666667
2.433333333333333
2.247333333333333
2.2906666666666666
2.231333333333333
2.496
2.5253333333333337
2.322666666666667
2.216
2.128
2.2146666666666666
2.246666666666667
2.369333333333333
2.4433333333333334
2.2626666666666666
2.54
2.508
2.9646666666666666
2.829333333333333
2.746666666666667
2.6839999999999997
2.396666666666667
2.5766666666666667
2.582666666666667
2.740666666666667
3.030666666666667
2.695333333333333
2.7733333333333334
2.9746666666666663
2.5006666666666666
2.558666666666667
2.4873333333333334
2.7246666666666663
2.698
2.7353333333333336
2.929333333333333
3.0573333333333332
2.6906666666666665
2.364
2.5133333333333336
2.6839999999999997
2.6566666666666667
2.6273333333333335
2.664
2.6853333333333333
3.1253333333333333
2.9186666666666667
2.6366666666666663
2.9746666666666663
2.748666666666667
2.679333333333333
3.0473333333333334
2.6506666666666665
2.8013333333333335
2.9366666666666665
2.7173333333333334
2.8800000000000003
2.9126666666666665
2.866
2.772
2.744666666666667
2.5473333333333334
2.5993333333333335
2.5286666666666666
2.880666666666667
2.7826666666666666
2.9626666666666663
2.7666666666666666
2.788
2.996666666666667
2.986666666666667
3.029333333333333
2.6473333333333335
2.79
2.703333333333333
2.4459999999999997
2.3973333333333335
2.51
2.6006666666666667
2.8920000000000003
2.6733333333333333
2.5573333333333332
2.738
2.6633333333333336
2.398
2.6386666666666665
2.396
2.174
2.433333333333333
2.8413333333333335
2.258
2.464
2.241333333333333
2.39
2.52
2.6180000000000003
2.0353333333333334
2.219333333333333
2.106
2.0246666666666666
1.9566666666666668
2.3033333333333332
2.2560000000000002
2.341333333333333
1.916
2.029333333333333
2.08
2.0853333333333333
2.2173333333333334
2.0046666666666666
1.9140000000000001
1.8693333333333333
1.7846666666666666
2.078
1.9533333333333334
2.1713333333333336
1.794
1.8973333333333333
1.936
1.8366666666666667
1.7353333333333334
1.926
1.6986666666666668
1.6993333333333334
1.77
1.6613333333333336
1.6173333333333335
1.7133333333333334
1.5986666666666667
1.6646666666666665
1.5526666666666666
1.5746666666666667
1.4793333333333334
1.4433333333333331
1.3233333333333335
1.2586666666666666
1.27375
1.31125
1.355
1.384375
1.205
1.23375
1.0587499999999999
1.171875
0.994375
1.101875
1.074375
1.096875
1.1033333333333333
1.0066666666666666
1.096
1.062
1.0113333333333334
0.9966666666666666
0.972
0.7813333333333332
0.8973333333333334
0.912
0.846
0.678
0.5506666666666666
0.5613333333333334
0.5760000000000001
0.6173333333333333
0.664
0.6839999999999999
0.6506666666666666
0.5713333333333334
0.51
0.5766666666666667
0.55
0.56
0.6406666666666666
0.7286666666666667
0.64
0.5746666666666667
0.5033333333333333
0.5413333333333333
0.5433333333333333
0.47200000000000003
0.446
0.46066666666666667
0.32733333333333337
0.382
0.36333333333333334
0.38
0.422
0.382
0.31666666666666665
0.4613333333333333
0.3933333333333333
0.36666666666666664
0.37466666666666665
0.21466666666666667
0.23666666666666666
0.22933333333333336
0.2653333333333333
0.24733333333333332
0.274
0.25466666666666665
0.22000000000000003
0.302
0.24666666666666667
0.27466666666666667
0.224
0.29333333333333333
0.21866666666666665
0.2613333333333333
0.25866666666666666
0.22333333333333333
0.22
0.24066666666666667
0.20933333333333334
0.2966666666666667
0.2326666666666667
0.31799999999999995
0.202
0.21
0.2886666666666667
0.20199999999999999
0.1366666666666667
0.22466666666666668
0.28933333333333333
0.18933333333333333
0.16933333333333334
0.14533333333333334
0.13866666666666666
0.13866666666666666
0.19
0.22666666666666668
0.20266666666666666
0.16666666666666666
0.32066666666666666
0.17733333333333334
0.17200000000000001
0.21933333333333332
0.264
0.18266666666666667
0.17266666666666666
0.23066666666666666
