pet
0.2965
0.22600000000000003
0.35750000000000004
0.2385
0.21949999999999997
0.244
0.17450000000000002
0.3095
0.3235
0.198
0.2485
0.28700000000000003
0.277
0.292
0.21200000000000002
0.18
0.312
0.2925
0.36
0.1815
0.255
0.3195
0.2925
0.269
0.252
0.20550000000000002
0.2595
0.27599999999999997
0.1775
0.2765
0.2965
0.322
0.33199999999999996
0.388
0.3685
0.323
0.337
0.31
0.36950000000000005
0.3085
0.333
0.377
0.395
0.3845
0.404
0.3895
0.3815
0.40199999999999997
0.41
0.449
0.43150000000000005
0.4885
0.4605
0.46849999999999997
0.41050000000000003
0.4245
0.40149999999999997
0.45149999999999996
0.531
0.5509999999999999
0.5145
0.536
0.6435
0.5365
0.5085
0.605
0.5595
0.6769999999999999
0.6355
0.6965
0.617
0.729
0.6365000000000001
0.8095000000000001
0.697
0.6900000000000001
0.8035
0.7969999999999999
0.739
0.818
0.7929999999999999
0.788
0.9189999999999999
0.8789999999999999
0.808
0.9470000000000001
0.9550000000000001
1.02
0.8515
0.925
0.9515
1.1295
1.1085
1.119
1.088
1.111
1.0795
1.1225
1.045
1.1495000000000002
0.9105000000000001
1.2385
1.2475
1.3815
1.2885
1.2325000000000002
1.467
1.2305
1.3195000000000001
1.537
1.392
1.236
1.532
1.518
1.6
1.6640000000000001
1.6435
1.546
1.573
1.5815
1.8695
1.814
1.7235
1.7545000000000002
1.6919999999999997
1.741
1.6614999999999998
1.8135000000000001
1.807
1.857
2.013
2.043
2.1005
2.192
2.2425
2.17
1.9995
2.013157894736842
2.133157894736842
2.311578947368421
2.076842105263158
2.1468421052631577
2.176842105263158
2.34
2.3678947368421053
2.3157894736842106
2.3705263157894736
2.296842105263158
2.2673684210526317
2.4021052631578947
2.0736842105263156
2.341578947368421
2.1073684210526316
2.27
2.3194736842105264
2.16
2.0136842105263155
2.170526315789474
2.162631578947368
2.09
2.1468421052631577
2.0542105263157895
2.2884210526315787
2.183684210526316
2.3978947368421055
2.3173684210526315
2.2289473684210526
2.071578947368421
2.31
2.3952631578947368
2.3705263157894736
2.1936842105263157
2.3957894736842102
2.063684210526316
2.170526315789474
2.076842105263158
2.2078947368421056
2.3242105263157895
2.313684210526316
2.3368421052631576
2.2710526315789474
1.9121052631578948
2.114736842105263
2.1005263157894736
2.143157894736842
2.2736842105263158
2.5136842105263155
2.1526315789473682
2.081578947368421
2.314736842105263
2.2142105263157896
2.4373684210526316
2.096315789473684
2.184736842105263
2.1489473684210525
1.8484210526315787
2.113157894736842
1.8626315789473684
2.108421052631579
2.011578947368421
2.090526315789474
2.298421052631579
2.1021052631578945
2.0305263157894737
2.0010526315789474
2.124736842105263
2.1621052631578945
1.9431578947368422
1.7678947368421054
2.0515789473684207
2.0889473684210524
2.0510526315789472
1.9947368421052631
1.9300000000000002
1.7947368421052632
1.7447368421052631
1.8178947368421052
1.7121052631578948
1.6689473684210527
1.7463157894736843
1.8952631578947368
1.8673684210526313
1.8094736842105263
1.7121052631578948
1.5978947368421053
1.5952631578947367
1.4847368421052631
1.7652631578947369
1.7147368421052631
1.5036842105263157
1.4505263157894737
1.5705263157894738
1.6752631578947368
1.7005263157894739
1.4452631578947368
1.5363157894736843
1.5
1.5015789473684211
1.513157894736842
1.3889473684210527
1.3347368421052632
1.3010526315789472
1.3310526315789473
1.388421052631579
1.3273684210526315
1.1736842105263159
1.3010526315789472
1.3047368421052632
1.2589473684210528
1.016842105263158
1.1373684210526316
1.038421052631579
1.1305263157894736
1.1242105263157895
1.0815789473684212
1.0689473684210526
1.156842105263158
1.0905263157894736
0.9610526315789475
1.055263157894737
1.0510526315789472
1.0510526315789472
0.8878947368421053
0.8763157894736842
0.8757894736842106
0.8805263157894737
0.8799999999999999
0.7478947368421053
0.7926315789473685
0.7847368421052632
0.6063157894736841
0.708421052631579
0.7989473684210526
0.8094736842105263
0.7557894736842105
0.7263157894736842
0.6663157894736842
0.6189473684210526
0.6431578947368422
0.71
0.6457894736842105
0.5305263157894737
0.6984210526315789
0.5868421052631579
0.5805263157894737
0.5052631578947369
0.5042105263157894
0.41736842105263156
0.5326315789473683
0.5826315789473684
0.5447368421052632
0.6357894736842106
0.4610526315789474
0.4447368421052631
0.4263157894736842
0.3805263157894737
0.41210526315789475
0.4142105263157895
0.3542105263157895
0.4352631578947368
0.3068421052631579
0.4531578947368421
0.3489473684210526
0.33789473684210525
0.3847368421052632
0.4557894736842105
0.24789473684210525
0.38000000000000006
0.2752631578947369
0.3526315789473684
0.2663157894736842
0.35736842105263156
0.3
0.26684210526315794
0.371578947368421
0.3757894736842105
0.34578947368421054
0.19947368421052633
0.34789473684210526
0.2131578947368421
0.2847368421052632
0.2715789473684211
0.2789473684210526
0.3894736842105263
0.22210526315789472
0.25
0.20421052631578948
0.3136842105263158
0.21999999999999997
0.1568421052631579
0.21473684210526317
0.20157894736842105
0.2305263157894737
0.26421052631578945
0.2768421052631579
0.22421052631578947
0.23894736842105263
0.31105263157894736
0.22473684210526318
0.28368421052631576
0.29894736842105263
0.11105263157894736
0.12526315789473683
0.14157894736842105
0.09368421052631579
0.2336842105263158
0.19157894736842107
0.05842105263157895
0.16578947368421051
0.19210526315789472
0.14894736842105263
0.22210526315789472
0.2910526315789474
0.1363157894736842
0.09052631578947368
0.14526315789473684
0.1868421052631579
0.22789473684210526
0.2726315789473684
0.16105263157894736
0.19052631578947368
0.23
0.16157894736842104
0.26105263157894737
0.20105263157894737
