temperature
4.071052631578947
3.501052631578947
3.2057894736842107
3.0373684210526317
4.023157894736842
3.667368421052631
3.883684210526315
3.754210526315789
3.4978947368421047
3.9463157894736844
4.236315789473684
4.954210526315789
4.660526315789474
3.836315789473684
4.6489473684210525
3.9542105263157894
4.177894736842105
4.213684210526316
4.312631578947368
3.9426315789473683
3.304736842105263
3.2210526315789476
3.226842105263158
3.464736842105263
3.805263157894737
3.5547368421052634
3.6263157894736846
3.3773684210526316
3.2742105263157897
3.084736842105263
3.345263157894737
3.547368421052632
3.5152631578947373
3.453684210526316
4.347368421052631
4.358421052631579
4.185263157894736
3.7199999999999998
3.216842105263158
3.316315789473684
3.4931578947368425
4.259473684210526
4.684210526315789
4.221578947368421
3.6142105263157895
4.118421052631579
3.5563157894736848
3.6394736842105266
3.5063157894736845
3.8136842105263153
3.5747368421052634
3.9578947368421056
4.261578947368421
4.41421052631579
4.295263157894737
4.5
4.516842105263158
4.136842105263158
3.723157894736842
3.685263157894737
3.2026315789473685
3.326842105263158
3.2957894736842106
3.4126315789473685
4.314210526315789
5.2426315789473685
5.2631578947368425
5.249473684210526
5.217368421052631
4.7494736842105265
4.6763157894736835
4.074210526315789
4.857368421052632
5.687894736842105
5.596315789473684
5.9926315789473685
5.119473684210526
4.798421052631579
5.04
5.45578947368421
5.435263157894736
5.656315789473684
5.6947368421052635
6.012631578947368
5.8989473684210525
5.619473684210526
5.805789473684211
6.131578947368421
6.402631578947369
6.6557894736842105
6.874736842105263
7.137894736842106
6.620526315789474
6.236315789473684
6.297894736842105
6.548947368421052
5.743157894736842
5.759473684210526
6.464736842105263
6.377368421052632
6.140526315789474
6.017368421052631
6.195263157894736
6.928947368421053
6.923157894736842
6.774736842105263
6.866315789473685
6.584736842105263
6.227894736842106
6.864210526315789
7.824210526315789
8.126842105263158
8.51421052631579
8.618421052631579
8.561052631578947
8.168947368421053
8.255263157894737
8.371052631578948
8.191578947368422
8.30842105263158
8.860526315789473
8.971578947368421
9.006842105263157
9.067894736842105
8.97842105263158
8.627894736842105
9.277894736842105
9.436842105263159
9.351578947368422
9.742105263157894
9.998947368421051
9.853684210526316
9.562105263157894
9.481052631578947
9.958947368421052
10.133684210526315
10.06842105263158
9.967368421052631
10.167894736842106
10.391578947368421
10.07421052631579
10.152105263157894
10.373684210526315
10.447894736842105
10.418947368421053
10.485263157894737
10.698421052631579
10.532105263157895
10.941578947368422
11.330526315789474
11.547368421052632
11.792105263157895
12.250526315789473
12.085263157894737
11.737368421052631
11.624736842105264
11.686842105263159
11.617368421052632
11.902105263157894
12.250526315789473
12.18578947368421
11.99
11.707368421052632
11.811052631578947
12.186842105263159
12.285789473684211
12.626315789473685
13.003684210526316
12.972631578947368
13.202105263157895
12.658421052631578
12.30578947368421
12.538421052631579
12.809473684210525
12.700526315789475
13.250526315789473
13.353157894736842
12.839473684210526
13.059999999999999
13.638947368421052
13.643684210526317
13.803684210526315
13.854210526315791
13.793157894736842
13.87684210526316
13.657368421052633
13.477894736842105
13.706842105263158
13.67578947368421
13.789473684210526
14.449473684210528
13.88578947368421
13.988421052631578
13.729473684210527
13.935263157894736
13.99263157894737
14.227368421052631
13.932631578947367
14.504210526315788
14.755789473684212
14.225263157894735
13.996842105263157
14.148421052631578
14.433157894736842
14.34315789473684
14.765263157894738
14.67578947368421
14.595263157894736
14.546315789473685
14.700000000000001
14.354736842105263
14.198947368421054
14.596315789473683
14.563684210526315
14.604210526315791
14.625263157894736
14.982105263157896
14.53842105263158
14.571052631578949
14.398947368421052
14.728947368421053
14.563684210526315
14.77421052631579
14.560526315789472
14.136315789473686
14.413157894736843
14.185263157894736
13.965789473684211
14.176315789473685
13.779473684210526
13.895263157894737
13.988421052631578
13.742105263157896
13.897368421052633
14.04736842105263
13.506842105263157
13.437894736842106
13.958421052631579
13.403684210526315
13.131052631578948
13.046842105263158
13.127368421052632
13.331578947368422
12.84842105263158
13.142631578947368
13.666842105263159
13.38421052631579
13.58842105263158
13.218421052631578
12.89421052631579
12.754736842105263
12.616315789473685
13.30578947368421
13.410526315789474
12.882105263157895
12.526315789473685
12.025789473684211
11.881052631578948
11.538947368421054
11.5375
12.104000000000001
12.2635
12.315999999999999
12.233
11.872499999999999
11.8015
11.4015
11.1765
11.3015
11.6375
12.148
12.0845
12.423
12.186315789473683
11.044210526315789
10.989473684210527
10.227368421052631
10.218947368421052
10.294736842105262
9.943684210526316
10.783684210526317
10.537368421052632
10.42157894736842
10.337894736842106
9.745789473684212
9.559999999999999
9.80421052631579
9.911052631578947
9.796842105263158
9.278947368421052
8.985263157894737
9.059473684210525
8.230526315789474
9.159473684210527
9.046842105263158
9.083684210526316
9.271052631578948
9.237368421052631
9.267894736842106
9.54842105263158
8.947894736842105
8.572631578947368
8.984736842105264
8.792631578947368
8.084736842105263
8.106842105263159
8.073684210526316
7.4868421052631575
8.107894736842105
7.612105263157894
7.281578947368421
7.423157894736842
6.586315789473685
7.0
7.314210526315789
6.939473684210526
7.036842105263157
6.432105263157895
6.450526315789474
6.13578947368421
6.522631578947369
6.325263157894737
5.49578947368421
5.665263157894737
5.481578947368422
5.069473684210526
5.029473684210527
5.777894736842105
5.1763157894736835
5.651578947368421
5.712105263157895
5.617368421052632
5.407368421052631
5.326315789473685
4.571052631578947
4.4857894736842105
4.191578947368421
4.532631578947369
4.834210526315789
4.806842105263158
4.53842105263158
4.45578947368421
4.628947368421053
4.760526315789474
4.33
4.29
4.2905263157894735
4.036842105263158
3.76
3.91
3.334736842105263
3.2173684210526314
3.0094736842105263
2.44
3.906842105263158
3.991578947368421
4.88578947368421
4.96157894736842
4.0073684210526315
3.5805263157894736
3.6136842105263156
2.8421052631578947
3.002105263157895
3.758421052631579
3.853684210526316
