temperature
4.5015
3.9475000000000002
3.8009999999999997
3.626
4.6025
4.1705
4.4350000000000005
4.342499999999999
4.078
4.433999999999999
4.7495
5.5215000000000005
5.210500000000001
4.428
5.2565
4.532500000000001
4.79
4.746
4.869
4.4115
3.6835
3.6149999999999998
3.5075000000000003
3.651
3.8235
3.4985
3.467
3.5615
3.4835000000000003
3.3445
3.418
3.626
3.628
3.5435000000000003
4.492
4.591
4.3645000000000005
3.904
3.532
3.718
4.008
4.7165
5.024
4.532500000000001
3.808
4.2885
4.0595
4.1185
4.0225
4.1240000000000006
3.7625
4.135
4.5495
4.716
4.739
4.6850000000000005
4.736
4.3665
4.0280000000000005
3.9899999999999998
3.6005000000000003
3.7825
3.7990000000000004
3.8345
4.742
5.5355
5.6365
5.4905
5.504
5.2045
5.0305
4.343
4.867
5.782500000000001
5.751
6.148
5.4335
5.1129999999999995
5.3005
5.699
5.834
6.004
6.1535
6.4655000000000005
6.234
5.888
5.946
6.4265
6.6205
6.7829999999999995
7.016
7.272
6.75
6.475499999999999
6.419499999999999
6.8545
5.982
6.118
6.76
6.786
6.5515
6.441
6.516500000000001
7.0905000000000005
7.1785
7.272499999999999
7.3015
7.099500000000001
6.652500000000001
7.248
8.196
8.493
8.768
8.862
8.8615
8.5895
8.689
8.7145
8.4485
8.549499999999998
9.0465
9.2865
9.2145
9.1155
9.119
8.811499999999999
9.4675
9.6425
9.5475
9.8855
10.193999999999999
9.975
9.758500000000002
9.690000000000001
10.225
10.4075
10.1365
9.883809523809523
10.15904761904762
10.326666666666668
10.3
10.448095238095238
10.806190476190476
10.835238095238095
10.746666666666666
10.77142857142857
11.045714285714284
10.897142857142857
11.186190476190475
11.726190476190476
11.855238095238096
11.896666666666667
12.332380952380953
12.216666666666667
11.902857142857144
11.842857142857142
12.073333333333332
12.028095238095238
12.086666666666666
12.36809523809524
12.279523809523809
12.304761904761904
11.978095238095237
11.981428571428571
12.446666666666667
12.668095238095237
12.993333333333334
13.364285714285714
13.357619047619048
13.540476190476191
13.165714285714287
12.615238095238096
12.821904761904761
13.087142857142856
13.002380952380953
13.613809523809524
13.70047619047619
13.43904761904762
13.683333333333334
14.265714285714285
14.19095238095238
14.108571428571427
13.976190476190476
13.961904761904762
13.92
13.873809523809525
13.715238095238094
13.967142857142857
14.00047619047619
14.256666666666666
14.92952380952381
14.41952380952381
14.42
14.262857142857142
14.426190476190476
14.470476190476191
14.60190476190476
14.276190476190477
14.899999999999999
15.332857142857144
14.916190476190476
14.60904761904762
14.541428571428572
14.769047619047617
14.803809523809523
15.311428571428573
15.186666666666667
15.174285714285716
15.130952380952381
15.127142857142857
14.892380952380952
14.757619047619048
15.277619047619046
15.29
15.19047619047619
15.125714285714285
15.446666666666667
15.145714285714286
14.959523809523809
14.74
15.013809523809524
15.14857142857143
15.376190476190475
15.042857142857141
14.573809523809524
14.742857142857144
14.659047619047618
14.532857142857143
14.792380952380952
14.596190476190475
14.727142857142857
14.841428571428573
14.517619047619048
14.643333333333333
14.575714285714284
13.967142857142857
14.066666666666666
14.450952380952382
13.822857142857142
13.465238095238094
13.446190476190477
13.577619047619047
13.783333333333333
13.24952380952381
13.47904761904762
13.99047619047619
13.822857142857144
13.8
13.644761904761905
13.417619047619047
13.146666666666667
13.07904761904762
13.556190476190476
13.723333333333333
13.147619047619049
12.800952380952381
12.287142857142856
12.221904761904764
11.996666666666666
12.052380952380952
12.633809523809523
12.776666666666667
12.702857142857143
12.540476190476191
12.289523809523809
12.190000000000001
11.838095238095239
11.478095238095237
11.77142857142857
11.964285714285714
12.333809523809524
12.295714285714284
12.72904761904762
12.644
11.576
11.514
10.8365
10.6615
10.92
10.565999999999999
11.503499999999999
11.235
11.061499999999999
10.895999999999999
10.427
10.2125
10.3345
10.505500000000001
10.4755
9.959
9.443
9.5995
8.8985
9.625
9.545
9.756
9.940999999999999
9.6265
9.815999999999999
10.01
9.2925
9.055
9.5245
9.287
8.514
8.442499999999999
8.3545
7.811
8.3795
7.974500000000001
7.654999999999999
8.0505
7.225499999999999
7.367
7.836499999999999
7.5145
7.62
6.926
6.891
6.493
6.6745
6.5705
5.8740000000000006
6.078
6.047000000000001
5.7675
5.644
6.306500000000001
5.7015
6.063000000000001
6.078
6.1455
5.964
5.7780000000000005
5.1695
5.121
4.8735
5.1354999999999995
5.117
4.926
4.6525
4.745
4.7675
4.884
4.588
4.674
4.635
4.4030000000000005
4.053
4.1335
3.6399999999999997
3.753
3.5645
3.0625
4.407500000000001
4.479
5.186
5.2625
4.2219999999999995
3.7560000000000002
3.7019999999999995
2.951
3.2079999999999997
3.9824999999999995
4.172
