temperature
2.4918181818181817
2.050909090909091
2.251818181818182
1.9763636363636363
2.601363636363636
2.516818181818182
2.973181818181818
2.665909090909091
3.02
3.2286363636363635
2.987727272727273
3.809090909090909
3.7072727272727275
3.0786363636363636
3.4086363636363632
2.563181818181818
2.6168181818181817
2.8736363636363635
3.0900000000000003
2.618181818181818
2.3668181818181817
2.506818181818182
2.513181818181818
2.585909090909091
2.73
2.63
2.9099999999999997
2.510909090909091
2.3318181818181816
2.0013636363636365
2.525909090909091
2.755909090909091
2.4404545454545454
2.783181818181818
3.190909090909091
3.0259090909090913
3.0104545454545457
2.2813636363636363
2.0595454545454546
2.4663636363636363
2.41
3.2468181818181816
3.524090909090909
2.965909090909091
2.9845454545454544
3.6568181818181817
3.0095454545454543
2.9513636363636366
2.622727272727273
2.463636363636364
2.5636363636363635
2.7054545454545456
2.889090909090909
3.641818181818182
3.2713636363636365
3.299545454545455
3.2427272727272727
3.3009090909090912
3.1795454545454547
2.6677272727272725
2.3945454545454545
2.608181818181818
2.6218181818181816
2.881818181818182
3.394545454545455
4.736363636363636
4.39
4.246818181818181
4.323636363636364
4.06
3.7804545454545457
3.8072727272727276
4.529090909090909
4.691363636363636
4.9354545454545455
5.482272727272727
4.642727272727273
4.178181818181819
4.211818181818182
4.441818181818181
4.7272727272727275
4.931818181818182
4.57
5.0609090909090915
4.815
4.549090909090909
4.905
4.994545454545454
5.605
5.9372727272727275
6.135652173913043
5.745652173913044
5.576086956521739
5.39695652173913
6.1499999999999995
6.084782608695652
5.501739130434783
5.289130434782609
6.15391304347826
6.7843478260869565
5.983043478260869
5.465217391304348
5.191739130434782
6.132608695652174
6.154782608695652
6.188260869565217
6.284782608695653
5.480434782608696
5.47608695652174
6.265217391304348
7.1378260869565215
7.613043478260869
8.263043478260869
8.22391304347826
7.81
7.326086956521739
7.682608695652175
7.6695652173913045
7.740434782608696
7.584347826086956
7.722608695652174
7.819565217391304
7.870869565217391
8.310869565217391
8.32391304347826
8.103913043478261
8.373913043478261
8.243478260869566
8.273478260869565
8.540434782608695
8.486521739130435
8.175652173913043
7.971304347826087
8.35304347826087
8.712173913043477
8.919130434782607
8.991739130434782
8.812608695652173
9.004347826086956
9.482173913043479
9.41304347826087
9.627391304347826
9.965217391304348
9.943913043478261
9.891739130434782
9.849130434782609
9.664782608695651
9.995652173913044
10.319565217391304
10.531304347826087
10.72913043478261
11.290000000000001
11.23695652173913
11.13304347826087
10.688260869565218
10.613478260869567
11.303043478260872
11.45304347826087
11.451304347826087
11.700000000000001
11.635217391304348
11.519565217391303
11.113478260869567
11.253478260869565
11.063478260869566
11.458260869565219
12.021304347826087
12.785217391304348
12.612608695652172
12.700434782608696
12.52913043478261
11.98521739130435
12.07
12.31086956521739
12.269565217391303
12.385217391304348
12.787391304347826
12.56086956521739
13.089130434782609
13.082173913043478
13.101304347826087
13.386086956521739
13.642608695652173
13.704347826086956
13.803478260869566
13.406956521739131
13.380869565217392
13.62
13.417391304347827
13.498260869565216
13.511739130434782
13.52695652173913
13.59695652173913
13.133478260869564
13.485652173913044
13.80913043478261
13.898260869565219
14.03
13.91695652173913
14.180434782608694
14.209565217391305
13.889565217391304
13.852173913043476
14.403913043478262
14.23304347826087
14.077826086956522
14.301739130434783
14.412608695652175
14.22391304347826
14.40304347826087
14.110869565217392
14.274347826086956
14.588260869565216
14.539130434782608
14.558260869565217
14.581739130434782
14.510434782608696
14.274782608695652
14.019130434782609
13.642608695652175
13.905217391304348
13.740869565217393
13.930869565217392
13.851304347826087
13.860434782608696
14.010000000000002
13.980869565217391
13.795652173913044
13.953478260869565
13.706521739130435
14.168260869565218
14.082608695652173
13.803478260869566
13.139565217391304
12.962608695652174
12.782608695652174
12.762608695652174
12.715217391304348
12.319565217391306
12.538260869565217
12.851739130434783
12.683913043478261
12.724782608695653
12.667391304347827
12.994782608695653
12.973478260869564
12.767826086956523
12.830434782608696
12.43695652173913
12.237826086956522
12.214782608695652
11.76695652173913
12.261739130434782
12.505217391304347
11.991304347826087
11.66695652173913
11.227391304347828
10.94695652173913
10.76608695652174
10.645652173913044
10.948260869565217
11.203913043478261
11.373478260869565
11.750434782608695
11.363478260869567
10.798260869565217
10.30695652173913
10.446521739130436
10.33695652173913
10.531304347826087
10.88782608695652
10.93391304347826
10.944782608695652
10.797272727272727
10.101818181818182
10.096363636363636
9.249090909090908
9.270909090909091
9.241818181818182
9.436363636363636
9.790909090909091
9.581818181818182
9.275454545454545
9.05090909090909
8.905
8.866363636363637
9.111818181818181
8.784545454545453
8.02818181818182
7.888636363636365
7.5659090909090905
7.799545454545455
7.240454545454545
7.867727272727273
7.986363636363635
7.733636363636363
7.865
8.113181818181818
8.195
7.908636363636364
7.594545454545454
6.818181818181818
7.489090909090908
7.626363636363636
7.296818181818182
6.629090909090909
6.901363636363637
6.482272727272728
6.337272727272727
5.953181818181818
6.330909090909091
6.394090909090909
5.25
5.51
5.882272727272727
5.956818181818182
5.614545454545454
5.870909090909091
5.806363636363636
5.27590909090909
4.8536363636363635
4.532272727272727
4.406818181818182
4.705454545454545
4.5627272727272725
3.6331818181818183
3.930454545454545
4.534090909090909
3.813636363636363
4.568181818181818
4.86
4.503181818181818
4.074999999999999
3.8413636363636368
3.455454545454545
3.5904545454545453
3.5463636363636364
3.061363636363636
3.372272727272727
3.3268181818181817
2.778181818181818
2.8845454545454547
3.7240909090909096
4.134090909090909
3.4318181818181817
2.8804545454545454
3.2540909090909094
3.092727272727273
2.987727272727273
2.7877272727272726
2.588636363636364
1.66
1.4604545454545457
0.6354545454545454
1.654090909090909
2.305909090909091
3.3404545454545453
3.4131818181818185
2.310909090909091
1.518181818181818
1.32
1.0054545454545456
0.995
1.9054545454545455
2.149090909090909
