pet
0.20666666666666667
0.28809523809523807
0.3047619047619048
0.30333333333333334
0.2661904761904762
0.22380952380952382
0.3961904761904762
0.32904761904761903
0.3495238095238095
0.3547619047619048
0.3719047619047619
0.37
0.3123809523809524
0.29619047619047617
0.3172727272727273
0.23954545454545453
0.2768181818181818
0.28045454545454546
0.3318181818181818
0.3654545454545455
0.3095454545454545
0.3009090909090909
0.29363636363636364
0.3427272727272727
0.35818181818181816
0.4190909090909091
0.3868181818181818
0.45272727272727276
0.4168181818181818
0.38818181818181824
0.4404545454545455
0.4686363636363637
0.4813636363636364
0.4481818181818182
0.5322727272727273
0.5136363636363637
0.5722727272727273
0.5845454545454545
0.5604545454545454
0.5509090909090909
0.5340909090909091
0.4959090909090909
0.5709090909090909
0.5722727272727273
0.5327272727272727
0.6172727272727273
0.6527272727272727
0.5068181818181818
0.5681818181818182
0.6345454545454545
0.7077272727272728
0.7195454545454546
0.7754545454545455
0.7140909090909091
0.6150000000000001
0.7295454545454546
0.8009090909090909
0.83
0.7427272727272727
0.8009090909090909
0.9531818181818181
0.7931818181818181
0.8572727272727273
0.8431818181818183
0.9877272727272728
0.9895454545454545
0.9436363636363637
0.989090909090909
1.12
1.0763636363636364
1.1318181818181818
1.1077272727272727
1.160909090909091
1.0736363636363637
1.0799999999999998
1.1140909090909092
1.1427272727272728
1.185
1.0636363636363635
1.2195454545454545
1.2295454545454545
1.1881818181818182
1.1795454545454545
1.1613636363636364
1.2636363636363637
1.298181818181818
1.3468181818181817
1.344090909090909
1.3422727272727273
1.589090909090909
1.6086363636363636
1.65
1.5513636363636365
1.4886363636363635
1.6395454545454546
1.9050000000000002
1.6513636363636364
1.8218181818181818
1.6090909090909091
1.7877272727272726
1.735
1.6118181818181818
1.7095454545454545
1.8027272727272725
1.7504545454545453
1.9409090909090911
1.9663636363636363
2.0500000000000003
1.6209090909090909
1.7913636363636363
2.0818181818181816
2.250909090909091
2.1631818181818185
2.0681818181818183
2.132727272727273
1.9881818181818183
2.234090909090909
2.1568181818181817
2.2054545454545456
2.146818181818182
2.3113636363636365
2.3440909090909092
2.480909090909091
2.4586363636363635
2.289090909090909
2.475909090909091
2.4268181818181818
2.325909090909091
2.5349999999999997
2.3345454545454545
2.4327272727272726
2.583636363636364
2.4040909090909093
2.319545454545455
2.505
2.4263636363636363
2.2531818181818184
2.5736363636363637
2.671818181818182
2.334090909090909
2.424090909090909
2.5436363636363635
2.8845454545454547
2.7645454545454546
2.8922727272727276
2.692272727272727
2.486818181818182
2.7304545454545455
2.7218181818181817
2.8068181818181817
3.053636363636364
3.063181818181818
2.7104545454545454
2.8631818181818183
2.538181818181818
2.865
2.5736363636363637
2.8922727272727276
2.911818181818182
3.0704545454545453
2.8427272727272728
2.9086363636363637
2.7981818181818183
2.6731818181818183
2.734090909090909
2.819545454545455
2.9645454545454544
2.959090909090909
3.1586363636363632
3.0349999999999997
3.369545454545454
3.2072727272727275
3.037272727272727
3.1481818181818184
3.033181818181818
2.935909090909091
3.147272727272727
2.92
3.128181818181818
3.2313636363636364
3.022727272727273
3.0931818181818183
2.944090909090909
2.8918181818181816
2.991818181818182
2.9099999999999997
2.894090909090909
2.9272727272727277
2.763181818181818
3.1068181818181815
3.1136363636363638
3.310909090909091
3.0727272727272723
2.9650000000000003
3.355909090909091
3.216818181818182
3.1904545454545454
2.9350000000000005
3.2486363636363635
3.222272727272727
3.103181818181818
2.969090909090909
3.0822727272727275
3.1186363636363637
3.265
3.0399999999999996
2.8945454545454545
3.0068181818181823
3.036818181818182
3.0513636363636363
3.0850000000000004
2.8504545454545456
2.6986363636363637
3.041818181818182
3.0313636363636363
2.680454545454545
3.0263636363636364
2.8972727272727274
2.725909090909091
2.808181818181818
2.95
2.4990909090909095
2.7931818181818184
2.4736363636363636
2.4522727272727276
2.4086363636363637
2.815909090909091
2.7886363636363636
2.6754545454545453
2.5081818181818183
2.620909090909091
2.525
2.4959090909090906
2.516363636363636
2.231818181818182
2.0500000000000003
2.0813636363636365
1.9404545454545454
2.338181818181818
2.274090909090909
2.294090909090909
1.9454545454545453
2.002727272727273
2.1081818181818184
2.0663636363636364
1.8618181818181818
2.148181818181818
1.93
1.8504545454545456
1.971818181818182
1.8977272727272727
1.915
1.91
1.7668181818181816
1.8231818181818182
1.755
1.731818181818182
1.5095454545454545
1.7118181818181817
1.596818181818182
1.4163636363636363
1.4004545454545454
1.4568181818181818
1.5654545454545454
1.4636363636363638
1.360909090909091
1.2831818181818182
1.1718181818181819
1.1786363636363637
1.104090909090909
1.205909090909091
1.1818181818181819
1.1613636363636364
1.1585714285714286
1.1657142857142857
1.1414285714285715
1.1904761904761905
1.1557142857142857
1.0547619047619048
0.9652380952380952
0.8714285714285714
0.9457142857142857
1.041904761904762
0.9576190476190476
0.8690476190476191
0.6714285714285714
0.6304761904761905
0.6352380952380953
0.6376190476190476
0.8461904761904762
0.8271428571428572
0.7714285714285714
0.6890476190476191
0.6095238095238096
0.6780952380952381
0.6742857142857143
0.6942857142857143
0.7509523809523809
0.7557142857142858
0.7352380952380952
0.6428571428571429
0.5228571428571429
0.5685714285714285
0.5652380952380953
0.5157142857142857
0.5
0.4971428571428571
0.430952380952381
0.3933333333333333
0.4390476190476191
0.37523809523809526
0.3761904761904762
0.35904761904761906
0.31428571428571433
0.3476190476190476
0.3342857142857143
0.3676190476190476
0.3814285714285714
0.2480952380952381
0.22285714285714284
0.24952380952380954
0.30142857142857143
0.23333333333333334
0.2638095238095238
0.23952380952380953
0.21714285714285714
0.3190476190476191
0.25
0.24904761904761907
0.2480952380952381
0.23380952380952383
0.21000000000000002
0.20285714285714285
0.24857142857142855
0.23523809523809525
0.250952380952381
0.26857142857142857
0.25333333333333335
0.3480952380952381
0.3157142857142857
0.33904761904761904
0.19476190476190475
0.24761904761904763
0.22714285714285717
0.18857142857142856
0.17523809523809525
0.21523809523809526
0.3104761904761905
0.250952380952381
0.2580952380952381
0.20047619047619047
0.1295238095238095
0.11142857142857142
0.15190476190476193
0.20190476190476192
0.21857142857142856
0.21428571428571427
0.34095238095238095
0.28714285714285714
0.29714285714285715
0.2604761904761905
0.2519047619047619
0.18047619047619048
0.2280952380952381
0.20523809523809527
