temperature
3.4465000000000003
3.3875
2.811
3.0294999999999996
3.636
3.6799999999999997
2.83
3.2215000000000003
3.601
3.001
2.6060000000000003
2.123
1.718
2.0735
2.6195
3.214
2.4364999999999997
1.991
2.7765
3.1655
3.845
3.6275
3.1345
3.1555
2.858
2.5725000000000002
2.419
2.498
2.9805
2.7235
2.8024999999999998
2.959
3.0245
3.497
3.8415
4.2385
4.4215
4.1015
3.475
2.9815
2.501
2.0509999999999997
2.2615000000000003
2.3235
1.8219999999999998
1.6695
1.466
2.0045
2.269
2.4605
2.178
2.4509999999999996
3.189
3.354
3.5134999999999996
2.9705000000000004
3.425
4.0405
4.2635
4.159000000000001
4.2125
4.250500000000001
4.168
4.953
5.4185
5.511
5.529
5.082
5.832
5.934
5.5105
5.7
5.5725
5.0835
4.5615000000000006
5.074
5.153499999999999
4.893
4.5975
4.9275
5.0095
5.1530000000000005
5.1645
5.7585
5.425
5.5625
5.528499999999999
5.522
6.0735
6.1594999999999995
6.9625
6.1015
5.148000000000001
5.0785
5.532
5.8585
5.9585
5.6725
6.037000000000001
6.628
6.787999999999999
7.4155
6.7995
6.9799999999999995
7.2844999999999995
7.6259999999999994
7.3885000000000005
6.789
7.7555000000000005
7.781499999999999
7.843000000000001
8.2585
8.113
7.6834999999999996
7.6365
7.706999999999999
7.8225
7.7555
8.440999999999999
8.7385
8.542
8.276
8.895999999999999
8.8065
9.028
9.3875
9.5935
9.936499999999999
9.1195
9.0485
9.952
9.6775
10.1085
10.206999999999999
10.4235
10.1985
10.0975
10.180499999999999
10.185500000000001
10.7385
10.9405
10.9835
11.615
11.9225
11.72
11.4085
11.303999999999998
11.0
11.597
11.496
11.8
12.545
12.394
12.698
12.545
12.3405
12.294
12.116
12.1615
12.753499999999999
12.713
12.313500000000001
12.2325
12.485000000000001
12.805000000000001
12.564
13.13
13.394499999999999
13.16
13.693999999999999
13.825
13.138499999999999
13.324000000000002
13.0805
13.262
13.821000000000002
14.207999999999998
14.391499999999999
14.6645
14.722
14.7595
14.482999999999999
14.494499999999999
14.800999999999998
15.331
15.397
15.4485
15.7815
16.0435
15.4055
15.415000000000001
15.7805
15.6035
15.838999999999999
15.5095
15.6155
15.411000000000001
15.071000000000002
14.916999999999998
15.36
15.6925
15.2065
15.120500000000002
15.481
15.511500000000002
15.8125
15.859
16.189
16.069499999999998
16.3795
16.0095
15.774000000000001
15.4275
15.759
15.989500000000001
15.496500000000001
15.3
15.097999999999999
14.584999999999999
14.722
14.998
14.9415
15.413
15.334999999999999
15.086500000000001
15.2785
15.6975
15.1625
14.967500000000001
15.2195
15.402000000000001
15.7345
15.6975
15.6945
14.4055
14.3995
14.586000000000002
14.475
13.963
14.121500000000001
14.582500000000001
14.419999999999998
13.719999999999999
14.357
13.961000000000002
13.535499999999999
13.199000000000002
13.211000000000002
13.022
13.104499999999998
13.483500000000001
13.297999999999998
13.294
13.001
12.7925
12.4715
12.14
12.118500000000001
12.394
12.7065
12.6815
12.158
12.350999999999999
12.433499999999999
12.05
12.1595
12.0175
11.424
11.553
12.5315
11.89
11.8295
11.6105
11.659
11.3795
10.983500000000001
10.925
10.4305
10.73
10.888
10.4415
11.102
10.7715
10.081
10.511
10.048
9.4525
9.317499999999999
8.7755
8.6585
8.622499999999999
9.122499999999999
9.098
8.375
8.3655
8.212
8.3545
8.3305
8.61
8.351
8.006499999999999
7.6835
8.2715
8.3245
7.8895
7.4355
7.285500000000001
6.8205
6.7075000000000005
6.2485
6.896000000000001
7.435
7.123
7.081
7.4925
6.7010000000000005
5.8785
5.6195
5.8405000000000005
5.462631578947368
5.537894736842105
6.256842105263158
6.065789473684211
5.03842105263158
4.667894736842105
5.086842105263158
5.407368421052632
4.9936842105263155
5.367894736842105
5.106315789473684
4.2973684210526315
3.918421052631579
3.7231578947368424
3.916315789473684
4.3978947368421055
4.722631578947369
5.111578947368421
4.873684210526315
4.386315789473684
3.9673684210526314
3.736315789473684
3.438421052631579
3.716842105263158
3.418421052631579
3.7300000000000004
3.6410526315789475
3.5368421052631582
3.8063157894736848
4.2
3.918421052631579
4.118947368421053
3.6863157894736847
3.685263157894737
3.2147368421052636
3.948421052631579
3.285263157894737
3.880526315789474
4.4263157894736835
4.347368421052631
4.13578947368421
3.7573684210526315
4.163684210526315
3.9763157894736842
3.369473684210526
3.33
