temperature
4.095238095238095
4.011428571428572
3.4223809523809527
3.55
4.1066666666666665
4.418571428571428
3.3466666666666667
3.819523809523809
4.27047619047619
3.944761904761905
3.4785714285714286
3.0185714285714287
2.5966666666666667
2.791904761904762
3.3
3.6728571428571426
3.0466666666666664
2.3633333333333333
3.1580952380952376
3.55
4.325238095238095
4.33047619047619
3.761428571428571
3.7423809523809526
3.5185714285714287
3.1399999999999997
2.9576190476190476
2.9566666666666666
3.5504761904761906
3.411904761904762
3.557619047619048
3.6595238095238094
3.4609523809523814
3.9361904761904762
4.2352380952380955
4.667142857142857
4.885238095238096
4.667142857142856
3.950476190476191
3.3966666666666665
2.9633333333333334
2.674285714285714
2.8995238095238096
2.8452380952380953
2.22
2.136190476190476
2.039047619047619
2.779047619047619
2.91
2.9085714285714284
2.638095238095238
2.9752380952380952
3.6580952380952376
3.883809523809524
4.224285714285714
3.5128571428571425
4.015714285714286
4.486666666666666
4.7214285714285715
4.808095238095238
4.913333333333334
5.072380952380952
4.838571428571429
5.61952380952381
5.9261904761904765
6.178571428571429
6.206666666666667
5.702857142857143
6.413333333333334
6.630000000000001
6.140952380952381
6.144761904761904
6.071428571428571
5.663333333333334
5.06047619047619
5.6761904761904765
5.769047619047619
5.5685714285714285
5.34
5.6328571428571435
5.798571428571428
5.878095238095238
5.941904761904762
6.4852380952380955
6.081428571428572
6.030952380952381
5.928571428571429
6.042857142857143
6.490476190476191
6.613809523809524
7.619999999999999
6.91047619047619
5.75
5.575238095238095
5.899047619047619
6.301428571428571
6.546190476190477
6.175238095238096
6.416666666666667
7.122857142857144
7.557142857142857
8.208571428571428
7.48904761904762
7.695714285714287
8.07
8.217619047619047
8.08904761904762
7.585714285714286
8.516666666666666
8.555238095238096
8.571904761904761
9.167619047619048
8.868571428571428
8.381428571428572
8.379523809523809
8.517142857142856
8.48
8.43047619047619
9.005238095238095
9.252380952380953
9.245238095238095
8.941904761904762
9.483333333333334
9.318571428571428
9.569047619047618
9.997619047619047
10.0145
10.7135
10.0555
9.89
10.575
10.4045
11.155
10.956999999999999
11.1435
11.103
10.8535
10.911
10.937999999999999
11.561
11.6155
11.416
11.9175
11.9755
12.0315
11.921000000000001
11.626000000000001
11.4195
12.003
11.865
12.247499999999999
13.1035
12.913
13.1765
12.992
13.178999999999998
13.477500000000001
13.3325
13.334
13.518
13.644499999999999
13.344999999999999
13.346
13.669999999999998
14.053999999999998
13.382
13.7905
14.144
13.7755
14.428999999999998
14.502500000000001
14.045499999999999
14.187000000000001
13.922999999999998
14.217000000000002
14.76
15.0935
15.1
15.147499999999999
15.1975
15.243500000000001
15.385
15.618500000000001
15.7805
16.2225
16.125
16.231
16.444
16.712
16.2055
16.1705
16.517000000000003
16.153
16.6665
16.48
16.6615
16.325499999999998
16.101
15.860499999999998
16.0005
16.4625
15.903
16.054
16.4495
16.077
16.2345
16.5625
17.043
17.107
17.357
17.0445
16.706
16.337
16.5925
17.0905
16.8805
16.6125
16.3735
15.780000000000001
16.2065
16.1575
16.0
16.312
16.2095
16.2655
16.6365
16.875999999999998
16.1525
15.687999999999999
15.946000000000002
16.19
16.556
16.3595
16.0835
14.897499999999999
15.058000000000002
15.1995
15.394
15.010499999999999
15.328999999999999
15.7075
15.431000000000001
14.4025
15.230500000000001
14.879499999999998
14.475
14.142500000000002
14.2405
13.922
14.025
14.419999999999998
14.3445
14.499
13.874500000000001
13.6755
13.2905
12.9235
12.8535
13.071000000000002
13.5455
13.5335
12.877500000000001
13.262
13.380500000000001
12.9585
13.1735
12.887
12.498999999999999
12.4375
12.848500000000001
12.786
12.873500000000002
12.6645
12.4495
12.19
11.6985
11.578
11.4505
11.558499999999999
11.41
10.6865
11.473
11.436
10.667
10.817
10.55
9.798
9.7425
9.161
9.0765
9.3615
9.7425
9.7515
9.065999999999999
9.1095
8.91
9.0865
9.084
9.149
9.1445
8.7875
8.418000000000001
8.9675
9.103
8.552
8.1765
8.2125
7.544499999999999
7.6465000000000005
7.036499999999999
7.3855
7.798
7.573
7.5840000000000005
7.8855
6.836499999999999
6.1450000000000005
5.746
6.208
6.025
6.0375
6.699
6.736500000000001
5.827
4.9799999999999995
5.5035
5.9495
5.7165
6.0515
5.6055
4.9565
4.4135
4.056
4.1015
4.9455
5.2255
5.4855
5.517
5.2685
4.6274999999999995
4.3725000000000005
4.0185
4.1925
3.9730000000000003
4.168571428571429
4.150476190476191
3.7904761904761903
4.021428571428571
4.548571428571428
4.406666666666666
4.592380952380952
4.346666666666667
4.335238095238095
4.140476190476191
4.92
4.444285714285714
4.755714285714285
5.018095238095238
4.997619047619048
4.828571428571429
4.666666666666667
5.042380952380952
4.905238095238095
4.0147619047619045
3.941904761904762
