temperature
2.9508695652173915
2.899130434782609
2.0121739130434784
2.1508695652173913
2.7595652173913043
2.821739130434783
2.453478260869565
2.663478260869565
2.5199999999999996
2.3108695652173914
2.367391304347826
1.5778260869565217
1.4517391304347826
2.1217391304347823
2.442608695652174
2.550869565217391
1.7321739130434783
1.6769565217391305
2.389130434782609
2.5704347826086957
2.973913043478261
3.0356521739130438
2.6839130434782605
2.5295652173913044
2.314782608695652
1.8299999999999998
1.7360869565217392
1.6665217391304348
2.280869565217391
2.1360869565217393
1.703478260869565
1.835217391304348
2.8147826086956518
3.007826086956522
3.106521739130435
3.0217391304347827
3.2308695652173913
2.7482608695652173
2.5804347826086955
2.2195652173913043
2.0395652173913046
1.5021739130434781
1.6500000000000001
1.7656521739130435
1.5191304347826087
1.0152173913043478
1.017391304347826
1.4073913043478259
1.9469565217391305
2.1026086956521737
2.2969565217391303
2.6482608695652177
3.1252173913043477
3.11304347826087
3.0439130434782613
2.8291304347826083
2.9121739130434783
3.0565217391304347
2.7856521739130433
3.0852173913043477
3.253913043478261
3.1226086956521737
3.3117391304347827
3.534347826086957
4.469130434782609
4.527826086956522
4.564347826086957
4.174347826086957
4.173913043478261
4.133478260869565
4.422173913043478
4.135652173913043
3.6473913043478263
3.5543478260869565
3.5960869565217393
3.8434782608695657
3.9369565217391305
3.3817391304347826
3.5465217391304344
3.402173913043478
3.496086956521739
3.758260869565217
4.136521739130435
4.42304347826087
4.074347826086957
4.22
4.309130434782609
4.396521739130435
4.873913043478261
5.0804347826086955
5.0627272727272725
4.63909090909091
3.9522727272727276
4.418636363636363
4.890454545454546
4.8104545454545455
4.824090909090909
4.6022727272727275
4.799090909090909
5.153636363636363
5.415
5.776818181818182
5.494545454545454
5.854090909090909
6.20090909090909
6.304545454545454
6.172272727272727
6.250909090909091
6.615454545454545
6.490454545454545
6.842272727272728
6.732727272727273
6.552272727272728
6.479090909090909
6.661363636363637
6.604090909090909
6.410454545454545
6.2268181818181825
6.541818181818181
6.770454545454545
6.713636363636363
6.855909090909091
7.073636363636364
7.375909090909091
7.401818181818182
7.622727272727272
7.860454545454545
8.191363636363636
7.525454545454545
7.915
8.535
8.257272727272728
8.92
8.820454545454545
9.091363636363637
8.945454545454545
8.738636363636363
9.350909090909092
9.196363636363635
9.620454545454546
9.584090909090909
9.386818181818182
9.811363636363636
10.329545454545455
10.382272727272728
10.22181818181818
10.150454545454545
9.787727272727272
9.869545454545454
10.086818181818181
10.248636363636363
10.674090909090909
10.65090909090909
10.702272727272726
10.77909090909091
10.626818181818182
10.573636363636364
10.838636363636363
10.836818181818181
11.256363636363636
10.735
10.803636363636365
11.083636363636364
10.733636363636363
10.913181818181819
11.097272727272728
11.35909090909091
11.506363636363638
11.546818181818182
12.088181818181818
12.197272727272725
11.75
11.807272727272727
11.768636363636364
11.656363636363636
12.019545454545455
11.989999999999998
11.853636363636362
11.799545454545454
11.929545454545455
12.555454545454547
12.450909090909091
12.54090909090909
12.75590909090909
13.344999999999999
13.72318181818182
13.701363636363636
14.034545454545453
13.827727272727271
13.52590909090909
13.230454545454545
13.659545454545453
13.482727272727272
13.416363636363634
13.632272727272728
13.238181818181818
13.23
12.724545454545455
13.08409090909091
13.379545454545456
13.79409090909091
13.408181818181818
13.239090909090908
13.155909090909091
13.223181818181816
13.7
13.957727272727272
14.083636363636362
14.045
14.260454545454547
13.484090909090908
13.242272727272727
13.266363636363637
13.594545454545454
13.41590909090909
13.034999999999998
13.299090909090909
13.234090909090911
13.18909090909091
13.106818181818182
13.340909090909092
12.950909090909091
13.206818181818182
13.312272727272727
13.387727272727272
13.337727272727273
13.491818181818182
13.264999999999999
12.772727272727273
12.74590909090909
12.937272727272727
13.214090909090908
13.238636363636363
13.096363636363636
12.761363636363637
13.258181818181818
13.172727272727274
13.005
12.728181818181817
12.591363636363637
13.017272727272728
12.37590909090909
12.167727272727273
12.578636363636365
12.18409090909091
12.09909090909091
12.007727272727273
11.852272727272727
11.494545454545454
11.399090909090908
11.861818181818181
11.334090909090909
10.853636363636364
10.663636363636364
10.720454545454546
10.451363636363636
10.533181818181818
10.728636363636364
10.916818181818181
11.253181818181817
10.966818181818182
10.360909090909091
10.674999999999999
10.517272727272728
10.190454545454545
10.575000000000001
10.095454545454546
9.644545454545455
9.05090909090909
9.245
9.81590909090909
10.33
9.855909090909092
10.038260869565217
9.897826086956522
9.686521739130434
9.824782608695653
9.566086956521739
9.358260869565218
9.089565217391305
8.89695652173913
9.281739130434783
8.858695652173912
8.465217391304348
8.357391304347827
7.775652173913044
7.94086956521739
7.930000000000001
7.873913043478261
7.4460869565217385
7.679130434782609
7.332173913043477
7.281304347826087
7.052608695652174
7.11
7.378260869565217
7.444347826086957
7.4534782608695656
7.571304347826087
7.093478260869565
7.145217391304348
7.023478260869565
7.028260869565218
6.84608695652174
6.3999999999999995
6.766521739130434
6.3478260869565215
6.1521739130434785
5.565217391304348
5.39304347826087
5.780434782608695
5.9247826086956525
5.914347826086956
5.9543478260869565
5.714782608695652
5.007391304347826
4.4626086956521736
4.147826086956522
4.446521739130435
4.145217391304348
4.009130434782609
4.293478260869565
3.867826086956522
3.108695652173913
3.505217391304348
4.194347826086957
4.308695652173913
4.372173913043478
4.104347826086957
3.6621739130434783
3.2769565217391308
3.2678260869565214
2.9169565217391304
3.2060869565217387
3.273913043478261
3.574782608695652
3.8895652173913042
3.957391304347826
3.9756521739130433
3.604782608695652
2.8204347826086957
2.5843478260869563
2.4413043478260867
2.662608695652174
3.013478260869565
3.179130434782609
3.226086956521739
3.391304347826087
3.678695652173913
3.528695652173913
2.9117391304347824
2.9569565217391305
3.2734782608695654
3.1508695652173913
3.573478260869565
3.182608695652174
3.4391304347826086
3.7082608695652177
3.8330434782608696
3.794782608695652
3.063913043478261
3.2382608695652175
2.7734782608695654
2.623913043478261
2.845217391304348
