pet
0.3339130434782609
0.30478260869565216
0.44608695652173913
0.42260869565217396
0.3
0.3517391304347826
0.3708695652173913
0.26304347826086955
0.23173913043478261
0.3960869565217391
0.4795652173913043
0.44608695652173913
0.3660869565217391
0.3760869565217391
0.2543478260869565
0.30521739130434783
0.35000000000000003
0.3708695652173913
0.3582608695652174
0.2747826086956522
0.4004347826086957
0.41434782608695647
0.31782608695652176
0.5517391304347826
0.4008695652173913
0.38913043478260867
0.3730434782608696
0.43521739130434783
0.3604347826086956
0.4165217391304348
0.5026086956521739
0.3908695652173913
0.46695652173913044
0.27
0.42
0.4826086956521739
0.45391304347826084
0.6078260869565217
0.5334782608695652
0.45173913043478264
0.5204347826086957
0.4613043478260869
0.46347826086956523
0.6308695652173913
0.6030434782608696
0.5278260869565218
0.592608695652174
0.43173913043478257
0.5408695652173913
0.5947826086956521
0.46
0.5408695652173913
0.5708695652173913
0.6052173913043478
0.6547826086956522
0.6191304347826087
0.6065217391304347
0.7147826086956522
0.751304347826087
0.7000000000000001
0.7830434782608695
0.8586956521739131
0.811304347826087
0.7234782608695652
0.7182608695652174
0.7378260869565217
0.7082608695652174
0.8626086956521739
0.6747826086956522
0.8056521739130436
0.8939130434782608
0.8226086956521739
0.8652173913043477
0.8865217391304349
0.9226086956521738
1.0621739130434782
0.9313043478260871
0.9243478260869565
0.9591304347826086
1.0060869565217392
1.2143478260869565
1.102608695652174
1.0934782608695652
1.3108695652173912
1.1860869565217391
1.2243478260869565
1.2956521739130435
1.2108695652173913
1.251304347826087
1.166086956521739
1.0554545454545454
1.1327272727272728
1.3431818181818183
1.4159090909090908
1.3786363636363637
1.530909090909091
1.5163636363636364
1.354090909090909
1.5954545454545455
1.4354545454545453
1.479090909090909
1.5131818181818182
1.654090909090909
1.9481818181818182
1.835909090909091
1.8781818181818182
1.8263636363636364
1.6395454545454546
1.719090909090909
1.8663636363636364
1.8154545454545454
1.9222727272727271
1.966818181818182
2.1904545454545454
1.9809090909090907
2.013181818181818
2.275909090909091
2.0222727272727274
1.9122727272727273
1.7877272727272726
1.995
2.1395454545454546
2.148181818181818
2.203181818181818
2.186818181818182
2.221363636363636
2.1645454545454546
2.2277272727272726
2.1113636363636363
1.9859090909090908
2.225909090909091
2.2245454545454546
2.3109090909090906
2.6631818181818185
2.5349999999999997
2.5559090909090907
2.5195454545454545
2.5731818181818182
2.652727272727273
2.634090909090909
2.4699999999999998
2.587727272727273
2.463636363636364
2.7845454545454547
2.388181818181818
2.5872727272727274
2.712727272727273
2.69
2.436818181818182
2.512272727272727
2.7163636363636363
2.5813636363636365
2.458181818181818
2.615
2.7613636363636362
2.3736363636363635
2.4886363636363638
2.515
2.444090909090909
2.5772727272727276
2.5195454545454545
2.4454545454545453
2.673636363636364
2.71
2.7145454545454544
2.901818181818182
2.8154545454545454
2.6304545454545454
2.5
2.743181818181818
3.066818181818182
2.745909090909091
2.9490909090909088
2.5786363636363636
2.567272727272727
2.5254545454545454
2.665
2.643181818181818
2.5722727272727273
2.690909090909091
2.734090909090909
2.7613636363636362
2.864090909090909
3.3231818181818182
2.8486363636363636
2.9154545454545455
3.1568181818181817
2.997727272727273
2.6940909090909093
2.64
2.438181818181818
2.639090909090909
2.65
2.6427272727272726
2.428181818181818
2.686818181818182
2.7172727272727273
2.7068181818181816
2.669090909090909
2.4954545454545456
2.641363636363636
2.622727272727273
2.569090909090909
2.630454545454546
2.5081818181818183
2.7836363636363637
2.69
2.6722727272727274
2.6654545454545455
2.8000000000000003
2.5463636363636364
2.270909090909091
2.59
2.459090909090909
2.502727272727273
2.4054545454545457
2.2836363636363637
2.2036363636363636
2.1713636363636364
2.2386363636363638
2.2045454545454546
2.394090909090909
2.1345454545454547
2.3013636363636363
2.185
1.981818181818182
2.278181818181818
2.475909090909091
2.387272727272727
2.105
2.0940909090909092
2.3313636363636365
2.070909090909091
2.1368181818181817
1.9895454545454547
2.1568181818181817
1.9622727272727274
2.1331818181818183
2.173636363636364
1.9863636363636366
1.9054545454545455
2.0013636363636365
1.8404545454545456
1.6895454545454547
1.7395454545454547
1.86
1.778181818181818
1.8127272727272727
1.8081818181818183
1.685909090909091
1.7377272727272726
1.7036363636363634
1.6290909090909091
1.6186363636363637
1.5563636363636364
1.5818181818181818
1.4281818181818182
1.3909090909090909
1.3031818181818182
1.3504545454545456
1.295
1.4136363636363638
1.3813636363636363
1.2404545454545455
1.3327272727272728
1.1327272727272726
1.2468181818181818
1.124090909090909
1.0177272727272728
0.9940909090909091
1.0377272727272726
1.1236363636363635
1.0109090909090908
1.1595652173913042
0.9921739130434782
1.0156521739130435
1.0147826086956522
0.947391304347826
1.0030434782608695
1.0326086956521738
1.0247826086956522
0.7639130434782608
0.7782608695652173
0.9139130434782609
0.8430434782608696
0.7530434782608696
0.8221739130434783
0.6008695652173913
0.783913043478261
0.8904347826086957
0.6926086956521739
0.7386956521739131
0.717391304347826
0.7234782608695652
0.698695652173913
0.6517391304347826
0.6413043478260869
0.58
0.5530434782608696
0.5469565217391305
0.5578260869565217
0.6360869565217392
0.45260869565217393
0.47695652173913045
0.43869565217391304
0.42391304347826086
0.5604347826086957
0.5391304347826087
0.5130434782608696
0.5152173913043478
0.4082608695652174
0.48217391304347823
0.587391304347826
0.4682608695652174
0.43478260869565216
0.49
0.601304347826087
0.4208695652173913
0.5047826086956522
0.348695652173913
0.4608695652173913
0.391304347826087
0.44130434782608696
0.42434782608695654
0.3678260869565217
0.5291304347826087
0.2691304347826087
0.46956521739130436
0.3656521739130435
0.3682608695652174
0.29391304347826086
0.3647826086956522
0.3621739130434783
0.17652173913043476
0.25478260869565217
0.2778260869565217
0.3091304347826087
0.3552173913043478
0.20695652173913043
0.32652173913043475
0.30434782608695654
0.31217391304347825
0.3073913043478261
0.29695652173913045
0.411304347826087
0.3378260869565217
0.33565217391304353
0.2826086956521739
0.25
0.3
0.3830434782608696
0.42695652173913046
0.3343478260869565
0.288695652173913
0.26652173913043475
0.3026086956521739
0.31
0.2452173913043478
0.2873913043478261
0.20304347826086958
0.33
0.2569565217391304
0.2826086956521739
0.3734782608695652
0.2473913043478261
