temperature
4.3591304347826085
4.4226086956521735
4.335652173913044
4.651304347826087
5.060434782608696
5.003478260869565
4.170869565217392
4.631304347826087
4.829565217391305
4.286521739130435
3.933043478260869
3.4078260869565216
3.03695652173913
3.2347826086956526
3.966521739130435
4.088695652173913
3.553478260869565
3.32
3.9543478260869565
4.182173913043478
4.6869565217391305
4.654347826086957
4.673913043478261
4.6726086956521735
4.439130434782609
4.159999999999999
4.114782608695652
4.131739130434783
3.93
3.4139130434782605
3.4139130434782605
3.7756521739130435
4.263913043478261
4.517391304347826
4.457826086956522
4.6573913043478266
4.794347826086956
4.909130434782608
4.493913043478261
4.036521739130435
3.5008695652173913
3.3099999999999996
3.6273913043478263
3.387391304347826
2.9134782608695655
2.5917391304347825
2.626086956521739
3.122608695652174
3.146521739130435
3.3373913043478263
3.3760869565217395
3.845217391304348
4.143913043478261
4.411304347826087
4.324782608695652
3.5430434782608695
4.056521739130434
4.437826086956522
4.543913043478261
4.760869565217392
5.009130434782608
4.869565217391305
4.746521739130435
4.788260869565217
5.285217391304348
5.570434782608696
5.250869565217391
5.304347826086956
5.552173913043478
5.793913043478261
5.442608695652174
5.669130434782608
5.410869565217391
5.627391304347826
5.24304347826087
5.613043478260869
5.518260869565218
5.592173913043479
5.420434782608695
5.583478260869565
5.665217391304348
5.56
5.685217391304348
6.122173913043478
5.9021739130434785
6.157826086956521
5.93304347826087
5.921739130434782
6.44086956521739
6.297826086956522
6.658636363636364
6.389545454545455
5.574545454545454
5.589545454545455
5.796818181818182
6.000909090909091
6.345909090909092
6.151363636363637
6.240909090909091
6.488636363636363
6.866818181818181
7.432727272727272
7.4781818181818185
7.498181818181819
7.620000000000001
8.011818181818182
7.517727272727272
7.399545454545454
8.059545454545455
7.778636363636363
7.96090909090909
8.536818181818182
8.454545454545455
8.017272727272728
7.944999999999999
7.709090909090909
7.943636363636363
7.763636363636365
7.9781818181818185
8.115909090909092
8.318636363636363
8.145454545454545
8.67
8.91090909090909
9.083636363636364
9.314545454545454
9.318636363636363
9.735454545454546
9.326363636363636
9.239545454545455
9.888636363636364
9.866818181818182
10.27590909090909
10.516363636363637
10.476363636363637
10.272727272727273
10.613181818181818
10.891818181818183
10.752272727272727
11.500454545454545
11.401363636363637
11.17909090909091
11.392727272727273
11.615
11.785454545454543
11.600909090909092
11.741363636363637
11.154545454545454
11.473181818181818
11.388181818181819
11.573636363636364
11.742727272727272
11.863181818181818
12.243181818181819
12.05909090909091
12.025
11.854545454545455
11.91909090909091
12.159090909090908
12.507272727272728
12.243181818181819
12.387272727272727
12.651363636363635
12.369545454545454
12.58090909090909
12.765454545454544
13.216818181818182
13.076363636363636
12.876818181818182
13.47318181818182
13.625
13.581818181818182
13.633636363636363
13.517727272727273
13.292727272727273
13.793636363636363
13.892727272727273
13.782272727272726
13.72318181818182
13.998181818181818
14.237727272727273
14.17090909090909
14.27727272727273
14.659090909090908
15.118181818181819
15.634090909090908
15.356818181818182
15.339545454545457
15.655000000000001
15.340454545454547
15.392727272727273
15.466363636363637
15.466818181818182
15.636363636363637
15.158181818181818
15.49909090909091
15.202727272727275
14.859545454545453
14.714545454545457
14.978181818181817
15.44590909090909
15.367272727272727
15.147272727272728
15.083636363636362
15.075909090909091
15.312272727272727
15.559545454545455
15.627272727272727
15.738636363636363
15.839090909090912
15.987272727272728
15.348636363636365
14.928636363636365
15.228181818181817
15.617272727272727
14.984545454545456
15.118636363636364
15.068636363636363
14.748181818181818
14.847272727272726
15.325909090909091
14.946363636363635
15.024090909090908
15.273636363636363
15.303636363636365
15.436818181818182
15.743636363636364
15.075909090909091
14.853181818181817
14.783181818181818
15.048636363636364
15.374545454545455
15.337727272727273
15.588181818181818
14.699545454545454
14.964545454545453
15.031363636363636
15.045
14.756363636363636
14.754090909090907
14.710454545454546
14.475909090909092
14.183181818181817
14.394545454545455
14.123636363636365
14.035454545454543
13.692272727272728
13.798181818181819
13.660909090909092
13.733181818181817
14.065
13.763636363636364
13.455
13.07090909090909
13.193636363636363
12.842727272727274
12.572272727272729
12.875454545454545
13.043636363636363
12.998181818181818
12.763636363636364
12.427272727272726
12.436818181818182
12.47318181818182
12.116363636363637
12.551363636363636
12.371818181818183
12.120454545454544
11.947727272727274
11.884545454545453
12.19909090909091
11.982727272727272
11.911818181818182
11.707826086956523
11.398260869565217
11.53217391304348
11.621739130434783
11.169130434782607
11.038260869565217
11.143478260869566
10.60695652173913
11.087391304347825
11.040000000000001
10.431739130434783
10.52
10.029130434782608
9.78217391304348
9.841739130434783
9.549565217391304
9.246956521739131
9.473478260869566
9.956521739130435
9.563478260869566
9.120869565217392
8.984782608695653
9.104782608695652
9.261304347826087
9.222173913043477
9.416521739130435
9.17695652173913
8.990869565217391
8.567826086956522
8.976086956521739
9.293478260869565
9.06391304347826
9.074782608695653
8.450434782608696
8.042173913043479
7.638260869565218
7.253478260869565
8.09695652173913
8.35391304347826
7.837826086956523
7.881304347826087
7.93
7.023913043478261
6.419130434782608
6.2299999999999995
6.398695652173912
6.355652173913044
6.468695652173913
7.019565217391304
6.5926086956521734
5.855652173913044
5.646521739130435
5.906086956521739
6.38391304347826
6.464782608695652
6.265652173913042
5.7291304347826095
5.427826086956522
5.263478260869565
4.863043478260869
5.086956521739131
5.437391304347826
5.59695652173913
5.811739130434782
5.90695652173913
5.802173913043478
5.622173913043478
5.725217391304348
4.837826086956522
4.455217391304347
4.3765217391304345
4.814347826086957
4.986521739130435
5.019565217391304
5.4460869565217385
5.89
5.4308695652173915
5.320434782608696
5.012608695652174
4.950434782608696
5.216521739130435
5.791739130434783
4.91
5.459130434782609
5.497826086956522
5.3960869565217395
5.481739130434782
5.31695652173913
5.087391304347826
5.154347826086957
4.52695652173913
4.3334782608695654
