pet
0.3526086956521739
0.3234782608695652
0.45739130434782604
0.5352173913043479
0.35695652173913045
0.41782608695652174
0.4678260869565217
0.29608695652173916
0.23304347826086957
0.41434782608695647
0.6034782608695652
0.5343478260869565
0.5252173913043479
0.43000000000000005
0.3291304347826087
0.41608695652173916
0.4047826086956522
0.41956521739130437
0.43130434782608695
0.3343478260869565
0.43260869565217397
0.5291304347826087
0.3139130434782609
0.6326086956521739
0.5191304347826087
0.45173913043478264
0.4156521739130435
0.5660869565217391
0.46391304347826084
0.5091304347826088
0.5852173913043479
0.42695652173913046
0.5795652173913044
0.2760869565217391
0.4965217391304348
0.5708695652173913
0.5069565217391304
0.6186956521739131
0.6030434782608696
0.5230434782608696
0.5447826086956521
0.5330434782608695
0.5604347826086957
0.7013043478260869
0.6717391304347826
0.5939130434782609
0.6908695652173913
0.5352173913043479
0.6465217391304348
0.5939130434782609
0.4865217391304348
0.6865217391304348
0.6369565217391304
0.6956521739130435
0.7208695652173914
0.7456521739130434
0.6900000000000001
0.8895652173913043
0.8169565217391304
0.8021739130434782
0.8426086956521739
0.9117391304347826
0.8834782608695653
0.7795652173913044
0.73
0.8704347826086957
0.7143478260869565
0.9295652173913043
0.7495652173913043
0.9369565217391305
0.8921739130434783
0.92
0.9252173913043479
0.9360869565217392
0.9965217391304347
1.1630434782608696
0.9878260869565217
0.8886956521739131
0.9126086956521738
0.9991304347826088
1.3078260869565217
1.1608695652173913
1.113913043478261
1.3543478260869564
1.2069565217391305
1.251304347826087
1.3243478260869566
1.2265217391304348
1.2373913043478262
1.2582608695652175
1.0086363636363638
1.205909090909091
1.4068181818181817
1.4086363636363637
1.3581818181818182
1.580909090909091
1.5577272727272728
1.5190909090909093
1.658181818181818
1.468181818181818
1.555
1.3790909090909091
1.6477272727272727
1.9618181818181817
1.8195454545454546
1.875
1.9327272727272726
1.6340909090909093
1.8172727272727272
2.044545454545455
1.9009090909090909
1.994090909090909
2.0500000000000003
2.2886363636363636
1.950909090909091
2.0522727272727272
2.321818181818182
2.085909090909091
2.0422727272727275
1.7045454545454546
2.0377272727272726
2.1245454545454545
2.1427272727272726
2.134090909090909
2.061818181818182
2.195909090909091
2.224090909090909
2.2313636363636364
2.17
1.9736363636363636
2.1340909090909093
2.104090909090909
2.2877272727272726
2.4863636363636363
2.4909090909090907
2.3713636363636366
2.4472727272727273
2.647727272727273
2.4954545454545456
2.6427272727272726
2.486818181818182
2.5777272727272726
2.5527272727272727
2.852272727272727
2.4595454545454545
2.6395454545454546
2.756818181818182
2.728181818181818
2.3345454545454545
2.465
2.695909090909091
2.429090909090909
2.3945454545454545
2.5822727272727275
2.5559090909090907
2.3527272727272726
2.549090909090909
2.390909090909091
2.3277272727272726
2.528636363636364
2.497272727272727
2.472272727272727
2.7754545454545454
2.713181818181818
2.583636363636364
2.945909090909091
2.8790909090909094
2.683181818181818
2.560909090909091
2.8181818181818183
3.01
2.7627272727272727
2.8704545454545456
2.361818181818182
2.4895454545454543
2.4672727272727273
2.735
2.5586363636363636
2.5336363636363637
2.6013636363636365
2.7427272727272727
2.791818181818182
2.9522727272727276
3.333636363636364
2.7068181818181816
2.8868181818181817
3.0004545454545455
2.737727272727273
2.710909090909091
2.584090909090909
2.350909090909091
2.3704545454545456
2.4709090909090907
2.555454545454545
2.3572727272727274
2.721363636363636
2.6986363636363637
2.726818181818182
2.6427272727272726
2.4522727272727276
2.690909090909091
2.724090909090909
2.5245454545454544
2.6377272727272727
2.541363636363636
2.8027272727272727
2.659090909090909
2.600909090909091
2.8972727272727274
2.787272727272727
2.6290909090909094
2.3431818181818183
2.689090909090909
2.4263636363636363
2.5377272727272726
2.441818181818182
2.2186363636363637
2.326363636363636
2.312272727272727
2.3668181818181817
2.1877272727272725
2.438181818181818
2.1313636363636363
2.290909090909091
2.0481818181818183
2.016363636363636
2.3581818181818184
2.541818181818182
2.3709090909090906
2.195
2.1522727272727273
2.3831818181818183
2.1568181818181817
2.054090909090909
1.954090909090909
2.054090909090909
1.935909090909091
2.2045454545454546
2.2695454545454545
2.057727272727273
2.0786363636363636
2.0504545454545453
1.845909090909091
1.6286363636363637
1.6777272727272725
1.985
1.8195454545454546
1.9522727272727274
1.8354545454545457
1.81
1.729090909090909
1.7186363636363637
1.7004545454545457
1.7077272727272728
1.5159090909090909
1.5604545454545453
1.508181818181818
1.4545454545454546
1.3095454545454546
1.3995454545454544
1.3063636363636364
1.4281818181818182
1.419090909090909
1.34
1.4418181818181817
1.1440909090909093
1.1936363636363636
1.1727272727272728
1.1718181818181819
1.0772727272727272
1.1327272727272726
1.180909090909091
1.125
1.1995652173913043
0.927391304347826
1.0834782608695652
1.0847826086956522
1.048695652173913
1.0856521739130434
1.0591304347826087
1.0834782608695652
0.8260869565217391
0.7843478260869565
0.9691304347826086
0.8778260869565218
0.851304347826087
0.8339130434782609
0.7330434782608696
0.9591304347826086
0.9921739130434782
0.6969565217391305
0.7969565217391303
0.8556521739130435
0.8230434782608695
0.6308695652173913
0.6456521739130434
0.7369565217391304
0.6743478260869565
0.6969565217391305
0.6391304347826087
0.5747826086956521
0.6765217391304348
0.5734782608695652
0.48434782608695653
0.4556521739130435
0.5173913043478261
0.6417391304347826
0.6426086956521739
0.6417391304347826
0.6556521739130435
0.4613043478260869
0.5521739130434782
0.6460869565217391
0.4921739130434783
0.46217391304347827
0.6273913043478261
0.6308695652173913
0.5730434782608695
0.5608695652173913
0.41043478260869565
0.5404347826086956
0.5060869565217392
0.4908695652173913
0.5569565217391305
0.4769565217391304
0.5665217391304348
0.3573913043478261
0.4643478260869565
0.3804347826086957
0.5069565217391304
0.4208695652173913
0.5034782608695653
0.43173913043478257
0.19695652173913045
0.3826086956521739
0.2952173913043478
0.3765217391304348
0.39956521739130435
0.30130434782608695
0.3969565217391304
0.3352173913043478
0.42826086956521736
0.4252173913043478
0.4608695652173913
0.5226086956521739
0.45826086956521733
0.4926086956521739
0.3939130434782609
0.2995652173913043
0.3665217391304348
0.43565217391304345
0.5004347826086957
0.3843478260869565
0.3139130434782609
0.3817391304347826
0.3973913043478261
0.39217391304347826
0.34608695652173915
0.4230434782608696
0.29
0.4208695652173913
0.31434782608695655
0.28956521739130436
0.3508695652173913
0.31565217391304345
