pet
0.32869565217391306
0.23043478260869565
0.41304347826086957
0.31869565217391305
0.1582608695652174
0.34304347826086956
0.2708695652173913
0.1773913043478261
0.1826086956521739
0.2752173913043478
0.32608695652173914
0.3304347826086957
0.30391304347826087
0.29304347826086957
0.21391304347826087
0.23956521739130435
0.30826086956521737
0.25608695652173913
0.3008695652173913
0.1865217391304348
0.28521739130434787
0.30478260869565216
0.2791304347826087
0.45913043478260873
0.26260869565217393
0.31565217391304345
0.31478260869565217
0.30434782608695654
0.27260869565217394
0.34478260869565214
0.4056521739130435
0.3591304347826087
0.3730434782608696
0.22826086956521738
0.3273913043478261
0.4330434782608696
0.3847826086956522
0.5082608695652173
0.4673913043478261
0.3769565217391304
0.5030434782608696
0.40304347826086956
0.3530434782608695
0.5143478260869565
0.4921739130434783
0.43565217391304345
0.5121739130434783
0.33956521739130435
0.42217391304347823
0.5230434782608696
0.4504347826086956
0.4808695652173913
0.5465217391304348
0.5839130434782609
0.5647826086956522
0.4969565217391304
0.6060869565217392
0.62
0.6369565217391304
0.6939130434782609
0.731304347826087
0.8426086956521739
0.7539130434782608
0.7139130434782608
0.6891304347826087
0.698695652173913
0.7913043478260869
0.7965217391304348
0.6773913043478261
0.7613043478260869
0.8860869565217391
0.8243478260869566
0.8952173913043479
0.9026086956521738
0.8278260869565217
0.9860869565217392
1.0156521739130435
0.9282608695652175
0.9447826086956522
1.0347826086956522
1.1704347826086958
1.1382608695652174
1.126086956521739
1.2747826086956522
1.1491304347826088
1.1756521739130434
1.2434782608695654
1.24
1.2147826086956521
1.1765217391304348
1.110909090909091
1.1922727272727274
1.395909090909091
1.4000000000000001
1.3418181818181818
1.4836363636363636
1.491818181818182
1.4081818181818182
1.5786363636363634
1.5322727272727272
1.5472727272727271
1.6113636363636366
1.6781818181818182
2.0063636363636363
1.8495454545454544
1.8845454545454545
1.7254545454545456
1.6504545454545456
1.76
1.8590909090909091
1.8236363636363635
1.9586363636363637
1.929090909090909
2.062727272727273
1.968181818181818
1.9568181818181818
2.080909090909091
2.012272727272727
1.8527272727272726
1.8404545454545456
1.997272727272727
2.309090909090909
2.1795454545454547
2.255
2.1599999999999997
2.213181818181818
2.2586363636363633
2.3554545454545455
2.195909090909091
2.1999999999999997
2.223181818181818
2.3659090909090907
2.507727272727273
2.684090909090909
2.725909090909091
2.6195454545454546
2.5890909090909093
2.5686363636363634
2.679090909090909
2.6104545454545454
2.481818181818182
2.6218181818181816
2.4377272727272725
2.6963636363636363
2.615
2.6636363636363636
2.7190909090909092
2.7445454545454546
2.5645454545454545
2.554090909090909
2.7595454545454547
2.685
2.579090909090909
2.694545454545455
2.856818181818182
2.401818181818182
2.5731818181818182
2.688181818181818
2.641363636363636
2.7172727272727273
2.6322727272727273
2.550909090909091
2.671818181818182
2.9086363636363637
2.855
2.973181818181818
2.9872727272727273
2.5977272727272727
2.7345454545454544
2.7513636363636365
3.0786363636363636
2.8831818181818183
3.0990909090909087
2.7372727272727273
2.83
2.6259090909090905
2.8436363636363637
2.7436363636363637
2.666818181818182
2.9154545454545455
2.980454545454545
3.0159090909090907
2.9077272727272727
3.4263636363636363
3.001818181818182
3.061818181818182
3.3881818181818186
3.248181818181818
2.9345454545454546
2.934090909090909
2.7513636363636365
2.9795454545454545
2.765909090909091
2.9054545454545457
2.7745454545454544
2.8372727272727274
2.8763636363636365
2.8754545454545455
2.8572727272727274
2.659090909090909
2.8000000000000003
2.669090909090909
2.669090909090909
2.664090909090909
2.5327272727272727
3.0231818181818184
2.783181818181818
2.730909090909091
2.747727272727273
3.0068181818181823
2.6522727272727273
2.569545454545455
2.803181818181818
2.772727272727273
2.601363636363636
2.692272727272727
2.4936363636363637
2.476818181818182
2.2677272727272726
2.459090909090909
2.4072727272727272
2.514090909090909
2.414090909090909
2.4054545454545457
2.3122727272727275
2.224090909090909
2.564090909090909
2.7045454545454546
2.358181818181818
2.0477272727272724
2.237727272727273
2.522727272727273
2.269090909090909
2.309090909090909
2.145909090909091
2.1354545454545457
2.028636363636364
2.200909090909091
2.2445454545454546
2.065
1.968181818181818
2.0354545454545456
1.8627272727272726
1.781818181818182
1.888636363636364
2.013181818181818
1.987727272727273
1.8872727272727274
1.8627272727272726
1.8022727272727272
1.8045454545454547
1.7613636363636365
1.7413636363636364
1.685
1.6763636363636365
1.5954545454545455
1.4354545454545453
1.395909090909091
1.38
1.3340909090909092
1.258181818181818
1.3036363636363637
1.3977272727272727
1.2095454545454545
1.3354545454545454
1.154090909090909
1.1572727272727272
1.07
1.0295454545454545
1.029090909090909
1.0
0.9877272727272728
0.9395454545454546
1.107391304347826
1.0317391304347827
0.9086956521739131
0.8813043478260869
0.8643478260869565
0.9308695652173913
0.9304347826086956
0.927391304347826
0.7526086956521738
0.6934782608695652
0.8469565217391305
0.6873913043478261
0.7178260869565216
0.6739130434782609
0.6139130434782608
0.6821739130434782
0.7008695652173913
0.6521739130434783
0.6791304347826087
0.6313043478260869
0.6034782608695652
0.6491304347826087
0.5334782608695652
0.5969565217391305
0.5134782608695653
0.42478260869565215
0.47000000000000003
0.4830434782608695
0.5095652173913043
0.3917391304347826
0.3773913043478261
0.3352173913043478
0.3017391304347826
0.44478260869565217
0.4056521739130435
0.39869565217391306
0.36869565217391304
0.3334782608695652
0.3026086956521739
0.5026086956521739
0.40217391304347827
0.31
0.39
0.4613043478260869
0.31565217391304345
0.40304347826086956
0.21695652173913044
0.3991304347826087
0.2565217391304348
0.3591304347826087
0.25521739130434784
0.25
0.411304347826087
0.1991304347826087
0.3873913043478261
0.3769565217391304
0.23695652173913045
0.1926086956521739
0.18956521739130433
0.2082608695652174
0.1126086956521739
0.16304347826086957
0.21826086956521737
0.24
0.18739130434782608
0.1673913043478261
0.21608695652173912
0.24391304347826087
0.1882608695652174
0.2056521739130435
0.19869565217391305
0.2434782608695652
0.2921739130434783
0.2343478260869565
0.22304347826086957
0.1826086956521739
0.21608695652173915
0.3030434782608696
0.2817391304347826
0.21956521739130433
0.2673913043478261
0.24956521739130436
0.17956521739130435
0.28695652173913044
0.18000000000000002
0.2008695652173913
0.1760869565217391
0.2673913043478261
0.1991304347826087
0.2426086956521739
0.23565217391304347
0.17521739130434782
