temperature
4.318181818181818
3.9495454545454547
3.8759090909090905
3.821363636363636
4.447727272727272
4.28
4.725454545454546
5.097272727272728
4.741818181818181
4.784545454545454
4.750454545454546
5.2727272727272725
5.84
4.668181818181818
5.176818181818182
4.441363636363636
4.327727272727273
4.541363636363636
5.1850000000000005
4.960454545454545
4.199545454545454
4.139545454545455
4.241818181818181
3.853181818181818
4.282272727272727
4.016363636363637
4.094545454545455
3.8354545454545454
4.336363636363637
3.963181818181818
4.0622727272727275
3.941818181818182
3.825454545454545
4.100454545454546
5.300909090909091
5.083636363636364
5.0227272727272725
4.512272727272727
3.8095454545454546
3.9840909090909093
4.5195454545454545
4.9763636363636365
5.553181818181819
4.592272727272728
4.171818181818182
4.712272727272727
4.852727272727273
4.574545454545454
4.544545454545455
4.123636363636364
4.114090909090908
4.365454545454546
4.505454545454546
5.059090909090909
5.445454545454545
5.318181818181818
5.5227272727272725
5.382727272727273
5.218636363636364
5.038636363636363
4.749545454545454
4.569999999999999
4.453181818181818
4.794545454545455
5.210909090909091
6.446363636363636
6.506818181818182
6.659090909090909
6.391818181818182
6.119545454545454
6.032727272727272
5.661818181818182
6.120909090909091
6.900454545454545
7.350454545454546
7.51
6.804545454545454
6.0231818181818175
6.066363636363636
6.239545454545455
6.464545454545455
6.617272727272726
6.738636363636363
7.195454545454546
6.655
6.283181818181817
6.708181818181819
7.265454545454546
8.079545454545455
8.491363636363637
8.43391304347826
8.42608695652174
8.04
7.704782608695653
8.10391304347826
8.538695652173912
7.306956521739131
7.097391304347826
7.615652173913043
8.444347826086956
7.984347826086956
7.38304347826087
7.346521739130435
7.9943478260869565
8.203913043478261
8.39304347826087
8.804782608695652
8.124782608695652
7.9073913043478266
8.465217391304348
9.492173913043478
10.337826086956522
10.967391304347826
10.880869565217392
11.02608695652174
10.165217391304349
10.512173913043478
10.613913043478261
10.282608695652174
10.160869565217391
10.501304347826087
10.204782608695652
10.461304347826088
10.318260869565217
10.640869565217391
11.115217391304348
11.141739130434782
11.000869565217391
11.362608695652176
11.492173913043478
11.36304347826087
10.995217391304347
10.774782608695652
10.792608695652174
11.300869565217392
11.711739130434783
11.704347826086956
12.016521739130434
11.991304347826087
12.303043478260872
11.911739130434784
11.950000000000001
12.526521739130436
12.759130434782607
12.61304347826087
12.72
12.51304347826087
12.884782608695653
12.705217391304346
12.816956521739131
13.343913043478262
13.563478260869564
14.05695652173913
13.626521739130435
13.128695652173912
13.69
13.94304347826087
14.522608695652172
14.127391304347826
14.349130434782607
14.214347826086957
14.09913043478261
14.234782608695651
14.343043478260869
14.181739130434783
14.275217391304347
14.778260869565216
15.42608695652174
15.67304347826087
15.662173913043478
15.694347826086958
15.07521739130435
14.972173913043479
15.074782608695653
15.009130434782607
15.048260869565217
15.431739130434783
15.94608695652174
15.960869565217392
16.128260869565217
15.958260869565219
16.08608695652174
16.594782608695652
16.60608695652174
16.979565217391304
16.284347826086957
16.42913043478261
16.32304347826087
16.078260869565216
16.13826086956522
16.217391304347824
16.43130434782609
16.477826086956522
16.21782608695652
16.921739130434784
17.14695652173913
17.231304347826086
16.671304347826087
16.970434782608695
17.477826086956522
17.464347826086957
17.04304347826087
16.8
17.578695652173913
17.698695652173914
17.17608695652174
17.309565217391306
17.900434782608695
17.90086956521739
18.036521739130432
17.555652173913046
17.43
18.015652173913043
17.75
17.860869565217392
17.40913043478261
17.80782608695652
17.949130434782607
17.631304347826084
17.289565217391306
17.351739130434783
17.296521739130434
17.773478260869567
17.088260869565215
16.967391304347824
17.00304347826087
17.534347826086957
17.034782608695654
16.98608695652174
17.303478260869564
17.44695652173913
17.36695652173913
17.226521739130433
16.730869565217393
16.643478260869564
15.95304347826087
16.033478260869565
15.889565217391304
15.58608695652174
15.213043478260868
15.51391304347826
15.479565217391302
15.454347826086956
15.390869565217391
15.582173913043478
15.638695652173913
15.455217391304346
15.64913043478261
15.60304347826087
15.37782608695652
15.369130434782608
15.130434782608695
15.125652173913043
15.42304347826087
15.153478260869566
14.080434782608696
14.160869565217391
13.687826086956521
13.709130434782608
13.320434782608697
13.736521739130435
14.144347826086957
14.379565217391304
14.31
13.904782608695653
13.64695652173913
13.293478260869565
13.012173913043478
12.974347826086957
13.245217391304347
13.541739130434781
13.60086956521739
13.684347826086958
13.81590909090909
13.111818181818181
12.636363636363637
11.882272727272728
11.711818181818183
12.070454545454545
11.468181818181819
12.19090909090909
12.542727272727273
12.389545454545454
12.093181818181819
11.736363636363636
11.540909090909091
11.405454545454546
10.993181818181817
10.744545454545454
10.732272727272727
9.915454545454544
10.161818181818182
9.602727272727272
10.616363636363637
10.819545454545455
10.629999999999999
10.739545454545455
10.706363636363635
10.618636363636364
10.59590909090909
10.029545454545454
9.471363636363636
9.876818181818182
9.84909090909091
9.355454545454545
9.113181818181818
9.440454545454545
8.72409090909091
8.700454545454546
8.352727272727272
8.269545454545455
8.649090909090908
7.649090909090909
7.792727272727273
8.124090909090908
8.014090909090909
7.842727272727273
7.504545454545454
7.308181818181819
6.622727272727272
6.417272727272728
6.551818181818181
6.3981818181818175
6.300909090909091
6.206818181818182
5.993181818181818
5.85
6.127272727272728
6.197272727272727
6.556363636363637
6.5590909090909095
6.254999999999999
6.243181818181818
6.030909090909091
6.034545454545454
5.658636363636363
5.49
5.401363636363636
5.272272727272727
5.003636363636364
4.8104545454545455
4.903636363636363
4.743636363636363
4.738636363636363
5.010454545454546
5.250454545454545
5.342272727272728
4.533636363636363
4.425909090909091
4.361363636363636
3.8568181818181815
3.892272727272727
3.9009090909090904
2.9595454545454545
3.7568181818181823
4.372727272727273
5.018636363636364
5.808181818181819
4.798636363636363
4.1850000000000005
3.9813636363636364
3.43
3.11
3.9009090909090904
4.151818181818182
