temperature
3.5256521739130435
3.5652173913043477
3.429130434782609
3.7334782608695654
4.105652173913044
4.382173913043479
3.2913043478260873
3.8182608695652176
4.1673913043478255
3.8143478260869568
3.422608695652174
2.6134782608695653
2.251304347826087
2.287826086956522
3.2960869565217394
3.4895652173913048
2.9139130434782605
2.4930434782608693
3.1873913043478264
3.3504347826086955
3.928260869565217
4.088695652173913
4.157826086956521
4.061304347826087
3.6891304347826086
3.4765217391304346
3.2600000000000002
3.357391304347826
3.300869565217391
2.790434782608696
2.7717391304347827
3.138260869565218
3.5043478260869563
3.857391304347826
3.816956521739131
4.154347826086957
4.451739130434783
4.389565217391304
4.022608695652174
3.492173913043478
2.887826086956522
2.6821739130434783
2.9486956521739134
2.7378260869565216
2.1091304347826085
1.8917391304347828
1.945217391304348
2.524782608695652
2.670434782608696
2.851304347826087
2.7965217391304344
3.417391304347826
3.8143478260869568
3.9295652173913043
3.9347826086956523
3.0604347826086955
3.5860869565217395
3.7686956521739132
4.032173913043478
4.44391304347826
4.661739130434783
4.654347826086957
4.477826086956521
4.564347826086957
4.858260869565217
5.336521739130435
5.204782608695652
5.108260869565218
5.473913043478261
5.772608695652174
5.361739130434783
5.514782608695652
5.3326086956521745
5.490434782608696
5.077826086956521
5.619565217391305
5.649130434782609
5.790434782608696
5.538695652173913
5.645652173913043
5.693478260869565
5.48391304347826
5.767826086956521
6.213478260869565
5.767826086956521
6.143478260869566
5.9173913043478255
5.898695652173912
6.242608695652173
6.121739130434783
6.966818181818183
6.722727272727273
5.733181818181818
5.626363636363636
5.755909090909091
5.875
6.362272727272727
6.246363636363637
6.280909090909091
6.6031818181818185
7.038636363636363
7.556818181818182
7.378636363636364
7.530454545454545
7.79
8.114090909090908
7.502727272727273
7.454545454545454
8.158636363636363
8.04409090909091
8.016363636363637
8.867272727272727
8.498636363636363
7.891363636363636
7.951363636363637
7.741363636363636
7.885454545454545
7.775
7.993181818181818
8.275
8.639999999999999
8.442272727272726
8.873181818181818
9.080454545454545
9.32
9.615
9.799999999999999
10.396818181818182
9.886363636363637
9.857727272727272
10.34590909090909
10.18590909090909
10.863636363636363
10.790909090909091
11.001818181818182
10.834545454545456
10.943181818181818
11.03
11.155454545454546
11.877727272727272
11.677727272727275
11.442272727272726
11.834545454545456
11.927727272727271
12.08409090909091
12.100454545454545
12.075
11.479090909090909
11.74909090909091
11.838181818181818
12.057272727272727
12.475909090909092
12.473636363636365
12.746363636363638
12.521818181818183
12.490909090909092
12.531363636363636
12.57090909090909
12.811818181818182
13.052727272727271
12.844090909090909
12.917727272727273
13.090454545454547
13.104545454545455
13.447272727272729
13.309545454545455
13.69909090909091
13.732727272727272
13.225454545454545
14.054545454545455
14.110909090909091
14.062727272727273
14.127272727272727
13.956363636363637
13.966363636363637
14.347272727272726
14.656363636363636
14.460454545454546
14.383636363636363
14.638636363636364
14.909999999999998
14.991363636363637
15.076818181818181
15.132272727272728
15.677272727272726
16.364545454545453
16.26
16.14090909090909
16.458636363636366
16.12909090909091
16.12181818181818
16.19272727272727
15.853181818181817
16.313181818181818
15.985454545454546
16.328636363636363
15.827727272727271
15.560909090909092
15.464090909090908
15.640909090909092
16.143181818181816
15.842727272727274
15.786363636363637
15.778636363636364
15.556818181818182
15.871363636363638
16.26909090909091
16.285454545454545
16.474545454545453
16.62
16.724545454545453
16.417272727272728
15.902727272727274
15.990909090909092
16.349090909090908
15.914545454545454
15.877727272727272
15.84909090909091
15.338636363636363
15.762272727272727
16.09181818181818
15.87090909090909
15.745454545454544
15.893636363636364
16.045
16.455
16.681818181818183
15.929545454545455
15.556363636363637
15.447272727272725
15.668636363636363
16.035454545454545
15.937727272727273
15.995909090909093
14.888636363636364
15.246818181818183
15.307727272727272
15.467727272727274
14.930454545454547
15.199545454545454
15.277727272727274
15.035454545454543
14.424090909090909
14.885000000000002
14.546818181818184
14.426363636363636
14.131363636363636
14.193181818181818
13.877272727272727
14.015909090909092
14.237272727272728
14.090454545454547
13.885909090909092
13.352272727272727
13.55181818181818
12.995
12.616363636363637
12.960454545454546
13.180909090909092
13.34818181818182
13.058636363636365
12.656818181818181
12.676363636363636
12.75590909090909
12.399090909090908
12.739545454545453
12.498636363636365
12.238181818181818
12.160909090909092
12.115454545454547
12.199545454545454
12.095454545454546
12.141818181818183
11.832608695652173
11.510000000000002
11.463043478260868
11.626086956521737
11.222608695652173
10.981304347826086
10.863043478260868
10.39304347826087
11.124347826086955
11.102608695652174
10.533913043478261
10.501739130434782
10.093913043478262
9.467391304347826
9.660869565217391
9.15913043478261
9.031304347826087
9.386521739130433
9.867391304347825
9.330869565217391
8.775652173913043
8.667391304347825
8.718260869565217
9.064782608695653
8.942608695652174
9.026521739130436
9.017826086956521
8.604782608695652
7.9995652173913046
8.458695652173914
8.939130434782609
8.72
8.674782608695653
8.23695652173913
7.406956521739131
7.165217391304348
6.587391304347825
7.373913043478261
7.911304347826087
7.440434782608696
7.2995652173913035
7.501739130434783
6.4247826086956525
5.833043478260869
5.362608695652174
5.662608695652175
5.701739130434782
5.661304347826087
6.256521739130435
5.959565217391304
5.075217391304348
4.824782608695652
5.176521739130435
5.733478260869566
5.747391304347826
5.636521739130434
4.920869565217391
4.587826086956522
4.3417391304347825
3.898695652173913
3.9743478260869565
4.55608695652174
4.854782608695652
5.15304347826087
5.268695652173912
5.232173913043479
4.7904347826086955
4.812173913043478
4.062608695652174
3.7695652173913046
3.498695652173913
3.8686956521739133
3.87
3.8747826086956523
4.42304347826087
5.003478260869565
4.606086956521739
4.62
4.3365217391304345
4.1726086956521735
4.432608695652174
5.162173913043478
4.42304347826087
4.76304347826087
4.774782608695652
4.731304347826088
4.63304347826087
4.67695652173913
4.5169565217391305
4.56695652173913
3.6491304347826086
3.326521739130435
