pet
0.3104545454545455
0.28818181818181815
0.4218181818181818
0.385
0.2409090909090909
0.32136363636363635
0.3431818181818182
0.24318181818181817
0.21636363636363634
0.3104545454545455
0.4127272727272727
0.41500000000000004
0.33545454545454545
0.34454545454545454
0.23136363636363635
0.27772727272727277
0.32
0.3272727272727272
0.3195454545454546
0.23409090909090907
0.35863636363636364
0.35500000000000004
0.30818181818181817
0.45545454545454545
0.32636363636363636
0.35863636363636364
0.33454545454545453
0.3790909090909091
0.3227272727272727
0.38181818181818183
0.45363636363636367
0.3336363636363636
0.4059090909090909
0.25727272727272726
0.37863636363636366
0.4445454545454545
0.4218181818181818
0.5690909090909091
0.49727272727272726
0.4068181818181818
0.47045454545454546
0.41181818181818186
0.4263636363636364
0.5277272727272727
0.5204545454545454
0.4731818181818182
0.5395454545454546
0.3963636363636364
0.47409090909090906
0.5459090909090909
0.44045454545454543
0.47045454545454546
0.520909090909091
0.5436363636363637
0.5986363636363636
0.5704545454545454
0.5663636363636364
0.6604545454545454
0.7140909090909091
0.6468181818181818
0.7063636363636363
0.7881818181818182
0.7395454545454545
0.6881818181818182
0.6754545454545454
0.6736363636363637
0.6936363636363636
0.7918181818181819
0.6072727272727273
0.7404545454545454
0.8459090909090908
0.7645454545454545
0.8068181818181818
0.8122727272727274
0.8577272727272728
0.984090909090909
0.9009090909090909
0.8813636363636363
0.9259090909090909
0.9377272727272726
1.0963636363636364
1.0418181818181818
1.07
1.208181818181818
1.113181818181818
1.1527272727272726
1.25
1.16
1.1704545454545454
1.0863636363636362
1.0250000000000001
1.0463636363636364
1.2145454545454546
1.3618181818181818
1.3486363636363636
1.4886363636363635
1.4036363636363636
1.2563636363636363
1.49
1.3277272727272729
1.364090909090909
1.3981818181818182
1.5286363636363638
1.8254545454545452
1.7486363636363635
1.8031818181818182
1.6963636363636363
1.555
1.6363636363636365
1.720909090909091
1.6713636363636366
1.8
1.927727272727273
2.091818181818182
1.8827272727272728
1.945909090909091
2.166363636363636
1.9545454545454546
1.8663636363636364
1.7754545454545456
1.8818181818181818
2.0481818181818183
2.058181818181818
2.115
2.104090909090909
2.164090909090909
2.126818181818182
2.1645454545454546
2.0568181818181817
1.9563636363636363
2.200454545454545
2.147727272727273
2.1681818181818184
2.5045454545454544
2.4695454545454543
2.451363636363636
2.354090909090909
2.4695454545454543
2.5681818181818183
2.481818181818182
2.373181818181818
2.4681818181818183
2.453181818181818
2.687727272727273
2.2927272727272725
2.4477272727272728
2.5586363636363636
2.578181818181818
2.3804545454545454
2.4363636363636365
2.627272727272727
2.4804545454545455
2.2981818181818183
2.4727272727272727
2.6054545454545455
2.3513636363636365
2.4813636363636364
2.5
2.4777272727272726
2.526818181818182
2.4736363636363636
2.338181818181818
2.5804545454545456
2.6236363636363635
2.5904545454545453
2.8045454545454547
2.69
2.5395454545454546
2.475
2.7118181818181815
3.003181818181818
2.729090909090909
2.829090909090909
2.5422727272727275
2.515
2.5349999999999997
2.56
2.631818181818182
2.534090909090909
2.7418181818181817
2.7395454545454543
2.6936363636363634
2.7363636363636363
3.205909090909091
2.817727272727273
2.8677272727272727
3.05
2.873181818181818
2.5522727272727272
2.5313636363636363
2.3813636363636363
2.5295454545454543
2.5704545454545453
2.4536363636363636
2.351818181818182
2.4854545454545454
2.583181818181818
2.6218181818181816
2.497272727272727
2.394090909090909
2.539090909090909
2.5322727272727272
2.4918181818181817
2.5295454545454543
2.465
2.6777272727272727
2.585
2.5604545454545455
2.5463636363636364
2.6204545454545456
2.4545454545454546
2.194545454545455
2.515454545454545
2.3918181818181816
2.49
2.3013636363636363
2.235
2.091818181818182
2.067272727272727
2.1763636363636363
2.1304545454545454
2.3936363636363636
2.0463636363636364
2.2763636363636364
2.205
1.9654545454545456
2.2027272727272726
2.4086363636363637
2.316818181818182
2.025909090909091
2.0245454545454544
2.213636363636364
1.9895454545454547
2.087727272727273
1.9663636363636363
2.1259090909090905
1.8409090909090908
2.0645454545454545
2.0500000000000003
1.954090909090909
1.8090909090909089
1.9522727272727274
1.8122727272727273
1.6622727272727273
1.7613636363636365
1.7813636363636363
1.7022727272727274
1.710909090909091
1.718181818181818
1.575
1.583181818181818
1.5472727272727271
1.5277272727272726
1.5295454545454545
1.4504545454545454
1.5031818181818182
1.3859090909090908
1.3372727272727274
1.2654545454545454
1.2654545454545454
1.2454545454545454
1.3509090909090908
1.2750000000000001
1.1727272727272728
1.2340909090909091
1.1027272727272726
1.1895454545454547
1.0818181818181818
0.9636363636363636
0.9177272727272728
0.9740909090909091
1.0836363636363637
0.9659090909090909
1.080909090909091
0.8881818181818182
0.9149999999999999
1.000909090909091
0.9036363636363636
0.9281818181818182
0.9836363636363636
0.9740909090909091
0.7095454545454545
0.7490909090909091
0.8968181818181818
0.8013636363636363
0.7145454545454545
0.7740909090909092
0.5722727272727273
0.7054545454545456
0.8313636363636363
0.6454545454545454
0.645
0.6427272727272727
0.63
0.6754545454545454
0.6068181818181818
0.6
0.5372727272727272
0.48681818181818176
0.509090909090909
0.5368181818181819
0.6081818181818182
0.4272727272727273
0.4509090909090909
0.36818181818181817
0.40863636363636363
0.45454545454545453
0.4686363636363637
0.43863636363636366
0.46954545454545454
0.3654545454545454
0.44499999999999995
0.5254545454545455
0.4313636363636364
0.41954545454545455
0.4240909090909091
0.5540909090909091
0.38181818181818183
0.44636363636363635
0.3272727272727272
0.40954545454545455
0.3322727272727273
0.39590909090909093
0.38772727272727275
0.29363636363636364
0.47
0.25
0.41545454545454547
0.3145454545454545
0.3281818181818182
0.2413636363636364
0.335
0.3377272727272727
0.16090909090909092
0.20636363636363636
0.24227272727272728
0.2645454545454546
0.30954545454545457
0.16
0.2731818181818182
0.2809090909090909
0.26545454545454544
0.27045454545454545
0.2659090909090909
0.3509090909090909
0.3104545454545455
0.29954545454545456
0.25363636363636366
0.23090909090909092
0.2672727272727273
0.35409090909090907
0.3954545454545455
0.28454545454545455
0.2690909090909091
0.23090909090909092
0.2604545454545455
0.2872727272727273
0.19954545454545453
0.2509090909090909
0.18500000000000003
0.2959090909090909
0.22727272727272727
0.2540909090909091
0.33954545454545454
0.21909090909090911
