temperature
3.3763636363636365
3.3813636363636363
3.3431818181818183
3.6895454545454545
4.048636363636363
3.769545454545455
2.786363636363636
3.15
3.357727272727273
2.815909090909091
2.6654545454545455
2.1195454545454546
1.656818181818182
1.9386363636363635
2.775909090909091
2.865
2.229545454545455
1.9722727272727274
2.632727272727273
2.894090909090909
3.4345454545454546
3.3272727272727276
3.333636363636364
3.3536363636363635
3.117272727272727
2.833181818181818
2.7345454545454544
2.795
2.6768181818181818
2.239090909090909
2.2395454545454547
2.600454545454545
3.1559090909090908
3.3663636363636367
3.235909090909091
3.4545454545454546
3.6040909090909095
3.6436363636363636
3.3004545454545453
2.784090909090909
2.221818181818182
1.973181818181818
2.2563636363636363
2.0740909090909088
1.5872727272727274
1.377727272727273
1.4786363636363637
1.875909090909091
1.799090909090909
2.0154545454545456
1.9740909090909091
2.479090909090909
2.8972727272727274
3.213181818181818
3.105
2.3336363636363635
2.89
3.241818181818182
3.408181818181818
3.6118181818181814
3.8022727272727277
3.714090909090909
3.775
3.895
4.338181818181818
4.650454545454545
4.2272727272727275
4.052727272727273
4.419090909090909
4.571818181818181
4.237727272727273
4.443181818181818
4.261363636363637
4.449090909090909
4.071818181818181
4.4390909090909085
4.3109090909090915
4.347272727272728
4.252727272727273
4.391818181818182
4.430454545454546
4.424090909090909
4.441818181818181
4.888181818181819
4.696363636363636
4.922272727272727
4.662272727272727
4.625909090909091
5.175454545454546
5.13909090909091
5.539090909090909
5.095454545454545
4.391818181818182
4.444545454545454
4.720454545454545
4.886818181818182
5.187727272727273
5.069545454545454
5.239545454545454
5.305454545454546
5.727727272727273
6.324545454545454
6.2318181818181815
6.242272727272728
6.392727272727272
6.921818181818182
6.576818181818182
6.347272727272727
6.965909090909091
6.6445454545454545
6.708181818181817
7.248636363636364
7.2695454545454545
6.906363636363636
6.847727272727273
6.800909090909091
7.04
6.845
7.090909090909091
7.176818181818181
7.266818181818182
7.017727272727272
7.442727272727273
7.656818181818181
7.769090909090909
7.967727272727273
8.065454545454545
8.518636363636363
8.085
8.06409090909091
8.82409090909091
8.63090909090909
8.963181818181818
9.15409090909091
9.185
9.197272727272727
9.571818181818182
9.74909090909091
9.581363636363635
10.19
10.204545454545455
10.002727272727272
10.45590909090909
10.735909090909091
10.727272727272727
10.500909090909092
10.626363636363637
10.123636363636363
10.346363636363636
10.222727272727273
10.395
10.729090909090909
10.649545454545454
11.009090909090908
10.943636363636363
10.986363636363636
10.855
10.858181818181817
11.18909090909091
11.680454545454545
11.475454545454546
11.429545454545455
11.597727272727273
11.320454545454545
11.478181818181818
11.726363636363637
12.175454545454546
12.066818181818183
11.847272727272726
12.356363636363636
12.455
12.437727272727273
12.444545454545453
12.290454545454544
12.040454545454544
12.523636363636363
12.80909090909091
12.784545454545453
12.771363636363638
12.994545454545454
13.157727272727273
12.994545454545454
12.994545454545454
13.457272727272727
13.98
14.343636363636364
14.031363636363636
14.015909090909092
14.299545454545454
13.828636363636365
13.885000000000002
13.954545454545455
14.018181818181818
14.375454545454545
14.05909090909091
14.286818181818182
14.166363636363634
13.793181818181818
13.507727272727273
13.806818181818182
14.226818181818182
14.069090909090908
13.888636363636364
13.895909090909093
13.801363636363636
14.000454545454545
14.239545454545453
14.444090909090908
14.552272727272726
14.68318181818182
14.635000000000002
14.053636363636365
13.686818181818182
14.048181818181819
14.407272727272726
13.68409090909091
13.862727272727273
13.818181818181818
13.55909090909091
13.661818181818182
14.126363636363637
13.67
13.873636363636365
14.031363636363636
13.976363636363637
14.225
14.626818181818182
13.924545454545456
13.621363636363638
13.575909090909091
13.850909090909092
14.166818181818183
14.17
14.31590909090909
13.264545454545454
13.539090909090909
13.59681818181818
13.69090909090909
13.393181818181818
13.422272727272729
13.359090909090908
13.432727272727272
12.97409090909091
13.219090909090909
13.010000000000002
12.798181818181819
12.271818181818183
12.363636363636363
12.286818181818182
12.434545454545455
12.832727272727272
12.45
12.17090909090909
11.772272727272728
11.805
11.625454545454545
11.252727272727272
11.43909090909091
11.643636363636364
11.672727272727274
11.560454545454546
11.257272727272728
11.251818181818182
11.181818181818182
10.740454545454545
11.196818181818182
11.03590909090909
10.749545454545455
10.510454545454545
10.512272727272729
10.927272727272728
10.690454545454545
10.375909090909092
10.445
10.196818181818182
10.327272727272726
10.394545454545455
9.877272727272727
9.933636363636364
10.068636363636363
9.519545454545455
10.029545454545454
9.960454545454546
9.186818181818182
9.24409090909091
8.668636363636365
8.450000000000001
8.504090909090909
8.27818181818182
8.016363636363637
8.250454545454545
8.728181818181818
8.495454545454546
8.025
7.846363636363637
7.887272727272728
7.997272727272727
7.908636363636362
8.146818181818182
7.918181818181818
7.650454545454545
7.16
7.548636363636363
7.885454545454545
7.686818181818182
7.671818181818182
7.13909090909091
6.752727272727273
6.358181818181818
5.968636363636364
6.876818181818181
7.202727272727273
6.621818181818182
6.5659090909090905
6.604090909090909
5.8131818181818184
5.233636363636363
5.0645454545454545
5.2327272727272724
5.163181818181818
5.164090909090909
5.737727272727273
5.317727272727272
4.569090909090909
4.341818181818182
4.6445454545454545
5.056818181818182
5.0
4.8127272727272725
4.336818181818182
3.973181818181818
3.784090909090909
3.5
3.7213636363636367
4.1036363636363635
4.25
4.415909090909091
4.57
4.4804545454545455
4.293636363636364
4.361818181818181
3.630909090909091
3.2904545454545455
3.196818181818182
3.4686363636363637
3.583181818181818
3.7368181818181814
4.291363636363636
4.720909090909091
4.133181818181819
3.9400000000000004
3.6
3.5654545454545454
3.882727272727273
4.656363636363636
3.8377272727272724
4.325909090909091
4.485
4.430909090909091
4.509090909090909
4.402727272727272
4.13909090909091
4.1040909090909095
3.4536363636363636
3.3486363636363636
