date	precipitation	temperature	discharge_spec
20040716	0.37	11.9	0.26
20040717	3.06	11.85	0.26
20040718	0.15	11.88	0.26
20040719	3.96	12.04	0.26
20040720	0.88	12.7	0.25
20040721	0.0	15.07	0.28
20040722	0.19	13.86	0.27
20040723	1.34	12.64	0.26
20040724	6.09	11.01	0.33
20040725	0.0	11.95	0.52
20040726	0.0	11.98	0.46
20040727	0.59	14.16	0.39
20040728	0.0	14.73	0.32
20040729	0.0	15.6	0.29
20040730	0.25	13.92	0.26
20040731	0.0	13.71	0.24
20040801	0.0	13.37	0.22
20040802	0.0	14.91	0.2
20040803	9.55	15.65	0.21
20040804	6.09	13.51	0.24
20040805	2.3	14.53	0.23
20040806	0.0	16.01	0.25
20040807	0.03	14.69	0.23
20040808	0.0	16.55	0.21
20040809	4.62	17.06	0.2
20040810	0.0	16.98	0.21
20040811	0.08	15.92	0.21
20040812	0.11	14.94	0.21
20040813	0.0	14.13	0.2
20040814	0.75	13.21	0.18
20040815	23.64	13.89	0.19
20040816	3.04	13.32	0.43
20040817	1.37	12.79	0.61
20040818	28.77	13.14	2.26
20040819	7.01	12.21	10.07
20040820	1.98	10.7	6.2
20040821	0.38	8.66	2.75
20040822	0.0	9.11	1.44
20040823	0.11	12.46	0.95
20040824	2.08	12.97	0.75
20040825	0.07	11.94	0.64
20040826	8.09	9.95	0.53
20040827	9.42	11.19	1.95
20040828	3.0	11.24	3.0
20040829	6.88	11.21	2.77
20040830	1.57	11.17	2.79
20040831	0.07	9.59	2.02
20040901	1.11	10.22	1.21
20040902	0.45	12.65	0.88
20040903	1.68	13.91	0.69
20040904	0.06	15.71	0.62
20040905	0.0	13.65	0.56
20040906	0.08	10.35	0.46
20040907	0.14	10.72	0.4
20040908	0.0	11.32	0.36
20040909	0.07	11.17	0.33
20040910	5.9	10.86	0.3
20040911	4.66	13.04	0.33
20040912	14.95	11.95	0.48
20040913	0.69	9.12	2.97
20040914	5.36	8.36	2.19
20040915	1.37	7.92	2.42
20040916	3.38	11.74	1.88
20040917	1.16	12.0	2.27
20040918	5.65	11.04	1.83
20040919	11.63	10.29	2.97
20040920	16.11	10.56	7.61
20040921	10.17	8.9	9.41
20040922	6.31	8.79	6.61
20040923	1.93	8.47	4.18
20040924	2.49	8.18	2.89
20040925	0.22	10.68	1.86
20040926	0.08	12.19	1.46
20040927	13.75	9.77	1.15
20040928	0.64	9.22	4.33
20040929	5.53	8.35	3.2
20040930	6.31	10.81	3.36
20041001	1.27	9.4	3.6
20041002	2.06	8.74	2.25
20041003	7.02	8.52	1.9
20041004	4.52	7.88	3.11
20041005	11.24	8.39	3.16
20041006	24.43	8.09	8.67
20041007	6.41	8.13	17.09
20041008	0.13	6.09	7.21
20041009	0.06	5.84	3.13
20041010	0.0	6.66	1.88
20041011	0.07	7.4	1.32
20041012	2.43	8.07	1.07
20041013	7.05	9.68	1.91
20041014	14.52	8.73	3.23
20041015	8.5	8.9	5.94
20041016	3.63	7.86	5.06
20041017	0.22	7.38	3.31
20041018	0.71	5.57	2.16
20041019	1.93	6.14	1.52
20041020	9.6	3.37	1.37
20041021	11.08	7.42	6.27
20041022	0.5	7.43	5.31
20041023	0.66	5.55	2.68
20041024	15.89	6.34	2.89
20041025	1.05	6.27	4.94
20041026	3.25	3.03	3.13
20041027	2.9	7.06	2.4
20041028	9.65	8.55	6.98
20041029	2.01	8.86	6.71
20041030	0.01	7.89	3.66
20041031	0.09	7.78	2.2
20041101	0.22	7.72	1.54
20041102	0.03	6.3	1.23
20041103	1.23	7.64	1.06
20041104	11.68	5.78	1.53
20041105	1.91	6.46	4.05
20041106	8.33	9.14	3.53
20041107	0.4	9.62	4.06
20041108	1.31	6.89	2.46
20041109	3.81	6.63	1.88
20041110	1.39	5.42	2.54
20041111	8.28	10.07	2.35
20041112	5.54	4.91	6.1
20041113	1.34	3.89	4.25
20041114	10.55	9.07	3.71
20041115	1.46	6.36	7.14
20041116	1.04	2.94	4.0
20041117	7.47	4.61	2.5
20041118	0.94	0.44	2.71
20041119	0.63	-0.87	1.85
20041120	2.01	-2.72	1.27
20041121	23.0	1.83	6.67
20041122	2.19	7.51	19.76
20041123	2.1	4.75	7.11
20041124	2.24	9.59	3.25
20041125	1.33	8.88	2.15
20041126	1.42	6.3	1.68
20041127	7.05	4.27	1.64
20041128	0.46	2.72	2.02
20041129	0.0	4.57	1.69
20041130	0.69	4.9	1.35
20041201	0.26	1.57	1.1
20041202	1.64	1.08	0.92
20041203	1.15	6.59	0.99
20041204	7.21	8.89	1.33
20041205	0.4	6.52	2.56
20041206	3.41	7.88	2.02
20041207	0.13	4.82	2.1
20041208	1.01	6.97	1.62
20041209	0.14	8.45	1.37
20041210	1.82	6.62	1.23
20041211	0.18	3.81	1.26
20041212	0.06	7.27	1.15
20041213	1.24	6.3	0.97
20041214	10.97	8.02	1.33
20041215	1.86	4.49	2.5
20041216	12.93	4.57	2.72
20041217	5.92	0.91	3.77
20041218	0.15	-1.1	2.31
20041219	1.15	-3.27	1.28
20041220	2.38	1.09	1.14
20041221	17.37	2.9	4.19
20041222	14.85	7.56	11.61
20041223	10.19	4.93	10.97
20041224	4.85	0.24	6.18
20041225	9.45	-0.23	2.98
20041226	1.74	1.05	1.86
20041227	4.47	5.4	6.63
20041228	8.34	0.51	5.85
20041229	7.34	6.23	7.01
20041230	0.4	5.86	7.94
20041231	2.13	2.07	3.71
20050101	13.71	3.48	4.73
20050102	12.54	0.8	4.78
20050103	3.66	6.45	10.29
20050104	9.57	5.07	9.06
20050105	8.56	3.74	9.06
20050106	29.99	6.39	14.31
20050107	10.57	6.58	19.72
20050108	12.01	2.23	10.27
20050109	8.5	4.73	11.36
20050110	2.49	6.73	11.34
20050111	24.93	5.78	5.54
20050112	9.72	2.98	14.53
20050113	1.68	0.6	7.5
20050114	0.59	3.23	3.72
20050115	5.74	7.92	4.58
20050116	2.03	6.24	4.7
20050117	2.58	1.85	3.33
20050118	2.98	-0.15	2.55
20050119	15.66	2.67	5.04
20050120	13.75	2.91	10.26
20050121	2.35	1.41	5.81
20050122	1.89	-1.34	3.06
20050123	0.23	1.21	2.0
20050124	2.82	1.54	1.76
20050125	1.49	4.7	4.4
20050126	0.17	5.45	4.42
20050127	0.81	4.48	2.84
20050128	0.65	5.03	2.39
20050129	0.0	5.41	2.13
20050130	3.11	6.15	1.62
20050131	1.44	7.33	1.5
20050201	0.44	6.22	1.76
20050202	0.14	6.13	1.49
20050203	3.37	6.16	1.3
20050204	11.2	5.02	2.14
20050205	11.82	2.97	5.49
20050206	2.43	2.62	8.76
20050207	1.68	2.82	5.2
20050208	1.47	4.45	2.94
20050209	11.7	5.39	4.34
20050210	5.5	1.4	5.96
20050211	0.69	1.81	3.26
20050212	23.95	1.39	3.29
20050213	3.05	1.59	6.21
20050214	1.08	2.03	4.64
20050215	0.15	1.04	3.08
20050216	0.64	4.35	3.01
20050217	4.62	4.07	4.17
20050218	5.86	3.49	5.65
20050219	2.24	-0.36	3.66
20050220	4.04	0.05	2.04
20050221	5.46	0.19	1.49
20050222	1.6	-0.45	1.21
20050223	4.18	-1.03	1.11
20050224	1.65	0.1	1.0
20050225	2.12	-0.04	0.89
20050226	0.38	2.53	1.96
20050227	1.59	2.23	3.17
20050228	4.4	2.05	3.11
20050301	4.23	0.81	3.41
20050302	5.99	0.1	2.74
20050303	8.36	1.56	2.34
20050304	4.98	2.11	4.48
20050305	2.36	2.64	4.8
20050306	0.72	1.91	4.85
20050307	0.0	3.74	4.28
20050308	0.4	4.13	4.37
20050309	3.01	3.68	4.22
20050310	9.69	4.21	3.88
20050311	5.49	2.11	6.23
20050312	1.24	0.96	3.73
20050313	1.75	-1.2	2.44
20050314	3.56	1.28	1.56
20050315	14.44	4.14	4.62
20050316	2.45	9.63	13.11
20050317	13.81	9.27	10.17
20050318	8.2	9.9	13.86
20050319	0.24	9.08	7.73
20050320	0.08	6.75	3.5
20050321	1.72	6.39	2.06
20050322	0.36	8.36	1.62
20050323	0.28	8.77	1.35
20050324	0.04	8.79	1.12
20050325	0.27	7.76	0.97
20050326	0.1	6.27	0.84
20050327	0.07	5.95	0.74
20050328	0.0	4.97	0.68
20050329	1.31	4.69	0.6
20050330	0.0	5.28	0.61
20050331	1.03	6.1	0.56
20050401	0.0	8.59	0.55
20050402	0.0	9.98	0.53
20050403	0.75	8.64	0.5
20050404	5.43	4.51	0.47
20050405	2.44	5.36	0.52
20050406	12.14	5.27	0.7
20050407	17.38	2.4	4.38
20050408	6.33	-0.19	4.64
20050409	5.87	5.35	7.14
20050410	2.03	7.87	6.81
20050411	3.55	9.21	4.09
20050412	4.68	4.78	3.32
20050413	2.7	3.9	3.03
20050414	2.25	4.28	2.37
20050415	0.57	3.71	1.72
20050416	0.2	4.37	1.24
20050417	6.2	6.07	0.99
20050418	6.55	6.8	3.58
20050419	0.06	7.21	3.68
20050420	0.0	6.34	1.98
20050421	0.0	4.84	1.23
20050422	0.0	4.85	0.9
20050423	0.0	5.27	0.73
20050424	0.0	5.71	0.61
20050425	0.0	6.14	0.53
20050426	0.1	6.19	0.45
20050427	8.72	6.28	0.54
20050428	7.32	6.42	1.32
20050429	2.96	8.96	2.28
20050430	0.88	8.16	1.71
20050501	8.02	7.02	1.65
20050502	3.14	10.67	2.65
20050503	1.05	8.42	2.29
20050504	2.98	6.84	1.48
20050505	8.0	8.07	1.49
20050506	5.84	5.95	2.26
20050507	7.01	4.86	2.23
20050508	5.54	5.14	3.92
20050509	2.38	4.09	4.58
20050510	0.65	5.48	3.03
20050511	0.05	6.86	1.69
20050512	0.0	7.32	1.1
20050513	0.0	7.03	0.83
20050514	0.0	7.83	0.68
20050515	1.15	8.99	0.58
20050516	0.95	3.85	0.51
20050517	0.34	3.31	0.47
20050518	2.46	4.54	0.37
20050519	1.23	7.72	0.42
20050520	7.16	9.87	0.47
20050521	2.64	9.35	0.69
20050522	1.67	7.12	1.01
20050523	8.54	7.03	3.27
20050524	1.94	8.85	3.86
20050525	4.12	9.43	2.23
20050526	0.67	10.42	2.47
20050527	12.83	6.43	1.8
20050528	11.93	6.69	8.19
20050529	1.38	7.14	7.77
20050530	0.72	6.68	3.34
20050531	1.09	6.66	1.88
20050601	7.9	7.23	1.82
20050602	27.2	9.02	7.56
20050603	12.41	10.96	14.09
20050604	1.01	9.41	5.79
20050605	0.0	7.44	2.75
20050606	0.0	7.11	1.58
20050607	0.0	10.4	1.09
20050608	0.13	13.94	0.87
20050609	0.0	12.14	0.75
20050610	0.0	8.49	0.61
20050611	2.33	8.85	0.54
20050612	13.82	7.64	0.59
20050613	1.34	8.77	2.74
20050614	7.04	8.74	2.23
20050615	3.13	10.15	2.14
20050616	0.06	10.74	1.92
20050617	0.15	12.44	1.25
20050618	3.46	15.93	0.92
20050619	0.0	15.0	0.78
20050620	1.59	12.89	0.65
20050621	2.76	12.56	0.59
20050622	0.29	13.47	0.5
20050623	0.04	14.02	0.48
20050624	2.76	10.75	0.43
20050625	0.01	10.55	0.4
20050626	0.2	11.97	0.4
20050627	0.0	13.31	0.34
20050628	0.0	13.69	0.31
20050629	0.76	13.28	0.28
20050630	0.85	13.0	0.29
20050701	0.39	13.21	0.3
20050702	2.4	12.55	0.25
20050703	1.16	13.12	0.25
20050704	0.04	11.49	0.26
20050705	1.05	10.81	0.26
20050706	0.04	11.04	0.24
20050707	0.0	12.1	0.23
20050708	0.15	14.56	0.23
20050709	0.28	15.59	0.23
20050710	0.02	15.88	0.23
20050711	0.0	17.43	0.21
20050712	0.0	14.49	0.22
20050713	0.16	13.25	0.2
20050714	0.78	12.67	0.18
20050715	0.0	11.41	0.18
20050716	0.28	12.63	0.18
20050717	7.21	16.46	0.17
20050718	2.5	13.51	0.2
20050719	12.56	10.86	0.25
20050720	0.0	11.91	0.47
20050721	0.22	12.76	0.46
20050722	0.06	11.69	0.36
20050723	0.0	10.69	0.3
20050724	0.53	10.61	0.26
20050725	0.31	10.07	0.25
20050726	0.13	9.84	0.23
20050727	1.17	10.26	0.22
20050728	0.45	10.71	0.21
20050729	0.0	10.24	0.22
20050730	0.12	10.06	0.22
20050731	0.73	10.32	0.22
20050801	0.0	10.69	0.19
20050802	1.99	11.71	0.2
20050803	3.92	11.88	0.22
20050804	18.94	11.86	0.32
20050805	5.4	11.0	2.11
20050806	0.11	10.57	1.86
20050807	0.15	11.16	1.17
20050808	0.12	10.91	0.78
20050809	4.23	11.99	0.61
20050810	0.4	13.67	0.56
20050811	0.55	11.9	0.47
20050812	3.93	11.99	0.41
20050813	1.82	12.22	0.39
20050814	0.16	13.11	0.38
20050815	1.79	13.14	0.36
20050816	2.22	15.32	0.33
20050817	10.29	14.61	0.34
20050818	1.54	12.56	0.7
20050819	0.25	11.03	1.01
20050820	0.0	11.57	0.76
20050821	7.51	13.47	0.63
20050822	0.67	13.05	0.68
20050823	8.7	12.02	0.61
20050824	2.25	11.78	0.95
20050825	3.09	9.48	0.96
20050826	2.74	8.87	0.82
20050827	10.34	9.98	0.78
20050828	3.18	13.25	2.48
20050829	0.0	12.08	2.9
20050830	0.04	13.04	1.49
20050831	26.44	14.14	2.57
20050901	0.16	11.12	6.86
20050902	0.43	10.31	3.27
20050903	0.06	12.88	1.71
20050904	0.0	15.77	1.13
20050905	0.08	13.58	0.83
20050906	0.98	15.46	0.66
20050907	3.64	13.24	0.57
20050908	0.08	10.0	0.52
20050909	0.06	7.23	0.48
20050910	0.07	8.97	0.43
20050911	1.26	11.63	0.4
20050912	8.55	12.77	0.37
20050913	15.1	13.99	2.11
20050914	0.9	11.0	4.83
20050915	0.72	7.89	2.4
20050916	2.29	6.38	1.39
20050917	1.17	9.77	1.12
20050918	0.03	12.36	0.97
20050919	3.38	12.0	0.84
20050920	0.17	10.67	0.77
20050921	3.35	12.2	0.73
20050922	2.73	14.64	1.11
20050923	1.89	10.77	1.34
20050924	2.0	7.75	1.08
20050925	0.52	9.81	0.94
20050926	3.49	10.91	0.87
20050927	6.29	9.43	0.89
20050928	2.85	7.77	2.27
20050929	9.53	8.24	2.08
20050930	3.51	10.99	4.25
20051001	3.09	8.55	3.96
20051002	0.21	9.36	3.37
20051003	0.36	11.07	1.98
20051004	0.0	10.57	1.3
20051005	0.0	10.53	0.95
20051006	0.0	11.12	0.75
20051007	9.05	12.62	0.63
20051008	0.51	7.73	0.8
20051009	3.78	8.3	0.89
20051010	17.71	10.7	2.03
20051011	10.28	7.15	6.43
20051012	3.25	6.29	7.52
20051013	0.08	6.74	4.1
20051014	0.0	6.22	2.14
20051015	0.08	9.73	1.35
20051016	0.07	10.68	0.98
20051017	0.0	10.23	0.82
20051018	0.0	10.22	0.65
20051019	0.48	9.9	0.65
20051020	2.43	9.06	0.59
20051021	4.72	8.06	0.56
20051022	0.28	5.78	0.77
20051023	0.29	3.03	0.84
20051024	14.49	6.36	4.0
20051025	0.11	8.0	6.27
20051026	14.25	7.87	5.0
20051027	0.0	14.35	7.23
20051028	0.66	12.36	3.26
20051029	1.24	9.55	1.75
20051030	0.16	12.73	1.29
20051031	0.07	10.04	1.0
20051101	0.0	7.68	0.84
20051102	1.19	6.34	0.76
20051103	0.38	9.46	0.83
20051104	0.64	8.41	0.79
20051105	0.98	6.37	0.69
20051106	0.81	7.73	0.72
20051107	1.94	5.95	0.68
20051108	0.21	6.12	0.75
20051109	9.12	5.73	0.7
20051110	15.94	7.21	3.61
20051111	14.17	7.87	9.49
20051112	8.24	5.58	11.82
20051113	1.48	4.24	8.04
20051114	6.6	9.84	5.46
20051115	7.08	3.67	4.99
20051116	2.26	1.77	4.55
20051117	1.22	-0.25	3.08
20051118	0.25	-2.26	1.93
20051119	0.18	0.76	1.33
20051120	0.0	7.33	1.66
20051121	0.0	6.47	1.41
20051122	0.23	1.24	1.08
20051123	10.2	5.82	0.99
20051124	21.17	1.76	3.09
20051125	37.91	2.65	22.75
20051126	6.36	4.12	30.89
20051127	3.78	2.13	10.69
20051128	2.13	0.61	4.58
20051129	3.68	-0.29	2.49
20051130	6.29	2.47	1.98
20051201	0.17	6.46	4.2
20051202	2.94	5.46	4.07
20051203	9.59	5.53	4.71
20051204	3.28	4.84	6.17
20051205	2.98	4.19	4.79
20051206	0.28	2.51	3.66
20051207	0.17	-0.16	2.23
20051208	0.17	2.02	1.44
20051209	4.26	5.99	1.26
20051210	0.11	10.14	1.55
20051211	3.43	8.33	1.56
20051212	0.53	2.93	1.61
20051213	0.65	6.43	1.33
20051214	0.12	7.07	1.31
20051215	13.87	7.15	1.66
20051216	0.43	1.41	3.91
20051217	0.19	-0.71	2.19
20051218	8.53	2.18	2.3
20051219	0.18	5.03	5.14
20051220	2.5	6.51	3.24
20051221	4.71	5.01	2.37
20051222	4.49	5.23	3.09
20051223	1.11	7.95	3.38
20051224	3.11	3.97	2.26
20051225	0.09	1.3	2.11
20051226	1.17	2.18	1.51
20051227	0.07	-0.2	1.19
20051228	0.06	-1.5	0.86
20051229	0.87	-1.91	0.58
20051230	6.02	1.56	0.84
20051231	0.23	1.35	1.09
20060101	0.71	1.96	0.92
20060102	3.06	4.11	1.11
20060103	0.0	3.2	2.79
20060104	0.3	0.81	1.71
20060105	0.03	3.17	1.09
20060106	0.0	1.84	0.9
20060107	0.0	3.04	0.72
20060108	0.0	0.19	0.6
20060109	4.68	2.73	0.5
20060110	5.99	6.54	1.28
20060111	2.39	4.14	2.5
20060112	2.23	6.95	2.32
20060113	0.01	7.7	1.91
20060114	0.09	3.2	1.31
20060115	0.08	4.94	0.92
20060116	3.6	3.6	0.79
20060117	7.95	1.1	0.86
20060118	3.58	5.15	2.3
20060119	3.13	9.41	4.58
20060120	5.75	3.75	3.68
20060121	0.08	4.93	3.33
20060122	0.53	6.58	2.03
20060123	1.2	6.5	1.44
20060124	0.14	5.14	1.26
20060125	0.0	1.05	1.11
20060126	0.0	1.16	0.89
20060127	0.14	1.89	0.76
20060128	0.0	3.08	0.65
20060129	0.0	1.06	0.59
20060130	0.09	-2.37	0.49
20060131	0.05	-3.18	0.38
20060201	0.07	-2.18	0.37
20060202	0.31	-0.97	0.36
20060203	0.0	3.54	0.39
20060204	0.0	5.23	0.42
20060205	0.77	6.23	0.45
20060206	5.0	8.13	0.96
20060207	5.2	6.29	3.2
20060208	1.38	1.33	3.54
20060209	0.57	0.21	2.06
20060210	0.66	-0.74	1.22
20060211	0.34	3.17	0.93
20060212	1.15	4.17	0.97
20060213	3.72	5.34	1.56
20060214	1.97	6.35	2.24
20060215	0.28	4.08	2.04
20060216	1.28	3.42	1.42
20060217	0.14	2.46	1.11
20060218	1.85	0.46	0.91
20060219	1.37	1.67	0.98
20060220	4.14	2.34	1.25
20060221	0.6	1.41	1.42
20060222	0.17	0.14	1.11
20060223	0.65	3.87	0.88
20060224	0.43	4.23	0.81
20060225	0.0	1.99	0.82
20060226	4.96	2.21	0.74
20060227	5.3	1.93	1.2
20060228	8.87	-1.29	1.49
20060301	9.66	-1.28	1.08
20060302	5.51	-3.47	0.86
20060303	5.12	-2.62	0.78
20060304	6.38	-1.87	0.74
20060305	1.47	-0.79	0.65
20060306	1.09	-1.28	0.6
20060307	0.55	2.02	0.6
20060308	0.37	2.93	0.85
20060309	0.0	2.4	2.39
20060310	4.0	2.52	7.5
20060311	6.74	1.07	5.8
20060312	8.86	1.31	3.69
20060313	1.23	3.49	7.01
20060314	0.0	3.21	9.08
20060315	0.0	1.98	7.0
20060316	0.82	1.2	3.72
20060317	0.0	2.72	2.33
20060318	0.39	3.32	1.77
20060319	0.82	3.82	2.58
20060320	0.24	1.18	2.58
20060321	1.19	-1.42	1.61
20060322	4.64	-2.52	1.12
20060323	4.03	1.26	1.07
20060324	20.44	2.79	1.94
20060325	11.45	3.52	14.57
20060326	9.38	5.61	10.82
20060327	1.72	6.74	10.11
20060328	0.27	5.24	5.5
20060329	3.25	3.28	3.16
20060330	3.85	2.7	2.33
20060331	10.3	3.73	3.89
20060401	5.24	4.57	7.5
20060402	3.52	3.06	4.55
20060403	3.78	1.38	2.77
20060404	6.47	1.57	2.37
20060405	4.83	4.15	5.67
20060406	9.58	3.52	7.14
20060407	5.71	1.2	5.18
20060408	11.87	1.88	5.45
20060409	3.18	1.46	6.24
20060410	0.88	2.66	3.6
20060411	5.15	5.65	4.51
20060412	9.69	6.04	5.87
20060413	11.1	5.15	12.38
20060414	0.38	5.17	8.17
20060415	2.03	5.7	3.75
20060416	11.4	5.1	2.7
20060417	12.25	4.34	6.66
20060418	0.87	4.14	7.14
20060419	3.49	3.67	3.6
20060420	1.3	4.78	2.61
20060421	0.07	6.37	2.06
20060422	1.77	7.64	1.57
20060423	0.08	6.58	1.41
20060424	1.49	7.54	1.07
20060425	2.3	8.25	0.98
20060426	1.71	6.72	0.87
20060427	2.76	6.69	0.82
20060428	0.03	6.5	0.79
20060429	0.0	6.3	0.65
20060430	6.42	6.13	0.55
20060501	2.17	4.98	0.69
20060502	1.19	5.89	0.76
20060503	0.0	9.02	0.67
20060504	0.35	10.37	0.55
20060505	0.08	11.18	0.5
20060506	3.33	9.33	0.42
20060507	0.0	9.78	0.39
20060508	0.0	11.43	0.37
20060509	0.0	11.19	0.33
20060510	0.07	11.26	0.3
20060511	5.68	7.97	0.29
20060512	1.43	4.76	0.31
20060513	0.21	4.22	0.29
20060514	2.79	4.98	0.27
20060515	7.05	6.56	0.28
20060516	6.61	7.46	1.21
20060517	8.02	9.96	2.36
20060518	2.09	10.7	3.11
20060519	0.48	8.77	2.2
20060520	0.51	6.7	1.29
20060521	1.78	5.03	0.89
20060522	0.56	4.28	0.68
20060523	1.26	4.81	0.48
20060524	2.63	6.13	0.48
20060525	1.36	6.35	0.42
20060526	6.87	5.77	0.4
20060527	8.8	9.17	0.99
20060528	4.46	8.23	2.33
20060529	2.53	5.43	1.76
20060530	0.93	5.98	1.2
20060531	3.12	6.93	0.89
20060601	0.67	10.6	0.79
20060602	1.39	11.52	0.63
20060603	0.0	9.88	0.54
20060604	0.0	9.97	0.47
20060605	0.0	11.34	0.42
20060606	0.72	13.06	0.38
20060607	0.0	11.77	0.32
20060608	0.0	11.71	0.29
20060609	0.0	12.31	0.25
20060610	0.81	13.99	0.23
20060611	1.45	15.56	0.22
20060612	0.07	13.21	0.2
20060613	1.32	12.14	0.21
20060614	0.06	11.4	0.18
20060615	1.41	12.35	0.18
20060616	4.7	12.72	0.18
20060617	5.38	12.39	0.19
20060618	6.59	11.95	0.21
20060619	0.17	10.31	0.24
20060620	5.5	10.17	0.2
20060621	7.63	9.65	0.3
20060622	0.06	10.8	0.52
20060623	2.0	10.31	0.54
20060624	0.27	9.78	0.51
20060625	0.0	9.05	0.44
20060626	0.0	9.43	0.35
20060627	0.0	10.84	0.3
20060628	3.83	12.11	0.24
20060629	0.25	14.6	0.23
20060630	0.0	14.11	0.22
20060701	0.19	15.08	0.19
20060702	1.37	13.26	0.18
20060703	0.0	12.09	0.17
20060704	0.24	13.35	0.16
20060705	1.55	14.29	0.16
20060706	1.52	15.6	0.15
20060707	0.83	13.18	0.15
20060708	1.68	11.12	0.13
20060709	0.03	12.73	0.15
20060710	6.33	12.7	0.13
20060711	0.45	12.36	0.17
20060712	0.02	12.56	0.2
20060713	0.16	11.34	0.19
20060714	0.0	12.17	0.16
20060715	0.0	14.79	0.14
20060716	0.17	15.74	0.13
20060717	0.07	16.41	0.14
20060718	0.22	16.9	0.12
20060719	0.0	16.7	0.11
20060720	3.04	15.52	0.11
20060721	7.45	15.76	0.12
20060722	0.32	15.0	0.13
20060723	0.33	15.72	0.13
20060724	0.3	15.62	0.13
20060725	3.22	17.41	0.13
20060726	1.19	16.1	0.13
20060727	3.47	15.84	0.12
20060728	2.6	15.19	0.12
20060729	2.17	16.12	0.12
20060730	9.42	15.28	0.13
20060731	19.0	13.51	0.13
20060801	23.61	12.53	0.52
20060802	0.31	12.18	5.54
20060803	0.08	12.24	2.67
20060804	0.0	13.73	1.23
20060805	1.14	17.7	0.76
20060806	0.32	15.26	0.55
20060807	0.19	12.22	0.4
20060808	6.01	11.2	0.32
20060809	6.95	11.08	0.34
20060810	3.41	11.46	0.56
20060811	0.57	11.3	1.02
20060812	2.07	11.08	0.88
20060813	1.28	11.09	0.66
20060814	0.08	11.28	0.63
20060815	3.92	10.62	0.57
20060816	1.68	11.29	0.47
20060817	0.0	13.08	0.42
20060818	4.16	13.94	0.38
20060819	4.62	13.54	0.47
20060820	0.34	12.82	0.82
20060821	1.33	12.55	0.69
20060822	2.47	12.77	0.51
20060823	0.58	13.36	0.44
20060824	0.4	11.22	0.38
20060825	0.91	11.49	0.39
20060826	3.66	12.35	0.46
20060827	2.87	11.45	0.45
20060828	3.53	10.68	0.47
20060829	0.27	10.88	0.58
20060830	0.29	11.55	0.55
20060831	1.18	13.5	0.46
20060901	0.28	12.85	0.41
20060902	1.48	11.48	0.36
20060903	1.66	11.68	0.35
20060904	0.13	11.86	0.35
20060905	5.1	10.35	0.34
20060906	1.3	12.31	0.42
20060907	0.3	10.53	0.39
20060908	0.08	10.43	0.36
20060909	0.05	10.62	0.33
20060910	0.0	12.14	0.29
20060911	16.14	15.21	0.26
20060912	1.62	14.68	1.04
20060913	0.54	15.24	1.55
20060914	41.09	13.29	3.37
20060915	0.2	11.69	10.84
20060916	0.14	12.21	4.27
20060917	0.15	12.92	1.93
20060918	4.0	10.89	1.12
20060919	2.17	11.22	1.16
20060920	8.96	13.81	1.42
20060921	0.28	15.17	2.86
20060922	2.43	14.62	2.23
20060923	0.05	12.65	1.32
20060924	7.21	11.54	0.99
20060925	2.2	12.72	1.12
20060926	1.0	12.02	2.05
20060927	2.96	13.07	1.5
20060928	0.03	12.22	1.15
20060929	10.63	10.99	0.93
20060930	0.24	9.62	1.65
20061001	28.47	9.95	3.4
20061002	1.53	10.02	22.05
20061003	0.66	9.2	7.43
20061004	0.3	7.01	3.1
20061005	4.27	8.96	1.76
20061006	14.64	10.61	3.6
20061007	2.02	9.53	5.46
20061008	0.3	11.34	2.84
20061009	0.85	10.65	1.78
20061010	0.0	8.76	1.25
20061011	10.91	12.51	1.65
20061012	0.0	10.9	4.09
20061013	0.05	10.68	2.32
20061014	0.12	10.31	1.4
20061015	0.14	7.61	0.97
20061016	0.06	6.26	0.77
20061017	16.75	8.82	0.66
20061018	23.53	9.22	9.31
20061019	10.54	9.68	15.9
20061020	9.82	10.96	10.25
20061021	8.57	9.96	11.57
20061022	5.21	8.83	7.73
20061023	7.75	7.91	5.23
20061024	11.36	6.71	4.97
20061025	57.08	7.17	17.16
20061026	23.75	7.39	46.86
20061027	5.25	5.71	17.79
20061028	3.67	10.04	6.77
20061029	10.02	8.51	4.66
20061030	15.29	10.37	9.43
20061031	4.26	5.62	12.95
20061101	0.2	3.17	6.29
20061102	0.0	4.67	3.35
20061103	1.76	6.41	2.13
20061104	0.34	9.16	1.78
20061105	0.69	10.57	1.54
20061106	1.93	10.47	1.31
20061107	6.39	8.23	1.34
20061108	8.52	4.77	2.14
20061109	0.7	3.94	2.77
20061110	12.52	6.73	2.38
20061111	8.11	4.09	5.23
20061112	10.58	5.73	5.42
20061113	12.44	7.06	9.93
20061114	5.79	3.98	9.74
20061115	10.31	3.71	5.61
20061116	1.17	3.61	5.58
20061117	12.54	3.1	4.4
20061118	0.35	2.15	4.08
20061119	3.73	3.28	2.51
20061120	13.67	4.44	2.97
20061121	8.27	5.7	9.06
20061122	0.22	2.69	7.57
20061123	13.88	4.64	6.26
20061124	2.55	5.91	7.56
20061125	1.39	5.88	4.21
20061126	0.65	4.84	2.73
20061127	0.23	8.66	2.02
20061128	1.9	7.3	1.59
20061129	15.72	7.09	5.27
20061130	11.56	9.84	6.12
20061201	1.3	6.76	6.62
20061202	1.34	5.48	3.68
20061203	20.29	6.36	2.85
20061204	7.01	6.43	15.59
20061205	8.61	5.06	10.32
20061206	5.06	2.61	8.47
20061207	7.49	3.73	6.1
20061208	5.88	3.43	6.94
20061209	5.18	2.27	5.65
20061210	8.83	7.61	5.18
20061211	4.51	3.94	5.73
20061212	9.9	4.58	5.56
20061213	21.58	6.96	14.04
20061214	15.39	6.05	12.83
20061215	2.51	3.26	11.0
20061216	7.93	1.61	6.48
20061217	0.16	1.18	5.46
20061218	0.18	-0.72	2.94
20061219	0.13	4.41	2.41
20061220	0.15	3.76	2.55
20061221	0.54	6.04	1.82
20061222	0.35	8.68	1.58
20061223	0.03	6.08	1.4
20061224	0.06	-1.37	1.17
20061225	0.23	-0.45	0.9
20061226	0.03	2.87	0.84
20061227	0.0	1.96	0.8
20061228	0.32	1.38	0.7
20061229	5.88	7.56	0.7
20061230	2.19	4.91	1.17
20061231	14.82	4.07	1.84
20070101	6.3	2.99	4.84
20070102	4.38	2.92	4.73
20070103	10.3	7.72	4.9
20070104	3.02	5.69	6.59
20070105	0.69	6.0	4.4
20070106	4.32	5.05	2.98
20070107	2.18	4.59	3.42
20070108	5.77	3.38	2.81
20070109	7.42	5.19	3.81
20070110	6.32	1.55	3.66
20070111	11.21	4.33	8.7
20070112	13.74	6.65	13.16
20070113	18.81	4.39	14.19
20070114	18.4	4.58	12.8
20070115	5.24	6.16	15.96
20070116	0.65	0.75	7.06
20070117	3.41	1.64	3.3
20070118	1.26	1.52	2.51
20070119	10.82	2.89	2.22
20070120	11.31	2.24	4.24
20070121	4.9	1.34	5.33
20070122	1.96	0.51	3.46
20070123	8.22	0.7	2.24
20070124	0.44	1.91	2.34
20070125	2.09	1.97	3.43
20070126	1.29	4.51	9.72
20070127	3.65	4.73	6.66
20070128	2.0	7.77	7.39
20070129	0.0	6.81	4.91
20070130	10.5	6.72	2.9
20070131	0.19	9.0	5.73
20070201	3.79	8.77	4.04
20070202	0.45	5.66	2.87
20070203	0.05	5.13	2.16
20070204	4.54	3.37	1.57
20070205	4.39	0.36	1.43
20070206	3.69	-0.56	1.27
20070207	1.99	-2.28	1.07
20070208	9.69	-0.39	0.97
20070209	1.94	1.23	1.13
20070210	7.88	1.51	1.12
20070211	14.28	2.48	11.11
20070212	1.95	3.78	17.79
20070213	1.11	3.88	7.16
20070214	0.75	3.67	3.89
20070215	0.91	6.87	2.82
20070216	0.12	6.91	2.51
20070217	0.62	4.27	1.78
20070218	0.89	1.71	1.33
20070219	3.48	4.69	1.13
20070220	0.09	6.2	1.65
20070221	2.93	3.71	1.5
20070222	6.91	5.22	3.0
20070223	0.07	6.11	3.36
20070224	1.44	5.69	2.11
20070225	8.36	5.09	1.77
20070226	2.18	1.97	3.04
20070227	18.41	2.79	5.69
20070228	8.2	5.34	9.98
20070301	1.38	2.83	7.17
20070302	0.34	1.91	3.67
20070303	1.17	4.05	2.07
20070304	5.05	3.83	1.76
20070305	1.16	5.69	2.63
20070306	1.96	6.23	1.92
20070307	0.63	5.53	1.5
20070308	4.32	5.68	1.21
20070309	11.03	3.82	1.74
20070310	3.14	8.91	5.58
20070311	0.97	7.84	4.45
20070312	1.87	5.24	2.38
20070313	0.6	6.25	1.66
20070314	1.97	8.05	1.36
20070315	6.9	6.03	1.52
20070316	16.38	5.07	5.28
20070317	15.46	6.25	8.13
20070318	1.55	1.62	7.82
20070319	11.1	0.66	4.62
20070320	3.2	-0.44	3.06
20070321	2.5	1.27	2.85
20070322	0.08	5.16	9.45
20070323	0.08	3.18	5.95
20070324	0.01	4.6	3.07
20070325	0.07	4.85	1.98
20070326	0.0	6.2	1.57
20070327	0.14	5.46	1.31
20070328	1.34	4.46	1.09
20070329	0.07	5.01	0.92
20070330	0.06	5.83	0.81
20070331	0.09	3.6	0.71
20070401	0.0	3.5	0.63
20070402	0.08	5.17	0.58
20070403	0.07	6.13	0.55
20070404	0.0	8.07	0.53
20070405	1.13	7.56	0.44
20070406	0.11	6.52	0.42
20070407	0.0	7.78	0.4
20070408	0.7	8.48	0.41
20070409	0.82	8.85	0.36
20070410	0.48	9.32	0.41
20070411	0.0	10.36	0.41
20070412	0.0	10.43	0.41
20070413	0.0	8.44	0.38
20070414	0.0	10.22	0.34
20070415	0.16	11.56	0.34
20070416	3.51	7.37	0.32
20070417	1.32	5.74	0.32
20070418	10.74	7.04	0.4
20070419	0.2	5.12	0.88
20070420	3.54	4.14	0.88
20070421	2.99	8.95	0.76
20070422	0.67	11.82	1.01
20070423	1.35	11.86	0.94
20070424	6.5	11.69	0.77
20070425	0.85	10.68	1.0
20070426	0.0	8.25	1.1
20070427	0.07	7.56	0.79
20070428	0.0	8.12	0.57
20070429	0.0	8.03	0.48
20070430	0.0	8.78	0.4
20070501	0.07	8.16	0.34
20070502	0.0	8.61	0.31
20070503	0.0	7.68	0.28
20070504	0.0	7.34	0.26
20070505	5.99	10.14	0.24
20070506	5.58	8.53	0.37
20070507	4.35	7.68	0.62
20070508	1.2	7.26	0.65
20070509	7.6	6.99	0.57
20070510	1.41	6.3	1.42
20070511	0.58	4.92	1.49
20070512	1.36	5.83	1.09
20070513	0.77	5.73	0.97
20070514	1.42	4.74	0.94
20070515	0.52	5.23	0.74
20070516	1.44	6.11	0.55
20070517	1.61	9.45	0.48
20070518	5.52	9.63	0.43
20070519	2.78	8.43	0.77
20070520	0.17	9.29	1.27
20070521	5.06	8.97	0.93
20070522	0.8	8.23	0.76
20070523	1.56	10.39	0.72
20070524	3.22	9.35	0.71
20070525	3.38	6.71	0.9
20070526	0.94	5.98	1.02
20070527	1.68	5.6	0.9
20070528	4.8	6.41	0.7
20070529	17.37	7.33	1.07
20070530	33.77	8.47	16.92
20070531	0.0	11.69	12.62
20070601	0.0	11.75	3.64
20070602	6.97	12.6	1.76
20070603	21.2	11.77	2.84
20070604	0.02	11.1	4.93
20070605	0.22	9.86	2.33
20070606	0.03	10.23	1.41
20070607	0.01	11.01	1.0
20070608	0.0	12.11	0.78
20070609	0.48	13.11	0.63
20070610	0.04	12.36	0.54
20070611	0.12	13.64	0.46
20070612	1.68	9.61	0.43
20070613	0.62	7.98	0.39
20070614	0.0	7.64	0.34
20070615	0.0	8.76	0.32
20070616	1.66	9.06	0.3
20070617	1.1	10.16	0.28
20070618	0.0	11.63	0.26
20070619	0.0	11.57	0.24
20070620	6.0	11.63	0.27
20070621	0.13	12.12	0.27
20070622	6.71	11.81	0.27
20070623	11.53	9.82	0.3
20070624	1.14	9.86	0.49
20070625	1.43	8.8	0.65
20070626	0.68	8.89	0.66
20070627	2.15	7.7	0.52
20070628	11.28	8.64	0.49
20070629	0.03	9.81	1.02
20070630	5.43	9.85	0.78
20070701	8.0	11.96	1.26
20070702	5.71	12.74	3.38
20070703	10.42	12.21	2.41
20070704	11.88	12.5	4.92
20070705	4.72	12.75	6.79
20070706	1.04	12.46	3.85
20070707	16.68	11.37	2.34
20070708	0.64	11.25	7.9
20070709	1.16	12.23	4.29
20070710	0.07	10.8	2.05
20070711	0.0	11.51	1.2
20070712	0.72	11.34	0.85
20070713	13.12	12.53	0.7
20070714	0.49	11.33	2.27
20070715	2.02	12.63	2.12
20070716	5.23	11.13	1.44
20070717	0.63	12.6	1.44
20070718	0.05	10.89	1.11
20070719	0.0	10.17	0.85
20070720	0.0	10.14	0.64
20070721	1.01	9.86	0.54
20070722	1.12	10.73	0.48
20070723	4.37	11.62	0.53
20070724	1.58	12.44	0.66
20070725	6.03	12.59	0.58
20070726	10.28	12.27	0.99
20070727	1.29	11.9	1.62
20070728	2.56	10.46	1.2
20070729	0.84	9.57	1.01
20070730	0.19	10.6	0.79
20070731	2.44	12.65	0.63
20070801	2.12	12.87	0.87
20070802	1.98	11.58	0.8
20070803	3.65	12.71	0.74
20070804	0.31	14.62	0.71
20070805	22.98	12.29	0.67
20070806	14.49	10.37	6.17
20070807	0.43	10.05	5.25
20070808	0.0	11.35	2.22
20070809	0.34	11.65	1.24
20070810	3.92	12.69	0.9
20070811	7.99	12.39	0.8
20070812	5.13	12.25	1.5
20070813	3.82	11.0	3.92
20070814	0.4	11.44	3.87
20070815	3.58	10.68	1.95
20070816	2.1	9.94	1.37
20070817	2.0	10.06	1.2
20070818	12.13	9.61	2.21
20070819	0.1	9.5	3.52
20070820	1.3	9.75	2.01
20070821	0.21	12.17	1.69
20070822	0.12	11.4	1.17
20070823	0.77	11.96	0.86
20070824	0.49	13.96	0.71
20070825	1.76	12.55	0.59
20070826	3.13	11.41	0.51
20070827	0.0	10.32	0.5
20070828	4.16	8.87	0.55
20070829	3.72	10.29	0.55
20070830	2.35	12.78	0.62
20070831	1.47	11.84	0.7
20070901	2.19	12.56	0.82
20070902	1.36	10.73	1.11
20070903	0.05	7.79	0.86
20070904	0.69	10.48	0.68
20070905	0.79	14.44	0.61
20070906	0.01	14.0	0.6
20070907	0.0	13.8	0.59
20070908	0.0	12.57	0.49
20070909	2.73	12.16	0.47
20070910	0.01	10.07	0.57
20070911	1.3	11.58	0.54
20070912	0.67	11.38	0.48
20070913	3.46	12.09	0.48
20070914	3.62	8.33	0.6
20070915	11.92	8.05	1.64
20070916	11.27	10.59	4.05
20070917	3.76	5.89	6.6
20070918	1.37	6.3	4.52
20070919	4.04	9.95	2.83
20070920	2.55	8.93	2.58
20070921	1.79	8.99	2.25
20070922	1.15	10.72	1.74
20070923	0.17	12.13	1.59
20070924	2.76	9.43	1.17
20070925	6.81	7.16	1.48
20070926	0.4	4.86	2.8
20070927	0.0	5.59	1.78
20070928	2.2	7.01	1.14
20070929	0.0	7.08	0.83
20070930	0.09	7.09	0.66
20071001	0.18	8.35	0.55
20071002	0.05	9.35	0.47
20071003	0.77	10.52	0.43
20071004	0.09	9.77	0.41
20071005	0.0	10.61	0.36
20071006	0.1	10.04	0.35
20071007	0.16	7.59	0.32
20071008	0.43	7.66	0.29
20071009	0.28	9.14	0.3
20071010	1.88	9.97	0.28
20071011	0.32	12.8	0.31
20071012	0.38	11.54	0.3
20071013	0.41	11.51	0.3
20071014	3.46	11.24	0.32
20071015	3.15	9.89	0.45
20071016	5.03	7.97	0.67
20071017	0.86	5.11	1.01
20071018	0.1	4.23	0.95
20071019	0.0	8.59	0.76
20071020	0.07	9.73	0.61
20071021	0.73	9.64	0.5
20071022	0.04	10.79	0.44
20071023	0.03	9.59	0.4
20071024	0.0	6.94	0.37
20071025	0.13	7.08	0.31
20071026	2.47	8.9	0.31
20071027	17.96	8.87	0.59
20071028	7.11	7.4	3.53
20071029	5.85	4.87	3.4
20071030	4.41	6.41	3.28
20071031	11.4	11.68	7.22
20071101	5.25	10.54	11.16
20071102	0.52	11.79	5.34
20071103	0.13	6.96	2.56
20071104	3.84	6.86	1.58
20071105	4.44	7.21	1.94
20071106	0.07	7.33	2.33
20071107	5.59	9.13	1.57
20071108	7.8	5.12	2.17
20071109	7.76	4.09	2.73
20071110	24.45	6.88	10.38
20071111	0.77	2.87	10.88
20071112	7.95	1.84	4.34
20071113	2.88	5.05	4.23
20071114	0.42	4.7	3.35
20071115	0.0	4.43	2.1
20071116	0.41	6.4	1.45
20071117	8.39	7.84	1.38
20071118	8.24	5.01	4.32
20071119	4.92	6.62	5.36
20071120	1.97	5.6	4.66
20071121	24.28	5.27	6.67
20071122	1.25	2.75	16.48
20071123	6.06	1.39	6.15
20071124	7.32	4.96	6.49
20071125	0.03	1.97	5.69
20071126	3.96	1.5	2.83
20071127	3.5	7.04	2.72
20071128	4.02	4.95	2.7
20071129	6.07	3.81	3.17
20071130	0.28	4.82	3.78
20071201	0.19	2.8	2.5
20071202	8.66	2.18	1.84
20071203	7.2	2.5	4.25
20071204	5.88	6.16	7.31
20071205	7.52	8.3	6.58
20071206	21.45	5.75	7.89
20071207	5.06	3.85	12.75
20071208	19.17	1.27	8.69
20071209	4.99	3.55	14.52
20071210	0.15	1.14	6.13
20071211	0.58	1.38	2.83
20071212	0.0	7.25	1.99
20071213	0.0	8.43	1.69
20071214	0.07	6.69	1.32
20071215	0.0	3.8	1.09
20071216	0.0	-0.57	0.89
20071217	0.0	-3.66	0.66
20071218	0.07	-1.64	0.57
20071219	0.06	-2.73	0.54
20071220	0.11	-1.82	0.52
20071221	0.0	-2.83	0.75
20071222	0.91	-0.63	0.62
20071223	4.8	4.85	0.42
20071224	0.38	4.06	1.0
20071225	3.41	2.19	1.07
20071226	9.68	6.49	1.36
20071227	6.34	5.85	5.74
20071228	3.93	3.53	4.98
20071229	4.83	3.0	4.96
20071230	0.61	-0.15	3.42
20071231	0.3	3.91	1.96
20080101	10.19	5.06	1.61
20080102	0.85	4.78	4.48
20080103	5.0	1.41	3.1
20080104	8.01	1.47	3.11
20080105	5.82	3.86	4.81
20080106	1.53	2.99	6.96
20080107	0.17	-0.79	4.06
20080108	9.85	1.39	2.6
20080109	18.56	2.21	9.23
20080110	2.09	0.49	7.41
20080111	0.72	0.9	3.22
20080112	12.18	-1.98	1.81
20080113	5.01	3.25	7.69
20080114	0.68	2.39	6.2
20080115	0.81	1.41	3.42
20080116	0.72	0.22	2.16
20080117	4.94	0.74	1.91
20080118	10.36	4.24	4.51
20080119	1.4	2.9	7.46
20080120	2.58	3.33	5.59
20080121	0.0	0.09	3.65
20080122	1.25	1.26	2.05
20080123	5.32	6.63	2.37
20080124	24.47	2.06	4.43
20080125	18.52	6.89	22.95
20080126	16.47	4.68	16.59
20080127	1.76	8.89	14.47
20080128	3.68	8.1	5.95
20080129	4.63	2.56	4.46
20080130	15.79	2.21	3.87
20080131	18.32	2.56	8.53
20080201	12.8	0.19	8.03
20080202	2.95	-2.18	4.26
20080203	0.04	5.11	4.83
20080204	0.71	3.36	6.52
20080205	0.7	1.63	4.52
20080206	3.3	2.17	2.62
20080207	1.0	6.5	3.93
20080208	0.1	7.83	5.52
20080209	0.81	7.78	3.36
20080210	0.06	3.8	2.1
20080211	0.0	3.71	1.46
20080212	0.08	3.03	1.13
20080213	0.17	0.25	0.89
20080214	0.01	1.15	0.76
20080215	0.02	-0.03	0.71
20080216	0.06	1.67	0.62
20080217	0.0	4.89	0.62
20080218	0.0	4.31	0.57
20080219	0.15	1.8	0.55
20080220	8.0	2.64	0.52
20080221	20.24	8.05	2.21
20080222	16.3	3.92	7.49
20080223	2.42	7.15	8.39
20080224	3.89	4.11	4.59
20080225	2.87	4.41	3.41
20080226	20.56	5.79	5.38
20080227	4.48	3.45	10.24
20080228	3.01	4.1	6.68
20080229	22.33	4.85	7.66
20080301	6.12	3.37	9.28
20080302	5.0	1.88	5.25
20080303	3.17	0.64	3.83
20080304	0.74	0.34	2.56
20080305	14.6	5.49	4.18
20080306	2.28	7.66	10.33
20080307	13.28	3.87	6.3
20080308	8.38	4.86	10.48
20080309	0.31	2.72	9.0
20080310	11.27	3.16	4.95
20080311	7.51	3.93	8.57
20080312	9.03	3.35	11.87
20080313	2.62	3.42	7.36
20080314	1.17	3.88	4.09
20080315	0.77	3.32	2.77
20080316	0.88	3.79	2.0
20080317	1.52	1.48	1.69
20080318	2.43	2.05	1.47
20080319	4.52	3.15	1.57
20080320	9.43	5.53	4.0
20080321	2.96	1.94	4.8
20080322	7.67	0.86	3.41
20080323	3.36	-0.3	2.82
20080324	4.48	-1.66	2.21
20080325	2.11	-0.97	1.61
20080326	0.07	-1.1	1.39
20080327	5.35	1.37	1.67
20080328	6.14	3.64	6.45
20080329	2.43	4.62	7.02
20080330	1.25	4.28	5.06
20080331	1.26	5.11	3.22
20080401	1.68	6.37	2.5
20080402	1.29	6.15	1.99
20080403	6.31	8.78	1.6
20080404	8.61	6.35	1.87
20080405	6.25	1.15	3.38
20080406	15.47	1.17	3.76
20080407	11.1	2.88	8.3
20080408	4.68	3.09	8.38
20080409	1.16	2.63	4.6
20080410	6.53	2.98	2.65
20080411	3.92	3.53	2.97
20080412	7.91	3.65	3.85
20080413	6.35	3.83	4.06
20080414	1.56	3.81	3.11
20080415	0.32	3.23	2.24
20080416	0.25	3.56	1.66
20080417	0.0	3.68	1.29
20080418	0.0	4.69	1.02
20080419	0.09	4.72	0.88
20080420	0.0	5.2	0.77
20080421	0.0	5.35	0.7
20080422	0.0	6.48	0.64
20080423	1.05	7.22	0.64
20080424	1.42	6.72	0.59
20080425	8.73	8.01	0.55
20080426	0.94	9.99	0.84
20080427	1.18	8.15	0.84
20080428	5.59	5.4	0.73
20080429	2.63	6.52	1.01
20080430	5.2	6.35	1.85
20080501	3.29	7.61	2.16
20080502	1.17	8.01	2.07
20080503	0.2	9.27	1.7
20080504	1.66	11.3	1.21
20080505	0.0	11.13	0.87
20080506	0.0	10.78	0.69
20080507	0.0	11.68	0.56
20080508	0.0	11.54	0.47
20080509	0.73	12.56	0.4
20080510	0.56	11.68	0.38
20080511	0.0	10.31	0.34
20080512	0.0	10.22	0.3
20080513	0.0	9.05	0.3
20080514	0.0	7.96	0.28
20080515	0.0	8.44	0.27
20080516	0.0	7.98	0.26
20080517	0.0	7.22	0.24
20080518	0.1	5.56	0.23
20080519	0.0	6.03	0.21
20080520	0.38	7.02	0.2
20080521	0.0	8.35	0.19
20080522	0.0	9.36	0.18
20080523	0.0	9.0	0.18
20080524	0.0	8.69	0.18
20080525	0.0	9.83	0.17
20080526	0.0	9.5	0.16
20080527	0.07	9.43	0.16
20080528	9.88	10.02	0.18
20080529	0.11	12.14	0.22
20080530	1.81	10.82	0.21
20080531	0.08	12.07	0.2
20080601	6.4	10.24	0.19
20080602	0.0	11.53	0.2
20080603	1.65	11.64	0.2
20080604	0.0	11.95	0.19
20080605	1.83	11.63	0.19
20080606	1.55	12.22	0.18
20080607	0.0	12.69	0.17
20080608	0.0	13.38	0.19
20080609	0.28	12.83	0.18
20080610	4.17	10.54	0.18
20080611	0.47	9.01	0.16
20080612	1.37	8.03	0.15
20080613	6.18	7.78	0.16
20080614	2.94	7.62	0.17
20080615	0.1	7.98	0.22
20080616	4.38	8.93	0.28
20080617	0.76	10.18	0.33
20080618	9.05	10.7	0.38
20080619	2.85	9.58	0.83
20080620	0.54	9.34	0.77
20080621	11.47	8.99	0.55
20080622	6.3	8.41	1.35
20080623	0.48	8.47	2.3
20080624	6.04	7.93	1.29
20080625	8.59	10.43	2.06
20080626	0.79	11.5	2.71
20080627	2.39	11.74	1.49
20080628	3.84	11.76	1.04
20080629	0.74	11.67	1.02
20080630	2.63	11.57	0.76
20080701	4.7	13.98	0.62
20080702	0.12	14.09	0.6
20080703	0.01	12.78	0.53
20080704	0.0	13.11	0.43
20080705	0.0	11.97	0.37
20080706	2.43	11.17	0.34
20080707	3.13	11.07	0.3
20080708	2.12	12.03	0.36
20080709	0.02	11.77	0.4
20080710	1.52	10.48	0.38
20080711	2.81	9.89	0.37
20080712	0.1	10.56	0.41
20080713	2.9	11.73	0.48
20080714	4.22	14.44	0.45
20080715	2.3	12.51	0.42
20080716	1.17	11.3	0.44
20080717	5.62	10.97	0.49
20080718	7.82	11.04	1.17
20080719	3.97	10.39	1.59
20080720	0.2	9.79	1.42
20080721	0.0	12.03	0.97
20080722	0.0	15.3	0.67
20080723	0.0	15.66	0.46
20080724	0.0	15.16	0.33
20080725	0.0	15.33	0.28
20080726	2.47	15.22	0.25
20080727	2.3	14.85	0.37
20080728	0.64	14.85	0.36
20080729	0.59	15.65	0.3
20080730	0.0	16.04	0.32
20080731	8.47	16.62	0.27
20080801	4.13	14.45	0.32
20080802	5.99	13.23	0.37
20080803	5.04	12.67	0.81
20080804	0.21	12.19	0.83
20080805	0.0	12.23	0.6
20080806	0.0	11.11	0.46
20080807	0.21	11.03	0.38
20080808	0.68	10.41	0.3
20080809	6.15	11.26	0.28
20080810	1.52	12.61	0.3
20080811	0.29	12.76	0.28
20080812	0.0	12.84	0.27
20080813	0.01	12.49	0.26
20080814	3.71	10.89	0.22
20080815	4.44	10.83	0.21
20080816	0.07	12.95	0.19
20080817	0.01	14.33	0.18
20080818	2.2	13.67	0.19
20080819	1.21	12.99	0.2
20080820	10.05	12.29	0.18
20080821	12.3	10.23	0.66
20080822	0.95	10.49	1.63
20080823	2.7	11.41	1.42
20080824	5.71	13.96	1.08
20080825	1.47	12.67	1.18
20080826	6.88	11.59	1.17
20080827	4.28	12.88	1.92
20080828	0.0	13.37	2.32
20080829	0.0	14.85	1.74
20080830	0.0	16.18	1.1
20080831	12.98	13.69	1.63
20080901	3.41	10.61	3.81
20080902	2.02	9.23	2.27
20080903	3.73	8.52	1.78
20080904	0.66	9.24	1.94
20080905	0.32	9.26	1.29
20080906	0.06	10.45	0.9
20080907	0.0	10.38	0.66
20080908	0.23	10.56	0.51
20080909	5.2	11.31	0.5
20080910	1.34	12.31	0.62
20080911	0.06	14.29	0.57
20080912	0.31	13.05	0.48
20080913	1.05	12.65	0.41
20080914	1.3	12.51	0.37
20080915	5.63	11.44	0.35
20080916	1.7	10.37	0.48
20080917	3.1	10.81	0.66
20080918	11.28	10.91	0.84
20080919	0.0	11.15	1.75
20080920	0.0	13.35	1.3
20080921	0.07	11.67	0.91
20080922	0.1	7.84	0.64
20080923	0.0	9.59	0.49
20080924	0.0	9.86	0.41
20080925	0.0	10.78	0.36
20080926	1.51	11.99	0.31
20080927	2.29	10.29	0.31
20080928	3.35	7.43	0.31
20080929	12.47	8.62	0.58
20080930	7.08	7.18	3.82
20081001	6.42	6.31	4.47
20081002	18.63	5.1	5.3
20081003	7.62	4.41	7.97
20081004	3.84	4.48	5.41
20081005	0.33	6.2	3.5
20081006	4.74	7.1	2.01
20081007	4.66	10.69	2.07
20081008	0.18	8.96	2.47
20081009	3.87	9.75	1.63
20081010	0.81	12.15	1.39
20081011	1.49	9.27	1.23
20081012	1.45	8.36	1.02
20081013	1.4	9.23	0.94
20081014	0.59	6.84	0.85
20081015	9.8	6.69	0.83
20081016	2.33	6.22	2.01
20081017	3.57	7.62	1.96
20081018	3.85	7.29	2.11
20081019	15.86	9.56	2.65
20081020	10.64	7.7	8.51
20081021	9.47	3.45	7.54
20081022	3.99	5.52	4.83
20081023	5.62	10.02	3.96
20081024	11.86	5.79	3.78
20081025	8.17	8.61	4.62
20081026	16.23	4.27	6.7
20081027	4.28	3.13	8.32
20081028	21.99	0.48	5.12
20081029	0.43	2.2	7.66
20081030	7.37	1.95	4.82
20081031	0.67	2.85	4.98
20081101	0.46	2.84	3.23
20081102	0.21	4.68	2.68
20081103	1.29	5.47	2.3
20081104	0.19	6.11	1.97
20081105	0.61	4.07	1.54
20081106	3.16	7.08	1.28
20081107	0.94	7.8	1.48
20081108	2.77	7.73	1.45
20081109	2.55	3.24	1.29
20081110	4.56	4.65	1.45
20081111	12.97	5.52	3.37
20081112	1.16	5.24	5.64
20081113	7.28	7.99	3.18
20081114	5.36	10.81	4.19
20081115	2.17	6.39	4.61
20081116	0.0	2.63	2.94
20081117	6.55	3.6	2.22
20081118	0.73	7.28	2.8
20081119	7.19	8.99	2.03
20081120	9.94	5.13	4.22
20081121	2.34	0.64	5.11
20081122	4.51	-1.08	2.62
20081123	19.39	1.77	3.71
20081124	5.85	3.12	8.27
20081125	0.38	4.5	6.86
20081126	7.55	8.72	6.6
20081127	8.66	3.86	6.96
20081128	0.16	-0.73	5.0
20081129	0.26	-3.52	2.35
20081130	3.4	-1.76	1.5
20081201	1.66	0.74	1.36
20081202	4.22	-1.65	1.22
20081203	4.96	-2.43	0.89
20081204	7.6	1.19	1.11
20081205	3.38	1.86	3.49
20081206	2.12	0.31	2.96
20081207	4.47	5.27	5.48
20081208	6.03	2.55	7.26
20081209	5.14	1.49	4.1
20081210	0.6	2.1	4.22
20081211	0.32	-1.03	2.85
20081212	5.72	2.87	1.84
20081213	11.11	3.39	3.82
20081214	0.2	2.81	9.84
20081215	2.54	3.95	4.54
20081216	3.59	6.53	3.96
20081217	15.62	4.57	5.05
20081218	8.79	4.61	9.24
20081219	11.98	3.72	8.71
20081220	5.67	3.29	9.56
20081221	2.68	7.25	7.63
20081222	0.21	6.75	4.31
20081223	0.53	5.65	2.49
20081224	0.06	4.04	1.75
20081225	0.07	3.65	1.37
20081226	0.0	2.59	1.13
20081227	0.0	-1.05	0.95
20081228	0.14	-1.73	0.78
20081229	0.06	-2.02	0.71
20081230	0.0	-5.96	0.54
20081231	0.0	-3.64	0.44
20090101	1.28	-0.24	0.44
20090102	0.0	-2.14	0.45
20090103	4.49	0.18	0.44
20090104	3.25	2.16	0.7
20090105	0.48	-2.09	1.02
20090106	2.51	1.92	0.84
20090107	0.2	2.2	1.08
20090108	0.08	4.84	1.2
20090109	0.0	3.64	1.14
20090110	9.55	5.02	0.97
20090111	8.21	8.73	2.96
20090112	2.98	5.76	4.79
20090113	1.12	1.31	3.69
20090114	4.83	-0.06	2.45
20090115	0.05	5.95	3.32
20090116	0.46	5.49	2.46
20090117	6.29	4.38	1.58
20090118	1.1	1.43	1.33
20090119	1.75	1.17	1.12
20090120	5.38	-0.1	0.94
20090121	4.72	1.63	0.88
20090122	0.27	3.21	1.91
20090123	6.58	1.91	2.16
20090124	2.24	0.8	1.63
20090125	1.85	2.19	1.91
20090126	1.02	2.83	2.6
20090127	0.19	4.01	2.38
20090128	0.0	3.01	1.96
20090129	0.09	4.45	1.38
20090130	0.0	5.67	1.56
20090131	0.0	5.71	1.72
20090201	0.11	2.51	1.22
20090202	7.91	0.28	0.96
20090203	7.86	1.98	2.37
20090204	3.83	0.25	4.7
20090205	4.13	-1.29	2.71
20090206	21.36	-0.31	1.97
20090207	4.93	-0.93	1.59
20090208	1.44	-5.38	1.41
20090209	0.23	-6.65	1.58
20090210	0.52	-4.04	1.26
20090211	1.7	-2.75	0.9
20090212	4.31	-0.08	0.82
20090213	1.15	-0.06	0.76
20090214	4.82	2.72	0.78
20090215	3.25	4.97	4.01
20090216	1.09	7.73	25.56
20090217	0.06	8.48	17.64
20090218	0.4	6.16	7.42
20090219	0.77	4.65	3.47
20090220	2.9	4.38	2.37
20090221	0.59	8.09	2.73
20090222	4.65	6.0	2.06
20090223	0.45	7.29	2.06
20090224	1.78	6.12	1.86
20090225	8.88	5.0	2.36
20090226	6.07	5.38	3.93
20090227	3.26	5.83	4.31
20090228	0.38	6.59	3.61
20090301	2.27	4.62	2.18
20090302	4.05	3.81	1.99
20090303	13.41	1.82	2.82
20090304	3.37	0.78	5.55
20090305	6.07	-0.12	3.85
20090306	1.84	2.52	2.92
20090307	6.62	4.47	6.48
20090308	10.95	2.17	6.97
20090309	6.96	3.1	7.64
20090310	1.57	2.5	6.01
20090311	4.73	4.42	3.89
20090312	3.63	6.2	5.19
20090313	1.24	5.89	3.66
20090314	6.8	6.87	4.16
20090315	6.6	7.77	4.45
20090316	1.97	5.48	4.37
20090317	0.03	3.98	3.17
20090318	0.31	6.07	1.91
20090319	0.0	6.66	1.4
20090320	0.51	5.28	1.11
20090321	0.45	4.44	0.93
20090322	18.16	6.81	1.14
20090323	8.48	3.68	7.11
20090324	6.23	3.56	5.49
20090325	7.82	4.86	4.61
20090326	17.24	4.07	9.83
20090327	14.84	3.89	12.54
20090328	1.55	0.5	9.09
20090329	0.88	3.18	4.52
20090330	1.06	6.89	3.69
20090331	0.19	8.79	2.47
20090401	0.0	8.39	1.66
20090402	0.09	6.97	1.2
20090403	0.45	6.95	0.96
20090404	13.88	4.38	1.37
20090405	0.04	6.47	2.42
20090406	3.14	5.3	1.61
20090407	5.73	6.77	1.44
20090408	2.87	5.67	1.84
20090409	0.15	6.74	1.53
20090410	0.03	8.79	1.17
20090411	0.0	6.79	0.9
20090412	0.01	6.68	0.73
20090413	0.0	5.92	0.6
20090414	0.0	6.25	0.54
20090415	0.0	6.61	0.49
20090416	0.0	6.92	0.46
20090417	0.07	5.83	0.42
20090418	0.0	5.29	0.4
20090419	0.17	5.76	0.37
20090420	3.72	7.92	0.35
20090421	8.71	7.41	0.48
20090422	0.59	7.23	0.53
20090423	2.43	10.08	0.51
20090424	1.47	8.76	0.48
20090425	0.0	8.05	0.45
20090426	1.03	7.58	0.4
20090427	0.0	7.63	0.39
20090428	0.08	8.04	0.38
20090429	0.03	7.97	0.34
20090430	1.76	8.82	0.35
20090501	0.55	7.72	0.32
20090502	6.16	7.35	0.33
20090503	1.63	6.05	0.38
20090504	0.58	7.75	0.49
20090505	1.99	6.94	0.57
20090506	6.34	6.61	0.59
20090507	4.7	6.45	1.04
20090508	1.96	5.88	1.45
20090509	1.05	6.12	1.4
20090510	0.34	6.31	1.02
20090511	0.0	6.69	0.73
20090512	0.0	7.59	0.54
20090513	0.08	8.45	0.44
20090514	1.03	8.69	0.38
20090515	10.04	7.62	0.34
20090516	6.0	8.4	2.64
20090517	0.04	8.87	3.11
20090518	0.9	8.08	1.77
20090519	2.43	9.67	1.12
20090520	1.94	8.93	0.94
20090521	8.4	8.41	1.05
20090522	2.53	8.93	1.31
20090523	5.46	8.78	1.18
20090524	2.08	9.1	1.4
20090525	2.86	9.92	1.15
20090526	1.92	8.53	1.19
20090527	0.53	8.36	1.02
20090528	0.15	10.56	0.81
20090529	0.0	14.24	0.65
20090530	0.0	14.95	0.54
20090531	0.0	12.4	0.44
20090601	0.0	12.43	0.36
20090602	0.0	10.18	0.34
20090603	0.3	8.11	0.31
20090604	2.14	7.2	0.3
20090605	8.85	6.26	0.31
20090606	1.42	7.42	0.42
20090607	1.99	7.03	0.44
20090608	1.49	7.41	0.52
20090609	5.36	7.28	0.5
20090610	5.62	7.42	0.91
20090611	1.39	7.29	1.61
20090612	0.27	8.8	1.09
20090613	0.05	9.67	0.79
20090614	0.0	10.12	0.59
20090615	0.0	9.99	0.47
20090616	5.29	11.54	0.38
20090617	9.61	10.8	0.66
20090618	11.66	9.48	1.35
20090619	3.93	9.89	2.51
20090620	0.0	10.59	2.16
20090621	0.1	11.53	1.27
20090622	0.7	13.46	0.86
20090623	0.0	14.3	0.59
20090624	0.0	14.1	0.48
20090625	0.0	13.8	0.4
20090626	0.0	15.19	0.34
20090627	0.0	15.47	0.29
20090628	0.0	14.35	0.27
20090629	0.09	15.52	0.25
20090630	0.0	15.32	0.23
20090701	2.59	17.14	0.22
20090702	24.09	17.48	0.28
20090703	0.19	16.37	0.36
20090704	3.14	15.49	0.34
20090705	6.82	15.27	0.29
20090706	6.99	13.41	0.88
20090707	1.78	12.18	1.29
20090708	3.46	10.62	0.9
20090709	0.69	10.73	0.7
20090710	0.15	10.48	0.56
20090711	0.0	11.28	0.45
20090712	11.27	11.44	0.52
20090713	4.8	12.23	0.83
20090714	2.81	12.25	1.17
20090715	7.07	12.52	2.08
20090716	5.96	13.05	3.35
20090717	6.42	12.1	3.47
20090718	4.49	11.65	4.98
20090719	8.6	12.46	3.81
20090720	0.54	12.04	2.34
20090721	11.43	12.96	1.53
20090722	15.67	13.12	3.51
20090723	8.29	13.23	7.23
20090724	2.12	11.57	5.85
20090725	2.36	10.86	2.8
20090726	2.24	12.17	1.81
20090727	0.51	13.39	1.48
20090728	1.06	12.82	1.04
20090729	0.0	13.43	0.8
20090730	0.42	11.52	0.64
20090731	7.15	12.21	0.48
20090801	6.19	13.83	0.52
20090802	1.17	13.33	0.59
20090803	0.01	13.2	0.55
20090804	0.63	15.95	0.51
20090805	0.0	15.16	0.44
20090806	0.55	13.95	0.39
20090807	7.87	12.63	0.37
20090808	0.45	12.89	0.73
20090809	3.21	13.07	0.86
20090810	0.82	12.91	0.77
20090811	2.21	12.22	0.66
20090812	1.38	12.53	0.57
20090813	0.06	12.13	0.54
20090814	13.42	11.04	0.95
20090815	3.58	13.29	2.39
20090816	0.38	12.8	2.33
20090817	7.21	11.49	2.26
20090818	4.08	12.53	2.78
20090819	7.03	15.03	2.07
20090820	2.1	12.85	3.33
20090821	1.34	11.76	2.53
20090822	7.54	11.51	1.46
20090823	1.26	13.37	1.62
20090824	0.0	12.56	1.63
20090825	0.29	11.51	1.09
20090826	5.66	11.38	0.86
20090827	12.07	11.11	1.12
20090828	13.02	10.57	5.31
20090829	3.94	10.86	9.04
20090830	1.43	11.79	5.05
20090831	2.53	13.17	2.48
20090901	2.26	11.47	1.64
20090902	5.47	10.99	1.21
20090903	44.15	10.12	8.44
20090904	2.85	10.73	19.82
20090905	9.66	10.84	7.6
20090906	6.51	12.04	8.55
20090907	2.28	12.39	6.09
20090908	2.26	13.38	3.27
20090909	0.45	11.69	2.22
20090910	0.0	12.05	1.52
20090911	0.0	11.64	1.11
20090912	0.14	11.81	0.89
20090913	0.28	11.8	0.7
20090914	0.09	10.99	0.61
20090915	0.06	10.48	0.57
20090916	0.0	10.09	0.52
20090917	0.0	9.94	0.45
20090918	0.13	9.95	0.41
20090919	0.42	9.22	0.4
20090920	0.84	9.98	0.36
20090921	2.94	12.63	0.36
20090922	2.52	11.62	0.43
20090923	5.06	10.12	0.52
20090924	0.18	11.66	1.02
20090925	0.0	12.54	0.98
20090926	0.45	12.95	0.77
20090927	7.36	12.78	0.75
20090928	11.69	10.76	2.35
20090929	0.28	8.43	4.75
20090930	1.22	7.48	2.54
20091001	2.17	5.82	1.45
20091002	18.18	6.83	1.54
20091003	14.08	7.97	9.23
20091004	0.21	4.98	9.02
20091005	6.61	6.01	3.63
20091006	1.84	7.61	3.74
20091007	5.15	5.93	2.81
20091008	0.18	4.83	2.88
20091009	2.11	6.82	2.07
20091010	6.11	9.03	1.7
20091011	2.42	7.76	3.05
20091012	12.54	7.2	2.94
20091013	8.65	10.47	6.16
20091014	0.0	12.36	5.46
20091015	1.4	9.92	2.76
20091016	0.01	6.05	1.79
20091017	0.72	4.81	1.29
20091018	0.11	6.31	1.04
20091019	1.59	5.76	0.87
20091020	1.14	9.18	0.8
20091021	26.59	10.0	2.94
20091022	5.82	9.18	19.21
20091023	0.32	9.74	9.62
20091024	16.33	9.36	7.65
20091025	3.56	9.93	10.59
20091026	1.04	7.88	5.71
20091027	26.99	8.4	9.2
20091028	1.0	11.61	13.37
20091029	3.56	11.18	5.17
20091030	2.99	12.39	3.42
20091031	0.92	10.77	2.51
20091101	27.27	8.33	7.98
20091102	3.5	7.28	14.02
20091103	10.88	6.06	8.3
20091104	2.55	4.67	7.28
20091105	2.27	3.83	4.4
20091106	3.87	3.39	3.35
20091107	0.16	1.79	2.82
20091108	0.28	0.82	1.87
20091109	3.22	2.28	1.37
20091110	0.18	4.42	1.48
20091111	1.07	2.6	1.5
20091112	3.11	7.12	1.47
20091113	8.61	5.44	1.91
20091114	3.82	6.06	4.57
20091115	0.3	6.39	4.48
20091116	4.7	7.6	2.62
20091117	0.42	6.35	2.48
20091118	6.0	4.96	2.39
20091119	6.06	9.89	3.66
20091120	2.19	7.73	5.17
20091121	2.6	6.74	4.05
20091122	0.85	6.61	2.78
20091123	5.74	5.08	2.2
20091124	7.96	5.25	6.07
20091125	12.21	5.05	7.06
20091126	4.34	5.1	10.35
20091127	3.69	3.37	5.76
20091128	5.51	2.59	5.59
20091129	0.72	1.49	4.01
20091130	2.64	0.04	2.23
20091201	5.38	0.46	1.57
20091202	5.91	3.77	1.89
20091203	4.3	3.69	4.03
20091204	2.26	1.86	4.15
20091205	3.58	5.28	2.86
20091206	0.58	6.32	3.06
20091207	0.07	3.99	2.09
20091208	1.88	3.21	1.42
20091209	0.93	5.58	1.34
20091210	0.25	1.25	1.22
20091211	0.03	-0.11	0.95
20091212	0.35	-1.36	0.74
20091213	1.84	-2.03	0.62
20091214	3.01	4.63	1.02
20091215	4.17	4.33	2.06
20091216	2.91	4.45	3.04
20091217	0.85	0.59	2.48
20091218	2.2	-1.02	1.6
20091219	10.57	-1.61	1.29
20091220	10.19	-1.63	1.01
20091221	11.76	-0.56	1.0
20091222	2.21	-4.84	0.89
20091223	0.09	-2.84	0.9
20091224	0.0	-6.46	0.97
20091225	0.13	-2.33	1.5
20091226	0.04	-6.52	2.92
20091227	0.15	-3.46	2.74
20091228	2.11	-6.24	2.62
20091229	2.61	-7.04	2.54
20091230	6.27	-0.07	2.25
20091231	6.99	-1.17	2.12
20100101	6.55	-0.44	2.02
20100102	1.65	-1.61	1.9
20100103	2.61	-3.47	1.68
20100104	8.15	-1.24	1.48
20100105	2.82	-1.35	1.26
20100106	2.59	-3.98	1.24
20100107	0.02	-6.14	1.11
20100108	2.41	-8.95	1.31
20100109	0.0	-2.61	1.15
20100110	0.0	-9.65	1.33
20100111	0.01	0.44	1.09
20100112	0.86	2.53	1.27
20100113	3.0	1.9	3.64
20100114	0.69	1.23	5.62
20100115	2.08	3.54	4.64
20100116	0.48	4.25	12.66
20100117	1.23	3.33	8.1
20100118	0.14	3.44	5.3
20100119	0.2	1.25	3.98
20100120	0.0	2.45	3.03
20100121	4.34	2.55	2.32
20100122	0.03	2.68	3.33
20100123	5.01	0.89	2.84
20100124	1.6	1.26	3.33
20100125	2.17	0.73	3.24
20100126	1.02	3.85	3.69
20100127	2.2	5.47	10.04
20100128	7.83	2.06	6.32
20100129	3.64	-0.91	4.49
20100130	2.76	-0.87	2.31
20100131	1.83	-0.62	1.55
20100201	7.42	-0.46	1.22
20100202	1.88	-0.75	1.17
20100203	5.58	-2.48	1.01
20100204	12.45	1.7	0.97
20100205	6.47	3.76	5.28
20100206	0.61	3.23	12.15
20100207	0.72	2.77	8.45
20100208	0.08	1.27	5.05
20100209	0.65	1.25	2.89
20100210	0.88	0.32	1.95
20100211	1.56	1.54	1.66
20100212	0.62	0.85	2.17
20100213	2.61	1.45	2.07
20100214	5.56	3.87	3.57
20100215	2.37	2.01	6.1
20100216	13.48	-0.49	4.58
20100217	1.72	-0.25	3.4
20100218	0.3	-2.96	2.22
20100219	0.04	-4.06	1.4
20100220	0.06	-3.84	1.09
20100221	0.14	-4.18	1.02
20100222	0.07	-4.48	0.83
20100223	0.26	-4.44	0.77
20100224	14.3	-2.49	0.61
20100225	6.89	-0.34	0.65
20100226	2.04	0.46	0.62
20100227	1.86	0.55	0.59
20100228	1.28	0.64	0.58
20100301	1.69	-1.84	0.55
20100302	0.94	-1.52	0.58
20100303	0.0	-3.65	0.56
20100304	3.93	-1.68	0.53
20100305	2.15	3.74	2.23
20100306	0.08	4.02	8.3
20100307	0.0	3.26	7.42
20100308	0.07	0.97	4.44
20100309	0.01	0.38	2.66
20100310	0.04	1.47	1.97
20100311	5.77	4.92	4.65
20100312	0.33	3.98	7.83
20100313	7.44	5.22	6.13
20100314	10.42	5.21	8.07
20100315	0.24	5.61	8.76
20100316	1.61	4.08	4.3
20100317	0.18	6.57	2.79
20100318	3.16	8.35	2.68
20100319	0.52	7.19	3.24
20100320	0.24	5.31	2.32
20100321	0.59	3.84	1.5
20100322	0.95	5.33	1.14
20100323	0.02	5.5	0.97
20100324	0.37	4.68	0.87
20100325	6.2	3.69	0.81
20100326	4.5	5.37	1.53
20100327	8.07	5.44	2.23
20100328	3.78	3.82	5.0
20100329	7.25	1.13	3.94
20100330	3.32	1.5	3.52
20100331	15.91	0.87	3.01
20100401	0.95	2.16	3.77
20100402	1.77	2.32	4.42
20100403	12.79	2.52	4.83
20100404	2.49	3.54	6.16
20100405	2.57	6.83	5.09
20100406	1.2	6.71	4.58
20100407	1.55	5.78	2.75
20100408	1.84	7.13	2.02
20100409	0.03	7.44	1.67
20100410	0.0	7.61	1.38
20100411	0.0	7.17	1.11
20100412	0.0	6.31	0.91
20100413	0.0	5.81	0.76
20100414	0.0	4.64	0.68
20100415	0.0	6.52	0.62
20100416	1.33	6.15	0.58
20100417	6.44	5.76	0.59
20100418	0.25	2.02	1.04
20100419	9.56	2.29	0.98
20100420	2.2	2.66	2.23
20100421	2.09	3.69	2.18
20100422	0.27	3.66	1.83
20100423	7.91	1.97	1.31
20100424	0.72	7.09	2.02
20100425	2.9	8.44	1.87
20100426	0.0	8.84	1.5
20100427	7.03	8.91	1.13
20100428	0.69	10.55	1.51
20100429	1.04	9.26	1.5
20100430	3.13	7.02	1.14
20100501	0.33	4.59	0.98
20100502	1.32	4.09	0.88
20100503	2.16	4.52	0.8
20100504	1.0	6.93	0.75
20100505	0.28	8.56	0.79
20100506	0.48	6.64	0.72
20100507	0.0	6.44	0.6
20100508	0.08	5.25	0.54
20100509	1.14	5.34	0.49
20100510	1.43	2.69	0.44
20100511	2.34	1.88	0.4
20100512	0.58	4.03	0.4
20100513	0.24	6.04	0.4
20100514	0.86	7.43	0.39
20100515	0.57	7.35	0.42
20100516	0.01	7.54	0.42
20100517	0.01	8.02	0.38
20100518	0.07	9.49	0.32
20100519	0.0	11.14	0.31
20100520	0.08	12.4	0.29
20100521	1.4	14.12	0.28
20100522	0.01	13.67	0.29
20100523	0.76	11.99	0.3
20100524	0.98	7.99	0.27
20100525	1.02	5.48	0.25
20100526	3.54	5.09	0.24
20100527	4.36	5.21	0.24
20100528	6.48	6.08	0.38
20100529	16.45	7.49	0.93
20100530	0.0	8.2	2.73
20100531	0.16	9.46	1.54
20100601	0.14	10.88	0.97
20100602	0.0	11.58	0.67
20100603	0.0	11.83	0.47
20100604	1.21	11.96	0.4
20100605	6.16	12.18	0.36
20100606	2.05	10.25	0.41
20100607	1.84	10.33	0.47
20100608	7.08	9.9	0.73
20100609	0.0	9.57	1.09
20100610	0.02	9.03	0.93
20100611	1.14	9.51	0.74
20100612	1.15	9.52	0.48
20100613	0.92	8.99	0.41
20100614	0.0	9.0	0.38
20100615	0.11	9.88	0.35
20100616	0.71	13.23	0.32
20100617	0.09	13.97	0.32
20100618	0.0	10.1	0.29
20100619	0.0	8.59	0.27
20100620	0.08	10.71	0.18
20100621	0.64	12.07	0.16
20100622	0.0	13.05	0.16
20100623	0.28	13.52	0.17
20100624	0.18	12.54	0.19
20100625	0.15	12.45	0.16
20100626	0.44	13.01	0.15
20100627	2.69	14.34	0.15
20100628	1.78	14.03	0.17
20100629	0.1	13.08	0.18
20100630	1.13	13.45	0.14
20100701	1.82	14.77	0.14
20100702	0.25	15.3	0.14
20100703	6.65	13.4	0.15
20100704	7.95	12.28	0.2
20100705	2.67	11.82	0.63
20100706	6.16	11.39	0.72
20100707	0.15	13.1	0.98
20100708	1.35	12.61	0.82
20100709	11.75	10.98	1.04
20100710	6.12	11.1	1.57
20100711	5.06	12.35	1.64
20100712	0.68	11.04	1.54
20100713	0.06	11.94	0.99
20100714	16.79	10.21	0.75
20100715	11.71	11.15	5.64
20100716	7.23	10.87	6.04
20100717	0.37	11.68	3.91
20100718	0.01	13.16	1.94
20100719	3.26	13.32	1.17
20100720	2.16	13.67	0.88
20100721	4.87	11.02	1.23
20100722	0.0	10.12	1.55
20100723	0.01	10.83	1.07
20100724	0.68	12.35	0.75
20100725	0.6	12.89	0.61
20100726	5.71	12.84	0.49
20100727	2.27	13.04	0.53
20100728	0.77	12.92	0.57
20100729	0.02	11.96	0.54
20100730	6.01	11.23	0.49
20100731	3.45	12.33	0.6
20100801	0.05	11.74	0.74
20100802	0.69	11.58	0.78
20100803	0.22	12.43	0.66
20100804	3.02	12.37	0.53
20100805	0.16	12.29	0.44
20100806	0.23	12.23	0.37
20100807	0.01	13.31	0.34
20100808	9.09	12.67	0.28
20100809	6.09	12.17	0.46
20100810	11.22	10.63	1.4
20100811	4.79	11.34	2.65
20100812	2.48	12.12	3.38
20100813	0.11	11.72	3.03
20100814	0.0	11.67	1.85
20100815	0.0	12.35	1.07
20100816	12.92	12.03	0.74
20100817	1.64	12.54	1.51
20100818	0.0	11.2	1.76
20100819	3.21	11.04	1.13
20100820	1.09	13.1	1.03
20100821	2.48	13.08	0.78
20100822	4.61	11.37	0.63
20100823	10.74	10.41	1.06
20100824	2.57	10.24	3.81
20100825	0.36	9.83	2.39
20100826	1.66	8.85	1.41
20100827	1.69	9.1	1.16
20100828	11.61	10.25	0.97
20100829	0.87	9.33	3.94
20100830	0.07	9.73	2.63
20100831	0.04	9.54	1.35
20100901	0.51	10.03	0.87
20100902	0.0	11.73	0.64
20100903	0.0	12.12	0.5
20100904	0.0	12.73	0.42
20100905	0.0	13.41	0.33
20100906	0.0	13.41	0.27
20100907	4.17	12.43	0.29
20100908	0.0	13.1	0.31
20100909	2.64	11.81	0.3
20100910	1.29	12.02	0.28
20100911	7.41	10.8	0.32
20100912	5.07	11.48	0.49
20100913	11.47	13.06	1.91
20100914	26.83	8.8	5.53
20100915	4.84	9.61	13.24
20100916	1.21	8.39	7.02
20100917	0.64	7.48	3.01
20100918	0.26	7.99	1.71
20100919	12.96	8.28	1.24
20100920	0.88	9.84	3.56
20100921	5.73	11.79	2.87
20100922	17.7	11.89	3.98
20100923	4.56	8.99	7.74
20100924	0.64	6.21	4.18
20100925	0.03	6.52	2.22
20100926	0.09	5.62	1.38
20100927	0.28	6.58	0.98
20100928	3.74	10.89	0.78
20100929	13.55	10.3	3.53
20100930	0.13	8.56	3.79
20101001	9.91	9.95	4.43
20101002	0.27	9.68	4.82
20101003	1.26	10.45	2.34
20101004	1.0	10.92	1.44
20101005	0.24	10.66	1.07
20101006	0.15	9.94	0.83
20101007	0.14	10.57	0.67
20101008	0.0	11.21	0.55
20101009	0.0	11.14	0.52
20101010	0.0	9.32	0.48
20101011	0.0	6.21	0.44
20101012	0.07	6.13	0.4
20101013	0.18	7.53	0.41
20101014	0.53	9.07	0.4
20101015	4.39	7.89	0.39
20101016	0.0	6.37	0.38
20101017	3.76	7.88	0.4
20101018	12.98	7.34	0.72
20101019	5.42	3.5	4.02
20101020	10.64	1.39	3.94
20101021	2.57	3.92	5.49
20101022	0.09	3.15	3.33
20101023	3.67	3.16	1.89
20101024	0.31	2.6	1.77
20101025	6.12	4.57	1.49
20101026	6.29	9.6	2.65
20101027	4.95	8.65	4.27
20101028	5.21	7.52	3.65
20101029	10.42	10.1	4.74
20101030	0.74	7.2	5.46
20101031	0.16	4.78	2.67
20101101	5.31	4.09	1.87
20101102	10.49	7.13	5.85
20101103	4.03	4.86	5.95
20101104	3.75	3.92	3.66
20101105	0.45	3.97	2.79
20101106	0.64	1.78	1.87
20101107	1.44	1.7	1.24
20101108	6.01	5.06	1.2
20101109	0.3	3.03	1.68
20101110	7.18	1.41	1.45
20101111	3.09	4.54	2.92
20101112	5.59	5.03	3.24
20101113	0.73	2.8	3.07
20101114	0.37	1.8	2.01
20101115	0.18	0.25	1.37
20101116	0.18	2.58	0.98
20101117	0.26	5.87	0.8
20101118	2.2	5.86	0.79
20101119	1.1	5.88	0.91
20101120	0.94	3.36	0.93
20101121	2.51	1.67	0.87
20101122	1.63	2.84	1.1
20101123	4.07	1.94	1.32
20101124	4.13	0.88	1.77
20101125	6.5	-0.26	1.42
20101126	10.22	-0.13	1.15
20101127	4.72	-3.23	0.89
20101128	2.37	-2.65	0.81
20101129	7.11	-3.02	0.84
20101130	12.53	-5.47	1.1
20101201	2.02	-8.92	1.62
20101202	0.0	-8.83	2.8
20101203	1.98	-2.68	4.08
20101204	6.67	-0.45	4.36
20101205	4.07	-2.32	2.73
20101206	1.3	-2.97	1.46
20101207	1.17	-5.25	1.18
20101208	2.31	-3.58	0.97
20101209	12.08	1.98	1.0
20101210	2.32	5.4	22.79
20101211	0.12	5.12	31.05
20101212	0.0	0.93	10.37
20101213	0.71	-0.77	3.98
20101214	0.59	2.28	3.19
20101215	5.45	4.36	4.48
20101216	5.36	-1.58	5.67
20101217	2.35	-4.82	2.73
20101218	5.94	-6.44	1.83
20101219	7.78	-3.48	1.34
20101220	0.64	-4.39	1.08
20101221	0.0	-9.03	1.59
20101222	0.37	-14.98	2.46
20101223	2.22	-7.29	3.64
20101224	1.32	-6.33	4.82
20101225	0.92	-3.03	5.71
20101226	7.11	-0.93	5.56
20101227	0.51	0.55	5.73
20101228	0.15	2.74	4.03
20101229	0.11	2.36	4.23
20101230	0.72	2.08	4.34
20101231	0.62	3.87	8.88
20110101	0.36	0.82	10.54
20110102	2.26	0.01	3.94
20110103	3.29	2.79	3.21
20110104	1.39	3.02	4.97
20110105	12.98	0.01	3.71
20110106	1.08	-1.77	4.38
20110107	1.74	-2.75	2.33
20110108	2.58	-3.5	1.43
20110109	5.15	-1.2	1.03
20110110	0.81	0.05	0.91
20110111	5.74	-1.8	0.81
20110112	8.25	1.83	0.96
20110113	3.35	3.26	5.52
20110114	1.89	4.21	8.6
20110115	2.46	6.69	8.53
20110116	6.33	6.45	9.09
20110117	1.78	3.25	7.43
20110118	1.96	1.96	4.28
20110119	0.0	3.44	3.27
20110120	0.25	0.91	2.15
20110121	2.85	3.64	1.78
20110122	0.82	4.01	1.98
20110123	0.69	4.76	1.7
20110124	8.4	5.6	3.13
20110125	2.29	5.12	4.62
20110126	0.62	2.46	3.12
20110127	0.15	0.15	2.05
20110128	0.11	0.96	1.37
20110129	0.0	2.06	1.04
20110130	0.91	2.69	0.87
20110131	1.69	6.18	0.94
20110201	5.8	4.46	1.46
20110202	7.37	4.87	2.67
20110203	15.7	1.68	3.16
20110204	13.47	2.13	4.75
20110205	1.97	2.61	8.62
20110206	2.31	2.11	4.37
20110207	2.88	1.58	3.03
20110208	0.44	2.07	2.51
20110209	5.66	4.03	2.3
20110210	0.34	1.78	3.51
20110211	9.54	0.63	2.65
20110212	2.04	2.72	5.5
20110213	7.64	3.11	4.57
20110214	1.65	2.33	4.2
20110215	5.92	2.2	3.02
20110216	1.97	3.37	4.78
20110217	0.08	2.32	4.18
20110218	3.13	2.72	2.25
20110219	0.39	2.85	1.96
20110220	0.0	2.97	1.66
20110221	0.15	2.24	1.34
20110222	3.55	3.11	1.07
20110223	2.19	6.8	2.1
20110224	2.9	8.46	2.81
20110225	1.55	8.2	2.57
20110226	0.86	4.07	2.09
20110227	0.08	2.84	1.49
20110228	0.0	1.77	1.11
20110301	0.06	5.51	0.89
20110302	0.14	5.14	0.79
20110303	0.0	4.36	0.69
20110304	0.14	5.31	0.64
20110305	0.0	3.81	0.55
20110306	0.0	4.24	0.51
20110307	1.01	5.7	0.46
20110308	4.6	4.55	0.57
20110309	17.49	0.24	0.8
20110310	4.1	1.4	5.54
20110311	4.37	0.3	4.55
20110312	5.6	-1.16	2.68
20110313	12.58	1.03	2.22
20110314	0.19	1.97	2.21
20110315	3.17	1.2	2.35
20110316	0.19	1.8	2.6
20110317	1.82	2.84	3.06
20110318	1.15	1.28	3.08
20110319	0.0	3.64	2.87
20110320	0.03	6.33	3.54
20110321	2.88	9.03	5.78
20110322	0.3	7.45	4.92
20110323	0.07	7.95	2.44
20110324	0.2	6.27	1.52
20110325	4.82	5.04	1.1
20110326	3.05	5.04	1.15
20110327	0.29	4.45	1.58
20110328	0.58	3.62	1.23
20110329	2.97	4.59	1.0
20110330	3.67	5.43	1.32
20110331	5.55	5.95	2.28
20110401	16.71	9.64	2.46
20110402	0.75	7.04	6.28
20110403	2.33	5.88	3.72
20110404	4.1	6.39	2.38
20110405	3.31	9.8	2.46
20110406	16.39	9.29	6.73
20110407	0.03	7.15	7.51
20110408	0.0	9.38	2.76
20110409	0.0	9.11	1.53
20110410	2.9	11.57	1.09
20110411	2.47	7.64	0.94
20110412	2.39	5.71	0.83
20110413	2.41	6.61	0.78
20110414	0.03	8.58	0.74
20110415	0.17	7.94	0.64
20110416	0.0	7.56	0.56
20110417	0.28	9.46	0.5
20110418	0.58	8.18	0.43
20110419	0.59	8.63	0.42
20110420	0.36	8.36	0.38
20110421	0.45	9.12	0.35
20110422	0.54	9.98	0.32
20110423	5.11	8.87	0.33
20110424	0.0	7.77	0.31
20110425	0.0	7.57	0.29
20110426	0.0	6.35	0.25
20110427	0.09	6.96	0.24
20110428	2.8	8.96	0.23
20110429	0.0	8.98	0.22
20110430	0.0	10.23	0.21
20110501	0.03	8.83	0.21
20110502	0.0	7.45	0.19
20110503	0.07	6.91	0.19
20110504	0.0	6.52	0.17
20110505	1.41	7.96	0.17
20110506	1.08	10.91	0.18
20110507	8.91	12.34	0.19
20110508	1.47	11.29	0.38
20110509	1.84	11.44	0.43
20110510	0.76	10.52	0.39
20110511	3.67	9.87	0.35
20110512	5.97	8.53	0.47
20110513	4.96	7.82	0.89
20110514	3.66	7.61	1.11
20110515	10.06	8.49	1.38
20110516	0.81	10.05	3.39
20110517	2.37	8.87	2.45
20110518	3.11	8.34	1.68
20110519	2.33	8.45	1.35
20110520	5.49	6.8	1.14
20110521	7.22	8.78	2.26
20110522	6.38	7.91	5.11
20110523	12.35	7.57	5.5
20110524	3.99	6.88	6.45
20110525	5.84	7.3	3.61
20110526	3.63	7.69	4.61
20110527	4.52	7.85	4.19
20110528	2.98	7.54	4.18
20110529	5.37	7.28	4.51
20110530	1.0	7.46	3.43
20110531	26.17	8.09	2.06
20110601	1.48	11.29	1.54
20110602	0.09	14.14	1.78
20110603	0.08	15.14	1.31
20110604	0.0	8.59	0.87
20110605	5.18	7.99	0.66
20110606	1.7	8.19	0.63
20110607	20.63	8.3	1.07
20110608	5.35	9.02	4.38
20110609	0.34	8.58	3.91
20110610	0.09	7.85	1.93
20110611	5.86	7.95	1.25
20110612	5.6	9.11	1.19
20110613	18.01	8.73	7.81
20110614	0.0	10.62	6.85
20110615	5.63	11.59	2.6
20110616	7.24	9.57	1.89
20110617	0.05	9.95	2.28
20110618	0.2	10.68	1.48
20110619	0.36	9.67	1.02
20110620	1.14	10.39	0.75
20110621	0.53	10.01	0.73
20110622	0.3	9.28	0.68
20110623	4.64	8.79	0.59
20110624	1.12	8.62	0.53
20110625	1.07	11.16	0.48
20110626	2.64	12.71	0.45
20110627	0.0	11.09	0.47
20110628	0.1	11.03	0.44
20110629	1.61	10.15	0.39
20110630	0.56	10.42	0.35
20110701	0.0	10.73	0.3
20110702	0.0	11.22	0.27
20110703	0.0	12.4	0.24
20110704	0.0	13.95	0.22
20110705	4.21	13.81	0.22
20110706	0.92	12.4	0.24
20110707	0.04	12.76	0.23
20110708	2.91	12.16	0.22
20110709	23.98	12.1	0.66
20110710	19.61	12.21	6.09
20110711	0.17	11.08	7.0
20110712	0.0	10.8	2.71
20110713	0.0	10.8	1.41
20110714	0.0	12.65	0.92
20110715	3.68	12.8	0.66
20110716	10.76	13.27	0.74
20110717	9.45	13.03	8.46
20110718	3.37	12.58	8.43
20110719	1.31	11.41	2.87
20110720	0.07	10.34	1.83
20110721	0.46	9.83	1.19
20110722	0.13	9.77	0.84
20110723	0.0	9.87	0.67
20110724	0.42	10.24	0.52
20110725	1.76	10.46	0.41
20110726	0.0	10.83	0.34
20110727	2.74	12.76	0.32
20110728	0.0	11.56	0.32
20110729	0.0	11.45	0.28
20110730	0.73	12.48	0.25
20110731	0.36	13.0	0.24
20110801	3.25	13.92	0.26
20110802	0.71	12.97	0.26
20110803	0.29	13.37	0.24
20110804	8.66	13.47	0.26
20110805	0.01	12.94	0.29
20110806	11.58	10.9	0.24
20110807	17.3	10.59	1.65
20110808	3.13	10.38	3.77
20110809	3.93	9.94	2.84
20110810	24.13	9.04	8.37
20110811	0.0	10.3	8.53
20110812	4.03	11.63	3.03
20110813	0.44	13.86	1.79
20110814	0.2	12.16	1.32
20110815	1.6	10.93	0.94
20110816	1.18	10.38	0.73
20110817	0.58	10.76	0.59
20110818	8.24	10.28	0.59
20110819	1.08	10.51	0.97
20110820	0.61	12.37	0.9
20110821	0.72	12.35	0.81
20110822	0.17	11.14	0.64
20110823	0.0	10.94	0.51
20110824	3.95	11.32	0.45
20110825	1.9	10.03	0.42
20110826	3.19	10.11	0.47
20110827	20.12	10.2	1.5
20110828	15.2	8.45	18.99
20110829	4.57	9.34	12.44
20110830	1.89	9.95	4.29
20110831	1.3	9.24	2.39
20110901	6.28	10.68	1.5
20110902	5.1	12.06	2.21
20110903	2.0	11.75	2.86
20110904	1.37	10.51	2.24
20110905	2.95	10.42	1.53
20110906	9.64	11.05	2.95
20110907	9.93	9.91	5.84
20110908	1.77	9.73	6.27
20110909	3.97	9.33	3.22
20110910	2.52	13.46	2.81
20110911	3.66	12.25	2.61
20110912	25.06	11.7	3.86
20110913	5.54	11.01	12.97
20110914	2.7	8.75	7.0
20110915	0.07	7.87	3.65
20110916	8.89	8.57	2.65
20110917	5.27	10.52	6.8
20110918	1.33	10.28	5.7
20110919	0.75	9.38	2.98
20110920	1.21	9.73	1.8
20110921	15.01	9.27	2.87
20110922	3.74	9.25	6.15
20110923	0.69	11.59	3.79
20110924	0.2	11.86	2.31
20110925	9.47	11.07	1.61
20110926	1.17	9.55	3.33
20110927	3.45	12.23	3.04
20110928	0.03	16.28	2.94
20110929	0.61	14.93	1.82
20110930	2.44	14.53	1.27
20111001	2.16	10.58	1.04
20111002	0.17	9.8	0.93
20111003	7.16	10.55	0.82
20111004	3.06	9.13	1.53
20111005	5.49	10.32	2.19
20111006	8.13	5.84	4.55
20111007	3.28	7.4	4.24
20111008	7.58	7.51	3.1
20111009	3.21	10.21	5.05
20111010	3.02	8.1	3.69
20111011	0.72	6.24	3.24
20111012	0.09	5.55	2.43
20111013	0.03	8.69	1.59
20111014	0.0	12.23	1.16
20111015	0.27	11.77	0.95
20111016	7.54	8.84	0.78
20111017	8.28	5.72	1.53
20111018	20.46	5.07	8.64
20111019	3.03	2.97	9.29
20111020	3.52	5.11	4.18
20111021	2.14	10.02	3.41
20111022	3.33	10.11	2.6
20111023	0.41	9.41	1.85
20111024	0.03	11.31	1.39
20111025	1.56	10.32	1.12
20111026	0.33	7.52	0.96
20111027	1.07	7.82	0.81
20111028	0.0	7.68	0.68
20111029	1.81	10.74	0.68
20111030	0.26	10.43	0.67
20111031	1.22	12.21	0.68
20111101	0.09	8.0	0.66
20111102	0.07	9.29	0.58
20111103	0.79	11.48	0.61
20111104	0.0	9.39	0.6
20111105	0.13	4.34	0.55
20111106	0.12	5.17	0.48
20111107	0.07	6.29	0.45
20111108	0.0	6.84	0.4
20111109	0.11	9.44	0.42
20111110	0.0	9.73	0.4
20111111	1.08	9.19	0.36
20111112	0.07	8.27	0.4
20111113	0.12	5.78	0.38
20111114	0.13	7.33	0.35
20111115	0.0	6.68	0.34
20111116	1.15	4.66	0.36
20111117	1.8	7.15	0.34
20111118	0.26	10.96	0.38
20111119	0.0	9.93	0.47
20111120	0.06	8.46	0.52
20111121	5.12	8.22	0.51
20111122	1.23	5.54	0.93
20111123	1.56	7.88	1.13
20111124	2.85	7.17	1.01
20111125	12.24	2.88	1.41
20111126	19.3	8.62	10.85
20111127	3.84	5.36	12.81
20111128	2.89	6.86	6.25
20111129	4.19	5.26	3.2
20111130	5.42	4.93	2.84
20111201	4.77	1.88	5.09
20111202	16.15	2.42	4.16
20111203	6.94	2.81	8.4
20111204	3.36	-0.14	4.47
20111205	3.67	-1.47	2.35
20111206	2.72	-1.17	1.55
20111207	25.02	0.63	1.31
20111208	21.28	2.7	8.6
20111209	0.69	0.43	10.1
20111210	3.2	-0.41	3.83
20111211	2.96	2.56	2.25
20111212	8.06	2.23	2.0
20111213	6.95	2.39	3.56
20111214	11.8	3.64	12.17
20111215	1.11	0.63	11.02
20111216	2.24	-1.95	4.26
20111217	2.29	-0.46	2.16
20111218	0.11	-1.9	1.43
20111219	23.54	0.13	2.07
20111220	7.75	1.48	6.02
20111221	4.8	4.64	9.14
20111222	2.32	9.56	15.33
20111223	4.73	3.34	6.67
20111224	3.94	5.07	4.61
20111225	8.04	8.36	5.28
20111226	5.12	9.28	5.42
20111227	0.57	3.54	4.37
20111228	17.07	5.17	4.77
20111229	10.39	1.28	6.66
20111230	10.04	1.29	5.96
20111231	1.52	6.52	10.02
20120101	3.0	3.5	5.79
20120102	22.22	0.94	2.91
20120103	16.95	2.09	5.76
20120104	27.73	2.82	18.37
20120105	2.64	2.64	20.28
20120106	5.93	3.55	8.6
20120107	5.08	4.59	10.39
20120108	4.49	6.18	8.85
20120109	3.3	5.08	6.75
20120110	4.69	6.53	5.9
20120111	13.33	5.53	6.81
20120112	4.83	3.7	12.06
20120113	0.1	0.13	5.69
20120114	0.14	1.07	2.55
20120115	0.06	-2.02	1.56
20120116	0.11	-2.52	1.01
20120117	3.19	4.04	0.87
20120118	13.06	4.54	2.11
20120119	10.26	1.29	3.61
20120120	10.19	2.16	3.33
20120121	9.65	3.72	10.99
20120122	8.07	2.42	8.63
20120123	1.29	1.08	5.9
20120124	1.03	1.11	3.37
20120125	1.86	6.42	3.94
20120126	0.11	0.73	3.86
20120127	1.28	-0.27	1.99
20120128	0.22	1.33	1.3
20120129	0.0	1.73	0.98
20120130	0.0	1.47	0.85
20120131	0.0	1.8	0.73
20120201	0.1	-0.34	0.6
20120202	0.0	-1.67	0.52
20120203	2.8	-2.37	0.46
20120204	7.32	2.31	0.51
20120205	3.32	2.05	0.92
20120206	0.25	0.35	1.23
20120207	0.31	-0.54	0.86
20120208	9.23	2.33	0.9
20120209	0.47	4.93	2.28
20120210	0.31	4.25	2.53
20120211	0.3	4.04	1.94
20120212	1.31	2.58	1.49
20120213	0.0	5.2	1.34
20120214	2.83	6.13	1.29
20120215	1.38	6.45	1.33
20120216	2.23	6.36	1.44
20120217	12.98	4.81	1.83
20120218	4.33	1.45	6.37
20120219	4.7	-0.21	3.14
20120220	2.21	5.93	4.71
20120221	6.44	8.05	4.86
20120222	1.98	7.41	4.36
20120223	0.99	8.31	3.49
20120224	2.44	5.25	2.33
20120225	1.81	5.35	2.19
20120226	1.32	6.79	2.26
20120227	0.6	9.04	1.77
20120228	0.19	10.41	1.41
20120229	0.27	8.02	1.14
20120301	0.97	6.63	0.94
20120302	0.0	5.87	0.79
20120303	0.15	5.61	0.7
20120304	0.42	2.02	0.63
20120305	0.85	2.05	0.54
20120306	7.35	4.01	0.48
20120307	10.41	3.38	0.78
20120308	5.25	5.28	1.95
20120309	1.36	7.8	2.43
20120310	0.25	7.06	1.75
20120311	0.0	7.99	1.19
20120312	0.0	7.67	0.89
20120313	0.0	7.22	0.71
20120314	0.0	6.78	0.59
20120315	0.94	7.47	0.52
20120316	1.34	6.52	0.49
20120317	0.56	3.35	0.46
20120318	6.53	1.94	0.43
20120319	5.66	6.39	0.6
20120320	0.38	9.71	1.44
20120321	0.0	8.81	1.14
20120322	0.24	5.42	0.78
20120323	0.0	5.1	0.59
20120324	0.0	6.5	0.49
20120325	0.0	9.47	0.42
20120326	0.0	9.72	0.37
20120327	0.0	9.39	0.34
20120328	0.0	8.96	0.37
20120329	0.0	8.49	0.34
20120330	0.55	8.1	0.27
20120331	0.25	4.23	0.21
20120401	12.73	5.36	0.22
20120402	12.93	2.3	0.35
20120403	4.32	0.55	0.99
20120404	0.59	1.9	1.9
20120405	3.96	4.48	3.06
20120406	2.02	5.74	3.74
20120407	0.27	5.13	2.8
20120408	4.5	6.89	1.78
20120409	6.21	4.92	2.86
20120410	5.15	4.28	3.14
20120411	2.06	4.01	2.22
20120412	1.14	3.51	1.77
20120413	4.52	2.82	1.27
20120414	2.56	2.1	1.12
20120415	0.46	1.99	1.25
20120416	5.81	3.32	1.26
20120417	1.87	3.75	3.08
20120418	1.87	4.2	2.96
20120419	4.11	4.81	1.79
20120420	3.74	5.82	1.64
20120421	2.79	5.66	2.54
20120422	0.57	5.67	2.88
20120423	4.77	4.93	1.71
20120424	10.92	5.16	2.43
20120425	5.46	5.45	3.18
20120426	7.02	4.52	2.69
20120427	2.39	2.95	3.95
20120428	0.32	2.77	2.96
20120429	0.09	3.98	1.66
20120430	0.3	4.68	1.07
20120501	0.01	7.15	0.77
20120502	0.09	6.75	0.61
20120503	3.07	7.02	0.54
20120504	1.03	3.58	0.48
20120505	2.13	2.23	0.44
20120506	1.16	2.35	0.52
20120507	7.99	3.2	0.55
20120508	4.23	5.21	1.06
20120509	1.24	5.3	1.66
20120510	7.2	4.16	1.24
20120511	3.21	4.32	1.68
20120512	0.95	6.95	1.68
20120513	16.63	7.31	2.14
20120514	1.81	5.85	6.43
20120515	2.44	4.56	2.96
20120516	0.97	3.53	1.45
20120517	1.88	3.67	0.94
20120518	1.5	4.11	0.71
20120519	0.0	5.19	0.57
20120520	0.0	6.57	0.48
20120521	0.0	8.82	0.41
20120522	0.0	12.09	0.36
20120523	0.0	14.13	0.33
20120524	0.0	14.11	0.3
20120525	0.0	13.71	0.28
20120526	0.0	15.28	0.26
20120527	0.0	14.29	0.25
20120528	0.0	10.61	0.23
20120529	0.0	8.3	0.21
20120530	0.0	8.31	0.19
20120531	0.21	8.6	0.19
20120601	0.39	7.44	0.2
20120602	0.12	6.51	0.18
20120603	0.53	6.74	0.17
20120604	0.49	6.6	0.18
20120605	1.05	7.2	0.15
20120606	10.7	9.11	0.25
20120607	2.26	10.32	0.58
20120608	2.63	10.19	0.68
20120609	0.1	9.78	0.75
20120610	0.06	8.63	0.6
20120611	1.24	8.08	0.54
20120612	0.69	7.93	0.47
20120613	0.23	7.81	0.36
20120614	1.52	7.97	0.31
20120615	1.63	7.22	0.29
20120616	2.17	7.78	0.3
20120617	2.01	8.1	0.3
20120618	6.98	8.23	0.36
20120619	2.53	8.75	0.55
20120620	0.0	9.51	0.65
20120621	6.75	10.07	0.6
20120622	1.94	11.42	0.83
20120623	4.8	10.75	0.75
20120624	0.42	10.27	1.0
20120625	0.0	10.3	0.93
20120626	1.44	10.72	0.64
20120627	3.95	11.1	0.52
20120628	12.15	11.78	1.61
20120629	17.42	12.99	3.86
20120630	5.84	11.74	2.31
20120701	0.18	9.66	2.1
20120702	0.8	9.95	1.3
20120703	2.35	13.26	0.88
20120704	0.1	13.65	0.71
20120705	0.07	13.91	0.55
20120706	0.15	14.37	0.47
20120707	12.21	10.44	0.4
20120708	0.4	10.13	1.26
20120709	5.17	10.2	1.4
20120710	4.86	9.52	1.38
20120711	1.11	8.96	1.69
20120712	0.7	9.62	1.29
20120713	0.55	9.01	0.94
20120714	5.55	9.55	0.72
20120715	4.14	10.81	0.6
20120716	0.99	11.03	0.66
20120717	0.75	11.24	0.74
20120718	2.69	10.03	0.66
20120719	0.15	9.7	0.67
20120720	0.47	9.92	0.62
20120721	2.87	11.73	0.5
20120722	1.69	13.87	0.44
20120723	0.0	13.54	0.44
20120724	0.0	13.12	0.41
20120725	0.0	12.48	0.35
20120726	0.0	12.11	0.31
20120727	3.71	11.48	0.29
20120728	2.92	10.51	0.28
20120729	5.05	10.17	0.28
20120730	2.25	9.92	0.31
20120731	2.22	10.54	0.29
20120801	5.91	13.05	0.38
20120802	5.45	12.23	0.56
20120803	0.0	12.35	0.92
20120804	4.89	11.44	0.74
20120805	4.92	11.41	0.68
20120806	1.81	12.24	0.6
20120807	0.77	11.75	0.48
20120808	0.0	11.09	0.4
20120809	0.0	11.35	0.35
20120810	0.0	12.15	0.29
20120811	0.0	12.88	0.26
20120812	0.32	13.65	0.22
20120813	5.53	15.19	0.23
20120814	5.11	14.77	0.33
20120815	1.91	13.73	0.39
20120816	0.82	14.89	0.37
20120817	3.99	13.52	0.35
20120818	1.65	14.55	0.36
20120819	8.61	14.21	0.92
20120820	6.38	13.26	3.3
20120821	14.48	13.03	3.21
20120822	5.58	12.24	5.51
20120823	0.24	12.55	5.7
20120824	12.2	11.79	4.04
20120825	0.45	10.73	5.29
20120826	0.12	9.91	2.71
20120827	4.49	11.88	1.55
20120828	0.87	12.44	1.41
20120829	2.98	10.64	1.24
20120830	0.79	8.35	1.27
20120831	1.33	8.06	0.96
20120901	1.46	13.58	0.78
20120902	0.82	13.04	0.75
20120903	2.02	14.49	0.89
20120904	0.92	12.35	0.9
20120905	1.9	10.59	0.66
20120906	5.56	11.26	1.08
20120907	0.32	12.16	1.65
20120908	0.0	14.06	1.09
20120909	0.67	12.79	0.75
20120910	1.16	9.94	0.59
20120911	8.83	7.09	0.55
20120912	8.05	6.93	1.23
20120913	14.95	9.63	4.47
20120914	1.3	10.25	8.32
20120915	0.38	11.72	4.05
20120916	3.22	10.12	1.93
20120917	9.18	8.07	1.72
20120918	6.35	6.27	2.82
20120919	4.06	6.28	3.35
20120920	1.03	5.49	2.72
20120921	1.79	4.93	1.66
20120922	0.06	5.5	1.27
20120923	0.09	7.02	0.91
20120924	4.23	8.15	0.75
20120925	8.92	8.9	1.07
20120926	2.0	8.61	2.92
20120927	3.26	7.78	2.58
20120928	11.33	8.16	2.28
20120929	2.57	8.29	5.92
20120930	0.39	10.76	3.95
20121001	0.46	9.05	2.12
20121002	0.94	7.14	1.33
20121003	2.05	5.44	1.02
20121004	0.13	5.8	0.83
20121005	4.31	5.29	0.72
20121006	3.3	6.2	0.75
20121007	0.99	6.37	0.82
20121008	0.92	5.56	0.78
20121009	0.0	4.56	0.7
20121010	0.14	5.59	0.59
20121011	23.11	8.23	0.84
20121012	37.96	8.39	21.46
20121013	5.85	7.84	19.27
20121014	6.26	6.07	9.46
20121015	1.55	3.01	6.33
20121016	0.4	1.9	3.37
20121017	3.34	2.28	1.91
20121018	2.49	5.52	2.23
20121019	8.84	4.13	2.63
20121020	0.07	5.5	3.61
20121021	0.0	6.29	2.29
20121022	0.31	4.17	1.44
20121023	0.18	5.15	1.07
20121024	1.73	4.89	0.85
20121025	0.87	3.71	0.82
20121026	3.86	0.81	0.9
20121027	8.5	2.86	1.38
20121028	6.03	6.17	5.14
20121029	2.14	3.75	5.0
20121030	6.32	4.43	3.2
20121031	0.14	4.32	4.45
20121101	0.75	1.14	2.46
20121102	1.14	2.69	1.48
20121103	0.99	1.5	1.15
20121104	0.0	2.25	0.93
20121105	4.28	1.44	0.82
20121106	2.85	7.69	1.33
20121107	4.22	8.13	2.15
20121108	1.27	6.9	2.97
20121109	1.8	6.2	2.19
20121110	2.99	4.91	1.8
20121111	1.49	2.95	1.48
20121112	6.2	3.83	1.63
20121113	1.82	8.58	3.25
20121114	0.31	6.83	2.82
20121115	1.92	6.15	1.72
20121116	0.19	6.0	1.45
20121117	4.43	2.63	1.35
20121118	12.84	2.46	1.64
20121119	3.69	6.82	9.02
20121120	0.7	7.88	5.58
20121121	0.01	5.36	2.36
20121122	3.11	6.27	1.45
20121123	1.0	3.4	1.32
20121124	0.48	2.56	1.33
20121125	1.84	1.91	1.05
20121126	9.07	2.76	1.29
20121127	6.33	3.36	4.78
20121128	1.03	1.19	4.5
20121129	0.21	-0.76	2.49
20121130	2.62	-0.49	1.47
20121201	1.92	0.09	1.17
20121202	3.4	-1.89	0.9
20121203	15.96	0.84	1.19
20121204	2.82	0.04	3.17
20121205	0.6	-1.78	2.19
20121206	3.56	-0.28	1.41
20121207	4.06	1.84	1.91
20121208	10.4	3.07	8.55
20121209	5.87	3.48	16.59
20121210	0.93	0.53	7.68
20121211	0.06	-2.8	2.95
20121212	0.65	-1.95	1.59
20121213	1.54	-3.27	1.11
20121214	14.97	2.03	2.73
20121215	3.21	2.87	13.04
20121216	0.1	3.5	6.87
20121217	0.32	1.9	3.14
20121218	0.12	1.38	2.05
20121219	1.66	4.33	1.58
20121220	20.03	4.53	11.22
20121221	3.15	3.27	20.69
20121222	37.19	3.65	15.89
20121223	8.01	5.44	29.93
20121224	3.25	3.91	9.81
20121225	2.89	2.55	5.05
20121226	1.57	0.54	3.62
20121227	7.07	-0.38	2.03
20121228	2.2	5.92	5.28
20121229	6.25	5.22	5.08
20121230	10.12	2.39	4.32
20121231	5.71	3.78	7.68
20130101	5.05	2.47	7.4
20130102	2.42	6.38	6.11
20130103	0.45	8.09	4.64
20130104	0.0	8.85	2.76
20130105	0.59	6.77	1.77
20130106	2.18	6.01	1.36
20130107	5.57	6.9	1.46
20130108	1.0	6.14	2.25
20130109	1.16	5.22	2.41
20130110	0.69	3.05	1.87
20130111	0.26	1.49	1.48
20130112	3.23	0.56	1.14
20130113	3.91	1.68	1.14
20130114	4.7	0.58	1.49
20130115	0.25	-1.17	1.49
20130116	0.0	-1.72	1.02
20130117	0.5	0.36	0.76
20130118	0.15	0.62	0.64
20130119	1.05	0.49	0.66
20130120	0.6	-0.41	0.57
20130121	0.74	0.25	0.51
20130122	0.75	0.04	0.52
20130123	0.61	-1.42	0.5
20130124	3.82	-0.42	0.45
20130125	4.91	1.49	0.47
20130126	9.78	2.25	0.66
20130127	5.29	3.13	3.35
20130128	2.29	3.45	6.65
20130129	10.06	5.28	10.94
20130130	26.79	4.59	18.87
20130131	12.2	2.3	14.77
20130201	0.77	1.46	8.25
20130202	11.57	0.62	3.95
20130203	13.72	4.42	8.72
20130204	8.84	1.34	9.89
20130205	10.35	2.21	8.73
20130206	5.38	1.33	9.14
20130207	5.86	0.35	4.05
20130208	2.93	2.04	2.73
20130209	0.17	1.65	2.98
20130210	3.76	1.21	2.57
20130211	1.07	1.57	1.95
20130212	1.09	0.92	1.51
20130213	14.86	1.16	1.34
20130214	5.26	4.53	7.11
20130215	1.12	4.36	12.68
20130216	0.08	4.87	6.06
20130217	0.0	4.9	3.68
20130218	0.17	0.84	2.3
20130219	0.09	0.21	1.48
20130220	0.04	2.31	1.26
20130221	0.08	0.05	1.16
20130222	1.48	-1.4	0.85
20130223	0.3	0.44	0.75
20130224	0.17	-0.07	0.65
20130225	0.19	0.39	0.59
20130226	0.16	0.46	0.52
20130227	0.06	1.19	0.49
20130228	0.0	4.34	0.53
20130301	0.22	3.51	0.65
20130302	0.22	5.4	0.78
20130303	0.37	4.65	0.85
20130304	0.0	3.5	0.73
20130305	0.01	2.19	0.62
20130306	0.52	3.38	0.51
20130307	5.41	3.85	0.91
20130308	5.06	2.56	1.43
20130309	0.33	2.04	2.1
20130310	2.36	-0.82	1.52
20130311	0.37	-2.48	0.96
20130312	2.44	0.07	0.83
20130313	5.68	-0.65	0.82
20130314	6.94	0.76	1.27
20130315	1.2	3.1	4.19
20130316	4.67	0.95	3.77
20130317	10.25	2.47	4.77
20130318	4.63	1.06	6.99
20130319	1.69	-0.29	4.28
20130320	2.6	-0.02	2.53
20130321	0.95	-0.84	1.76
20130322	0.19	0.25	1.29
20130323	0.0	-0.33	0.96
20130324	0.83	0.22	0.79
20130325	1.42	0.44	0.72
20130326	1.47	-0.26	0.69
20130327	1.7	-0.79	0.69
20130328	0.34	-0.19	0.71
20130329	0.61	-0.87	0.77
20130330	0.17	-0.87	0.78
20130331	0.0	-0.77	0.73
20130401	0.0	0.29	0.65
20130402	0.08	0.59	0.6
20130403	0.0	1.99	0.55
20130404	1.15	2.45	0.53
20130405	0.6	1.82	0.58
20130406	2.9	0.87	0.63
20130407	0.29	0.38	0.6
20130408	0.47	0.32	0.55
20130409	0.85	0.95	0.51
20130410	2.34	2.06	0.48
20130411	0.0	3.06	0.58
20130412	0.08	2.49	0.71
20130413	2.83	3.78	0.67
20130414	0.85	8.94	1.37
20130415	0.69	8.44	1.62
20130416	5.89	7.35	1.38
20130417	14.0	5.65	3.07
20130418	6.18	5.91	4.92
20130419	0.0	5.2	3.46
20130420	1.27	7.38	1.65
20130421	2.28	6.02	1.06
20130422	3.14	6.27	0.91
20130423	2.84	6.34	1.08
20130424	0.89	5.92	1.17
20130425	2.88	4.7	1.13
20130426	4.81	3.22	1.07
20130427	4.34	3.76	1.68
20130428	11.91	4.93	2.27
20130429	4.97	4.84	6.02
20130430	3.02	5.0	4.09
20130501	0.12	4.88	2.05
20130502	21.48	2.66	2.53
20130503	12.5	3.67	8.03
20130504	1.44	4.72	7.91
20130505	1.32	9.48	5.17
20130506	5.45	7.99	2.41
20130507	0.03	9.3	2.21
20130508	1.57	9.66	1.55
20130509	0.04	8.06	1.1
20130510	9.42	6.61	0.83
20130511	2.94	6.94	1.4
20130512	2.64	6.39	1.6
20130513	12.44	4.38	2.86
20130514	7.03	6.0	7.16
20130515	1.32	5.51	5.89
20130516	0.93	6.04	2.97
20130517	2.41	6.34	1.66
20130518	0.79	7.81	1.19
20130519	0.04	10.11	1.16
20130520	0.44	9.93	0.98
20130521	3.28	8.08	0.72
20130522	15.4	5.81	0.7
20130523	3.63	3.83	2.86
20130524	0.06	6.55	2.88
20130525	0.0	8.41	1.61
20130526	0.07	9.45	0.97
20130527	0.45	9.2	0.71
20130528	0.0	9.83	0.58
20130529	0.0	9.92	0.52
20130530	0.16	10.72	0.4
20130531	1.34	8.42	0.37
20130601	3.03	7.86	0.34
20130602	0.0	8.8	0.32
20130603	0.44	11.3	0.3
20130604	0.0	12.25	0.28
20130605	0.18	9.96	0.27
20130606	0.06	10.19	0.26
20130607	0.0	10.4	0.24
20130608	0.0	10.72	0.23
20130609	0.0	10.71	0.22
20130610	0.0	10.93	0.2
20130611	3.13	10.38	0.2
20130612	3.36	11.49	0.24
20130613	0.25	10.45	0.23
20130614	0.95	11.3	0.2
20130615	0.07	10.22	0.21
20130616	0.19	10.61	0.2
20130617	0.15	11.22	0.19
20130618	0.0	11.68	0.19
20130619	0.54	11.23	0.18
20130620	1.57	11.63	0.18
20130621	3.57	11.65	0.19
20130622	4.46	10.96	0.2
20130623	8.04	9.7	0.45
20130624	0.48	8.98	1.39
20130625	1.33	9.89	1.01
20130626	0.0	10.47	0.66
20130627	2.6	11.07	0.47
20130628	1.12	11.26	0.4
20130629	0.4	10.37	0.31
20130630	1.24	12.42	0.27
20130701	0.22	10.05	0.26
20130702	2.91	10.22	0.23
20130703	0.33	12.25	0.23
20130704	0.35	12.96	0.22
20130705	0.0	13.05	0.2
20130706	0.0	14.11	0.19
20130707	0.0	12.55	0.17
20130708	0.0	15.47	0.16
20130709	0.53	15.11	0.17
20130710	0.03	12.73	0.15
20130711	0.0	14.36	0.14
20130712	0.0	16.03	0.15
20130713	0.0	12.06	0.14
20130714	1.0	12.58	0.13
20130715	0.0	14.55	0.13
20130716	0.09	16.33	0.12
20130717	0.23	15.58	0.13
20130718	0.0	17.25	0.13
20130719	0.0	14.5	0.11
20130720	0.0	14.92	0.11
20130721	0.0	14.57	0.1
20130722	0.0	13.84	0.1
20130723	1.14	15.22	0.1
20130724	0.76	16.46	0.1
20130725	0.91	14.9	0.11
20130726	1.64	14.55	0.11
20130727	7.64	14.13	0.11
20130728	7.21	12.64	0.15
20130729	6.62	13.58	0.18
20130730	1.99	13.39	0.26
20130731	5.24	12.91	0.27
20130801	9.78	13.24	0.27
20130802	1.05	16.67	0.39
20130803	0.26	13.38	0.43
20130804	0.0	13.16	0.35
20130805	0.66	11.62	0.3
20130806	6.37	11.69	0.25
20130807	4.17	11.24	0.23
20130808	1.39	12.71	0.21
20130809	1.67	12.65	0.23
20130810	2.34	11.35	0.2
20130811	3.81	10.8	0.21
20130812	3.6	10.71	0.26
20130813	1.13	11.02	0.31
20130814	5.32	13.65	0.3
20130815	2.6	14.57	0.35
20130816	1.52	12.96	0.5
20130817	4.65	12.82	0.45
20130818	0.59	11.03	0.49
20130819	0.0	11.88	0.46
20130820	8.65	12.64	0.4
20130821	0.38	13.78	0.46
20130822	0.17	13.75	0.72
20130823	2.51	14.6	0.72
20130824	1.06	12.58	0.61
20130825	0.0	13.61	0.59
20130826	5.78	13.49	0.5
20130827	0.3	12.27	0.44
20130828	0.21	10.4	0.38
20130829	0.03	12.74	0.35
20130830	0.87	12.64	0.32
20130831	1.9	10.04	0.29
20130901	2.79	11.68	0.28
20130902	1.17	14.51	0.85
20130903	0.02	14.59	1.5
20130904	1.14	13.94	0.99
20130905	0.18	10.32	0.67
20130906	4.41	7.49	0.5
20130907	0.76	10.65	0.42
20130908	0.01	10.38	0.49
20130909	0.45	9.1	0.45
20130910	4.0	10.64	0.38
20130911	0.37	11.13	0.31
20130912	5.73	10.68	0.36
20130913	0.68	7.77	0.46
20130914	5.79	8.33	0.46
20130915	6.91	8.52	1.07
20130916	9.01	6.8	3.21
20130917	5.19	7.8	4.22
20130918	2.13	7.47	3.39
20130919	1.74	7.56	2.07
20130920	0.48	9.82	1.46
20130921	3.05	11.86	1.08
20130922	0.16	14.57	1.51
20130923	0.11	13.36	1.55
20130924	2.63	11.11	1.08
20130925	0.01	8.65	0.92
20130926	0.0	6.93	0.78
20130927	2.9	10.28	0.63
20130928	0.04	12.01	0.55
20130929	0.07	10.89	0.48
20130930	0.0	10.3	0.42
20131001	0.31	10.66	0.37
20131002	3.46	11.49	0.36
20131003	19.07	12.76	0.68
20131004	0.24	12.23	3.93
20131005	0.04	11.02	2.61
20131006	9.59	13.88	1.43
20131007	6.27	14.24	2.83
20131008	5.08	11.2	3.7
20131009	14.16	5.91	5.46
20131010	0.08	5.75	7.05
20131011	0.09	5.31	3.33
20131012	0.06	6.1	1.72
20131013	0.19	7.26	1.14
20131014	0.42	8.88	0.87
20131015	0.13	7.33	0.72
20131016	0.93	6.07	0.61
20131017	0.81	6.87	0.56
20131018	9.54	7.66	0.78
20131019	1.41	9.93	2.99
20131020	2.12	9.69	2.28
20131021	4.6	9.67	1.61
20131022	1.94	10.54	1.73
20131023	3.35	8.96	2.15
20131024	0.57	6.51	2.27
20131025	8.01	8.47	2.65
20131026	1.98	7.92	3.2
20131027	8.76	7.94	2.88
20131028	8.22	6.98	5.55
20131029	8.88	6.19	6.98
20131030	5.5	5.86	6.16
20131031	9.81	5.63	4.85
20131101	5.79	5.63	7.46
20131102	51.94	3.8	16.72
20131103	6.69	4.64	32.56
20131104	1.83	3.33	10.8
20131105	3.17	0.4	5.05
20131106	4.53	3.36	3.35
20131107	4.92	3.19	3.82
20131108	1.78	3.99	3.98
20131109	2.22	1.06	3.17
20131110	5.62	2.72	2.25
20131111	5.44	7.23	3.9
20131112	4.96	4.87	5.2
20131113	7.03	6.1	5.23
20131114	2.59	4.97	5.56
20131115	0.26	8.64	3.71
20131116	1.7	8.83	2.14
20131117	2.41	3.47	1.72
20131118	2.68	2.09	1.47
20131119	18.89	0.05	2.31
20131120	5.45	2.62	11.82
20131121	0.12	0.92	6.69
20131122	1.99	1.43	2.94
20131123	0.68	3.83	2.43
20131124	0.0	1.43	2.03
20131125	1.94	1.05	1.4
20131126	1.27	7.75	1.65
20131127	0.45	8.29	1.83
20131128	6.92	5.21	1.39
20131129	2.66	4.71	2.23
20131130	0.43	5.71	2.57
20131201	0.0	5.43	1.67
20131202	9.57	5.63	1.27
20131203	6.91	4.48	4.44
20131204	22.34	2.63	5.54
20131205	1.24	1.11	13.45
20131206	0.64	-2.13	5.18
20131207	9.35	1.85	4.07
20131208	17.43	8.52	16.15
20131209	0.08	9.54	13.21
20131210	0.16	9.16	5.33
20131211	2.17	10.15	2.55
20131212	4.26	8.32	1.77
20131213	1.92	8.51	1.75
20131214	9.12	5.78	1.82
20131215	3.95	4.53	3.6
20131216	3.27	3.52	3.49
20131217	1.17	3.97	3.16
20131218	3.8	6.81	2.43
20131219	4.21	2.33	2.29
20131220	18.99	3.69	3.49
20131221	7.7	4.44	11.78
20131222	7.2	1.69	6.82
20131223	9.42	2.08	4.83
20131224	19.46	3.45	7.37
20131225	18.27	4.11	23.03
20131226	9.28	2.69	15.06
20131227	9.68	4.28	10.44
20131228	3.95	4.06	10.86
20131229	0.83	2.12	6.07
20131230	0.36	3.53	3.06
20131231	0.49	3.53	2.04
20140101	9.47	4.17	2.62
20140102	2.1	4.42	7.29
20140103	3.27	5.06	4.55
20140104	0.0	3.16	3.89
20140105	0.6	1.33	2.47
20140106	2.2	5.47	1.82
20140107	2.62	5.83	1.67
20140108	1.26	4.88	1.83
20140109	2.36	3.09	1.89
20140110	1.78	3.32	2.06
20140111	3.06	1.02	1.71
20140112	2.81	1.24	1.37
20140113	1.44	2.3	1.54
20140114	0.23	1.02	1.52
20140115	5.05	4.33	2.07
20140116	1.74	2.73	3.55
20140117	1.55	4.02	3.07
20140118	2.1	4.0	2.82
20140119	8.19	5.27	4.28
20140120	0.2	3.27	5.39
20140121	4.01	4.01	2.83
20140122	4.0	4.62	3.49
20140123	0.73	2.26	3.0
20140124	7.48	2.86	2.85
20140125	5.04	3.73	4.48
20140126	9.57	2.56	5.19
20140127	6.4	2.86	6.69
20140128	9.5	2.47	6.91
20140129	0.24	3.69	7.49
20140130	0.0	1.74	4.06
20140131	3.06	2.55	2.1
20140201	1.51	2.67	1.57
20140202	1.57	4.01	1.47
20140203	0.13	5.63	1.61
20140204	0.23	3.62	1.37
20140205	9.95	4.24	1.54
20140206	0.03	3.7	4.52
20140207	4.99	1.14	2.55
20140208	2.56	3.47	2.78
20140209	4.48	3.86	3.39
20140210	1.13	3.43	4.29
20140211	0.44	1.24	2.92
20140212	7.89	0.96	2.43
20140213	10.14	2.56	6.51
20140214	11.75	2.64	6.98
20140215	10.03	2.92	7.72
20140216	5.12	1.52	7.23
20140217	12.01	0.53	4.66
20140218	3.11	3.14	9.77
20140219	7.38	3.47	6.25
20140220	0.67	4.88	7.42
20140221	4.26	3.38	4.28
20140222	3.27	5.09	3.69
20140223	2.41	6.55	3.97
20140224	0.15	4.91	3.04
20140225	0.79	5.73	1.88
20140226	1.72	5.25	1.42
20140227	0.78	3.85	1.26
20140228	1.66	2.75	1.24
20140301	1.64	3.19	1.61
20140302	7.95	3.54	1.39
20140303	2.18	3.53	2.18
20140304	1.03	2.57	2.25
20140305	0.09	5.25	1.84
20140306	4.0	5.52	1.48
20140307	4.13	2.85	1.56
20140308	0.38	5.84	1.83
20140309	0.8	5.72	1.78
20140310	0.0	3.96	1.19
20140311	0.0	4.71	0.91
20140312	0.09	4.42	0.73
20140313	1.45	6.69	0.63
20140314	5.38	6.3	0.65
20140315	0.19	7.28	0.96
20140316	0.64	8.17	1.29
20140317	2.82	7.41	1.28
20140318	9.45	6.76	1.83
20140319	5.49	8.62	5.06
20140320	7.11	5.17	5.3
20140321	2.28	2.9	4.97
20140322	4.03	2.04	3.37
20140323	0.47	2.35	2.39
20140324	0.0	2.75	1.64
20140325	0.02	6.02	1.21
20140326	0.66	4.7	0.91
20140327	0.6	4.74	0.75
20140328	0.3	4.15	0.67
20140329	0.03	5.24	0.57
20140330	0.0	5.2	0.52
20140331	0.0	6.02	0.49
20140401	0.0	5.4	0.47
20140402	0.33	4.38	0.41
20140403	6.51	5.37	0.41
20140404	2.43	6.01	0.49
20140405	0.37	7.42	0.7
20140406	1.15	9.17	0.69
20140407	2.48	6.13	0.63
20140408	2.09	5.93	0.7
20140409	4.91	8.29	0.84
20140410	1.68	6.64	2.48
20140411	1.9	5.62	1.67
20140412	6.16	7.03	1.26
20140413	10.78	5.88	4.09
20140414	0.02	5.29	5.62
20140415	0.0	6.15	2.55
20140416	6.18	8.2	1.41
20140417	5.69	5.44	1.97
20140418	0.0	5.33	2.24
20140419	0.0	7.31	1.33
20140420	0.06	6.36	0.88
20140421	0.0	7.11	0.66
20140422	2.09	7.6	0.54
20140423	3.56	9.32	0.48
20140424	1.16	8.79	0.5
20140425	6.44	6.3	0.48
20140426	1.92	8.15	0.92
20140427	0.12	8.66	0.98
20140428	0.03	9.25	0.74
20140429	1.42	7.8	0.57
20140430	5.87	5.36	0.51
20140501	0.24	4.44	0.67
20140502	0.0	4.4	0.65
20140503	9.12	6.38	0.54
20140504	7.3	9.41	0.89
20140505	4.7	10.05	2.0
20140506	4.41	9.6	1.78
20140507	4.24	7.88	2.18
20140508	10.85	8.32	3.11
20140509	3.06	8.41	5.21
20140510	2.66	7.91	3.82
20140511	0.0	8.06	2.27
20140512	1.93	7.21	1.5
20140513	1.66	6.32	1.11
20140514	0.48	7.57	0.88
20140515	0.03	10.95	0.72
20140516	1.02	10.78	0.59
20140517	6.41	8.88	0.51
20140518	2.85	9.88	0.71
20140519	0.0	11.01	0.85
20140520	4.46	10.95	0.75
20140521	5.48	9.07	0.87
20140522	6.35	6.82	1.54
20140523	1.93	6.66	2.94
20140524	0.26	8.99	2.32
20140525	2.01	8.38	1.41
20140526	2.84	9.76	1.22
20140527	1.37	10.2	1.39
20140528	0.04	10.02	1.01
20140529	0.0	9.69	0.75
20140530	0.0	9.44	0.57
20140531	0.02	10.88	0.47
20140601	2.45	12.66	0.4
20140602	8.94	12.52	0.39
20140603	6.69	10.53	0.5
20140604	10.73	9.51	0.65
20140605	4.74	10.85	2.31
20140606	0.53	12.33	2.66
20140607	13.21	12.76	1.59
20140608	2.45	13.19	2.34
20140609	3.66	12.79	2.18
20140610	20.57	12.42	5.25
20140611	0.05	12.87	7.9
20140612	1.6	12.91	3.01
20140613	3.64	12.71	1.53
20140614	0.38	12.83	1.34
20140615	0.0	11.8	1.05
20140616	0.06	12.72	0.78
20140617	0.06	14.53	0.64
20140618	0.05	13.33	0.55
20140619	0.01	11.87	0.43
20140620	0.89	11.54	0.37
20140621	0.32	11.91	0.34
20140622	5.0	11.77	0.32
20140623	0.69	12.5	0.34
20140624	0.0	11.33	0.32
20140625	0.0	10.19	0.31
20140626	0.0	10.29	0.28
20140627	0.01	9.51	0.27
20140628	0.79	9.67	0.25
20140629	0.04	9.81	0.23
20140630	0.07	10.87	0.21
20140701	0.0	12.33	0.2
20140702	2.28	12.59	0.21
20140703	0.12	12.38	0.18
20140704	3.18	12.63	0.21
20140705	3.61	10.54	0.2
20140706	3.23	11.25	0.2
20140707	1.28	11.37	0.31
20140708	0.09	11.71	0.35
20140709	0.0	12.65	0.32
20140710	0.07	11.88	0.25
20140711	0.1	13.74	0.2
20140712	10.11	14.29	0.2
20140713	0.31	13.75	0.23
20140714	0.85	12.65	0.22
20140715	0.55	12.77	0.21
20140716	3.01	12.76	0.19
20140717	0.0	13.88	0.18
20140718	1.24	13.83	0.15
20140719	5.14	14.61	0.16
20140720	1.71	15.35	0.18
20140721	0.0	15.13	0.29
20140722	0.0	15.78	0.29
20140723	0.19	15.42	0.25
20140724	0.0	16.63	0.23
20140725	0.0	16.18	0.19
20140726	7.96	15.2	0.19
20140727	3.77	13.55	0.18
20140728	0.03	14.33	0.21
20140729	0.35	13.93	0.22
20140730	0.72	13.04	0.2
20140731	1.53	12.01	0.18
20140801	9.27	12.06	0.18
20140802	14.87	11.51	0.22
20140803	0.46	14.23	1.16
20140804	0.03	13.0	1.09
20140805	0.35	12.76	0.61
20140806	1.61	13.6	0.44
20140807	0.21	13.02	0.32
20140808	6.38	12.59	0.27
20140809	0.0	12.08	0.26
20140810	50.47	11.63	0.9
20140811	8.81	12.07	23.99
20140812	3.43	11.86	7.84
20140813	4.7	12.65	4.87
20140814	3.1	12.08	4.23
20140815	0.25	10.97	2.33
20140816	6.1	11.66	1.39
20140817	13.99	10.96	2.09
20140818	6.48	9.25	4.89
20140819	4.04	9.31	5.0
20140820	7.84	8.76	3.74
20140821	5.38	9.0	3.02
20140822	8.69	9.09	3.65
20140823	1.56	8.68	3.97
20140824	2.33	8.24	2.2
20140825	0.13	8.49	1.42
20140826	0.0	9.47	0.98
20140827	1.66	9.87	0.7
20140828	3.2	12.75	0.75
20140829	11.58	12.65	0.81
20140830	1.82	12.47	2.47
20140831	2.3	13.37	1.99
20140901	0.0	12.76	1.32
20140902	0.0	12.75	0.96
20140903	0.0	12.64	0.73
20140904	3.68	14.13	0.59
20140905	5.41	11.56	0.53
20140906	13.84	9.53	0.66
20140907	0.19	9.88	2.47
20140908	0.03	10.31	1.79
20140909	0.0	11.09	1.1
20140910	0.07	12.35	0.78
20140911	0.0	12.03	0.56
20140912	0.03	11.82	0.45
20140913	0.09	11.58	0.38
20140914	0.07	12.1	0.34
20140915	2.69	11.64	0.32
20140916	0.18	12.89	0.32
20140917	1.14	11.49	0.32
20140918	0.0	12.52	0.31
20140919	0.44	12.31	0.31
20140920	0.85	11.0	0.3
20140921	0.03	9.32	0.26
20140922	0.75	9.78	0.26
20140923	6.19	10.24	0.25
20140924	1.94	9.61	0.3
20140925	1.83	13.25	0.37
20140926	1.08	10.99	0.4
20140927	1.91	11.64	0.4
20140928	1.59	11.66	0.4
20140929	0.0	11.52	0.39
20140930	0.42	13.1	0.39
20141001	0.37	10.54	0.36
20141002	3.03	10.38	0.28
20141003	0.48	10.13	0.3
20141004	0.28	6.81	0.3
20141005	0.97	9.16	0.25
20141006	16.75	9.0	0.28
20141007	36.38	7.08	12.16
20141008	0.84	8.48	14.37
20141009	0.54	7.83	5.39
20141010	0.36	7.22	2.37
20141011	1.69	6.53	1.41
20141012	0.79	6.46	1.05
20141013	0.21	4.95	0.91
20141014	1.14	6.33	0.76
20141015	1.17	6.69	0.63
20141016	3.03	8.71	0.6
20141017	7.4	11.2	1.11
20141018	5.14	12.99	2.52
20141019	2.76	10.71	3.33
20141020	6.22	9.43	3.46
20141021	4.76	6.73	3.67
20141022	3.4	8.26	4.23
20141023	2.81	10.4	3.87
20141024	2.75	7.22	2.84
20141025	7.67	8.61	2.31
20141026	6.52	9.43	2.86
20141027	18.13	10.16	3.68
20141028	1.04	6.49	8.46
20141029	6.23	4.51	4.6
20141030	11.81	7.71	4.91
20141031	5.56	12.36	9.38
20141101	3.34	9.25	6.59
20141102	0.11	7.68	4.06
20141103	14.31	4.43	3.38
20141104	5.58	5.73	6.71
20141105	1.65	3.19	5.18
20141106	21.77	6.34	7.1
20141107	1.57	7.72	14.43
20141108	2.5	5.4	6.41
20141109	0.0	3.9	3.16
20141110	0.25	1.61	1.97
20141111	0.12	8.28	1.38
20141112	2.79	9.71	1.35
20141113	0.08	9.12	1.77
20141114	5.34	8.84	1.62
20141115	10.94	4.99	2.05
20141116	5.72	6.44	7.1
20141117	2.43	7.87	8.84
20141118	0.22	7.9	5.79
20141119	0.69	7.44	3.07
20141120	0.46	5.88	1.95
20141121	2.38	6.17	1.35
20141122	3.08	7.4	1.54
20141123	2.5	4.42	1.89
20141124	0.23	6.43	2.23
20141125	0.1	2.45	1.68
20141126	0.31	2.96	1.2
20141127	0.31	4.67	0.96
20141128	0.0	7.14	0.85
20141129	0.87	7.71	0.78
20141130	0.21	6.17	0.71
20141201	6.59	5.91	0.88
20141202	0.36	2.7	1.64
20141203	0.0	5.76	1.47
20141204	0.78	5.07	1.11
20141205	1.95	1.2	0.88
20141206	8.25	4.49	0.92
20141207	12.72	1.64	3.21
20141208	1.91	0.66	4.07
20141209	18.64	3.26	6.89
20141210	16.23	1.52	10.77
20141211	8.88	0.76	7.08
20141212	14.85	0.81	6.8
20141213	6.14	0.23	5.24
20141214	8.86	3.44	11.56
20141215	5.8	0.77	8.79
20141216	9.64	1.31	5.05
20141217	1.05	5.08	9.63
20141218	9.22	4.45	13.31
20141219	16.79	1.9	10.22
20141220	8.22	3.7	10.93
20141221	10.59	7.01	17.78
20141222	9.85	4.55	16.29
20141223	8.4	2.72	12.93
20141224	5.57	2.32	9.26
20141225	0.32	-0.91	6.31
20141226	0.13	-1.71	2.91
20141227	0.97	-0.72	1.75
20141228	0.53	-0.22	1.24
20141229	1.54	0.89	1.0
20141230	0.11	5.54	2.78
20141231	3.29	7.03	3.23
20150101	17.57	6.68	4.95
20150102	8.44	2.43	10.01
20150103	3.51	1.29	6.05
20150104	1.33	3.56	3.79
20150105	1.77	7.24	4.9
20150106	3.21	3.45	3.79
20150107	14.34	5.75	5.01
20150108	24.89	2.23	7.86
20150109	25.79	4.24	16.49
20150110	8.73	2.55	20.75
20150111	17.32	2.6	11.51
20150112	6.23	3.02	15.5
20150113	5.02	-0.32	6.52
20150114	7.65	0.67	3.17
20150115	8.16	3.09	5.24
20150116	3.34	0.17	8.27
20150117	8.77	-0.17	4.44
20150118	2.74	0.84	3.17
20150119	0.12	-3.59	2.07
20150120	0.12	-0.5	1.48
20150121	0.0	0.06	1.2
20150122	0.53	0.1	0.93
20150123	5.23	3.18	2.13
20150124	6.61	1.8	4.65
20150125	3.99	5.86	14.25
20150126	6.3	2.81	13.02
20150127	7.41	5.48	8.59
20150128	3.29	1.52	9.0
20150129	5.42	-0.9	4.65
20150130	24.12	1.44	4.46
20150131	10.32	1.34	7.6
20150201	0.61	-0.33	4.22
20150202	2.09	-0.82	2.44
20150203	2.51	-0.54	1.64
20150204	2.42	0.82	1.3
20150205	0.23	2.81	1.76
20150206	0.07	2.23	4.16
20150207	0.0	3.93	9.74
20150208	0.03	4.5	10.13
20150209	0.03	5.82	8.37
20150210	0.0	5.1	5.25
20150211	0.12	2.63	2.82
20150212	0.0	4.54	1.72
20150213	0.0	3.03	1.39
20150214	0.01	2.55	1.07
20150215	2.42	5.32	0.94
20150216	8.76	3.07	1.3
20150217	1.7	4.49	2.79
20150218	4.32	8.49	3.96
20150219	4.47	4.29	3.86
20150220	2.66	1.48	3.42
20150221	4.88	0.78	2.63
20150222	5.85	0.61	2.19
20150223	13.81	1.21	1.96
20150224	9.24	2.17	6.27
20150225	3.87	2.57	5.17
20150226	5.37	3.59	6.04
20150227	0.41	3.37	4.65
20150228	11.39	4.69	3.9
20150301	6.71	2.99	6.16
20150302	2.49	0.53	4.94
20150303	9.61	0.34	3.04
20150304	0.43	3.15	3.38
20150305	1.85	6.23	5.28
20150306	13.49	6.25	5.03
20150307	9.57	8.74	11.91
20150308	2.35	4.17	8.34
20150309	10.67	3.91	4.91
20150310	0.62	3.75	6.89
20150311	2.66	2.84	3.35
20150312	0.56	3.63	2.33
20150313	0.02	3.76	1.77
20150314	0.1	2.71	1.27
20150315	0.12	2.22	0.98
20150316	0.01	3.45	0.84
20150317	0.0	4.5	0.75
20150318	0.0	4.54	0.67
20150319	0.27	5.84	0.61
20150320	1.03	6.28	0.63
20150321	4.69	4.54	0.59
20150322	2.47	6.3	0.66
20150323	3.82	5.05	0.77
20150324	1.82	2.15	1.18
20150325	4.02	2.49	1.32
20150326	3.23	3.04	1.69
20150327	7.0	3.66	2.35
20150328	2.35	4.53	3.73
20150329	7.29	2.52	3.32
20150330	13.02	2.17	3.59
20150331	10.42	1.75	6.48
20150401	7.69	1.4	5.82
20150402	1.6	3.36	4.7
20150403	1.03	4.12	4.23
20150404	0.38	6.62	4.47
20150405	0.0	7.39	3.27
20150406	0.17	7.76	2.07
20150407	4.96	7.56	1.48
20150408	0.08	7.7	1.2
20150409	0.0	8.44	0.95
20150410	1.7	9.51	0.76
20150411	2.66	4.43	0.66
20150412	2.16	3.35	0.62
20150413	3.99	5.09	0.58
20150414	3.81	8.22	0.86
20150415	1.04	5.72	0.95
20150416	0.25	5.55	0.94
20150417	0.08	5.29	0.74
20150418	0.06	5.58	0.59
20150419	0.0	5.12	0.5
20150420	0.0	5.76	0.44
20150421	0.0	8.54	0.42
20150422	0.0	8.92	0.36
20150423	0.72	7.89	0.35
20150424	2.52	5.97	0.33
20150425	6.67	3.35	0.34
20150426	7.92	1.6	0.34
20150427	2.72	1.92	0.43
20150428	10.93	2.38	0.69
20150429	9.61	3.61	4.45
20150430	0.77	4.16	4.65
20150501	2.22	2.88	2.16
20150502	0.17	3.26	1.29
20150503	22.67	4.08	6.96
20150504	0.03	7.86	8.3
20150505	29.56	6.44	7.66
20150506	3.78	5.4	17.44
20150507	0.25	3.56	6.5
20150508	0.02	4.82	2.67
20150509	1.88	5.82	1.56
20150510	5.49	7.08	1.28
20150511	3.95	9.32	1.54
20150512	1.85	7.67	1.52
20150513	0.03	6.46	1.35
20150514	0.08	6.37	1.03
20150515	4.18	6.44	0.82
20150516	15.31	6.0	0.86
20150517	3.54	6.18	6.03
20150518	1.08	5.8	4.78
20150519	2.83	5.87	4.45
20150520	1.06	8.37	2.96
20150521	1.26	9.04	1.77
20150522	0.46	8.74	1.73
20150523	3.52	8.21	1.2
20150524	2.52	7.69	1.0
20150525	0.6	7.79	1.11
20150526	0.81	7.82	0.99
20150527	5.58	7.04	1.09
20150528	5.05	6.18	1.99
20150529	7.55	5.98	2.4
20150530	4.18	7.56	1.87
20150531	4.36	6.23	2.23
20150601	9.02	6.43	2.87
20150602	2.14	6.6	4.5
20150603	0.3	7.9	2.6
20150604	3.42	7.94	1.53
20150605	1.59	9.66	1.19
20150606	6.97	8.92	1.15
20150607	0.54	8.1	1.31
20150608	0.23	8.15	1.18
20150609	0.0	9.76	0.91
20150610	0.0	11.06	0.68
20150611	0.0	10.11	0.53
20150612	1.33	8.94	0.47
20150613	1.06	6.9	0.43
20150614	0.22	6.61	0.39
20150615	0.06	7.66	0.33
20150616	5.05	10.5	0.33
20150617	2.07	10.34	0.37
20150618	1.44	8.44	0.39
20150619	2.73	8.91	0.45
20150620	8.18	10.51	0.49
20150621	10.26	9.15	0.67
20150622	0.12	8.77	1.36
20150623	0.14	8.59	1.18
20150624	1.93	8.23	0.84
20150625	5.1	10.46	0.71
20150626	14.62	12.04	1.76
20150627	8.46	12.3	3.93
20150628	1.42	12.85	4.38
20150629	1.13	12.1	2.92
20150630	0.0	16.1	1.5
20150701	0.64	17.68	0.96
20150702	12.45	15.66	0.81
20150703	4.43	13.6	1.09
20150704	3.5	11.5	1.36
20150705	0.37	11.94	1.2
20150706	3.28	12.37	1.12
20150707	14.43	11.52	4.16
20150708	0.8	9.37	6.12
20150709	8.87	8.87	2.71
20150710	2.02	10.98	2.65
20150711	4.86	13.6	2.45
20150712	0.05	11.94	2.53
20150713	0.23	11.14	1.62
20150714	1.63	10.69	0.97
20150715	2.66	10.48	0.69
20150716	7.24	10.62	0.51
20150717	4.32	12.06	1.46
20150718	2.25	10.86	1.37
20150719	0.5	9.79	1.35
20150720	1.26	10.69	1.06
20150721	0.0	11.55	0.9
20150722	1.07	10.47	0.71
20150723	2.66	10.21	0.58
20150724	8.19	10.44	0.74
20150725	0.05	9.5	1.5
20150726	0.0	9.64	1.04
20150727	3.77	9.7	0.76
20150728	2.98	9.64	0.89
20150729	1.05	9.48	0.85
20150730	0.33	9.3	0.73
20150731	6.74	10.92	0.55
20150801	2.74	9.87	0.54
20150802	8.82	10.84	0.6
20150803	0.19	13.63	1.3
20150804	1.49	12.83	1.15
20150805	3.83	12.59	0.78
20150806	0.17	12.47	0.63
20150807	0.0	11.14	0.53
20150808	1.58	11.95	0.43
20150809	0.0	13.86	0.38
20150810	33.6	13.09	2.13
20150811	0.0	11.26	4.89
20150812	0.0	12.01	2.07
20150813	0.0	12.36	1.05
20150814	0.84	11.32	0.7
20150815	5.17	10.29	0.56
20150816	0.0	10.06	0.62
20150817	0.0	10.34	0.54
20150818	10.14	10.9	0.56
20150819	1.95	13.62	1.16
20150820	0.01	14.53	1.02
20150821	0.22	14.78	0.76
20150822	1.49	13.61	0.57
20150823	0.2	15.61	0.44
20150824	9.24	14.27	0.87
20150825	0.19	11.48	5.3
20150826	3.9	10.21	2.83
20150827	1.86	10.56	1.65
20150828	1.6	12.02	1.21
20150829	1.59	12.36	0.93
20150830	0.7	11.99	0.74
20150831	4.37	10.6	0.67
20150901	7.65	10.02	1.99
20150902	3.93	8.98	4.65
20150903	0.69	9.18	4.69
20150904	1.06	9.29	2.95
20150905	0.09	8.68	1.81
20150906	0.0	10.73	1.14
20150907	0.36	10.04	0.72
20150908	0.21	10.14	0.57
20150909	0.07	10.37	0.47
20150910	0.0	12.18	0.39
20150911	0.09	12.37	0.35
20150912	4.79	11.61	0.36
20150913	0.08	10.13	0.4
20150914	0.14	9.21	0.41
20150915	0.0	10.34	0.34
20150916	0.1	9.53	0.31
20150917	1.33	10.16	0.31
20150918	0.0	10.02	0.32
20150919	0.01	9.5	0.29
20150920	1.02	11.37	0.26
20150921	5.15	10.58	0.28
20150922	1.8	9.71	0.32
20150923	0.89	8.89	0.34
20150924	7.43	8.13	0.4
20150925	0.97	9.06	1.22
20150926	0.0	11.02	1.16
20150927	0.0	10.44	0.82
20150928	0.07	10.36	0.6
20150929	0.07	11.55	0.49
20150930	0.12	8.81	0.4
