temperature
4.612272727272727
4.009545454545455
3.8677272727272727
3.8422727272727273
4.758181818181819
4.329090909090909
4.514545454545455
4.777727272727272
4.449545454545454
4.8540909090909095
4.901363636363636
5.472272727272728
5.632727272727273
4.684545454545455
5.488181818181818
4.766363636363637
4.696818181818181
4.775454545454545
5.216363636363637
4.746363636363636
4.270909090909091
4.1499999999999995
4.035454545454545
3.892272727272727
4.1854545454545455
3.7922727272727275
3.7781818181818183
3.965909090909091
4.124545454545454
3.855
3.8286363636363636
4.0227272727272725
3.735
3.8831818181818183
5.115
5.080454545454545
4.887272727272727
4.365454545454546
3.882727272727273
3.8731818181818185
4.381818181818182
4.997727272727273
5.442727272727272
4.7272727272727275
3.914090909090909
4.424545454545455
4.496363636363636
4.45
4.504545454545454
4.430000000000001
3.9709090909090907
4.306818181818182
4.592727272727273
4.968636363636364
5.236363636363636
5.180000000000001
5.193636363636363
5.089090909090909
4.829545454545454
4.68
4.241363636363636
4.2727272727272725
4.2736363636363635
4.3940909090909095
5.14
6.0613636363636365
6.2268181818181825
6.185454545454546
6.128636363636364
5.897272727272727
5.646818181818182
5.287727272727273
5.552272727272728
6.587272727272728
6.61090909090909
6.881363636363636
6.315
5.690454545454545
5.725909090909091
6.116363636363636
6.4422727272727265
6.666363636363636
6.803636363636364
7.1022727272727275
6.750909090909091
6.364545454545455
6.614545454545455
7.140909090909091
7.476363636363636
7.790454545454545
8.020454545454546
8.08
7.670000000000001
7.443636363636363
7.257272727272727
7.948636363636364
6.827272727272727
6.8090909090909095
7.240909090909091
7.77590909090909
7.417727272727273
7.210909090909092
7.314545454545454
7.8568181818181815
8.008181818181818
8.074545454545454
8.149090909090908
7.787727272727273
7.305454545454546
7.879090909090909
8.885
9.549999999999999
9.907727272727273
9.984545454545454
10.114090909090908
9.782727272727273
9.845454545454546
9.945454545454545
9.65
9.815454545454545
10.11909090909091
10.376363636363637
10.33
10.08909090909091
10.311818181818182
10.357727272727272
10.669545454545455
10.613181818181818
10.620454545454546
10.971363636363636
11.159090909090908
10.840454545454547
10.683636363636364
10.760454545454545
11.109545454545454
11.316818181818181
10.879090909090909
11.003181818181817
11.268636363636363
11.513181818181819
11.447272727272727
11.551363636363636
11.967272727272729
12.092727272727274
12.098636363636365
11.967727272727274
11.98090909090909
11.944090909090908
12.18909090909091
12.682727272727272
13.013636363636364
13.044545454545455
13.69681818181818
13.319545454545453
12.862727272727273
13.02681818181818
13.344999999999999
13.481363636363636
13.341363636363637
13.59681818181818
13.501363636363637
13.405
13.366363636363637
13.525
13.930454545454547
13.910454545454543
14.411818181818182
14.766818181818183
14.812727272727273
14.96
14.752272727272727
14.180909090909092
14.212272727272728
14.501363636363635
14.613181818181818
14.950909090909091
14.977727272727272
15.081818181818182
15.259545454545453
15.633636363636363
15.433636363636365
15.689090909090908
15.560454545454546
15.583636363636366
15.489545454545453
15.238181818181818
15.257727272727273
15.42590909090909
15.398636363636363
15.710909090909091
16.115
15.925
15.868181818181819
15.74409090909091
16.010454545454547
16.211363636363636
16.240454545454547
15.890454545454544
16.36090909090909
16.851363636363637
16.577727272727273
16.29
16.12909090909091
16.445454545454545
16.637272727272727
16.80727272727273
16.73318181818182
16.954090909090908
16.923636363636362
16.80181818181818
16.55090909090909
16.51181818181818
16.933636363636364
16.75227272727273
16.78318181818182
16.62409090909091
17.025909090909092
16.908636363636365
16.738636363636363
16.47863636363636
16.665
16.59318181818182
16.926363636363636
16.420454545454547
15.958181818181817
15.888181818181819
16.237727272727273
15.981363636363636
16.063636363636363
16.05727272727273
16.209545454545456
16.21590909090909
15.997272727272728
16.23090909090909
15.990454545454547
15.250454545454545
15.335
15.667727272727273
15.030000000000001
14.482272727272727
14.498636363636365
14.680454545454547
14.889999999999999
14.43909090909091
14.616818181818182
15.052727272727275
14.945454545454545
14.906818181818181
14.857272727272727
14.532727272727271
14.275454545454545
14.205454545454545
14.438636363636363
14.693181818181818
14.33409090909091
13.541818181818183
13.21
13.005454545454546
12.95318181818182
12.737272727272728
13.200909090909091
13.526363636363635
13.555909090909092
13.386363636363637
13.08
12.955454545454545
12.77681818181818
12.308181818181817
12.601363636363637
12.835454545454546
13.065
13.035454545454543
13.402727272727274
13.462857142857144
12.423809523809522
12.144761904761904
11.327142857142857
11.049523809523809
11.59095238095238
11.028095238095238
12.060952380952381
12.056666666666667
11.876666666666667
11.718095238095238
11.147142857142857
10.953333333333333
10.83095238095238
10.911428571428571
10.852857142857143
10.48
9.646190476190476
10.018571428571429
9.528571428571428
10.417619047619047
10.367142857142857
10.349047619047619
10.529523809523809
10.28
10.346190476190475
10.407619047619047
9.777142857142858
9.554761904761905
10.043333333333333
9.867142857142857
9.066666666666666
8.810476190476189
8.99047619047619
8.229523809523808
8.555714285714286
8.287142857142857
8.07095238095238
8.57095238095238
7.712380952380952
7.781428571428571
8.318571428571428
7.980952380952381
7.941428571428572
7.2890476190476186
7.059523809523809
6.66047619047619
6.737619047619048
6.831428571428572
6.427619047619047
6.545238095238095
6.366190476190476
6.3914285714285715
6.095714285714285
6.5423809523809515
6.284761904761904
6.5442857142857145
6.551428571428572
6.4957142857142856
6.320952380952382
6.004761904761905
5.731363636363636
5.596818181818182
5.468181818181818
5.599545454545455
5.29
5.070454545454545
4.993636363636363
5.0209090909090905
4.84909090909091
4.715454545454545
4.781818181818182
5.041363636363636
5.125
4.361818181818181
4.139545454545455
4.2272727272727275
3.806363636363636
4.153636363636363
3.933636363636363
3.1345454545454543
4.303636363636364
4.352727272727273
5.016818181818182
5.429090909090909
4.457727272727272
3.930909090909091
3.9318181818181817
3.530909090909091
3.5599999999999996
4.159090909090909
4.220454545454545
