temperature
3.751304347826087
3.8021739130434784
3.691304347826087
3.9565217391304346
4.307391304347826
4.681304347826087
3.5808695652173914
4.054782608695652
4.394347826086956
4.071739130434783
3.743913043478261
2.8052173913043474
2.5369565217391306
2.705217391304348
3.5408695652173914
3.7369565217391307
3.210434782608696
2.746521739130435
3.402173913043478
3.6608695652173915
4.171304347826087
4.339565217391304
4.549565217391304
4.328695652173913
3.9295652173913043
3.7673913043478264
3.6213043478260865
3.7604347826086952
3.6234782608695655
3.0208695652173914
2.970434782608696
3.4426086956521744
3.7273913043478264
4.0578260869565215
3.9756521739130433
4.4308695652173915
4.788695652173913
4.635652173913043
4.2073913043478255
3.699130434782609
3.0504347826086957
2.9208695652173917
3.2230434782608692
3.0
2.3130434782608695
2.136086956521739
2.1891304347826086
2.7369565217391303
2.924782608695652
3.073913043478261
3.073913043478261
3.6926086956521744
4.055652173913043
4.192608695652174
4.120869565217391
3.2017391304347824
3.71
3.9791304347826086
4.267391304347826
4.709565217391304
4.935217391304348
4.9052173913043475
4.697391304347827
4.71
4.960434782608695
5.520434782608696
5.335217391304347
5.3191304347826085
5.6839130434782605
5.998260869565217
5.5426086956521745
5.692608695652174
5.572608695652175
5.732608695652174
5.334347826086956
5.884782608695652
5.8795652173913036
6.066521739130435
5.781739130434782
5.875652173913043
6.026521739130434
5.727826086956522
6.067826086956522
6.489130434782608
6.039565217391305
6.451739130434783
6.204782608695653
6.130434782608695
6.448695652173913
6.348260869565217
7.170454545454546
7.085
6.082727272727272
5.864090909090908
5.931818181818182
6.049090909090908
6.656818181818181
6.629545454545454
6.566818181818181
6.8945454545454545
7.279545454545455
7.7309090909090905
7.641363636363636
7.76409090909091
8.000454545454545
8.348181818181818
7.676818181818181
7.595
8.347727272727273
8.258636363636363
8.167272727272728
9.112272727272726
8.806363636363637
8.183636363636364
8.21
7.941363636363636
8.173181818181819
8.075909090909091
8.228181818181817
8.485454545454546
8.990454545454545
8.783636363636363
9.107272727272727
9.30318181818182
9.549999999999999
9.873181818181818
9.976818181818182
10.572272727272727
10.165909090909091
10.16
10.584090909090909
10.466818181818182
11.105909090909092
11.076363636363636
11.268636363636363
11.061818181818182
11.27
11.26590909090909
11.52590909090909
12.16590909090909
11.875
11.66590909090909
12.067272727272728
12.122727272727273
12.360000000000001
12.418181818181818
12.359090909090908
11.767727272727273
12.005454545454546
12.204545454545455
12.34772727272727
12.704545454545455
12.736363636363636
13.036818181818182
12.759545454545453
12.660909090909092
12.761363636363637
12.799545454545454
13.056363636363637
13.378181818181817
13.07409090909091
13.217272727272727
13.331363636363637
13.386363636363637
13.843181818181819
13.686363636363637
13.94090909090909
13.97590909090909
13.450909090909091
14.282272727272726
14.389999999999999
14.360000000000001
14.489545454545453
14.285454545454543
14.32909090909091
14.589545454545453
14.987272727272728
14.813181818181818
14.694090909090908
14.950909090909091
15.224545454545455
15.245
15.342272727272727
15.345454545454546
15.927727272727275
16.759090909090908
16.632272727272728
16.46818181818182
16.714545454545455
16.451818181818183
16.39409090909091
16.461818181818185
16.154545454545453
16.617272727272727
16.309545454545454
16.616818181818182
16.075454545454548
15.794545454545455
15.844545454545454
15.942727272727273
16.492272727272727
16.182727272727274
16.11318181818182
16.088636363636365
15.830454545454545
16.112727272727273
16.58409090909091
16.545909090909092
16.782272727272726
16.889545454545456
17.01772727272727
16.858636363636364
16.289545454545454
16.26
16.67909090909091
16.275454545454547
16.16
16.06409090909091
15.713181818181818
16.145454545454545
16.474999999999998
16.321363636363635
16.053636363636365
16.170909090909092
16.284545454545455
16.778636363636362
17.01590909090909
16.299090909090907
15.885909090909092
15.773181818181818
16.007272727272728
16.327272727272728
16.285
16.317272727272726
15.197727272727274
15.491818181818182
15.567272727272728
15.783181818181818
15.280909090909091
15.506363636363636
15.538181818181819
15.297727272727274
14.780000000000001
15.15090909090909
14.880454545454546
14.705454545454545
14.400454545454545
14.453181818181816
14.133636363636363
14.32090909090909
14.475454545454545
14.438636363636363
14.232727272727272
13.7
13.879545454545456
13.30909090909091
12.838181818181818
13.357272727272727
13.432727272727272
13.679545454545455
13.389090909090909
13.077272727272726
12.953636363636365
13.088636363636363
12.691363636363635
12.962727272727273
12.780909090909091
12.69090909090909
12.514090909090909
12.539545454545454
12.47090909090909
12.351818181818182
12.450454545454546
12.17782608695652
11.776521739130436
11.752173913043478
11.914782608695653
11.577391304347827
11.214347826086957
11.10608695652174
10.64
11.419999999999998
11.452173913043477
10.861304347826087
10.794347826086957
10.463478260869564
9.77
10.032608695652174
9.46782608695652
9.322608695652173
9.761739130434782
10.211739130434783
9.610434782608696
9.175652173913043
8.951739130434783
8.941739130434783
9.309565217391304
9.172608695652174
9.394782608695653
9.368695652173912
8.9
8.292173913043479
8.714347826086957
9.256521739130434
9.092173913043478
9.020869565217392
8.508695652173913
7.564347826086956
7.345217391304348
6.857391304347826
7.686956521739131
8.244782608695653
7.778695652173913
7.593913043478261
7.821304347826087
6.682173913043478
6.128260869565217
5.697391304347826
5.931739130434783
6.0004347826086954
6.0004347826086954
6.624347826086957
6.2760869565217385
5.398260869565218
5.164347826086956
5.443478260869566
5.970869565217391
5.982173913043479
5.820434782608696
5.105217391304348
4.828695652173913
4.540869565217391
4.101739130434782
4.230434782608696
4.8786956521739135
5.104347826086957
5.465217391304348
5.490869565217391
5.512608695652174
5.072173913043478
5.2073913043478255
4.458260869565217
4.0773913043478265
3.7291304347826086
4.129130434782609
4.165652173913044
4.149130434782609
4.6695652173913045
5.231304347826087
4.843913043478261
4.945217391304348
4.681739130434782
4.432173913043478
4.708260869565217
5.446521739130435
4.757826086956522
5.031739130434783
5.06
4.987391304347826
4.878695652173913
4.99695652173913
4.7
4.772608695652174
3.8260869565217392
3.4982608695652178
