pet
0.3686363636363636
0.47181818181818186
0.5727272727272728
0.5063636363636363
0.31545454545454543
0.375
0.40045454545454545
0.37863636363636366
0.3318181818181818
0.40045454545454545
0.5663636363636364
0.5295454545454545
0.48772727272727273
0.4786363636363636
0.34136363636363637
0.3440909090909091
0.42818181818181816
0.3977272727272727
0.4509090909090909
0.3740909090909091
0.4477272727272727
0.5131818181818182
0.43863636363636366
0.5536363636363636
0.42227272727272724
0.4890909090909091
0.4495454545454546
0.4436363636363636
0.40318181818181814
0.5045454545454546
0.5736363636363637
0.4127272727272727
0.5168181818181817
0.4454545454545455
0.48000000000000004
0.5513636363636364
0.5236363636363636
0.6677272727272727
0.6277272727272728
0.5113636363636364
0.5963636363636363
0.5490909090909091
0.5404545454545455
0.6227272727272727
0.6404545454545455
0.5863636363636364
0.6113636363636363
0.504090909090909
0.5395454545454546
0.6086363636363636
0.5686363636363636
0.5781818181818182
0.66
0.5886363636363636
0.6668181818181819
0.7272727272727273
0.5881818181818181
0.7395454545454545
0.859090909090909
0.7059090909090909
0.8009090909090909
0.8468181818181818
0.8618181818181818
0.7431818181818183
0.7631818181818182
0.7495454545454545
0.7263636363636364
0.8663636363636363
0.730909090909091
0.8240909090909091
0.9545454545454546
0.859090909090909
0.845
0.9018181818181819
1.011818181818182
1.1095454545454546
0.9259090909090909
1.014090909090909
1.0681818181818181
1.0681818181818181
1.0954545454545455
1.0881818181818181
1.2922727272727272
1.1986363636363637
1.2172727272727273
1.2422727272727272
1.3177272727272726
1.298181818181818
1.2463636363636363
1.1795454545454545
1.195909090909091
1.169090909090909
1.386818181818182
1.4795454545454545
1.5013636363636365
1.5504545454545455
1.492727272727273
1.3863636363636365
1.56
1.4777272727272726
1.3809090909090909
1.4113636363636364
1.6577272727272727
1.9377272727272727
1.82
1.835
1.88
1.5722727272727275
1.6304545454545454
1.7104545454545457
1.6981818181818182
1.7627272727272727
2.041818181818182
2.180454545454545
1.9568181818181818
2.1686363636363635
2.3231818181818182
1.9490909090909092
1.9759090909090908
1.994090909090909
2.08
2.192727272727273
2.194545454545455
2.249090909090909
2.178181818181818
2.31
2.1818181818181817
2.2445454545454546
2.1986363636363637
2.01
2.345
2.340909090909091
2.3413636363636363
2.638181818181818
2.4654545454545453
2.58
2.477272727272727
2.5342857142857143
2.7738095238095237
2.6085714285714285
2.508095238095238
2.6404761904761904
2.5247619047619048
2.8657142857142857
2.4166666666666665
2.5690476190476192
2.6671428571428573
2.6928571428571426
2.5776190476190477
2.6547619047619047
2.6495238095238096
2.58
2.369047619047619
2.6938095238095237
2.7966666666666664
2.4376190476190476
2.4914285714285715
2.5795238095238098
2.608095238095238
2.57047619047619
2.5276190476190474
2.3061904761904763
2.619047619047619
2.632857142857143
2.711904761904762
2.8376190476190475
2.711904761904762
2.610952380952381
2.647142857142857
2.8852380952380954
3.052380952380952
2.8328571428571427
2.920952380952381
2.605238095238095
2.632857142857143
2.6523809523809527
2.6466666666666665
2.7414285714285715
2.6957142857142857
2.814761904761905
2.7652380952380953
2.65
2.782857142857143
3.2009523809523808
2.8895238095238094
3.104761904761905
3.1547619047619047
2.9361904761904762
2.603809523809524
2.6938095238095237
2.363809523809524
2.63
2.6295238095238096
2.4114285714285715
2.5304761904761905
2.348095238095238
2.558095238095238
2.5371428571428574
2.3804761904761906
2.3866666666666667
2.606666666666667
2.6271428571428572
2.512380952380952
2.5357142857142856
2.530952380952381
2.625714285714286
2.6033333333333335
2.539047619047619
2.4357142857142855
2.565714285714286
2.4766666666666666
2.281904761904762
2.541904761904762
2.424285714285714
2.5014285714285713
2.2895238095238093
2.361904761904762
2.089047619047619
2.1266666666666665
2.145238095238095
2.1347619047619046
2.37
2.029047619047619
2.3133333333333335
2.2399999999999998
1.9657142857142857
2.0619047619047617
2.4023809523809527
2.4195238095238096
2.185238095238095
1.9061904761904762
2.124761904761905
2.0776190476190477
2.1619047619047618
2.0414285714285714
2.196190476190476
1.8814285714285712
2.1185714285714288
2.0300000000000002
1.961904761904762
1.7833333333333334
1.9523809523809523
1.842857142857143
1.7952380952380953
1.8357142857142856
1.8066666666666666
1.6595238095238096
1.7595238095238097
1.7995238095238095
1.4857142857142858
1.6314285714285712
1.5599999999999998
1.5176190476190476
1.5542857142857143
1.5452380952380953
1.610952380952381
1.5157142857142856
1.418095238095238
1.2871428571428571
1.3761904761904762
1.4152380952380952
1.5052380952380953
1.3438095238095238
1.28
1.2819047619047619
1.2028571428571428
1.3023809523809522
1.181904761904762
1.0071428571428571
0.9742857142857143
1.0366666666666666
1.2285714285714286
1.069047619047619
1.1504761904761904
0.93
1.0428571428571427
1.1085714285714285
0.9942857142857142
0.9719047619047619
1.1595238095238094
1.081904761904762
0.8052380952380952
0.9447619047619048
1.0328571428571427
0.9304761904761905
0.8128571428571428
0.9014285714285715
0.659047619047619
0.8285714285714285
0.9914285714285714
0.7057142857142857
0.7895238095238096
0.720952380952381
0.7957142857142857
0.8152380952380953
0.758095238095238
0.5904761904761905
0.6271428571428571
0.5476190476190477
0.6090476190476191
0.6252380952380953
0.7990476190476191
0.5895238095238096
0.6361904761904762
0.5242857142857142
0.6366666666666667
0.5728571428571428
0.6114285714285714
0.5719047619047619
0.6690476190476191
0.4961904761904762
0.5695238095238094
0.6138095238095238
0.5357142857142857
0.5842857142857143
0.5866666666666667
0.67
0.5195238095238095
0.5533333333333333
0.4471428571428572
0.4933333333333333
0.47047619047619044
0.5585714285714286
0.49238095238095236
0.3628571428571429
0.4757142857142857
0.3457142857142857
0.5495238095238095
0.4166666666666667
0.4657142857142857
0.32571428571428573
0.5285714285714286
0.5095238095238095
0.3280952380952381
0.2866666666666666
0.32666666666666666
0.3838095238095238
0.5180952380952382
0.2661904761904762
0.4261904761904762
0.4666666666666666
0.29
0.42333333333333334
0.379047619047619
0.4414285714285714
0.3376190476190476
0.35095238095238096
0.33285714285714285
0.3414285714285714
0.4538095238095238
0.45666666666666667
0.5119047619047619
0.35714285714285715
0.3719047619047619
0.2957142857142857
0.34619047619047616
0.3880952380952381
0.3438095238095238
0.3623809523809524
0.22333333333333336
0.3952380952380953
0.31619047619047624
0.3157142857142857
0.48333333333333334
0.3238095238095238
