temperature
4.484545454545454
4.020909090909091
3.7872727272727276
3.789090909090909
4.600454545454546
4.378636363636364
4.642272727272727
5.035
4.631363636363637
4.867272727272727
4.807272727272728
5.396818181818182
5.846818181818182
4.693636363636364
5.330454545454545
4.591363636363636
4.489090909090909
4.663181818181818
5.284090909090909
4.940909090909091
4.285454545454545
4.135909090909091
4.195909090909091
3.9013636363636364
4.289545454545455
3.936818181818182
3.975454545454545
3.9004545454545454
4.282727272727272
3.982727272727273
4.025909090909091
4.045909090909091
3.848181818181818
4.050454545454546
5.294545454545455
5.117272727272727
5.03
4.48
3.8790909090909094
3.9427272727272724
4.516363636363637
5.028181818181817
5.593181818181818
4.706818181818182
4.091818181818182
4.635909090909091
4.758181818181819
4.584090909090909
4.623181818181818
4.282727272727272
4.0609090909090915
4.420909090909091
4.61090909090909
5.1000000000000005
5.4386363636363635
5.378636363636364
5.465909090909091
5.386818181818182
5.136363636363637
5.021818181818182
4.653636363636363
4.55
4.4772727272727275
4.705909090909091
5.260454545454545
6.388181818181818
6.494999999999999
6.578636363636363
6.402272727272727
6.1427272727272735
5.969090909090909
5.610454545454545
6.0
6.958636363636364
7.197727272727272
7.38909090909091
6.719545454545455
6.008636363636364
6.087727272727273
6.313181818181818
6.620454545454546
6.815454545454545
6.960454545454545
7.293636363636364
6.843636363636364
6.473181818181818
6.837272727272728
7.405454545454545
8.018636363636363
8.376818181818182
8.421739130434782
8.434347826086958
8.089130434782609
7.777826086956522
7.922173913043479
8.521304347826087
7.254347826086956
7.181304347826086
7.6408695652173915
8.320434782608697
7.911304347826087
7.543478260869565
7.4995652173913046
8.152173913043478
8.365652173913043
8.487391304347826
8.817391304347826
8.221739130434782
7.890434782608695
8.515652173913043
9.506521739130434
10.290869565217392
10.811304347826086
10.777826086956523
10.88
10.232173913043479
10.504347826086956
10.598695652173914
10.313478260869566
10.394347826086957
10.711304347826088
10.52086956521739
10.630869565217392
10.36608695652174
10.664347826086956
11.007391304347825
11.184347826086958
11.06695652173913
11.299565217391304
11.60608695652174
11.64304347826087
11.261739130434782
11.018260869565216
11.083043478260869
11.425217391304347
11.753043478260869
11.64391304347826
11.76391304347826
11.948260869565217
12.17695652173913
11.952173913043477
12.033478260869565
12.65
12.929565217391303
12.743913043478262
12.637391304347824
12.495652173913042
12.668695652173913
12.784347826086957
13.047391304347824
13.583913043478262
13.733478260869566
14.273043478260869
13.790000000000001
13.284782608695652
13.753043478260869
14.081304347826087
14.457826086956521
14.19
14.527391304347827
14.295217391304348
14.115217391304347
14.168695652173913
14.30391304347826
14.426521739130434
14.367826086956521
14.954782608695652
15.499130434782609
15.640869565217391
15.659565217391306
15.581304347826087
14.955217391304346
14.933913043478261
15.184782608695652
15.196521739130434
15.35
15.70695652173913
15.978260869565217
16.034347826086957
16.295217391304348
16.140869565217393
16.29826086956522
16.547391304347826
16.56869565217391
16.72869565217391
16.108695652173914
16.19695652173913
16.24695652173913
16.088260869565215
16.284782608695654
16.374347826086957
16.434347826086956
16.452608695652174
16.279565217391305
16.90826086956522
17.11782608695652
17.192608695652176
16.628695652173914
16.983478260869564
17.557391304347824
17.40304347826087
16.952608695652174
16.817391304347826
17.461739130434783
17.62304347826087
17.373478260869565
17.354782608695654
17.87695652173913
17.90086956521739
17.916086956521738
17.51
17.42086956521739
17.880434782608695
17.601304347826087
17.645652173913046
17.281304347826087
17.738695652173913
17.801304347826086
17.55304347826087
17.317391304347826
17.472608695652173
17.300434782608697
17.75391304347826
17.105217391304347
16.699565217391303
16.729565217391304
17.29478260869565
16.85
16.837391304347825
17.033478260869565
17.210869565217394
17.184782608695652
16.97304347826087
16.789130434782606
16.527391304347827
15.774347826086956
15.838695652173914
15.91391304347826
15.422608695652174
15.028260869565216
15.17608695652174
15.35391304347826
15.394782608695651
15.184347826086958
15.42478260869565
15.583913043478262
15.372608695652174
15.471739130434784
15.42304347826087
15.182608695652174
15.123478260869565
14.950434782608696
15.001739130434784
15.19391304347826
14.900434782608695
13.959565217391305
13.80913043478261
13.448695652173912
13.477826086956522
13.150434782608695
13.55391304347826
13.97
14.144782608695651
14.020434782608698
13.59695652173913
13.36
13.14391304347826
12.76608695652174
12.857391304347825
13.124782608695652
13.398695652173913
13.423913043478262
13.562173913043479
13.698636363636364
12.838181818181818
12.44590909090909
11.72090909090909
11.48
11.938636363636363
11.31318181818182
12.188181818181818
12.39590909090909
12.237272727272728
11.999545454545455
11.533181818181818
11.314545454545454
11.102272727272727
10.830454545454545
10.585454545454546
10.487727272727271
9.700909090909091
9.95409090909091
9.44590909090909
10.43590909090909
10.58909090909091
10.47409090909091
10.610909090909091
10.507727272727273
10.491818181818182
10.543636363636365
9.94909090909091
9.517727272727273
9.966363636363637
9.882272727272728
9.230454545454545
8.941363636363636
9.290909090909091
8.53590909090909
8.742727272727272
8.313636363636364
8.210909090909091
8.583636363636364
7.592272727272728
7.8159090909090905
8.19090909090909
7.988636363636363
7.903181818181818
7.304545454545454
7.0622727272727275
6.505454545454546
6.430909090909091
6.505909090909091
6.248181818181819
6.144090909090909
6.037272727272727
5.992727272727273
5.750454545454546
6.173636363636363
6.219090909090909
6.502727272727273
6.517727272727272
6.214545454545455
6.166818181818183
5.927727272727273
5.889545454545455
5.612272727272727
5.498181818181818
5.501818181818182
5.263636363636364
5.007727272727273
4.956818181818182
4.959545454545455
4.8149999999999995
4.691363636363636
4.864090909090909
5.108636363636363
5.262727272727273
4.384090909090909
4.224545454545455
4.261363636363637
3.7790909090909093
3.9986363636363635
3.875
2.944545454545455
3.963181818181818
4.342727272727273
5.006363636363637
5.661363636363636
4.6872727272727275
4.069545454545454
3.9236363636363634
3.447727272727273
3.299545454545455
4.009545454545454
4.132272727272727
