pet
0.2659090909090909
0.27454545454545454
0.39045454545454544
0.2972727272727273
0.23454545454545456
0.26227272727272727
0.2813636363636363
0.2727272727272727
0.33
0.33636363636363636
0.33181818181818185
0.4422727272727273
0.28363636363636363
0.32
0.3622727272727273
0.27772727272727277
0.3386363636363636
0.3131818181818182
0.345
0.3118181818181818
0.31181818181818177
0.35000000000000003
0.2913636363636364
0.37136363636363634
0.3409090909090909
0.3481818181818182
0.36227272727272725
0.3981818181818182
0.32
0.41363636363636364
0.3877272727272727
0.42181818181818187
0.4231818181818182
0.4531818181818182
0.40136363636363637
0.37863636363636366
0.4640909090909091
0.44090909090909086
0.5077272727272727
0.485
0.4190909090909091
0.41181818181818186
0.435
0.4659090909090909
0.47500000000000003
0.5563636363636364
0.5513636363636363
0.4481818181818182
0.485
0.5931818181818183
0.5968181818181818
0.5913636363636363
0.6513636363636364
0.6131818181818182
0.5959090909090908
0.6781818181818182
0.6704545454545454
0.6122727272727273
0.6722727272727274
0.6809090909090909
0.7140909090909091
0.6354545454545455
0.7345454545454545
0.7731818181818181
0.7763636363636363
0.7754545454545454
0.8045454545454546
0.8168181818181818
0.9286363636363636
0.8886363636363637
0.8813636363636363
0.9136363636363637
0.8650000000000001
0.8813636363636363
0.8372727272727274
0.950909090909091
0.9968181818181818
1.065
0.9663636363636364
1.015
0.9018181818181819
1.0718181818181818
1.0718181818181818
1.0568181818181819
1.136818181818182
1.1427272727272728
1.1359090909090908
1.2286363636363637
1.0686363636363636
1.2695454545454545
1.3243478260869566
1.3556521739130434
1.203913043478261
1.2904347826086957
1.4047826086956523
1.4156521739130437
1.3691304347826085
1.3721739130434782
1.3852173913043477
1.59
1.4352173913043478
1.5243478260869565
1.5030434782608695
1.5308695652173914
1.6804347826086956
1.716521739130435
1.7273913043478262
1.586086956521739
1.8456521739130436
1.7782608695652173
1.6956521739130435
1.5495652173913044
1.8095652173913042
1.6934782608695653
1.6604347826086956
1.73
1.7843478260869565
1.8556521739130434
2.0495652173913044
1.9660869565217391
2.099565217391304
2.0830434782608696
2.221304347826087
2.097391304347826
1.9252173913043478
2.0269565217391303
2.1582608695652175
2.2308695652173913
2.259130434782609
2.2308695652173913
2.2695652173913046
2.236086956521739
2.3230434782608698
2.3265217391304347
2.053913043478261
2.042173913043478
1.997391304347826
2.0804347826086955
2.044782608695652
2.09695652173913
2.3078260869565215
2.3817391304347826
2.466521739130435
2.6052173913043477
2.471304347826087
2.492608695652174
2.1908695652173913
2.329565217391304
2.3021739130434784
2.5904347826086958
2.6608695652173915
2.4921739130434784
2.4008695652173913
2.509130434782609
2.3108695652173914
2.4582608695652173
2.316086956521739
2.6117391304347826
2.5278260869565217
2.6026086956521737
2.59
2.5660869565217395
2.338695652173913
2.2730434782608695
2.4956521739130433
2.3291304347826087
2.4056521739130434
2.532608695652174
2.323478260869565
2.455217391304348
2.634347826086956
2.413913043478261
2.4721739130434783
2.5095652173913043
2.456086956521739
2.4195652173913045
2.719130434782609
2.5404347826086955
2.615217391304348
2.544782608695652
2.263913043478261
2.465217391304348
2.2708695652173914
2.3973913043478263
2.3865217391304347
2.495217391304348
2.2378260869565216
2.362173913043478
2.5017391304347827
2.686086956521739
2.332173913043478
2.5369565217391306
2.3660869565217393
2.5578260869565215
2.435217391304348
2.5591304347826087
2.5608695652173914
2.5608695652173914
2.58
2.2943478260869563
2.356521739130435
2.3530434782608696
2.574782608695652
2.4034782608695653
2.4282608695652175
2.444782608695652
2.361304347826087
2.447391304347826
2.086086956521739
2.137391304347826
2.3395652173913044
2.1191304347826088
2.1134782608695653
2.1895652173913045
2.239130434782609
2.2026086956521738
2.29
2.0413043478260873
2.0413043478260873
2.1856521739130437
2.1234782608695655
1.9221739130434783
1.8256521739130436
1.9117391304347826
1.9547826086956521
1.7882608695652176
2.028695652173913
2.0178260869565214
1.9660869565217391
1.6969565217391305
1.9434782608695653
1.8682608695652174
1.8956521739130436
2.0169565217391305
1.7239130434782608
1.9004347826086956
1.6882608695652173
1.8469565217391304
1.6895652173913043
1.7004347826086956
1.7739130434782608
1.658695652173913
1.6934782608695653
1.5039130434782606
1.5721739130434782
1.5117391304347827
1.6113043478260871
1.4721739130434783
1.4243478260869564
1.5708695652173914
1.5099999999999998
1.4769565217391303
1.5339130434782609
1.3382608695652174
1.3321739130434782
1.393913043478261
1.3604347826086955
1.311304347826087
1.2747826086956522
1.2256521739130435
1.172608695652174
1.203478260869565
1.2143478260869565
1.2234782608695653
1.2530434782608695
1.1408695652173912
1.1652173913043478
1.0230434782608697
1.07
0.9295652173913043
0.9269565217391305
0.9269565217391305
0.9495652173913044
1.0059090909090909
0.8622727272727272
0.9477272727272728
0.97
0.9213636363636364
0.9527272727272728
0.875
0.7936363636363637
0.8504545454545455
0.889090909090909
0.7145454545454546
0.6677272727272728
0.5995454545454545
0.6295454545454545
0.6090909090909091
0.6413636363636365
0.6627272727272727
0.7113636363636364
0.6422727272727272
0.61
0.59
0.5327272727272727
0.5163636363636364
0.5818181818181819
0.6672727272727272
0.5759090909090909
0.6359090909090909
0.6090909090909091
0.5045454545454545
0.5322727272727272
0.5359090909090909
0.47954545454545455
0.47363636363636363
0.48000000000000004
0.45
0.42045454545454547
0.44181818181818183
0.4336363636363636
0.4186363636363637
0.4190909090909091
0.34045454545454545
0.4563636363636364
0.4018181818181818
0.3640909090909091
0.36772727272727274
0.2809090909090909
0.30409090909090913
0.33636363636363636
0.32545454545454544
0.28818181818181815
0.3577272727272727
0.3268181818181818
0.26272727272727275
0.27090909090909093
0.3154545454545455
0.33545454545454545
0.28954545454545455
0.32181818181818184
0.26636363636363636
0.27454545454545454
0.30227272727272725
0.2972727272727273
0.26545454545454544
0.31636363636363635
0.26045454545454544
0.2963636363636364
0.28818181818181815
0.36227272727272725
0.32
0.3172727272727273
0.3231818181818182
0.22863636363636364
0.20045454545454547
0.22727272727272727
0.2931818181818182
0.2990909090909091
0.31318181818181823
0.28136363636363637
0.18636363636363634
0.21727272727272728
0.21181818181818182
0.25272727272727274
0.19863636363636364
0.20909090909090908
0.32863636363636367
0.23090909090909092
0.18545454545454546
0.18500000000000003
0.195
0.23272727272727273
0.20681818181818182
0.245
