pet
0.2081818181818182
0.2631818181818182
0.2736363636363636
0.27636363636363637
0.23090909090909092
0.1918181818181818
0.3572727272727273
0.3077272727272727
0.29545454545454547
0.3140909090909091
0.3518181818181818
0.3277272727272727
0.33
0.3090909090909091
0.30454545454545456
0.23681818181818182
0.2740909090909091
0.2645454545454546
0.32045454545454544
0.34045454545454545
0.3018181818181818
0.28045454545454546
0.2781818181818182
0.32681818181818184
0.3477272727272727
0.39499999999999996
0.36772727272727274
0.44
0.3790909090909091
0.37363636363636366
0.42136363636363633
0.4268181818181818
0.4390909090909091
0.4122727272727273
0.48000000000000004
0.4772727272727273
0.5309090909090909
0.5386363636363636
0.5122727272727272
0.509090909090909
0.48772727272727273
0.4559090909090909
0.5409090909090909
0.5527272727272727
0.5163636363636365
0.5818181818181819
0.6095454545454545
0.48045454545454547
0.5613636363636364
0.6195454545454546
0.6777272727272727
0.6804545454545455
0.7304545454545455
0.6704545454545454
0.5836363636363636
0.7045454545454546
0.7727272727272727
0.7986363636363637
0.7145454545454545
0.7713636363636364
0.9
0.7731818181818181
0.8209090909090908
0.8104545454545454
0.9218181818181819
0.9168181818181818
0.9009090909090909
0.94
1.079090909090909
1.0072727272727273
1.06
1.0472727272727271
1.095
1.03
1.0131818181818182
1.059090909090909
1.0986363636363636
1.1545454545454545
1.0727272727272728
1.1745454545454546
1.1822727272727274
1.17
1.1831818181818183
1.1304545454545456
1.2663636363636364
1.2863636363636364
1.329090909090909
1.3531818181818183
1.3318181818181818
1.5404545454545455
1.5504545454545455
1.5972727272727274
1.4977272727272728
1.4586363636363637
1.5413636363636363
1.8231818181818182
1.6281818181818182
1.7922727272727272
1.6009090909090908
1.7386363636363635
1.705909090909091
1.5986363636363636
1.679090909090909
1.7422727272727272
1.7386363636363635
1.9368181818181818
1.919090909090909
2.0704545454545453
1.655909090909091
1.7936363636363637
2.025909090909091
2.125909090909091
2.061818181818182
2.0081818181818183
2.0745454545454547
1.9649999999999999
2.1731818181818183
2.1418181818181816
2.1363636363636362
2.1263636363636365
2.3695454545454546
2.3686363636363637
2.4645454545454544
2.425909090909091
2.234545454545455
2.3459090909090907
2.433181818181818
2.295909090909091
2.4827272727272724
2.247727272727273
2.4054545454545457
2.5954545454545457
2.375
2.326363636363636
2.4745454545454546
2.348181818181818
2.2386363636363638
2.4677272727272728
2.6018181818181816
2.277727272727273
2.3595454545454544
2.497727272727273
2.7959090909090913
2.695909090909091
2.812727272727273
2.6104545454545454
2.405
2.666363636363636
2.6854545454545455
2.820909090909091
3.0604545454545455
3.005454545454546
2.729545454545455
2.8022727272727272
2.570909090909091
2.8631818181818183
2.5095454545454547
2.92
2.901818181818182
3.0786363636363636
2.8613636363636363
2.8868181818181817
2.6704545454545454
2.653181818181818
2.699090909090909
2.8495454545454546
2.9686363636363637
2.8927272727272726
3.0763636363636366
2.957727272727273
3.2790909090909093
3.080454545454545
2.980909090909091
3.1168181818181817
3.036363636363636
2.9522727272727276
3.1186363636363637
2.877727272727273
3.059090909090909
3.179090909090909
2.9622727272727274
2.9886363636363638
2.828181818181818
2.841818181818182
2.869090909090909
2.8231818181818182
2.807727272727273
2.841818181818182
2.7490909090909095
3.0722727272727273
3.0622727272727275
3.2240909090909096
3.061363636363636
2.9149999999999996
3.266363636363636
3.0599999999999996
3.1322727272727273
2.8877272727272727
3.1595454545454547
3.1536363636363633
3.0186363636363636
2.876818181818182
2.952727272727273
3.0209090909090905
3.1254545454545455
3.0518181818181818
2.771818181818182
2.912272727272727
2.9481818181818182
2.9077272727272727
2.9822727272727274
2.7331818181818184
2.5604545454545455
2.9454545454545453
2.8868181818181817
2.5013636363636365
2.9000000000000004
2.7590909090909093
2.650909090909091
2.7677272727272726
2.8577272727272724
2.437272727272727
2.695909090909091
2.4277272727272727
2.3018181818181818
2.32
2.6522727272727273
2.617272727272727
2.5
2.3595454545454544
2.4954545454545456
2.3822727272727273
2.3577272727272724
2.454090909090909
2.1445454545454545
1.975
2.001818181818182
1.95
2.2763636363636364
2.1704545454545454
2.0940909090909092
1.8559090909090907
1.913478260869565
2.0543478260869565
1.9295652173913045
1.787391304347826
2.0473913043478262
1.8017391304347825
1.7621739130434784
1.9091304347826086
1.79
1.8334782608695652
1.8104347826086957
1.68
1.7082608695652173
1.703478260869565
1.621304347826087
1.458695652173913
1.5969565217391304
1.534782608695652
1.3665217391304347
1.3417391304347825
1.3417391304347825
1.4960869565217394
1.3495652173913044
1.297826086956522
1.2721739130434784
1.1160869565217393
1.1169565217391304
1.0747826086956522
1.1565217391304348
1.1160869565217393
1.0860869565217393
1.1127272727272728
1.065
1.07
1.1290909090909091
1.045909090909091
0.9763636363636364
0.9236363636363637
0.8304545454545454
0.8845454545454546
0.9877272727272728
0.8777272727272727
0.8027272727272727
0.6595454545454545
0.6531818181818182
0.6418181818181817
0.6318181818181818
0.81
0.7772727272727273
0.7136363636363637
0.6481818181818182
0.6559090909090909
0.6586363636363637
0.6577272727272727
0.655
0.7054545454545454
0.7077272727272728
0.6868181818181818
0.6027272727272727
0.5086363636363637
0.5486363636363637
0.5618181818181818
0.4977272727272727
0.47181818181818175
0.45909090909090905
0.39045454545454544
0.39
0.4072727272727273
0.37545454545454543
0.3618181818181818
0.3472727272727273
0.2981818181818182
0.3468181818181818
0.32636363636363636
0.3509090909090909
0.3772727272727273
0.23363636363636361
0.22
0.2440909090909091
0.2740909090909091
0.2159090909090909
0.24227272727272728
0.2159090909090909
0.2009090909090909
0.2859090909090909
0.23363636363636361
0.22772727272727272
0.23863636363636365
0.21909090909090911
0.2381818181818182
0.22863636363636364
0.22954545454545452
0.25227272727272726
0.255
0.2945454545454545
0.25727272727272726
0.32227272727272727
0.2872727272727273
0.35454545454545455
0.21772727272727274
0.26227272727272727
0.24136363636363634
0.20909090909090908
0.1731818181818182
0.20681818181818182
0.2972727272727273
0.22
0.24181818181818182
0.17863636363636362
0.11772727272727272
0.10954545454545456
0.13
0.19454545454545455
0.19045454545454546
0.2
0.33045454545454545
0.25681818181818183
0.2595454545454545
0.24181818181818182
0.22363636363636363
0.1759090909090909
0.20363636363636364
0.19727272727272727
