pet
0.3539130434782609
0.35130434782608694
0.4282608695652175
0.3560869565217391
0.23565217391304347
0.31956521739130433
0.32217391304347825
0.2947826086956522
0.24782608695652175
0.3769565217391304
0.4469565217391304
0.42608695652173917
0.34695652173913044
0.3908695652173913
0.23391304347826086
0.27869565217391307
0.3356521739130435
0.3408695652173913
0.3717391304347826
0.27217391304347827
0.3869565217391305
0.3708695652173913
0.34347826086956523
0.4743478260869565
0.3456521739130435
0.3726086956521739
0.3617391304347826
0.3373913043478261
0.3334782608695652
0.3526086956521739
0.46913043478260874
0.40304347826086956
0.4091304347826087
0.30130434782608695
0.4069565217391304
0.45739130434782604
0.44086956521739135
0.5939130434782609
0.5060869565217392
0.4252173913043478
0.51
0.45217391304347826
0.44304347826086954
0.5708695652173913
0.5413043478260869
0.4847826086956522
0.4995652173913044
0.38913043478260867
0.46347826086956523
0.5573913043478261
0.46956521739130436
0.4982608695652174
0.5982608695652174
0.5782608695652174
0.5934782608695652
0.5656521739130435
0.5895652173913044
0.6269565217391304
0.7008695652173913
0.6869565217391305
0.7273913043478261
0.8321739130434783
0.7756521739130434
0.7239130434782608
0.7713043478260869
0.7152173913043478
0.768695652173913
0.8452173913043477
0.681304347826087
0.7552173913043478
0.9326086956521739
0.811304347826087
0.8456521739130435
0.8886956521739131
0.8965217391304349
0.9995652173913044
0.9643478260869565
0.9543478260869565
0.9960869565217392
1.058695652173913
1.1543478260869566
1.1517391304347826
1.1678260869565218
1.2760869565217392
1.1791304347826088
1.25
1.288695652173913
1.277391304347826
1.2595652173913043
1.126086956521739
1.1318181818181818
1.155
1.3027272727272727
1.3918181818181818
1.375909090909091
1.4372727272727273
1.4663636363636363
1.3245454545454545
1.5272727272727273
1.4395454545454547
1.449090909090909
1.5422727272727272
1.6322727272727275
1.8918181818181816
1.8027272727272725
1.8304545454545453
1.7854545454545454
1.6463636363636363
1.68
1.81
1.742727272727273
1.8340909090909092
1.9422727272727272
2.033181818181818
1.9772727272727273
2.045909090909091
2.182272727272727
1.9800000000000002
1.8518181818181818
1.8404545454545456
2.0595454545454546
2.150909090909091
2.1827272727272726
2.2686363636363636
2.2513636363636365
2.2531818181818184
2.1636363636363636
2.2427272727272727
2.1827272727272726
2.0795454545454546
2.290909090909091
2.2745454545454544
2.4186363636363635
2.739090909090909
2.6122727272727273
2.723181818181818
2.5527272727272727
2.54
2.7245454545454546
2.626818181818182
2.4822727272727274
2.663181818181818
2.4181818181818184
2.733636363636364
2.52
2.611818181818182
2.705
2.696818181818182
2.5663636363636364
2.5936363636363637
2.7045454545454546
2.7413636363636367
2.5309090909090908
2.6963636363636363
2.860909090909091
2.476818181818182
2.472272727272727
2.6495454545454544
2.6363636363636362
2.584090909090909
2.6281818181818184
2.4336363636363636
2.669090909090909
2.690909090909091
2.8286363636363636
2.9063636363636363
2.730909090909091
2.6554545454545457
2.5745454545454547
2.76
3.0900000000000003
2.784090909090909
2.99
2.69
2.605
2.601363636363636
2.709090909090909
2.7513636363636365
2.6645454545454546
2.867272727272727
2.812272727272727
2.731818181818182
2.8713636363636366
3.294090909090909
2.9463636363636367
2.987727272727273
3.2759090909090904
3.0904545454545453
2.770909090909091
2.773181818181818
2.5313636363636367
2.835
2.775909090909091
2.7122727272727274
2.5713636363636363
2.6513636363636364
2.7854545454545456
2.7604545454545453
2.715
2.605909090909091
2.696818181818182
2.6818181818181817
2.553181818181818
2.6027272727272726
2.5090909090909093
2.8249999999999997
2.6818181818181817
2.7190909090909092
2.536363636363636
2.819545454545455
2.533181818181818
2.295909090909091
2.6013636363636365
2.5254545454545454
2.4904545454545453
2.436818181818182
2.3763636363636365
2.2745454545454544
2.106363636363636
2.1995454545454547
2.2286363636363635
2.361818181818182
2.2072727272727275
2.3204545454545453
2.2672727272727276
2.0399999999999996
2.305
2.4886363636363638
2.4022727272727273
2.0704545454545453
2.1004545454545456
2.3000000000000003
2.1340909090909093
2.180454545454545
2.04
2.1540909090909093
1.9568181818181818
2.1004545454545456
2.096818181818182
1.9345454545454546
1.8318181818181818
1.920909090909091
1.8177272727272729
1.7663636363636364
1.87
1.7868181818181819
1.7836363636363637
1.8381818181818181
1.8168181818181817
1.6009090909090908
1.6840909090909089
1.6877272727272727
1.6227272727272728
1.5786363636363634
1.5727272727272728
1.570909090909091
1.45
1.3613636363636363
1.3645454545454545
1.3163636363636364
1.3318181818181818
1.4045454545454545
1.3822727272727273
1.2227272727272727
1.2536363636363637
1.1309090909090909
1.2622727272727272
1.0736363636363637
0.9636363636363636
0.9636363636363636
0.9954545454545454
1.0786363636363636
0.9659090909090909
1.1095652173913044
1.0082608695652175
0.9782608695652174
0.947391304347826
0.9147826086956521
0.981304347826087
1.0056521739130435
0.9691304347826086
0.7321739130434782
0.812608695652174
0.8782608695652173
0.7743478260869565
0.6873913043478261
0.7373913043478261
0.5421739130434783
0.6373913043478261
0.8204347826086957
0.6982608695652175
0.7039130434782609
0.6508695652173914
0.6639130434782609
0.698695652173913
0.6495652173913044
0.5795652173913044
0.5565217391304348
0.47782608695652173
0.5143478260869565
0.4978260869565217
0.6091304347826086
0.4230434782608696
0.4743478260869565
0.43043478260869567
0.391304347826087
0.491304347826087
0.4995652173913044
0.48130434782608694
0.4856521739130435
0.35043478260869565
0.4430434782608696
0.577391304347826
0.47782608695652173
0.45260869565217393
0.44304347826086954
0.5826086956521739
0.348695652173913
0.4752173913043478
0.29913043478260876
0.4295652173913043
0.35000000000000003
0.44608695652173913
0.3521739130434782
0.2839130434782609
0.47782608695652173
0.25173913043478263
0.4808695652173913
0.3847826086956522
0.32
0.26565217391304347
0.29695652173913045
0.3347826086956522
0.19695652173913045
0.23173913043478261
0.2604347826086957
0.29043478260869565
0.33304347826086955
0.19608695652173913
0.3204347826086957
0.33869565217391306
0.20304347826086958
0.2391304347826087
0.24217391304347827
0.3291304347826087
0.3143478260869565
0.28652173913043477
0.23304347826086957
0.25434782608695655
0.2882608695652174
0.3591304347826087
0.3704347826086956
0.29260869565217396
0.3130434782608696
0.21086956521739128
0.2326086956521739
0.2917391304347826
0.22782608695652176
0.28782608695652173
0.1956521739130435
0.3
0.26913043478260873
0.28043478260869564
0.4043478260869566
0.23652173913043475
