temperature
6.421875
5.33125
5.199375
4.76
5.398125
5.1274999999999995
5.408235294117647
5.425294117647059
4.765294117647059
5.233529411764706
5.303529411764706
5.614705882352942
5.938823529411764
5.2176470588235295
6.32
5.555294117647058
5.466470588235294
5.702941176470588
6.157647058823529
5.531764705882353
5.510588235294118
5.003529411764706
4.934117647058823
4.447058823529412
4.666470588235294
4.818235294117647
4.495882352941177
5.088823529411765
4.903529411764706
4.552941176470588
4.489411764705883
4.901764705882353
4.698823529411764
4.771764705882354
5.971176470588236
6.138823529411765
5.554705882352941
4.820588235294117
4.812352941176471
4.094117647058823
4.668235294117647
5.132941176470588
5.534117647058824
5.04764705882353
4.722941176470589
5.029411764705882
4.837647058823529
4.776470588235294
5.111764705882353
5.129411764705883
4.4941176470588236
5.11
5.382352941176471
5.644117647058824
5.90764705882353
5.565294117647059
5.798823529411765
5.471764705882353
5.268235294117647
4.973529411764706
4.33
4.442352941176471
4.764705882352941
4.562941176470588
5.474705882352941
6.495882352941177
6.95235294117647
7.130000000000001
6.669411764705882
6.525294117647059
6.451176470588235
6.154705882352941
5.925882352941176
7.276470588235294
7.384117647058823
7.472941176470588
6.934705882352941
6.0188235294117645
6.449999999999999
6.842941176470588
7.1776470588235295
7.06
6.962941176470588
7.094117647058823
7.044705882352941
7.2041176470588235
7.265294117647059
7.852352941176471
8.025294117647059
8.564117647058824
8.57235294117647
9.169411764705883
8.439411764705882
8.395882352941175
7.6388235294117655
8.344117647058823
7.172352941176471
7.584705882352941
7.862941176470588
8.409411764705883
8.286470588235295
8.261176470588236
8.42470588235294
8.81764705882353
9.200000000000001
8.981176470588236
8.838235294117647
8.871176470588235
8.324705882352943
8.971176470588235
9.83705882352941
9.971176470588235
10.255882352941176
10.49
10.660588235294117
10.577058823529413
10.462941176470588
10.284705882352942
10.17235294117647
10.368823529411765
10.799411764705882
10.72235294117647
10.55235294117647
10.394117647058822
10.86235294117647
11.060588235294118
11.374117647058823
11.42764705882353
11.499411764705883
12.183529411764706
12.24235294117647
11.829999999999998
11.350588235294119
11.309411764705882
11.276470588235293
11.725294117647058
11.808235294117647
11.836470588235294
12.250588235294117
12.365294117647059
12.25294117647059
12.394117647058822
12.657058823529411
13.129411764705882
13.201764705882354
12.897647058823528
12.829411764705881
12.577058823529413
13.000588235294117
13.374705882352941
13.31764705882353
13.596470588235295
14.531764705882352
14.203529411764706
13.896470588235294
13.661176470588236
13.594117647058823
13.410588235294119
13.777058823529412
14.144117647058822
14.359411764705882
14.197058823529412
14.429411764705883
14.441176470588236
14.895294117647058
14.901176470588235
15.132941176470588
15.481764705882354
15.313529411764705
15.755294117647058
15.205882352941176
15.007058823529412
14.947058823529412
15.304705882352941
15.429411764705883
15.688235294117646
15.695294117647059
15.760000000000002
15.819411764705883
16.33823529411765
16.22705882352941
16.55235294117647
16.33823529411765
16.60411764705882
16.256470588235295
15.644117647058822
15.898235294117645
15.963529411764705
16.011764705882353
16.166470588235292
16.310588235294116
16.38705882352941
15.975294117647058
16.113529411764706
16.641764705882352
17.150000000000002
17.040588235294116
16.901764705882353
16.95058823529412
17.14529411764706
16.85411764705882
16.921764705882353
16.681176470588234
16.73176470588235
17.18
17.443529411764708
17.422941176470587
17.528823529411767
17.758235294117647
17.461764705882356
16.83235294117647
16.883529411764705
17.290588235294116
17.11
17.10705882352941
17.099999999999998
17.63705882352941
17.406470588235294
17.41764705882353
16.905882352941177
17.15352941176471
16.692941176470587
17.032941176470587
16.98
16.64294117647059
16.361176470588234
16.673529411764704
16.29705882352941
16.27529411764706
16.48235294117647
16.15294117647059
16.20294117647059
16.210588235294118
16.50176470588235
16.47235294117647
15.98470588235294
16.094117647058823
16.835882352941177
15.968235294117646
15.569411764705883
15.36176470588235
15.684117647058823
15.735882352941175
15.004117647058823
15.390588235294118
15.959411764705882
15.777647058823531
15.929411764705883
16.129411764705882
15.367647058823529
15.105882352941178
15.091764705882353
15.475882352941175
15.929411764705883
15.717058823529412
14.751176470588234
14.387058823529413
14.231176470588236
14.01529411764706
13.491764705882353
13.897058823529411
14.195882352941178
14.26705882352941
14.280588235294118
13.892941176470588
13.768235294117646
13.51764705882353
12.945294117647059
12.980588235294118
13.742941176470588
13.89
13.895294117647058
14.194117647058825
14.238125
13.484375
13.249375
12.499375
12.18625
12.98875
11.87875
12.920625
12.930625000000001
13.0075
12.59
11.82625
11.659375
11.2875
11.1975
11.354375000000001
11.011875
10.453125
10.650625
10.336875000000001
11.143125
11.0875
11.256875
11.44625
11.494375
11.703125
11.324375
11.154375
11.145
11.451875
11.2475
10.403125
10.045
9.829375
8.999375
9.019375
9.1675
8.730625
9.128125
8.225
8.53
9.78125
9.105625
8.8975
8.1575
7.29375
7.14375
7.945
7.795
7.525
7.550625
7.568125
7.96
7.195625
7.11375
6.96875
7.051875
7.105
7.45125
7.59375
6.64875
6.809375
6.29125
5.990625
6.20625
6.75375
6.3075
6.06125
5.41125
5.225625
4.660625
5.083125
5.0625
5.476875
4.999375
5.314375
4.68625
4.139375
4.02875
3.650625
3.7225
5.7075
5.375
6.248125
7.189375
5.8925
5.00375
5.17375
4.41125
4.318125
4.976875
5.166250000000001
