pet
0.2109090909090909
0.235
0.23545454545454544
0.26227272727272727
0.23363636363636361
0.16
0.3227272727272727
0.2927272727272727
0.2527272727272727
0.25727272727272726
0.30954545454545457
0.28363636363636363
0.31636363636363635
0.26954545454545453
0.27045454545454545
0.23
0.22318181818181818
0.2581818181818182
0.26454545454545453
0.3186363636363636
0.2927272727272727
0.25272727272727274
0.25636363636363635
0.2713636363636364
0.31227272727272726
0.37545454545454543
0.315
0.4395454545454545
0.3409090909090909
0.3477272727272727
0.4063636363636363
0.38181818181818183
0.39
0.34181818181818185
0.4431818181818182
0.44681818181818184
0.48772727272727273
0.4727272727272727
0.42363636363636364
0.44909090909090915
0.435
0.3909090909090909
0.49727272727272726
0.51
0.48772727272727273
0.535909090909091
0.5977272727272728
0.46727272727272723
0.535
0.5731818181818181
0.6240909090909091
0.6472727272727273
0.6722727272727274
0.6231818181818182
0.5481818181818182
0.6631818181818182
0.745909090909091
0.7295454545454546
0.645
0.7204545454545455
0.8390909090909091
0.7377272727272728
0.7740909090909092
0.775
0.8922727272727272
0.8427272727272727
0.8118181818181818
0.8963636363636364
0.9931818181818183
0.935
1.0027272727272727
0.9954545454545454
1.0522727272727272
0.9786363636363636
0.9868181818181818
0.9718181818181819
1.0604545454545453
1.1054545454545455
1.0404545454545455
1.1172727272727272
1.1345454545454545
1.1195454545454544
1.1504545454545454
1.0863636363636362
1.1945454545454546
1.2554545454545456
1.298181818181818
1.2863636363636364
1.2654545454545454
1.4745454545454544
1.4591304347826088
1.5608695652173912
1.4478260869565216
1.4595652173913043
1.4665217391304346
1.7843478260869565
1.5430434782608697
1.731304347826087
1.5378260869565217
1.6921739130434783
1.6343478260869564
1.6195652173913044
1.6178260869565217
1.663478260869565
1.7226086956521738
1.8439130434782607
1.9152173913043478
2.11
1.6678260869565218
1.79
2.0204347826086955
2.068695652173913
1.9208695652173913
1.8921739130434785
1.961304347826087
1.8730434782608696
2.1252173913043477
2.1708695652173913
2.083913043478261
2.1256521739130436
2.2978260869565217
2.3169565217391304
2.3708695652173915
2.3543478260869564
2.214782608695652
2.322608695652174
2.353913043478261
2.252608695652174
2.4039130434782607
2.1995652173913043
2.4386956521739127
2.573478260869565
2.336521739130435
2.278260869565217
2.494782608695652
2.3056521739130433
2.178695652173913
2.4039130434782607
2.5517391304347825
2.233478260869565
2.293913043478261
2.528695652173913
2.808695652173913
2.6617391304347824
2.706086956521739
2.5178260869565214
2.2756521739130435
2.542173913043478
2.6869565217391305
2.78
3.0356521739130433
2.9060869565217393
2.662608695652174
2.762608695652174
2.561304347826087
2.884782608695652
2.5578260869565215
2.917826086956522
3.0091304347826084
2.9721739130434783
2.816956521739131
2.717391304347826
2.5452173913043477
2.7108695652173913
2.6595652173913042
2.9182608695652177
2.90695652173913
2.8713043478260873
3.039130434782609
3.092608695652174
3.2117391304347827
3.048695652173913
2.9565217391304346
3.1591304347826084
3.1226086956521737
3.0252173913043476
3.074782608695652
2.97
3.0808695652173914
3.2652173913043474
3.0991304347826087
3.0626086956521736
2.8386956521739126
2.893913043478261
2.8921739130434783
2.756086956521739
2.825217391304348
2.816521739130435
2.7604347826086957
3.0417391304347823
3.003478260869565
3.1982608695652175
2.995217391304348
2.7656521739130433
3.1695652173913045
2.9899999999999998
2.9869565217391307
2.9056521739130434
3.106521739130435
3.143913043478261
3.0630434782608695
2.991739130434783
3.006086956521739
3.0178260869565214
3.1230434782608696
3.138260869565218
2.7378260869565216
2.772173913043478
2.9856521739130435
2.869565217391304
2.9882608695652175
2.7447826086956524
2.6382608695652174
2.9421739130434785
2.859130434782609
2.5004347826086954
2.9447826086956526
2.6652173913043478
2.7
2.8121739130434777
2.8004347826086957
2.4991304347826087
2.670434782608696
2.5069565217391303
2.373913043478261
2.3256521739130434
2.5717391304347825
2.6208695652173915
2.42304347826087
2.3582608695652176
2.440434782608696
2.4108695652173915
2.337391304347826
2.3260869565217392
2.1252173913043477
2.013478260869565
1.957391304347826
1.9247826086956523
2.220869565217391
2.1595652173913042
2.029130434782609
1.8343478260869563
1.9595652173913043
2.003913043478261
1.8908695652173915
1.8156521739130433
2.042608695652174
1.791304347826087
1.7939130434782609
1.8617391304347826
1.8039130434782609
1.8265217391304347
1.79
1.642608695652174
1.7121739130434783
1.6895652173913043
1.5604347826086957
1.4591304347826088
1.6160869565217393
1.5452173913043479
1.358695652173913
1.3169565217391304
1.3104347826086957
1.4504347826086956
1.3021739130434782
1.2739130434782608
1.2682608695652173
1.1517391304347826
1.061304347826087
1.061304347826087
1.107391304347826
1.064782608695652
1.0417391304347827
1.04
1.0
1.02
1.035
0.9659090909090909
0.9527272727272728
0.8759090909090909
0.7822727272727273
0.8468181818181818
0.9481818181818181
0.855909090909091
0.7813636363636364
0.6272727272727273
0.6654545454545455
0.630909090909091
0.5995454545454545
0.8040909090909092
0.7059090909090909
0.6749999999999999
0.6336363636363637
0.6531818181818182
0.6213636363636363
0.6668181818181819
0.6409090909090909
0.6822727272727273
0.6677272727272727
0.6277272727272728
0.5286363636363637
0.4840909090909091
0.4863636363636364
0.5068181818181818
0.44863636363636367
0.4422727272727273
0.43636363636363634
0.3436363636363637
0.35863636363636364
0.3759090909090909
0.35000000000000003
0.3572727272727273
0.29409090909090907
0.29545454545454547
0.32
0.28545454545454546
0.2877272727272727
0.36227272727272725
0.18681818181818183
0.18681818181818183
0.20909090909090908
0.24000000000000002
0.19636363636363638
0.23045454545454547
0.20727272727272725
0.20136363636363636
0.27636363636363637
0.2109090909090909
0.20272727272727273
0.23
0.20318181818181816
0.22636363636363638
0.2127272727272727
0.2
0.23863636363636365
0.26272727272727275
0.2990909090909091
0.24045454545454545
0.2981818181818182
0.26272727272727275
0.3422727272727273
0.17090909090909093
0.24000000000000002
0.20181818181818179
0.2127272727272727
0.17500000000000002
0.1981818181818182
0.3009090909090909
0.19863636363636364
0.21045454545454545
0.135
0.10363636363636365
0.07636363636363636
0.10545454545454547
0.18545454545454546
0.1759090909090909
0.19318181818181818
0.3140909090909091
0.24181818181818182
0.25181818181818183
0.2595454545454545
0.21636363636363634
0.1740909090909091
0.20136363636363636
0.18181818181818182
