pet
0.28045454545454546
0.2672727272727273
0.40863636363636363
0.30227272727272725
0.23909090909090908
0.26545454545454544
0.2690909090909091
0.2645454545454546
0.34136363636363637
0.33772727272727276
0.3422727272727273
0.4763636363636364
0.27545454545454545
0.3109090909090909
0.39454545454545453
0.27636363636363637
0.33954545454545454
0.33545454545454545
0.3522727272727273
0.3227272727272727
0.33999999999999997
0.3645454545454545
0.29409090909090907
0.36818181818181817
0.33681818181818185
0.3409090909090909
0.3568181818181818
0.39454545454545453
0.315
0.425
0.39499999999999996
0.42454545454545456
0.42590909090909085
0.4763636363636364
0.41363636363636364
0.3740909090909091
0.4531818181818182
0.4304545454545455
0.5072727272727273
0.47954545454545455
0.42136363636363633
0.4104545454545454
0.40863636363636363
0.4477272727272727
0.4581818181818182
0.5563636363636364
0.5559090909090909
0.43409090909090914
0.46318181818181814
0.5809090909090909
0.5759090909090909
0.5813636363636363
0.6531818181818182
0.6213636363636363
0.6054545454545455
0.6872727272727274
0.6672727272727272
0.6018181818181818
0.6713636363636364
0.6504545454545455
0.6854545454545454
0.6231818181818182
0.7386363636363636
0.770909090909091
0.7740909090909092
0.7827272727272727
0.7931818181818181
0.8300000000000001
0.9136363636363637
0.9086363636363636
0.8745454545454545
0.9236363636363637
0.8731818181818182
0.9109090909090909
0.8527272727272728
0.9618181818181818
0.984090909090909
1.0513636363636363
0.9659090909090909
1.0222727272727272
0.91
1.095
1.083181818181818
1.065
1.1272727272727272
1.1472727272727272
1.1409090909090909
1.2
1.085909090909091
1.2727272727272727
1.3460869565217393
1.3582608695652174
1.2317391304347827
1.2904347826086957
1.421304347826087
1.3800000000000001
1.3665217391304347
1.3521739130434782
1.371304347826087
1.5982608695652174
1.412608695652174
1.5491304347826087
1.5108695652173914
1.5256521739130435
1.7026086956521738
1.7030434782608697
1.7808695652173914
1.59
1.857391304347826
1.7930434782608697
1.691304347826087
1.569130434782609
1.7878260869565217
1.6991304347826086
1.680869565217391
1.7369565217391305
1.7560869565217392
1.8356521739130434
2.0482608695652176
1.9695652173913043
2.11
2.0765217391304347
2.1886956521739127
2.072173913043478
1.941304347826087
2.0717391304347825
2.1539130434782607
2.2769565217391303
2.2908695652173914
2.307391304347826
2.299130434782609
2.206086956521739
2.3917391304347824
2.3947826086956523
2.0586956521739133
2.092173913043478
1.9995652173913043
2.108695652173913
2.015217391304348
2.1339130434782607
2.300869565217391
2.451304347826087
2.4773913043478264
2.65695652173913
2.4595652173913045
2.536521739130435
2.2421739130434784
2.342173913043478
2.299130434782609
2.559565217391304
2.606521739130435
2.4634782608695653
2.3921739130434783
2.5104347826086957
2.317391304347826
2.404782608695652
2.395217391304348
2.599565217391304
2.506521739130435
2.587391304347826
2.563913043478261
2.536521739130435
2.351304347826087
2.2247826086956524
2.5586956521739133
2.2956521739130435
2.327391304347826
2.5252173913043476
2.2695652173913046
2.417826086956522
2.5643478260869568
2.3591304347826085
2.4239130434782608
2.457391304347826
2.433913043478261
2.401304347826087
2.686086956521739
2.5343478260869565
2.5669565217391304
2.449130434782609
2.2017391304347824
2.4743478260869565
2.2556521739130435
2.4152173913043478
2.3930434782608696
2.426521739130435
2.1943478260869567
2.341304347826087
2.4982608695652173
2.6482608695652172
2.279130434782609
2.446086956521739
2.251304347826087
2.516521739130435
2.362608695652174
2.5504347826086957
2.462608695652174
2.5391304347826087
2.5186956521739132
2.2047826086956523
2.3256521739130434
2.327391304347826
2.5830434782608696
2.347826086956522
2.3973913043478263
2.3634782608695653
2.3708695652173915
2.4039130434782607
1.9926086956521738
2.1021739130434782
2.2769565217391303
2.087391304347826
2.1095652173913044
2.0895652173913044
2.1782608695652175
2.234782608695652
2.2295652173913045
1.9965217391304348
2.0252173913043476
2.122608695652174
2.05
1.8817391304347826
1.7386956521739132
1.8621739130434782
1.965217391304348
1.7321739130434783
1.9717391304347827
1.9456521739130435
1.9017391304347826
1.6395652173913045
1.8878260869565218
1.8404347826086955
1.8708695652173915
1.953478260869565
1.682173913043478
1.8995652173913042
1.682608695652174
1.816521739130435
1.5930434782608696
1.6539130434782607
1.748695652173913
1.6152173913043477
1.6560869565217389
1.4004347826086956
1.5326086956521738
1.4843478260869565
1.5482608695652174
1.4421739130434783
1.3917391304347826
1.5469565217391303
1.518695652173913
1.4582608695652173
1.5008695652173913
1.287391304347826
1.2808695652173914
1.33
1.3095652173913044
1.2778260869565217
1.2278260869565218
1.17
1.113913043478261
1.1682608695652175
1.1817391304347826
1.1639130434782607
1.2239130434782608
1.0995652173913044
1.1056521739130434
0.9991304347826088
1.066521739130435
0.9191304347826087
0.8582608695652173
0.8791304347826087
0.9191304347826087
0.9659090909090909
0.8386363636363636
0.9427272727272726
0.9263636363636363
0.9068181818181817
0.9368181818181818
0.854090909090909
0.7609090909090909
0.8300000000000001
0.8695454545454545
0.7031818181818182
0.65
0.5645454545454546
0.605
0.5827272727272728
0.6254545454545455
0.6277272727272728
0.6818181818181818
0.634090909090909
0.5940909090909091
0.5845454545454545
0.48863636363636365
0.4659090909090909
0.5549999999999999
0.6395454545454545
0.535
0.6045454545454546
0.5754545454545454
0.4795454545454545
0.5036363636363637
0.48772727272727273
0.4581818181818182
0.4509090909090909
0.4722727272727273
0.43409090909090914
0.3918181818181818
0.4231818181818182
0.4145454545454545
0.4227272727272728
0.3918181818181818
0.3172727272727273
0.46090909090909093
0.3918181818181818
0.3290909090909091
0.3577272727272727
0.29636363636363633
0.2972727272727273
0.3240909090909091
0.33090909090909093
0.2972727272727273
0.37363636363636366
0.34045454545454545
0.26954545454545453
0.265
0.3159090909090909
0.34
0.2931818181818182
0.3231818181818182
0.25227272727272726
0.25681818181818183
0.30136363636363633
0.29
0.25681818181818183
0.3181818181818182
0.2468181818181818
0.2872727272727273
0.28954545454545455
0.34727272727272723
0.33
0.31
0.32681818181818184
0.2240909090909091
0.20636363636363636
0.23909090909090908
0.3095454545454545
0.325
0.32
0.3009090909090909
0.20272727272727273
0.22636363636363638
0.21954545454545454
0.2727272727272727
0.20545454545454547
0.22090909090909092
0.3245454545454545
0.23136363636363635
0.16999999999999998
0.1668181818181818
0.19136363636363637
0.21818181818181817
0.20772727272727273
0.24454545454545454
