pet
0.24545454545454548
0.27499999999999997
0.23
0.2781818181818182
0.27545454545454545
0.17727272727272728
0.2840909090909091
0.29454545454545455
0.27590909090909094
0.2290909090909091
0.27545454545454545
0.31772727272727275
0.34363636363636363
0.2818181818181818
0.24136363636363634
0.2768181818181818
0.22681818181818184
0.3009090909090909
0.24863636363636363
0.3304545454545455
0.2968181818181818
0.2827272727272727
0.30136363636363633
0.3004545454545455
0.29818181818181816
0.3836363636363636
0.3409090909090909
0.4359090909090909
0.34
0.3654545454545454
0.4036363636363637
0.4072727272727273
0.43409090909090914
0.4145454545454546
0.4540909090909091
0.43727272727272726
0.4968181818181818
0.5054545454545454
0.4509090909090909
0.4627272727272727
0.4627272727272727
0.38045454545454543
0.44681818181818184
0.5495454545454546
0.5404545454545455
0.5404545454545455
0.6536363636363636
0.5486363636363637
0.5577272727272727
0.5963636363636363
0.6195454545454545
0.6472727272727273
0.6527272727272727
0.6040909090909091
0.5645454545454546
0.65
0.8040909090909092
0.73
0.6377272727272727
0.7013636363636363
0.8486363636363637
0.770909090909091
0.7809090909090909
0.8618181818181818
0.9218181818181819
0.8
0.8113636363636364
0.9163636363636364
0.9440909090909091
0.8631818181818182
1.0427272727272727
0.9563636363636363
1.0436363636363637
1.0136363636363637
1.0913636363636365
0.88
1.0413636363636363
1.0736363636363637
1.0172727272727273
1.0227272727272727
1.2
1.1313636363636363
1.1877272727272727
1.124090909090909
1.1363636363636365
1.3086363636363636
1.3095454545454546
1.22
1.1890909090909092
1.4
1.4900000000000002
1.5973913043478263
1.4843478260869565
1.4691304347826086
1.5052173913043476
1.7217391304347827
1.5086956521739132
1.7878260869565217
1.4908695652173913
1.643913043478261
1.6408695652173915
1.6639130434782607
1.6013043478260869
1.6752173913043478
1.7265217391304348
1.816086956521739
1.9739130434782608
2.0604347826086955
1.6721739130434783
1.856086956521739
2.1334782608695653
2.182608695652174
1.9747826086956521
1.8617391304347826
1.8830434782608696
1.7604347826086957
2.036086956521739
2.1365217391304347
1.9978260869565219
2.106521739130435
2.219130434782609
2.1804347826086956
2.367391304347826
2.2704347826086955
2.1630434782608696
2.422608695652174
2.3643478260869566
2.236521739130435
2.3126086956521736
2.4408695652173913
2.4173913043478263
2.4317391304347824
2.398695652173913
2.252173913043478
2.4630434782608694
2.3756521739130436
2.2752173913043476
2.2004347826086956
2.5808695652173914
2.2430434782608693
2.286086956521739
2.5626086956521736
2.821739130434783
2.6469565217391304
2.6713043478260867
2.56
2.242608695652174
2.457391304347826
2.7908695652173914
2.778260869565217
2.968695652173913
2.789565217391304
2.497826086956522
2.617391304347826
2.456086956521739
2.630434782608696
2.5652173913043477
2.7695652173913046
2.9813043478260868
2.714782608695652
2.7226086956521742
2.5230434782608695
2.5878260869565217
2.6313043478260867
2.6917391304347826
2.83
2.738260869565217
2.858695652173913
2.993913043478261
3.135217391304348
3.0817391304347823
3.050869565217391
2.9321739130434783
3.0839130434782605
3.2373913043478257
2.941304347826087
3.031739130434783
3.036521739130435
3.011304347826087
3.2317391304347827
3.0269565217391308
3.0617391304347827
2.8682608695652174
2.8356521739130436
3.0091304347826084
2.7421739130434784
2.777391304347826
2.723913043478261
2.577391304347826
2.9726086956521742
2.851304347826087
3.03695652173913
2.743478260869565
2.648695652173913
3.072173913043478
3.0182608695652173
2.8347826086956522
2.8260869565217392
3.0356521739130433
3.1308695652173917
2.9156521739130437
3.0869565217391304
3.14
3.010869565217391
3.173478260869565
3.1217391304347823
2.6700000000000004
2.654347826086956
2.889130434782609
2.9369565217391305
2.981304347826087
2.845217391304348
2.90695652173913
2.967826086956522
2.948695652173913
2.6465217391304345
3.07
2.7204347826086956
2.6730434782608694
2.8082608695652174
2.7569565217391303
2.5626086956521736
2.690434782608696
2.4921739130434784
2.4382608695652173
2.4060869565217393
2.5408695652173914
2.5578260869565215
2.5104347826086957
2.5208695652173914
2.5478260869565217
2.435217391304348
2.436086956521739
2.1756521739130434
2.1804347826086956
2.099565217391304
1.985217391304348
1.828695652173913
2.101304347826087
2.2178260869565216
2.1317391304347826
1.8356521739130434
2.077391304347826
1.9752173913043478
1.9382608695652173
1.9143478260869566
2.081304347826087
1.8860869565217393
1.7995652173913044
1.8682608695652174
1.854782608695652
1.8647826086956523
1.8395652173913044
1.6508695652173913
1.7721739130434782
1.7213043478260872
1.572608695652174
1.4917391304347827
1.6669565217391307
1.5060869565217392
1.5004347826086957
1.3530434782608693
1.4143478260869566
1.4882608695652173
1.3756521739130434
1.3330434782608696
1.2791304347826087
1.231304347826087
1.1117391304347826
1.1591304347826088
1.1182608695652174
1.058695652173913
1.1095652173913044
1.048181818181818
0.9986363636363635
0.9768181818181817
1.0413636363636363
0.9977272727272727
0.9977272727272727
0.9040909090909092
0.7786363636363636
0.8854545454545455
0.975
0.9022727272727272
0.8768181818181818
0.6631818181818182
0.6804545454545455
0.7345454545454545
0.655
0.8940909090909092
0.7895454545454546
0.7595454545454546
0.735909090909091
0.6640909090909091
0.6645454545454546
0.7486363636363635
0.6845454545454546
0.7318181818181819
0.6536363636363637
0.6631818181818182
0.5840909090909091
0.5145454545454545
0.5172727272727273
0.5077272727272727
0.48863636363636365
0.4686363636363637
0.5286363636363637
0.3986363636363636
0.39499999999999996
0.4540909090909091
0.4295454545454546
0.405
0.3440909090909091
0.3795454545454545
0.35500000000000004
0.37136363636363634
0.30727272727272725
0.4240909090909091
0.23863636363636365
0.18363636363636363
0.25681818181818183
0.2559090909090909
0.23363636363636361
0.25181818181818183
0.24045454545454545
0.2568181818181818
0.3181818181818182
0.21
0.2604545454545455
0.25863636363636366
0.2218181818181818
0.18863636363636366
0.21772727272727274
0.22272727272727275
0.2340909090909091
0.2677272727272727
0.3304545454545455
0.2618181818181818
0.3145454545454545
0.29090909090909095
0.33045454545454545
0.16863636363636364
0.29818181818181816
0.16636363636363638
0.24181818181818182
0.22045454545454543
0.19545454545454544
0.33954545454545454
0.26
0.23136363636363635
0.17227272727272727
0.12363636363636363
0.11454545454545455
0.1409090909090909
0.21545454545454545
0.20136363636363636
0.19636363636363638
0.29545454545454547
0.2972727272727273
0.30272727272727273
0.2609090909090909
0.27045454545454545
0.22363636363636363
0.2609090909090909
0.20681818181818182
