pet
0.33956521739130435
0.32521739130434785
0.44608695652173913
0.5634782608695652
0.3730434782608696
0.43478260869565216
0.4795652173913043
0.30347826086956525
0.23130434782608697
0.42913043478260865
0.6434782608695653
0.558695652173913
0.558695652173913
0.46608695652173915
0.3530434782608696
0.44086956521739135
0.43217391304347824
0.46
0.46347826086956523
0.36869565217391304
0.44521739130434784
0.5626086956521739
0.3243478260869565
0.6530434782608695
0.542608695652174
0.4804347826086957
0.4556521739130435
0.5830434782608696
0.49521739130434783
0.5360869565217391
0.6104347826086957
0.43260869565217386
0.5856521739130435
0.2782608695652174
0.5
0.5730434782608695
0.5230434782608695
0.601304347826087
0.6169565217391305
0.5347826086956522
0.5460869565217391
0.5656521739130435
0.59
0.7195652173913044
0.6513043478260869
0.6065217391304347
0.6734782608695652
0.5495652173913044
0.6526086956521739
0.5921739130434783
0.4739130434782609
0.7221739130434782
0.6543478260869565
0.7100000000000001
0.697391304347826
0.7821739130434782
0.7204347826086956
0.911304347826087
0.8039130434782608
0.838695652173913
0.8369565217391305
0.9034782608695653
0.8699999999999999
0.7765217391304348
0.722608695652174
0.8673913043478261
0.7330434782608696
0.9230434782608696
0.74
0.9282608695652175
0.8843478260869565
0.937391304347826
0.9430434782608694
0.93
1.03
1.1495652173913045
1.0039130434782608
0.8721739130434782
0.9143478260869565
0.998695652173913
1.316086956521739
1.1608695652173913
1.1343478260869566
1.371304347826087
1.2017391304347826
1.2743478260869565
1.3208695652173912
1.2460869565217392
1.2382608695652173
1.2482608695652175
1.0127272727272727
1.2227272727272727
1.4222727272727271
1.4177272727272727
1.3768181818181817
1.5795454545454546
1.5686363636363636
1.5527272727272725
1.6468181818181817
1.4736363636363636
1.535909090909091
1.3286363636363636
1.6513636363636364
1.9036363636363638
1.7863636363636362
1.8377272727272727
1.9613636363636362
1.6095454545454544
1.7986363636363636
2.0436363636363635
1.8622727272727273
1.9768181818181818
2.055909090909091
2.3000000000000003
1.9331818181818183
2.0722727272727273
2.309090909090909
2.088181818181818
2.065
1.6986363636363635
2.069545454545455
2.138181818181818
2.1404545454545456
2.140909090909091
2.065
2.196818181818182
2.2463636363636366
2.215909090909091
2.166363636363636
1.9745454545454544
2.099090909090909
2.1036363636363635
2.275909090909091
2.4404545454545454
2.479090909090909
2.3781818181818184
2.441818181818182
2.6595454545454547
2.466818181818182
2.6213636363636366
2.5095454545454547
2.5936363636363637
2.608636363636364
2.8786363636363634
2.471818181818182
2.6304545454545454
2.75
2.7531818181818184
2.3390909090909093
2.4527272727272726
2.6818181818181817
2.4545454545454546
2.3663636363636367
2.5986363636363636
2.5236363636363635
2.3636363636363638
2.5436363636363635
2.375909090909091
2.333636363636364
2.495909090909091
2.5004545454545455
2.4640909090909093
2.7736363636363635
2.6904545454545454
2.5386363636363636
2.944545454545455
2.826363636363636
2.7245454545454546
2.5504545454545453
2.7954545454545454
2.9786363636363635
2.7745454545454544
2.8327272727272725
2.314090909090909
2.4822727272727274
2.4
2.7204545454545457
2.544090909090909
2.541363636363636
2.6095454545454544
2.731818181818182
2.7795454545454543
2.9372727272727275
3.3295454545454546
2.606363636363636
2.87
2.9522727272727276
2.6727272727272724
2.689090909090909
2.5327272727272727
2.315909090909091
2.333181818181818
2.4472727272727273
2.507727272727273
2.3272727272727276
2.7331818181818184
2.644090909090909
2.7436363636363637
2.5863636363636364
2.411818181818182
2.627272727272727
2.712727272727273
2.4881818181818183
2.5872727272727274
2.5322727272727272
2.770909090909091
2.598181818181818
2.5222727272727274
2.860909090909091
2.74
2.618181818181818
2.3154545454545454
2.66
2.3745454545454545
2.472272727272727
2.394090909090909
2.195909090909091
2.3704545454545456
2.2804545454545457
2.364090909090909
2.1504545454545454
2.4104545454545456
2.0927272727272728
2.2354545454545454
1.9909090909090907
2.0290909090909093
2.3236363636363637
2.5090909090909093
2.3345454545454545
2.1845454545454546
2.14
2.315909090909091
2.1404545454545456
1.995
1.9268181818181818
1.9727272727272727
1.8527272727272726
2.1677272727272725
2.2463636363636366
2.006818181818182
2.0568181818181817
2.016363636363636
1.7986363636363636
1.6204545454545454
1.6795454545454547
1.9663636363636363
1.7840909090909092
1.9527272727272729
1.8113636363636365
1.7754545454545456
1.656818181818182
1.6831818181818183
1.6663636363636363
1.7127272727272727
1.4759090909090908
1.5177272727272728
1.4681818181818185
1.4231818181818183
1.2818181818181817
1.3536363636363637
1.289090909090909
1.3863636363636365
1.3977272727272727
1.3036363636363637
1.4377272727272727
1.1213636363636363
1.1777272727272727
1.165909090909091
1.169090909090909
1.071818181818182
1.1190909090909091
1.1781818181818182
1.1290909090909091
1.164782608695652
0.8965217391304349
1.08
1.09
1.0526086956521739
1.092608695652174
1.0382608695652173
1.0869565217391304
0.8130434782608695
0.7760869565217392
0.9434782608695652
0.8921739130434783
0.8426086956521739
0.7978260869565218
0.7552173913043478
0.9682608695652174
0.9926086956521738
0.6865217391304348
0.8039130434782608
0.9008695652173913
0.8365217391304348
0.5978260869565217
0.6313043478260869
0.721304347826087
0.6734782608695652
0.6965217391304348
0.6269565217391304
0.5599999999999999
0.6830434782608695
0.5708695652173913
0.4804347826086956
0.44478260869565217
0.5204347826086957
0.6426086956521739
0.6391304347826087
0.6795652173913044
0.6860869565217391
0.4830434782608695
0.5721739130434783
0.6791304347826087
0.5043478260869565
0.46
0.6678260869565217
0.6421739130434783
0.596086956521739
0.5626086956521739
0.4295652173913043
0.5604347826086957
0.5004347826086957
0.5226086956521739
0.5704347826086956
0.4860869565217391
0.5556521739130434
0.3721739130434783
0.4643478260869565
0.3795652173913044
0.528695652173913
0.45130434782608697
0.5278260869565218
0.46260869565217394
0.1926086956521739
0.39956521739130435
0.30826086956521737
0.3882608695652174
0.4165217391304348
0.3352173913043478
0.42434782608695654
0.3560869565217391
0.43782608695652175
0.44826086956521743
0.5152173913043478
0.5591304347826087
0.48347826086956525
0.5178260869565218
0.43347826086956526
0.3073913043478261
0.39
0.4556521739130435
0.5217391304347826
0.41434782608695647
0.32652173913043475
0.3969565217391305
0.41608695652173916
0.40304347826086956
0.36
0.45130434782608697
0.3069565217391304
0.45869565217391306
0.32565217391304346
0.29782608695652174
0.3604347826086956
0.3452173913043478
