temperature
2.2613636363636362
2.1572727272727272
1.315
1.5159090909090909
2.005909090909091
1.9936363636363637
1.7845454545454544
1.5713636363636363
1.2281818181818183
1.2422727272727272
1.575
0.8754545454545454
0.9554545454545454
1.5368181818181819
1.6445454545454545
1.635909090909091
1.178181818181818
1.2413636363636362
1.9181818181818182
2.137272727272727
2.477727272727273
2.3059090909090907
1.9004545454545456
1.8
1.4486363636363637
1.064090909090909
0.8954545454545456
0.8218181818181818
1.8086363636363636
1.9786363636363637
1.7286363636363637
1.8350000000000002
2.1213636363636366
2.0672727272727274
2.319545454545455
2.442272727272727
2.2981818181818183
1.6268181818181817
1.6013636363636363
1.3531818181818183
1.1490909090909092
0.9222727272727272
1.0486363636363636
1.16
0.9368181818181818
0.4122727272727273
0.49954545454545457
0.781818181818182
1.5068181818181818
1.7359090909090908
1.93
1.9268181818181818
2.3595454545454544
2.3272727272727276
2.3445454545454543
2.364090909090909
2.2904545454545455
2.43
2.053181818181818
2.3272727272727276
2.3831818181818183
2.4272727272727272
2.7195454545454543
2.9154545454545455
3.991818181818182
3.946363636363636
4.083636363636364
3.543636363636364
3.450909090909091
3.3595454545454544
3.6454545454545455
3.1763636363636363
2.8822727272727273
2.6254545454545455
2.576363636363636
2.830454545454545
2.8604545454545454
2.3163636363636364
2.604761904761905
2.183809523809524
2.5423809523809524
2.604285714285714
2.8676190476190477
3.314285714285714
3.0623809523809524
3.2390476190476187
3.337142857142857
3.3852380952380954
3.8152380952380955
4.322380952380952
4.13
3.482857142857143
2.8476190476190473
3.615714285714286
4.140952380952381
4.006190476190476
4.0095238095238095
3.6700000000000004
3.8823809523809523
4.121904761904762
4.285714285714286
4.360952380952381
4.154761904761905
4.72047619047619
5.088571428571429
5.154761904761905
5.035238095238095
4.996190476190476
5.311428571428571
5.501904761904762
5.684285714285714
5.532857142857143
5.36
5.649523809523809
5.692857142857143
5.62952380952381
5.496666666666667
5.424761904761905
5.589047619047619
5.818095238095238
5.671428571428571
5.640476190476191
5.565714285714286
5.972380952380952
6.0842857142857145
6.363333333333333
6.682380952380953
6.882857142857143
6.374761904761905
6.619523809523809
7.220000000000001
7.218571428571429
7.58047619047619
7.552380952380952
8.206666666666667
7.908095238095238
7.8880952380952385
8.321428571428571
8.152857142857144
8.388571428571428
8.432380952380953
8.247142857142856
8.744761904761905
9.051428571428572
9.135714285714286
9.074285714285715
9.09095238095238
8.574761904761905
8.723809523809523
9.014285714285714
9.231428571428571
9.61
9.59952380952381
9.598571428571429
9.591904761904763
9.369047619047619
9.58095238095238
9.665714285714285
9.741904761904763
10.223809523809523
9.674761904761905
9.732857142857142
9.85142857142857
9.57952380952381
9.67095238095238
9.86809523809524
10.07952380952381
10.356190476190475
10.438095238095238
10.75
10.895714285714286
10.581904761904761
10.573333333333332
10.38952380952381
10.291428571428572
10.440000000000001
10.404761904761905
10.45
10.547619047619047
10.710952380952381
11.108095238095238
10.854761904761904
11.1
11.202857142857143
11.91047619047619
12.138095238095238
12.208095238095238
12.346666666666666
11.98904761904762
11.89857142857143
11.643809523809525
11.914761904761905
11.827619047619047
11.783809523809524
12.04857142857143
11.644761904761904
11.598571428571429
11.183333333333334
11.64857142857143
11.904285714285715
12.005238095238095
11.594285714285714
11.60142857142857
11.814285714285713
11.775714285714285
12.051904761904762
12.375238095238094
12.454285714285716
12.582857142857144
12.716190476190476
11.856190476190475
11.793333333333333
11.824761904761905
12.197142857142856
11.843809523809524
11.58952380952381
11.762857142857143
11.696666666666667
11.91952380952381
11.986190476190476
11.791428571428572
11.62904761904762
12.023809523809524
12.088571428571429
12.022857142857143
12.062857142857142
12.041904761904762
11.930952380952382
11.325238095238095
11.446190476190477
11.644761904761904
11.888571428571428
11.75047619047619
11.212380952380952
11.131428571428572
11.602857142857143
11.40857142857143
11.421904761904761
11.423809523809524
11.214285714285714
11.746666666666666
11.013809523809524
11.022380952380953
11.23
10.84047619047619
10.634285714285713
10.478095238095237
10.232380952380952
9.863809523809524
9.912727272727272
10.215454545454547
9.874545454545455
9.428636363636365
9.211818181818181
9.27909090909091
9.16
9.179545454545455
9.230454545454545
9.343636363636364
9.786363636363637
9.443636363636363
9.225
9.498181818181818
9.238636363636363
8.877727272727272
9.055
8.899545454545454
8.470454545454546
7.838181818181818
7.787727272727273
8.270909090909091
8.92
8.699545454545454
8.773181818181818
8.81
8.481363636363637
8.527272727272727
8.274090909090908
8.046363636363637
7.768636363636364
7.844090909090909
7.975
7.308636363636364
7.167272727272728
7.156363636363636
6.656818181818181
6.8931818181818185
6.804545454545454
6.520454545454545
6.290909090909091
6.531818181818181
6.248181818181819
6.314545454545454
6.15
6.03
6.297272727272727
6.425909090909091
6.408636363636364
6.666363636363636
6.407272727272727
6.414545454545455
6.205454545454544
6.061818181818182
5.493181818181818
5.215
5.625454545454546
5.350454545454546
5.112272727272727
4.758181818181819
4.722727272727273
5.166363636363636
5.073636363636364
5.109090909090909
4.874545454545454
4.380454545454546
4.017727272727273
3.5459090909090905
3.4963636363636366
3.5904545454545453
3.48
3.497272727272727
3.636818181818182
3.2036363636363636
2.4936363636363637
2.9054545454545457
3.4936363636363637
3.155909090909091
3.113181818181818
2.873181818181818
2.335909090909091
2.2636363636363637
2.562272727272727
2.2704545454545455
2.5945454545454543
2.6486363636363635
3.090909090909091
3.4327272727272726
3.264545454545454
3.107727272727273
2.8527272727272726
1.7690909090909093
1.7518181818181817
1.6454545454545455
1.9795454545454545
2.3327272727272725
2.251818181818182
2.5313636363636363
2.247727272727273
2.5959090909090907
2.1577272727272727
1.89
1.9859090909090908
2.17
2.0536363636363637
2.5927272727272728
2.575454545454545
2.546818181818182
2.682727272727273
2.765454545454545
2.535
2.0295454545454543
2.5063636363636363
1.9531818181818181
1.9172727272727272
2.102272727272727
