pet
0.198
0.19466666666666665
0.2773333333333333
0.21600000000000003
0.25333333333333335
0.19733333333333333
0.22333333333333333
0.15266666666666667
0.26666666666666666
0.29333333333333333
0.32466666666666666
0.41933333333333334
0.214
0.20666666666666667
0.38999999999999996
0.27133333333333337
0.21866666666666665
0.2853333333333333
0.274
0.30733333333333335
0.3
0.2653333333333333
0.232
0.2506666666666667
0.31466666666666665
0.24533333333333332
0.25866666666666666
0.30066666666666664
0.2706666666666667
0.37133333333333335
0.37399999999999994
0.346
0.28200000000000003
0.428
0.322
0.2633333333333333
0.256
0.30866666666666664
0.37266666666666665
0.27133333333333337
0.32933333333333337
0.32866666666666666
0.25133333333333335
0.298
0.31466666666666665
0.4033333333333333
0.436
0.3453333333333333
0.40066666666666667
0.38533333333333336
0.366
0.39799999999999996
0.4706666666666666
0.434
0.4686666666666667
0.5373333333333333
0.5113333333333333
0.49666666666666665
0.48000000000000004
0.476
0.462
0.42266666666666663
0.5486666666666667
0.588
0.6286666666666666
0.6533333333333334
0.7126666666666667
0.662
0.7266666666666667
0.7166666666666667
0.6933333333333334
0.7226666666666667
0.702
0.7486666666666667
0.7446666666666667
0.776
0.7613333333333333
0.8153333333333334
0.8046666666666666
0.8306666666666668
0.876
0.9766666666666667
0.928
0.8580000000000001
0.9226666666666666
0.9193333333333332
0.98
0.9333333333333333
0.9566666666666667
1.0993333333333333
1.1946666666666665
1.176
1.0953333333333333
1.0873333333333333
1.2339999999999998
1.0793333333333335
1.1213333333333333
1.1159999999999999
1.074
1.3373333333333335
1.214
1.3606666666666667
1.3146666666666667
1.346
1.4973333333333334
1.544
1.6226666666666667
1.422
1.6433333333333333
1.5326666666666666
1.5286666666666666
1.5913333333333335
1.5586666666666666
1.562
1.5006666666666668
1.6293333333333335
1.5339999999999998
1.5013333333333334
1.7086666666666666
1.8046666666666666
1.74
1.7686666666666668
1.7493333333333334
1.6846666666666665
1.5793333333333335
1.8346666666666667
1.9526666666666666
2.12
2.066
1.8993333333333333
1.9833333333333334
1.8820000000000001
2.152
2.0326666666666666
1.6806666666666668
1.7206666666666666
1.7040000000000002
1.8286666666666667
1.7633333333333332
1.879333333333333
1.9146666666666665
2.2086666666666663
1.9346666666666665
2.192
2.0073333333333334
2.1633333333333336
2.144
2.1866666666666665
1.9573333333333334
2.308666666666667
2.4713333333333334
2.1473333333333335
2.1406666666666667
2.1993333333333336
2.066666666666667
2.1166666666666667
2.4006666666666665
2.278
2.21
2.3953333333333333
2.381333333333333
2.254
1.992
1.88
2.2153333333333336
1.9193333333333333
1.8386666666666664
1.9653333333333334
1.96
2.04
1.8666666666666667
1.838
1.8226666666666667
1.7786666666666666
1.97
2.082
2.2906666666666666
2.1959999999999997
2.102
1.9780000000000002
2.062666666666667
2.1846666666666668
1.992
2.2819999999999996
2.106666666666667
2.1273333333333335
1.8506666666666665
2.0393333333333334
2.1293333333333333
2.0953333333333335
1.9286666666666668
2.0260000000000002
1.7573333333333332
2.2246666666666663
1.9206666666666667
2.164
2.1353333333333335
2.0686666666666667
1.9706666666666668
1.7573333333333332
2.010666666666667
1.9166666666666667
2.1766666666666667
2.0286666666666666
2.167333333333333
2.0086666666666666
2.0166666666666666
1.966
1.6506666666666667
1.8806666666666667
1.886
1.684
1.7133333333333334
1.7066666666666668
1.7993333333333332
1.8553333333333335
1.7646666666666666
1.68
1.7013333333333334
1.7753333333333332
1.75
1.5133333333333332
1.3746666666666667
1.4460000000000002
1.708
1.5806666666666667
1.6793333333333331
1.4706666666666666
1.558
1.3493333333333333
1.5133333333333332
1.5279999999999998
1.5659999999999998
1.6726666666666667
1.4686666666666668
1.602
1.5346666666666666
1.5586666666666666
1.2686666666666668
1.318
1.454
1.2833333333333334
1.3233333333333335
1.1320000000000001
1.302
1.26
1.2366666666666668
1.242
1.3333333333333333
1.2133333333333334
1.3099999999999998
1.2026666666666666
1.254
1.0813333333333333
1.1266666666666665
1.046
0.9993333333333333
0.962
0.9473333333333332
0.9353333333333332
0.8373333333333334
0.852
0.9186666666666667
0.8313333333333334
0.9833333333333333
0.896
0.8513333333333333
0.8586666666666667
0.9206666666666667
0.8093333333333333
0.752
0.7186666666666668
0.766
0.7735714285714286
0.7707142857142857
0.83
0.7221428571428571
0.7742857142857142
0.8285714285714285
0.745
0.6392857142857142
0.7385714285714285
0.6964285714285714
0.5371428571428571
0.47285714285714286
0.5071428571428572
0.5164285714285715
0.4571428571428572
0.49714285714285716
0.49785714285714283
0.4857142857142857
0.41428571428571426
0.4121428571428571
0.3814285714285714
0.36214285714285716
0.36
0.43571428571428567
0.45928571428571424
0.4542857142857143
0.5121428571428571
0.45142857142857146
0.39142857142857146
0.35285714285714287
0.40714285714285714
0.3314285714285714
0.3742857142857143
0.37142857142857144
0.295
0.3728571428571429
0.435
0.325
0.4321428571428571
0.31285714285714283
0.3442857142857143
0.4878571428571429
0.3828571428571429
0.31
0.3392857142857143
0.3028571428571429
0.25214285714285717
0.202
0.23533333333333334
0.284
0.3393333333333333
0.328
0.2626666666666667
0.19866666666666666
0.27133333333333337
0.2853333333333333
0.214
0.32066666666666666
0.20733333333333331
0.17733333333333334
0.20466666666666666
0.20199999999999999
0.1753333333333333
0.2326666666666667
0.2
0.18066666666666667
0.22999999999999998
0.21133333333333332
0.19466666666666665
0.24333333333333332
0.32133333333333336
0.27599999999999997
0.16333333333333336
0.25466666666666665
0.33
0.2826666666666667
0.21933333333333332
0.18266666666666667
0.17200000000000001
0.19466666666666665
0.24333333333333332
0.28933333333333333
0.22133333333333335
0.2866666666666667
0.25
0.17200000000000001
0.136
0.104
0.164
0.16466666666666668
0.1713333333333333
0.15933333333333335
