pet
0.4008695652173913
0.3356521739130435
0.3343478260869565
0.2773913043478261
0.1865217391304348
0.26130434782608697
0.24304347826086956
0.35130434782608694
0.2591304347826087
0.29
0.3643478260869565
0.42043478260869566
0.3226086956521739
0.35782608695652174
0.20130434782608694
0.3126086956521739
0.35347826086956524
0.27869565217391307
0.3969565217391304
0.28956521739130436
0.3
0.30695652173913046
0.3130434782608696
0.33260869565217394
0.29304347826086957
0.33260869565217394
0.3065217391304348
0.28521739130434787
0.33
0.30695652173913046
0.3704347826086956
0.371304347826087
0.391304347826087
0.3539130434782609
0.44521739130434784
0.43434782608695655
0.4134782608695652
0.5034782608695653
0.43913043478260866
0.3760869565217391
0.4330434782608696
0.4230434782608696
0.4091304347826087
0.4543478260869565
0.48782608695652174
0.41521739130434787
0.43782608695652175
0.35043478260869565
0.39956521739130435
0.45782608695652177
0.46043478260869564
0.5021739130434782
0.6273913043478261
0.5643478260869565
0.5334782608695652
0.4860869565217391
0.5069565217391304
0.5730434782608695
0.6513043478260869
0.6239130434782608
0.65
0.7708695652173914
0.8191304347826087
0.7643478260869566
0.773913043478261
0.7530434782608696
0.7504347826086957
0.7995652173913044
0.7408695652173912
0.7621739130434783
0.8691304347826087
0.8247826086956521
0.7604347826086956
0.8560869565217392
0.8343478260869566
0.9152173913043479
0.9886956521739131
0.8839130434782609
0.9443478260869564
1.0204347826086957
1.0147826086956522
1.071304347826087
1.1491304347826088
1.1447826086956523
1.0808695652173912
1.1865217391304348
1.1752173913043478
1.2713043478260868
1.192608695652174
1.047391304347826
1.039090909090909
1.1754545454545455
1.1009090909090908
1.165
1.2163636363636365
1.1790909090909092
1.1927272727272726
1.2345454545454546
1.2918181818181818
1.3640909090909092
1.3386363636363636
1.495
1.43
1.6445454545454545
1.6272727272727272
1.6095454545454546
1.6159090909090907
1.5581818181818183
1.6145454545454547
1.745909090909091
1.622272727272727
1.5068181818181818
1.6940909090909093
1.6754545454545455
1.7018181818181817
1.8904545454545456
1.8704545454545454
1.7690909090909093
1.8177272727272729
1.7054545454545456
1.9827272727272727
1.9072727272727272
1.9090909090909092
1.9218181818181819
1.854090909090909
1.9695454545454545
1.8463636363636362
1.9745454545454544
2.034090909090909
1.9327272727272726
2.1340909090909093
1.9854545454545454
2.2063636363636365
2.3718181818181816
2.3390909090909093
2.4431818181818183
2.2859090909090907
2.255909090909091
2.4245454545454543
2.2904545454545455
2.2895454545454546
2.375
2.036363636363636
2.2927272727272725
2.497272727272727
2.4363636363636365
2.419545454545455
2.442727272727273
2.352272727272727
2.4736363636363636
2.295
2.6295454545454544
2.372727272727273
2.545
2.555454545454545
2.3295454545454546
2.212727272727273
2.430454545454545
2.4563636363636365
2.3631818181818183
2.455454545454545
2.2645454545454546
2.3763636363636365
2.4177272727272725
2.840909090909091
2.662272727272727
2.3840909090909093
2.4613636363636364
2.4654545454545453
2.665
2.776818181818182
2.4077272727272727
2.635
2.434090909090909
2.4040909090909093
2.5245454545454544
2.6254545454545455
2.680909090909091
2.7227272727272727
2.9345454545454546
2.7554545454545454
2.475
2.7595454545454547
2.757727272727273
2.721818181818182
2.7354545454545454
3.0063636363636363
2.8231818181818182
2.6727272727272724
2.721818181818182
2.4813636363636364
2.7713636363636365
2.704090909090909
2.501818181818182
2.4618181818181815
2.4227272727272724
2.5704545454545453
2.54
2.4645454545454544
2.4795454545454545
2.6145454545454543
2.6863636363636365
2.175909090909091
2.273181818181818
2.3231818181818182
2.5927272727272728
2.4286363636363637
2.5031818181818184
2.4600000000000004
2.5795454545454546
2.3840909090909093
2.1999999999999997
2.502727272727273
2.351818181818182
2.4395454545454545
2.3363636363636364
2.3231818181818182
2.0272727272727273
2.0086363636363633
2.0727272727272728
2.1986363636363637
2.2054545454545456
2.2581818181818183
2.140909090909091
1.9659090909090908
1.964090909090909
2.187272727272727
2.3231818181818182
2.236818181818182
1.997272727272727
1.8363636363636362
2.0645454545454545
2.234090909090909
2.0395454545454546
1.9440909090909093
1.945
1.8659090909090907
1.8704545454545454
1.8868181818181817
1.8345454545454545
1.700909090909091
1.6781818181818182
1.6795454545454547
1.8890909090909092
1.7627272727272727
1.616818181818182
1.7522727272727272
1.7590909090909093
1.7468181818181818
1.4295454545454545
1.5868181818181817
1.539090909090909
1.531818181818182
1.5168181818181816
1.4104545454545454
1.5163636363636364
1.4913636363636364
1.3463636363636364
1.3286363636363636
1.3599999999999999
1.4363636363636365
1.3677272727272727
1.3745454545454545
1.3104545454545455
1.1490909090909092
1.0495454545454546
1.0854545454545454
1.000909090909091
0.9304545454545454
0.9177272727272728
0.9086363636363637
0.9754545454545455
0.9327272727272727
1.05
0.956086956521739
0.9239130434782609
0.8678260869565217
0.9047826086956521
0.8521739130434783
0.9013043478260869
0.8804347826086957
0.7634782608695652
0.8495652173913043
0.8504347826086956
0.6469565217391304
0.6204347826086957
0.6139130434782609
0.5156521739130434
0.5269565217391304
0.7086956521739131
0.6526086956521739
0.69
0.5826086956521739
0.6582608695652175
0.5960869565217392
0.6326086956521739
0.4773913043478261
0.5173913043478261
0.5082608695652173
0.552608695652174
0.39304347826086955
0.5356521739130435
0.4434782608695652
0.5108695652173914
0.47043478260869565
0.4721739130434782
0.41391304347826086
0.4373913043478261
0.4330434782608696
0.5334782608695652
0.30347826086956525
0.3556521739130435
0.4665217391304348
0.4934782608695652
0.5143478260869565
0.4369565217391304
0.4978260869565217
0.33260869565217394
0.4026086956521739
0.3030434782608696
0.3782608695652174
0.32565217391304346
0.44782608695652176
0.42391304347826086
0.23391304347826086
0.3391304347826087
0.31434782608695655
0.4643478260869565
0.35000000000000003
0.30782608695652175
0.28
0.26956521739130435
0.30434782608695654
0.25173913043478263
0.22608695652173913
0.28652173913043477
0.29695652173913045
0.3656521739130435
0.22913043478260872
0.33695652173913043
0.3373913043478261
0.16782608695652174
0.17782608695652175
0.22043478260869567
0.21565217391304348
0.32
0.3178260869565217
0.18434782608695652
0.26304347826086955
0.23956521739130435
0.26608695652173914
0.30347826086956525
0.2608695652173913
0.348695652173913
0.21695652173913044
0.20434782608695654
0.3073913043478261
0.23521739130434782
0.3073913043478261
0.21913043478260869
0.2817391304347826
0.35434782608695653
0.22739130434782606
0.3869565217391305
0.26782608695652177
