temperature
2.65
2.4721739130434783
1.6756521739130434
1.8626086956521741
2.2691304347826087
2.4682608695652175
2.1395652173913042
2.358695652173913
2.36695652173913
2.2156521739130435
2.202608695652174
1.6117391304347826
1.2495652173913043
1.7769565217391303
2.15
2.258260869565217
1.5273913043478262
1.2082608695652173
2.0556521739130433
2.1782608695652175
2.638695652173913
2.7578260869565216
2.1943478260869567
2.276086956521739
1.9765217391304348
1.557391304347826
1.6030434782608693
1.3995652173913042
2.1417391304347824
2.008695652173913
1.5121739130434784
1.5034782608695652
2.5717391304347825
2.781304347826087
2.829565217391304
2.9382608695652173
3.25304347826087
2.854782608695652
2.473913043478261
2.0017391304347827
1.8265217391304347
1.3039130434782609
1.4017391304347826
1.5517391304347825
1.2430434782608695
0.7295652173913042
0.7517391304347826
1.2617391304347827
1.6591304347826086
1.7608695652173914
2.0413043478260873
2.362608695652174
2.8056521739130433
2.8339130434782613
2.93304347826087
2.4782608695652173
2.682608695652174
2.654782608695652
2.5056521739130435
2.783913043478261
3.070869565217391
3.1530434782608694
3.2726086956521736
3.627391304347826
4.253043478260869
4.410869565217391
4.440869565217391
4.009130434782608
4.15391304347826
4.126086956521739
4.322173913043478
4.057391304347826
3.600869565217391
3.5226086956521745
3.497391304347826
3.9956521739130437
3.957391304347826
3.465652173913043
3.579565217391304
3.6586956521739133
3.637826086956522
3.686521739130435
3.9504347826086956
4.447826086956522
4.0456521739130435
4.15391304347826
4.184782608695652
4.391739130434783
4.870869565217391
4.752608695652174
4.949545454545454
4.610454545454545
3.772727272727273
4.072272727272727
4.3999999999999995
4.481363636363636
4.381818181818182
4.268636363636364
4.432272727272728
4.971363636363637
5.4359090909090915
5.933181818181819
5.460454545454545
5.7318181818181815
6.253181818181818
6.197727272727272
5.997727272727272
6.267727272727272
6.615454545454545
6.444999999999999
6.680909090909091
6.555454545454546
6.234090909090909
6.1031818181818185
6.163181818181818
6.221818181818182
5.986363636363635
5.969090909090909
6.491363636363636
6.622272727272727
6.576818181818182
6.384090909090909
6.845454545454545
7.096363636363637
7.129545454545454
7.278636363636363
7.61
8.269090909090908
7.727727272727273
7.831363636363636
8.358181818181817
7.895454545454545
8.647727272727273
8.335909090909091
8.634545454545455
8.536818181818182
8.40318181818182
9.062727272727273
8.865909090909092
9.370454545454546
9.350454545454546
9.200909090909091
9.415454545454546
9.899545454545454
10.114090909090908
10.100909090909092
9.94090909090909
9.602727272727272
9.653636363636364
9.773181818181818
9.943181818181818
10.504545454545454
10.534090909090908
10.606818181818182
10.506818181818183
10.654545454545454
10.567727272727273
10.818636363636363
10.715909090909092
10.86909090909091
10.69909090909091
10.677727272727273
10.995454545454546
10.80318181818182
11.251363636363637
11.138181818181819
11.389545454545454
11.621363636363636
11.549090909090909
12.162727272727272
12.215909090909092
11.633181818181818
11.759090909090908
11.734545454545456
11.86909090909091
12.414090909090909
12.338636363636363
12.201363636363636
12.089090909090908
12.174090909090909
12.69090909090909
12.901363636363635
13.092272727272727
13.09818181818182
13.446363636363635
13.623181818181818
13.75
14.05090909090909
14.016363636363637
13.59590909090909
13.486818181818181
13.989545454545453
13.696363636363635
13.710454545454546
13.74590909090909
13.72272727272727
13.63090909090909
13.118636363636364
13.22272727272727
13.527727272727274
14.06
13.497272727272728
13.285454545454543
13.235454545454546
13.27590909090909
13.826818181818181
14.045
14.44681818181818
14.467727272727274
14.588181818181818
13.89409090909091
13.665
13.589090909090908
14.01909090909091
13.91590909090909
13.43909090909091
13.697272727272725
13.751363636363637
13.462272727272728
13.396363636363638
13.570454545454545
13.302272727272726
13.47181818181818
13.635000000000002
13.861818181818181
13.918181818181818
14.13
13.689545454545454
13.121818181818183
13.121363636363638
13.180909090909092
13.568181818181818
13.511363636363637
13.247272727272728
12.965000000000002
13.474545454545455
13.376818181818182
13.156818181818181
12.922272727272729
12.92909090909091
13.300454545454546
12.568181818181818
12.222272727272726
12.830454545454545
12.275
12.359545454545453
12.20590909090909
12.005454545454546
11.72090909090909
11.67818181818182
12.120909090909093
11.72090909090909
11.357727272727272
11.061818181818182
10.965
10.963181818181818
10.839545454545455
10.962272727272726
11.209090909090909
11.770454545454545
11.321818181818182
10.595454545454546
11.018636363636363
10.815454545454545
10.356818181818182
10.82409090909091
10.295454545454545
9.73
9.469090909090909
9.576363636363636
10.082727272727272
10.48090909090909
10.085909090909091
10.139130434782608
10.098695652173914
9.837826086956522
9.921739130434782
9.674347826086956
9.309565217391304
9.042608695652174
8.824782608695653
9.40304347826087
8.913478260869566
8.626086956521739
8.429565217391303
7.869130434782609
7.809565217391304
7.868695652173913
7.850434782608696
7.406521739130435
7.560434782608695
7.359565217391305
7.173043478260869
6.881304347826087
7.040434782608696
7.314782608695652
7.4791304347826095
7.423913043478261
7.434782608695652
7.1295652173913036
6.905652173913044
6.7752173913043485
6.900869565217391
6.826086956521739
6.365652173913043
6.586086956521739
6.398260869565218
6.081304347826087
5.530434782608696
5.222608695652174
5.638260869565218
5.802173913043478
5.6747826086956525
5.697391304347826
5.64695652173913
4.802608695652173
4.328260869565217
3.890869565217391
4.328260869565217
4.090434782608695
3.8604347826086953
4.196086956521739
3.8656521739130434
3.216086956521739
3.405217391304348
4.015217391304348
4.358260869565217
4.34608695652174
4.136956521739131
3.7643478260869565
3.210869565217391
3.1
2.8404347826086958
2.7604347826086952
3.0304347826086957
3.503478260869565
3.7978260869565217
3.8378260869565217
3.8743478260869564
3.449130434782609
2.599565217391304
2.404782608695652
2.3404347826086958
2.4147826086956523
2.6604347826086956
2.802608695652174
2.7804347826086957
3.3017391304347825
3.4752173913043474
3.2317391304347827
2.8030434782608693
2.6247826086956523
2.973913043478261
2.9213043478260867
3.5069565217391303
2.9756521739130433
3.2943478260869563
3.329130434782609
3.4813043478260868
3.4086956521739133
2.9373913043478264
3.1926086956521735
2.794782608695652
2.396086956521739
2.4621739130434785
