pet
0.3647826086956522
0.34652173913043477
0.3847826086956522
0.3060869565217391
0.18391304347826085
0.2839130434782609
0.2834782608695652
0.3073913043478261
0.2426086956521739
0.32782608695652177
0.3947826086956522
0.41043478260869565
0.3269565217391305
0.3726086956521739
0.18478260869565216
0.271304347826087
0.33304347826086955
0.29391304347826086
0.3695652173913043
0.24782608695652175
0.3417391304347826
0.34130434782608693
0.3234782608695652
0.40608695652173915
0.30434782608695654
0.3604347826086957
0.32739130434782604
0.2891304347826087
0.30869565217391304
0.31869565217391305
0.4069565217391304
0.3765217391304348
0.3708695652173913
0.3030434782608696
0.40217391304347827
0.43086956521739134
0.4165217391304348
0.551304347826087
0.46391304347826084
0.39217391304347826
0.47695652173913045
0.43130434782608695
0.4121739130434783
0.5095652173913043
0.5004347826086957
0.4404347826086957
0.44608695652173913
0.3526086956521739
0.4069565217391304
0.5021739130434782
0.46217391304347827
0.4795652173913043
0.611304347826087
0.56
0.5517391304347826
0.5173913043478261
0.5560869565217391
0.5830434782608696
0.6517391304347826
0.6582608695652175
0.6869565217391305
0.8056521739130436
0.7691304347826088
0.7382608695652174
0.767391304347826
0.7095652173913044
0.777391304347826
0.8256521739130435
0.6873913043478261
0.7434782608695653
0.912608695652174
0.8039130434782608
0.8021739130434782
0.8891304347826087
0.8530434782608696
0.9326086956521739
0.9617391304347827
0.9156521739130434
0.9691304347826086
1.0378260869565217
1.0943478260869566
1.1521739130434783
1.1578260869565218
1.2117391304347827
1.1143478260869564
1.2152173913043478
1.2252173913043478
1.2530434782608695
1.2152173913043478
1.0843478260869566
1.1072727272727272
1.1586363636363635
1.2022727272727272
1.29
1.2872727272727273
1.3072727272727271
1.3277272727272729
1.2663636363636364
1.4086363636363635
1.4018181818181819
1.415
1.5168181818181816
1.5431818181818182
1.793181818181818
1.7031818181818181
1.731818181818182
1.6831818181818183
1.594090909090909
1.630909090909091
1.7663636363636364
1.654090909090909
1.700909090909091
1.8022727272727272
1.8245454545454545
1.865
1.9522727272727274
2.0036363636363634
1.8840909090909093
1.8227272727272728
1.7636363636363634
2.002727272727273
2.0477272727272724
2.0804545454545456
2.1504545454545454
2.0813636363636365
2.1345454545454547
2.0527272727272727
2.127272727272727
2.1627272727272726
2.039090909090909
2.1977272727272728
2.147727272727273
2.325909090909091
2.6004545454545456
2.4990909090909095
2.6286363636363634
2.4395454545454545
2.3886363636363637
2.5872727272727274
2.471363636363636
2.350909090909091
2.5504545454545453
2.2227272727272727
2.525909090909091
2.500909090909091
2.554090909090909
2.5913636363636363
2.587727272727273
2.479090909090909
2.481818181818182
2.5495454545454543
2.682272727272727
2.4727272727272727
2.6254545454545455
2.7386363636363638
2.3813636363636363
2.3527272727272726
2.5745454545454547
2.6163636363636367
2.4686363636363637
2.548636363636364
2.341818181818182
2.5349999999999997
2.5959090909090907
2.8154545454545454
2.815909090909091
2.5913636363636363
2.5595454545454546
2.5559090909090907
2.690909090909091
2.963181818181818
2.644090909090909
2.862727272727273
2.5845454545454545
2.5395454545454546
2.5536363636363637
2.6963636363636363
2.71
2.6890909090909094
2.9095454545454547
2.795909090909091
2.6609090909090907
2.8181818181818183
3.1409090909090907
2.891363636363636
2.882727272727273
3.17
3.016818181818182
2.7386363636363638
2.772727272727273
2.5500000000000003
2.8413636363636363
2.749090909090909
2.6731818181818183
2.546818181818182
2.5845454545454545
2.722272727272727
2.713636363636364
2.645909090909091
2.5672727272727274
2.648636363636364
2.682727272727273
2.389090909090909
2.4804545454545455
2.449090909090909
2.773181818181818
2.587727272727273
2.6695454545454544
2.5004545454545455
2.7304545454545455
2.4813636363636364
2.2795454545454543
2.5959090909090907
2.5318181818181817
2.5072727272727273
2.446818181818182
2.3845454545454547
2.2745454545454544
2.0986363636363636
2.14
2.2209090909090907
2.3086363636363636
2.266363636363636
2.2627272727272727
2.1936363636363634
2.075909090909091
2.328181818181818
2.4709090909090907
2.333636363636364
2.0386363636363636
2.028181818181818
2.256818181818182
2.2072727272727275
2.1377272727272727
2.0095454545454547
2.0959090909090907
1.9418181818181817
2.036363636363636
2.0349999999999997
1.9304545454545454
1.804090909090909
1.8631818181818183
1.7654545454545456
1.8118181818181818
1.8772727272727272
1.725
1.8172727272727272
1.84
1.831818181818182
1.5768181818181817
1.6618181818181819
1.6763636363636365
1.630909090909091
1.5613636363636365
1.539090909090909
1.5672727272727272
1.4822727272727272
1.3486363636363636
1.3972727272727272
1.3295454545454546
1.3577272727272727
1.3859090909090908
1.3904545454545454
1.2663636363636364
1.2340909090909091
1.0895454545454546
1.2095454545454545
1.0527272727272727
0.9550000000000001
0.9740909090909091
0.9768181818181819
1.0372727272727273
0.9518181818181817
1.0891304347826087
0.9917391304347826
0.9508695652173913
0.9095652173913045
0.9139130434782609
0.9278260869565217
0.9556521739130435
0.9221739130434783
0.75
0.8130434782608695
0.8682608695652173
0.7108695652173914
0.6578260869565217
0.6756521739130434
0.5408695652173913
0.5691304347826087
0.7769565217391304
0.6969565217391305
0.6878260869565217
0.6082608695652174
0.6534782608695652
0.6460869565217391
0.6326086956521739
0.5421739130434783
0.5365217391304348
0.44217391304347825
0.5160869565217391
0.42608695652173917
0.558695652173913
0.42434782608695654
0.47608695652173916
0.4404347826086957
0.39999999999999997
0.45652173913043476
0.4691304347826087
0.46
0.47782608695652173
0.29869565217391303
0.3852173913043478
0.5339130434782609
0.47000000000000003
0.4556521739130435
0.42608695652173917
0.5347826086956522
0.3378260869565218
0.43217391304347824
0.26608695652173914
0.3882608695652174
0.32782608695652177
0.4330434782608696
0.34782608695652173
0.23130434782608697
0.4121739130434783
0.25478260869565217
0.45869565217391306
0.3847826086956522
0.3
0.2726086956521739
0.25608695652173913
0.3073913043478261
0.19608695652173913
0.21913043478260869
0.26260869565217393
0.27391304347826084
0.31434782608695655
0.18
0.30782608695652175
0.3273913043478261
0.1673913043478261
0.19999999999999998
0.22304347826086957
0.26130434782608697
0.32130434782608697
0.2717391304347826
0.20043478260869566
0.25478260869565217
0.2456521739130435
0.3143478260869565
0.32521739130434785
0.2591304347826087
0.3182608695652174
0.19391304347826085
0.1882608695652174
0.2826086956521739
0.21826086956521737
0.2773913043478261
0.2039130434782609
0.27391304347826084
0.28782608695652173
0.2504347826086956
0.38130434782608696
0.23826086956521741
