pet
0.24681818181818185
0.25363636363636366
0.3640909090909091
0.2918181818181818
0.2159090909090909
0.23954545454545453
0.27954545454545454
0.24863636363636363
0.3131818181818182
0.325
0.3186363636363636
0.4168181818181818
0.2872727272727273
0.31
0.3490909090909091
0.2672727272727273
0.3204545454545455
0.29
0.3359090909090909
0.30863636363636365
0.31227272727272726
0.3359090909090909
0.28136363636363637
0.36590909090909096
0.33409090909090905
0.3481818181818182
0.3731818181818182
0.40090909090909094
0.32227272727272727
0.40318181818181814
0.3890909090909091
0.4177272727272727
0.43227272727272725
0.45045454545454544
0.4186363636363637
0.39681818181818185
0.4627272727272727
0.43818181818181823
0.5145454545454545
0.4977272727272727
0.42045454545454547
0.41954545454545455
0.44500000000000006
0.46727272727272723
0.4731818181818182
0.5704545454545454
0.5590909090909091
0.4445454545454545
0.4763636363636364
0.5804545454545454
0.6000000000000001
0.6086363636363636
0.6481818181818182
0.64
0.6109090909090908
0.6759090909090909
0.6836363636363636
0.6472727272727273
0.6904545454545454
0.6936363636363636
0.7486363636363635
0.6468181818181818
0.7604545454545455
0.7922727272727272
0.8209090909090908
0.8218181818181819
0.8468181818181818
0.8559090909090908
0.9490909090909091
0.925
0.9259090909090909
0.9477272727272728
0.9027272727272727
0.9190909090909091
0.8772727272727273
0.9936363636363637
1.0327272727272727
1.1027272727272728
0.9922727272727273
1.055909090909091
0.9577272727272728
1.0904545454545453
1.0609090909090908
1.0577272727272726
1.134090909090909
1.1513636363636364
1.1518181818181819
1.2354545454545454
1.1177272727272727
1.299090909090909
1.35
1.381304347826087
1.2095652173913043
1.3117391304347827
1.477391304347826
1.4747826086956521
1.3908695652173912
1.4143478260869566
1.4173913043478261
1.6308695652173912
1.477391304347826
1.5282608695652173
1.5
1.556086956521739
1.6617391304347826
1.7282608695652173
1.7186956521739132
1.5878260869565215
1.7495652173913043
1.7643478260869565
1.7291304347826089
1.5756521739130436
1.822608695652174
1.7408695652173913
1.658695652173913
1.7478260869565219
1.796521739130435
1.827391304347826
2.0413043478260873
1.9360869565217391
2.042608695652174
2.0782608695652174
2.221304347826087
2.13
1.9643478260869565
2.0904347826086958
2.157391304347826
2.2121739130434785
2.207826086956522
2.2204347826086956
2.2421739130434784
2.1804347826086956
2.2195652173913043
2.301304347826087
2.0565217391304347
2.053478260869565
2.042173913043478
2.2017391304347824
2.1295652173913044
2.1256521739130436
2.340869565217391
2.428695652173913
2.5456521739130435
2.6708695652173913
2.5321739130434784
2.5382608695652173
2.2230434782608697
2.367391304347826
2.353913043478261
2.581304347826087
2.717826086956522
2.523913043478261
2.425217391304348
2.539565217391304
2.282608695652174
2.450869565217391
2.3486956521739133
2.6252173913043477
2.569130434782609
2.586521739130435
2.612173913043478
2.612173913043478
2.40304347826087
2.286086956521739
2.5043478260869567
2.3965217391304345
2.4747826086956524
2.5873913043478263
2.4726086956521742
2.553478260869565
2.7595652173913043
2.5330434782608693
2.502173913043478
2.579565217391304
2.5226086956521736
2.426086956521739
2.7569565217391307
2.557391304347826
2.7295652173913045
2.6491304347826086
2.342608695652174
2.5156521739130433
2.3947826086956523
2.48
2.4556521739130437
2.5430434782608695
2.3291304347826087
2.442608695652174
2.528695652173913
2.7369565217391307
2.4095652173913042
2.5743478260869566
2.4347826086956523
2.603913043478261
2.550869565217391
2.661304347826087
2.670434782608696
2.586521739130435
2.6017391304347828
2.347391304347826
2.4104347826086956
2.436086956521739
2.6243478260869564
2.4782608695652173
2.511304347826087
2.4556521739130437
2.408695652173913
2.553913043478261
2.2317391304347827
2.2330434782608695
2.4034782608695653
2.2047826086956523
2.1739130434782608
2.2756521739130435
2.38
2.274782608695652
2.313913043478261
2.1360869565217393
2.072173913043478
2.2169565217391307
2.1395652173913042
1.9386956521739132
1.8856521739130434
1.9686956521739132
2.0478260869565217
1.855217391304348
2.1343478260869566
2.092173913043478
2.07
1.7717391304347827
2.0043478260869567
1.965217391304348
1.9869565217391305
2.0743478260869566
1.7830434782608695
1.9043478260869564
1.7282608695652173
1.8730434782608696
1.7691304347826087
1.7717391304347827
1.892608695652174
1.7186956521739132
1.6878260869565218
1.603913043478261
1.6656521739130437
1.5378260869565217
1.6730434782608694
1.5447826086956522
1.4704347826086956
1.6034782608695652
1.5334782608695654
1.4904347826086957
1.5339130434782609
1.3691304347826085
1.3869565217391304
1.4186956521739131
1.3995652173913042
1.3195652173913044
1.2982608695652174
1.2360869565217392
1.1978260869565218
1.2230434782608695
1.2191304347826086
1.241304347826087
1.277391304347826
1.161304347826087
1.121304347826087
1.0439130434782609
1.0778260869565217
0.9460869565217392
0.9617391304347827
0.9400000000000001
0.9608695652173914
0.9940909090909091
0.854090909090909
0.9663636363636363
0.979090909090909
0.9440909090909091
0.954090909090909
0.895
0.8022727272727274
0.8472727272727273
0.8922727272727272
0.7431818181818183
0.6663636363636364
0.5909090909090909
0.5881818181818181
0.5809090909090909
0.61
0.6372727272727272
0.6863636363636364
0.63
0.5936363636363636
0.56
0.505909090909091
0.5036363636363637
0.5672727272727273
0.6572727272727272
0.5913636363636363
0.6213636363636363
0.5845454545454545
0.4936363636363636
0.5272727272727272
0.5259090909090909
0.48045454545454547
0.45136363636363636
0.4604545454545455
0.41363636363636364
0.38772727272727275
0.4
0.41727272727272724
0.3831818181818182
0.3940909090909091
0.30727272727272725
0.4040909090909091
0.36272727272727273
0.3463636363636364
0.35818181818181816
0.2636363636363636
0.285
0.31363636363636366
0.3131818181818182
0.25045454545454543
0.3159090909090909
0.295
0.21500000000000002
0.255
0.2863636363636364
0.2931818181818182
0.2672727272727273
0.28818181818181815
0.23636363636363636
0.2545454545454545
0.2827272727272727
0.2731818181818182
0.22545454545454546
0.2918181818181818
0.23636363636363636
0.29363636363636364
0.28545454545454546
0.32727272727272727
0.28136363636363637
0.27954545454545454
0.30454545454545456
0.20454545454545456
0.18545454545454546
0.20909090909090908
0.28
0.2840909090909091
0.2740909090909091
0.2727272727272727
0.1659090909090909
0.18500000000000003
0.19545454545454544
0.24454545454545454
0.19045454545454546
0.19454545454545455
0.32090909090909087
0.23454545454545456
0.18045454545454545
0.17545454545454547
0.19136363636363637
0.19409090909090912
0.18954545454545454
0.22227272727272726
