temperature
4.556521739130434
4.600869565217391
4.501739130434783
4.621304347826087
4.946521739130435
5.502173913043478
4.527826086956522
4.8334782608695654
5.090869565217392
4.829565217391305
4.621304347826087
3.5226086956521736
3.507826086956522
3.789565217391304
4.367826086956522
4.527826086956522
4.105652173913044
3.595217391304348
4.162173913043477
4.656086956521739
4.961739130434783
5.116086956521739
5.530869565217392
5.076521739130435
4.668695652173913
4.560434782608696
4.700869565217391
4.885217391304348
4.623043478260869
3.8052173913043474
3.5991304347826087
4.282608695652174
4.544347826086956
4.796956521739131
4.592173913043479
5.269130434782609
5.784782608695653
5.391739130434783
4.797391304347826
4.344347826086957
3.6643478260869564
3.6517391304347826
4.019130434782609
3.854782608695652
3.0852173913043477
2.95695652173913
2.9908695652173916
3.433478260869565
3.7108695652173918
3.787826086956522
3.9904347826086957
4.544782608695653
4.763478260869565
4.97
4.742173913043478
3.756086956521739
4.167826086956522
4.65391304347826
4.947391304347826
5.411739130434783
5.673478260869565
5.5773913043478265
5.335652173913044
5.186521739130435
5.3765217391304345
6.094347826086956
5.7504347826086954
5.8960869565217395
6.235217391304348
6.533913043478261
6.072173913043478
6.189130434782609
6.185217391304348
6.32391304347826
6.024782608695652
6.53695652173913
6.408695652173913
6.628260869565217
6.288695652173914
6.3908695652173915
6.790434782608696
6.306521739130434
6.76608695652174
7.130000000000001
6.720434782608695
7.140434782608695
6.927826086956522
6.747826086956521
7.070434782608696
6.952608695652174
7.546818181818182
7.845
6.861818181818182
6.47
6.403636363636363
6.524545454545454
7.297272727272727
7.5227272727272725
7.218636363636364
7.556818181818182
7.846818181818182
8.17681818181818
8.28590909090909
8.332727272727272
8.509090909090908
8.897272727272728
8.151363636363637
8.018181818181818
8.817727272727273
8.731363636363637
8.586363636363636
9.581818181818182
9.493181818181817
8.93590909090909
8.835454545454546
8.462727272727273
8.895454545454545
8.775
8.835454545454546
8.96
9.741363636363637
9.480909090909092
9.56090909090909
9.799090909090909
10.001818181818182
10.375
10.267272727272728
10.811363636363636
10.665
10.728181818181818
11.075454545454546
11.007272727272728
11.497272727272728
11.614090909090908
11.69
11.386363636363637
11.906363636363636
11.792272727272728
12.261818181818182
12.701363636363636
12.150454545454545
12.066818181818183
12.437727272727273
12.483181818181817
12.964545454545457
13.100909090909092
12.957727272727272
12.38090909090909
12.515909090909092
12.989545454545453
12.878181818181817
13.058181818181817
13.231363636363636
13.604545454545455
13.213636363636363
12.92818181818182
13.139545454545454
13.235000000000001
13.46
13.990909090909092
13.491818181818182
13.759545454545453
13.787727272727272
13.82090909090909
14.595
14.44909090909091
14.372272727272728
14.377727272727272
13.93909090909091
14.71
14.955909090909092
14.856363636363636
15.200909090909091
14.965909090909092
15.06
15.027727272727274
15.59772727272727
15.526363636363635
15.277727272727274
15.530909090909091
15.79
15.690454545454545
15.792727272727273
15.812727272727273
16.37636363636364
17.452272727272728
17.274545454545457
17.055909090909093
17.072272727272725
16.95909090909091
16.82181818181818
16.937727272727273
16.80090909090909
17.172727272727272
16.876818181818184
17.065454545454546
16.539545454545454
16.117272727272727
16.539545454545454
16.5
17.144545454545455
16.84090909090909
16.725454545454543
16.589545454545455
16.354545454545455
16.575909090909093
17.134545454545457
17.059545454545454
17.348636363636363
17.354545454545455
17.383181818181818
17.57
16.93318181818182
16.737272727272728
17.265
16.872272727272726
16.667727272727273
16.381363636363634
16.490909090909092
16.81090909090909
17.175454545454546
17.14636363636364
16.551363636363636
16.649545454545457
16.63
17.23090909090909
17.514545454545456
16.94363636363636
16.461363636363636
16.316363636363636
16.55909090909091
16.798636363636362
16.914545454545454
16.923636363636362
15.889545454545454
16.027272727272727
16.099090909090908
16.37090909090909
16.03681818181818
16.099999999999998
16.00409090909091
15.715454545454547
15.556363636363637
15.65227272727273
15.506818181818181
15.252727272727272
14.930454545454547
14.90318181818182
14.639090909090909
14.910909090909092
14.922727272727274
15.133181818181818
14.874545454545455
14.4
14.483181818181817
14.013636363636364
13.342272727272727
14.271818181818183
13.988181818181818
14.438636363636363
14.14409090909091
14.003636363636362
13.601818181818182
13.815
13.273636363636363
13.457727272727272
13.42
13.68
13.210909090909091
13.438181818181818
13.07909090909091
12.939545454545454
13.120454545454544
12.992173913043478
12.458260869565219
12.476956521739131
12.61826086956522
12.430434782608694
11.748695652173915
11.723478260869564
11.285652173913043
12.136086956521739
12.240434782608695
11.621739130434783
11.505652173913044
11.26304347826087
10.56608695652174
10.935217391304347
10.343478260869565
10.056521739130433
10.694782608695652
10.957391304347826
10.282608695652174
10.232608695652173
9.697826086956523
9.59695652173913
9.940434782608696
9.80913043478261
10.373043478260868
10.199130434782608
9.665652173913044
9.116521739130436
9.45695652173913
10.071739130434782
9.984347826086957
9.876086956521739
9.22913043478261
8.126086956521739
7.8908695652173915
7.655652173913044
8.568260869565217
9.115217391304348
8.712173913043477
8.45695652173913
8.682173913043478
7.465217391304347
6.988260869565217
6.686521739130434
6.783913043478261
6.862608695652174
6.94695652173913
7.635217391304349
7.107391304347826
6.300434782608695
6.193478260869565
6.289999999999999
6.731304347826087
6.705217391304347
6.416956521739131
5.763478260869565
5.59
5.239565217391305
4.887391304347826
5.114347826086957
5.89
5.919130434782608
6.387391304347826
6.160869565217391
6.326086956521739
5.980869565217391
6.273478260869565
5.572608695652173
4.9830434782608695
4.5169565217391305
4.99
5.085217391304348
5.1121739130434785
5.579130434782608
6.018695652173913
5.632608695652174
5.867391304347826
5.645652173913043
5.281739130434783
5.516086956521739
6.2556521739130435
5.695652173913044
5.867391304347826
5.937391304347826
5.776521739130434
5.718695652173913
5.922173913043479
5.3365217391304345
5.407826086956521
4.50695652173913
4.206521739130435
