temperature
5.543181818181818
4.924090909090909
4.911818181818182
4.785909090909091
5.770909090909091
5.127272727272727
5.328636363636364
5.396818181818182
5.222727272727273
5.698181818181818
5.833181818181819
6.453181818181818
6.23
5.571363636363636
6.467272727272728
5.76409090909091
5.713181818181818
5.678636363636364
5.915
5.446818181818181
5.08
5.049545454545455
4.796818181818182
4.8122727272727275
5.030454545454545
4.551818181818182
4.579545454545454
4.842727272727273
4.865909090909091
4.640909090909091
4.56
4.8568181818181815
4.549545454545455
4.635909090909091
5.7713636363636365
5.877727272727273
5.602727272727273
5.192272727272727
4.806818181818182
4.802727272727273
5.181818181818182
5.863636363636363
6.143636363636364
5.535909090909091
4.662727272727273
5.119090909090909
5.130454545454546
5.233181818181818
5.262727272727273
5.404545454545455
4.865
5.0227272727272725
5.417272727272727
5.681818181818182
5.842727272727273
5.751818181818182
5.799090909090909
5.59409090909091
5.399545454545454
5.167727272727273
4.727727272727273
4.898181818181818
4.912727272727273
5.004090909090909
5.845454545454545
6.624545454545455
6.793636363636364
6.635909090909092
6.679090909090909
6.4809090909090905
6.183636363636364
5.783181818181818
6.068636363636363
6.966363636363636
6.889545454545455
7.262272727272728
6.708636363636364
6.203636363636363
6.229090909090909
6.719090909090909
7.0590909090909095
7.305000000000001
7.3931818181818185
7.74
7.415909090909091
6.970454545454545
7.098636363636363
7.576818181818182
7.753636363636364
8.001818181818182
8.155217391304348
8.141739130434782
7.705652173913043
7.5713043478260875
7.535217391304348
8.235652173913042
7.3078260869565215
7.391739130434782
7.829130434782608
7.966956521739131
7.758260869565217
7.686956521739131
7.754347826086956
8.12
8.241304347826087
8.448695652173912
8.508260869565218
8.275217391304349
7.843478260869565
8.290869565217392
9.13391304347826
9.512608695652174
9.873478260869565
9.882608695652175
10.058695652173913
9.966521739130433
9.984782608695653
10.123913043478261
9.947826086956523
10.061739130434782
10.271304347826087
10.613913043478261
10.48304347826087
10.31391304347826
10.422608695652174
10.310434782608695
10.652173913043478
10.650869565217391
10.61608695652174
11.036521739130436
11.571739130434782
11.093043478260869
10.852608695652174
10.79304347826087
11.09
11.395217391304346
11.03695652173913
10.944347826086956
11.183478260869567
11.252173913043478
11.480434782608697
11.652608695652173
12.161739130434782
12.26695652173913
12.083478260869565
11.949130434782608
12.071739130434782
11.953478260869565
12.163478260869566
12.835652173913045
12.869565217391305
13.037391304347826
13.610434782608696
13.369565217391305
13.044782608695654
13.021304347826087
13.38173913043478
13.28608695652174
13.36695652173913
13.63695652173913
13.62086956521739
13.43695652173913
13.215652173913043
13.28608695652174
13.756086956521738
13.885217391304348
14.290869565217392
14.582608695652173
14.599565217391305
14.763478260869565
14.425217391304349
13.89608695652174
14.064782608695653
14.273913043478261
14.301739130434783
14.770434782608698
14.816521739130433
14.964347826086957
15.141304347826088
15.523043478260869
15.42304347826087
15.610869565217392
15.305217391304348
15.429130434782609
15.228695652173913
14.988695652173913
14.843043478260869
15.097826086956522
15.23608695652174
15.430434782608694
15.894782608695651
15.592173913043478
15.53217391304348
15.485652173913044
15.728695652173913
15.966521739130435
15.98913043478261
15.739999999999998
16.07521739130435
16.51695652173913
16.209565217391305
15.983478260869566
15.829999999999998
16.13217391304348
16.18
16.518695652173914
16.42391304347826
16.47869565217391
16.56086956521739
16.373478260869568
16.058260869565217
15.96782608695652
16.42608695652174
16.51086956521739
16.49304347826087
16.395652173913046
16.680869565217392
16.362173913043478
16.320434782608697
16.167391304347827
16.367391304347827
16.317826086956522
16.522173913043478
16.119565217391305
15.60086956521739
15.751739130434784
15.830434782608696
15.69217391304348
15.843913043478262
15.786956521739132
15.936521739130436
16.080000000000002
15.838260869565216
16.009565217391305
15.718695652173912
15.096521739130434
15.213478260869566
15.644782608695651
14.955217391304346
14.620434782608696
14.522608695652172
14.892608695652173
14.984347826086957
14.57695652173913
14.678260869565218
15.129565217391304
14.827391304347827
14.729565217391302
14.777826086956521
14.612173913043478
14.391739130434782
14.391739130434782
14.621739130434783
14.751304347826089
14.121304347826088
13.894347826086957
13.416086956521738
13.203913043478261
13.124782608695652
13.089565217391305
13.496521739130435
13.87782608695652
13.826521739130435
13.696956521739128
13.432173913043478
13.207826086956521
13.006086956521738
12.640434782608697
12.851304347826087
12.926521739130434
13.270434782608694
13.245652173913042
13.597826086956522
13.599545454545455
12.718636363636364
12.523636363636363
11.719999999999999
11.60909090909091
12.04
11.604090909090909
12.490454545454547
12.387727272727272
12.295
12.13
11.72590909090909
11.34909090909091
11.207272727272727
11.31
11.307727272727274
10.69818181818182
10.230454545454545
10.381818181818183
10.02590909090909
10.740454545454545
10.600454545454546
10.71
10.851818181818182
10.560454545454546
10.78
10.839545454545455
10.278636363636364
10.228181818181818
10.627727272727272
10.357727272727272
9.465909090909092
9.309090909090909
9.40409090909091
9.076818181818181
9.478181818181818
9.075454545454546
8.711818181818181
9.274545454545454
8.506818181818183
8.58181818181818
8.968181818181819
8.609545454545454
8.72181818181818
8.17090909090909
7.783181818181817
7.502272727272728
7.628181818181818
7.6872727272727275
7.20090909090909
7.29
7.037727272727273
6.796818181818182
6.59909090909091
7.233636363636363
7.016818181818182
7.229090909090909
7.086818181818182
7.107727272727273
6.970454545454545
6.850454545454546
6.435454545454546
6.465454545454546
6.305909090909091
6.504545454545454
6.237727272727272
6.052272727272728
5.879545454545454
6.000454545454545
5.86
5.943181818181818
5.843181818181819
6.018636363636364
5.927727272727273
5.3104545454545455
5.048636363636363
5.1881818181818184
4.888181818181819
5.198181818181818
4.992272727272727
4.444090909090909
5.478181818181818
5.274545454545454
5.941363636363636
6.112727272727272
5.193181818181818
4.765454545454546
4.864090909090908
4.449545454545454
4.722727272727273
5.246818181818182
5.235454545454545
