pet
0.385
0.273125
0.42374999999999996
0.344375
0.24625
0.255625
0.371875
0.353125
0.310625
0.24875
0.340625
0.35312499999999997
0.33
0.54125
0.214375
0.24375
0.40187500000000004
0.244375
0.381875
0.3025
0.288125
0.45125000000000004
0.42
0.428
0.308
0.3713333333333333
0.3206666666666667
0.26466666666666666
0.15533333333333335
0.302
0.3526666666666667
0.39266666666666666
0.42733333333333334
0.42866666666666664
0.43066666666666664
0.63
0.5706666666666667
0.6193333333333333
0.47733333333333333
0.49866666666666665
0.6026666666666666
0.5273333333333333
0.528
0.5893333333333334
0.6573333333333333
0.6739999999999999
0.7733333333333333
0.574
0.5633333333333332
0.7573333333333333
0.7426666666666667
0.736
0.8453333333333333
0.706
0.6653333333333333
0.7433333333333334
0.754
0.7873333333333333
0.7933333333333333
0.8053333333333333
0.8873333333333334
0.7846666666666666
0.7646666666666667
0.8446666666666667
0.9113333333333333
0.766
0.9706666666666667
0.8393333333333334
0.8126666666666666
0.9586666666666667
0.9380000000000001
1.0433333333333334
1.0093333333333334
1.1506666666666667
1.042
1.1313333333333333
1.3299999999999998
1.2506666666666666
1.0993333333333333
1.1159999999999999
1.1813333333333333
1.2286666666666666
1.206
1.208
1.2666666666666666
1.384
1.4173333333333333
1.464
1.2126666666666666
1.3693333333333333
1.3026666666666666
1.4353333333333333
1.3713333333333333
1.3773333333333333
1.3653333333333333
1.5493333333333332
1.2226666666666666
1.2933333333333332
1.5526666666666666
1.752
1.6540000000000001
1.79
1.5246666666666668
1.7806666666666666
1.6146666666666667
1.6906666666666665
1.6086666666666667
1.486
1.6780000000000002
1.6953333333333334
1.6446666666666667
1.854
1.7766666666666668
1.926
2.0686666666666667
2.022666666666667
2.119333333333333
2.2906666666666666
2.168
2.1540000000000004
2.2366666666666664
2.452
2.478
2.5386666666666664
2.152
2.5653333333333332
2.4893333333333336
2.462
2.494666666666667
2.052
2.0653333333333332
2.1766666666666667
2.192
2.3186666666666667
2.702
2.5275
2.286875
2.43125
2.39
2.336875
2.380625
2.6037500000000002
2.416875
2.719375
2.61875
2.5475
2.47125
2.718125
2.755
2.63875
2.839375
2.9543749999999998
2.305625
2.48
2.5575
2.5225
2.246875
2.735625
2.75875
2.65375
2.53625
2.218125
2.453125
2.98375
2.80125
3.02875
2.930625
2.84
3.0525
2.916875
3.1925
2.8425000000000002
2.9125
2.79875
2.868125
2.79375
2.994375
2.9775
3.169375
3.3181249999999998
2.975
2.701875
2.63125
2.96875
2.90125
2.985625
3.3268750000000002
3.131875
2.956875
3.11375
3.004375
3.250625
2.944375
2.98
3.015
2.786875
3.041875
2.990625
2.976875
2.981875
3.11875
2.935625
2.8575
3.2425
2.835
3.308125
2.8575
3.000625
2.76625
2.855625
2.805
2.735
3.006875
3.1975
2.724375
2.82875
2.988125
2.89875
2.53125
2.67
2.4325
2.50375
2.40125
2.483125
2.518125
2.54
2.756875
2.91
2.541875
2.388125
2.5368749999999998
2.7712499999999998
2.51375
2.428125
2.0475
2.101875
1.79875
2.0237499999999997
2.219375
2.019375
2.02625
2.1774999999999998
1.888125
2.02875
2.0675
1.7075
1.945625
1.8781249999999998
2.005625
1.81125
1.74125
1.8825
1.823125
1.58875
1.5675
1.7
1.600625
1.3725
1.58375
1.486875
1.346875
1.4625
1.411875
1.481875
1.315625
1.273125
1.235625
1.104375
0.923125
0.9918750000000001
1.090625
1.075625
1.016875
1.114375
1.118125
0.936875
1.17875
0.903125
1.005625
1.011875
1.009375
0.861875
0.93875
0.835
0.803125
0.750625
0.7206250000000001
0.636875
0.676875
0.853125
0.735625
0.75625
0.64625
0.693125
0.68125
0.556875
0.61625
0.65125
0.49562500000000004
0.51125
0.533125
0.55625
0.485
0.48
0.50125
0.49812500000000004
0.42125
0.48062499999999997
0.464375
0.5025
0.2525
0.304375
0.49
0.3425
0.25875
0.3175
0.363125
0.32875
0.318125
0.22999999999999998
0.315625
0.328125
0.29125
0.299375
0.236875
0.23750000000000002
0.2275
0.3025
0.340625
0.3075
0.183125
0.221875
0.171875
0.250625
0.241875
0.301875
0.401875
0.30125
0.238125
0.32125
0.35625
0.21125
0.284375
0.16375
0.19375
0.32625
0.166875
0.19187500000000002
0.3025
0.3375
0.236875
0.319375
0.28125
0.268125
0.259375
0.16625
0.36375
0.313125
0.33875
0.35625
0.213125
0.178125
0.195625
0.2625
0.2
