temperature
3.954375
3.9343749999999997
3.42875
3.5225
4.35
4.511875
3.693125
4.1000000000000005
4.6775
4.35375
3.664375
4.1875
4.161875
4.130625
4.23
3.80125
3.5387500000000003
3.489375
4.434375
4.229375
4.006875
3.743125
3.378
3.806
3.216666666666667
2.5993333333333335
2.5366666666666666
2.8333333333333335
3.3106666666666666
3.539333333333333
3.65
3.630666666666667
3.4899999999999998
4.1419999999999995
5.096
4.984666666666667
5.132000000000001
4.390666666666666
3.478666666666667
3.5766666666666667
3.3606666666666665
3.2233333333333336
3.742
3.5973333333333333
3.448666666666667
3.8819999999999997
3.695333333333333
3.9166666666666665
4.131333333333333
4.258
4.1513333333333335
3.7626666666666666
4.178
4.520666666666667
4.926666666666667
3.9793333333333334
4.424
4.865333333333334
4.998
4.5233333333333325
4.513333333333334
4.423333333333333
4.826
5.978
5.702
6.1626666666666665
5.856
5.2459999999999996
6.016
6.204666666666667
5.446
6.5
6.432
6.701333333333333
6.428
7.231333333333334
6.756666666666666
6.182666666666666
5.924666666666667
6.3886666666666665
6.79
7.014666666666667
6.744666666666666
6.462666666666666
6.4959999999999996
6.315333333333333
6.287999999999999
6.908666666666666
7.572666666666667
7.752
8.194666666666667
7.376
6.496666666666667
6.430666666666667
6.890666666666666
7.148
6.858666666666666
6.966666666666667
7.5600000000000005
7.941999999999999
7.674
7.946666666666667
6.6433333333333335
6.388
6.788
7.642666666666667
8.074
7.688666666666666
8.038666666666666
7.991333333333333
8.384
9.273333333333333
8.946
9.098
8.647333333333334
8.686
9.383999999999999
9.006666666666666
9.684666666666667
10.127333333333333
10.542666666666666
10.328
10.581333333333333
10.331333333333333
10.362
10.241999999999999
10.417333333333334
10.762666666666666
10.522666666666668
9.609333333333334
9.668666666666667
9.756
10.446666666666665
10.81
11.188666666666666
10.621875
10.52375
10.8025
10.933125
11.29875
11.305
11.170625
12.004375
12.314375
12.198125000000001
12.204374999999999
11.803125
11.3375
12.22
12.4675
12.640625
12.955625
12.055
12.28875
11.681875
11.628125
12.75
12.84
12.3
13.02375
13.14
12.633125
12.8225
13.279375
13.5325
13.430625000000001
14.188125
14.563125
14.449375
14.62125
14.6625
13.90625
13.879999999999999
13.629999999999999
13.989375
14.716875
15.261875
15.35875
15.388125
15.365
15.0425
15.05125
14.8475
15.146875
15.55
15.5875
16.01125
16.0775
16.428125
15.783125
16.129375
16.86125
16.558125
16.326875
16.410625
16.5025
16.306875
15.7075
15.98625
16.80875
17.315
16.533125
16.53375
17.055625
16.865625
16.575625
16.105
16.746875
16.63375
17.1025
16.948125
16.90125
16.874375
16.995
16.990000000000002
16.143125
16.03125
16.460625
15.823125
16.21
16.375
16.475
16.530625
15.9825
15.955625
15.998750000000001
16.25875
16.168125
16.193125000000002
16.0275
16.8825
17.184375
16.72375
16.44
15.44375
15.146875
15.184375
15.024375
14.43
14.965625
15.3475
15.01125
14.609375
15.311875
15.1875
14.9725
14.261875
13.890625
13.61
13.94625
14.096875
13.8775
14.03875
13.881875
13.34375
12.841875
12.799375
12.32375
13.0175
13.105625
13.495000000000001
12.979375
13.3925
13.50625
13.0525
12.909375
12.354375
11.94
11.95625
12.09
12.455625
12.9275
12.901875
12.355
11.759375
11.321875
11.174375
10.980625
11.2525
11.25
11.06875
11.860625
11.72875
10.70375
10.64375
11.021875
10.685625
10.555
10.109375
9.859375
9.07625
9.579375
9.501249999999999
9.7575
9.654375
9.425
9.13625
9.2125
9.2075
9.21625
8.9275
7.9818750000000005
8.396875
8.2675
8.235625
7.57375
7.995625
7.3081249999999995
7.541875
6.650625
7.319375
8.0375
7.653125
7.39625
7.550625
7.029375
7.12
6.47875
6.76875
6.106875
5.33
5.6325
5.850625
4.83
4.44125
4.755
4.9775
5.829375
5.9075
5.995625
5.28875
5.061875
4.466875
5.22625
6.006875
6.096875
6.346875
5.4975
4.918125
5.00625
4.2700000000000005
4.195
3.933125
4.248125
4.749375
4.849375
4.408125
4.176875
4.310625
5.1775
5.969375
5.2787500000000005
5.17125
4.096875
4.529375
4.361875
4.880625
4.90375
4.4487499999999995
3.9875000000000003
3.27
3.54875
3.82625
3.88875
3.949375
