pet
0.22454545454545458
0.25
0.25181818181818183
0.2686363636363636
0.23681818181818182
0.17272727272727273
0.3359090909090909
0.3022727272727273
0.25681818181818183
0.2636363636363636
0.3227272727272727
0.28818181818181815
0.3186363636363636
0.2859090909090909
0.2831818181818182
0.23636363636363636
0.23954545454545453
0.2604545454545455
0.27636363636363637
0.325
0.29772727272727273
0.2595454545454545
0.2609090909090909
0.28363636363636363
0.3322727272727273
0.38863636363636367
0.3259090909090909
0.45545454545454545
0.35000000000000003
0.355
0.4068181818181818
0.38818181818181813
0.3909090909090909
0.345
0.45136363636363636
0.45045454545454544
0.4881818181818182
0.4786363636363637
0.44045454545454543
0.4518181818181818
0.43681818181818177
0.39909090909090905
0.5118181818181818
0.5231818181818182
0.4968181818181818
0.5427272727272727
0.5940909090909091
0.4768181818181818
0.5531818181818182
0.5895454545454546
0.6354545454545455
0.6572727272727273
0.6786363636363636
0.6227272727272728
0.555
0.6654545454545455
0.7463636363636365
0.73
0.6531818181818182
0.7363636363636363
0.8372727272727274
0.7349999999999999
0.770909090909091
0.7795454545454544
0.8690909090909091
0.8381818181818183
0.8259090909090908
0.895
0.9995454545454545
0.9372727272727274
0.9936363636363637
0.9940909090909091
1.0413636363636363
0.97
0.9768181818181817
0.9677272727272727
1.0540909090909092
1.12
1.055
1.1204545454545454
1.1363636363636365
1.1409090909090909
1.1554545454545455
1.095
1.215
1.2636363636363637
1.3109090909090908
1.3095454545454546
1.29
1.4527272727272729
1.4800000000000002
1.5704545454545453
1.4595454545454545
1.4545454545454546
1.4804545454545455
1.7354545454545454
1.6186363636363637
1.7845454545454544
1.5895454545454546
1.714090909090909
1.6795454545454547
1.6313636363636363
1.656818181818182
1.6804545454545454
1.7504545454545453
1.9090909090909092
1.9263636363636365
2.18
1.7004545454545452
1.7722727272727274
2.010909090909091
2.06
1.9604545454545457
1.914090909090909
1.981818181818182
1.9295454545454547
2.1331818181818183
2.1545454545454543
2.041818181818182
2.1195454545454546
2.3436363636363637
2.348181818181818
2.4127272727272726
2.382727272727273
2.1727272727272724
2.250909090909091
2.35
2.236818181818182
2.395
2.165
2.380909090909091
2.6063636363636364
2.3463636363636367
2.327272727272727
2.476818181818182
2.3045454545454547
2.1772727272727272
2.354090909090909
2.515909090909091
2.3063636363636366
2.304090909090909
2.5463636363636364
2.760909090909091
2.601363636363636
2.7313636363636364
2.534090909090909
2.3095454545454546
2.5563636363636366
2.6895454545454545
2.8245454545454547
3.0431818181818184
2.925
2.6827272727272726
2.8181818181818183
2.626818181818182
2.8831818181818183
2.4963636363636366
2.89
2.988181818181818
3.025
2.876818181818182
2.8068181818181817
2.559090909090909
2.729090909090909
2.767272727272727
2.9149999999999996
3.0209090909090905
2.8704545454545456
3.078181818181818
3.069545454545455
3.205
3.039090909090909
2.9627272727272724
3.1777272727272727
3.1404545454545456
3.034090909090909
3.0931818181818183
2.8954545454545455
3.0327272727272727
3.225
3.03
3.0322727272727277
2.7845454545454547
2.8686363636363637
2.8245454545454547
2.665909090909091
2.7854545454545456
2.78
2.77
3.0986363636363636
3.01
3.225
3.0213636363636365
2.8322727272727275
3.215909090909091
2.9868181818181814
2.991739130434783
2.9156521739130437
3.0847826086956522
3.136086956521739
3.0500000000000003
2.9843478260869567
2.978695652173913
2.9821739130434786
3.103913043478261
3.1769565217391302
2.7169565217391307
2.7656521739130433
2.971304347826087
2.826521739130435
2.957391304347826
2.6795652173913043
2.5804347826086955
2.920434782608696
2.8317391304347823
2.4469565217391307
2.907391304347826
2.612608695652174
2.677391304347826
2.823478260869565
2.785217391304348
2.497391304347826
2.655217391304348
2.503478260869565
2.322173913043478
2.2978260869565217
2.5482608695652176
2.597391304347826
2.3882608695652174
2.318695652173913
2.408695652173913
2.3747826086956523
2.296521739130435
2.3356521739130436
2.109565217391304
2.002608695652174
1.9565217391304348
1.953913043478261
2.240869565217391
2.1513043478260867
2.009130434782609
1.8278260869565217
1.953478260869565
2.011304347826087
1.8804347826086956
1.798695652173913
2.0343478260869565
1.7678260869565217
1.7891304347826087
1.8591304347826085
1.7869565217391306
1.8204347826086955
1.7939130434782609
1.6313043478260867
1.7108695652173913
1.7
1.561304347826087
1.4713043478260872
1.6373913043478259
1.5582608695652176
1.373913043478261
1.3239130434782609
1.3265217391304347
1.4539130434782608
1.3021739130434782
1.2830434782608697
1.297826086956522
1.1634782608695653
1.0626086956521739
1.0604347826086957
1.1182608695652174
1.092608695652174
1.0408695652173914
1.06
1.0059090909090909
1.035909090909091
1.0463636363636364
0.979090909090909
0.9600000000000001
0.8918181818181818
0.8127272727272726
0.8536363636363636
0.95
0.8640909090909091
0.7890909090909091
0.6445454545454545
0.6840909090909091
0.65
0.6127272727272728
0.82
0.7318181818181819
0.6922727272727273
0.6436363636363637
0.6754545454545454
0.6427272727272727
0.6786363636363636
0.635
0.6963636363636364
0.6831818181818182
0.64
0.5536363636363636
0.5009090909090909
0.504090909090909
0.53
0.46727272727272723
0.4727272727272727
0.4477272727272727
0.3618181818181818
0.38863636363636367
0.39454545454545453
0.37136363636363634
0.37000000000000005
0.3245454545454545
0.3145454545454545
0.33954545454545454
0.3018181818181818
0.3104545454545455
0.38045454545454543
0.20363636363636364
0.21454545454545454
0.23136363636363635
0.25863636363636366
0.21363636363636365
0.24727272727272728
0.22090909090909092
0.21454545454545454
0.2840909090909091
0.22772727272727272
0.21909090909090911
0.2490909090909091
0.21727272727272728
0.2468181818181818
0.23727272727272727
0.21772727272727274
0.26136363636363635
0.28454545454545455
0.3154545454545455
0.25681818181818183
0.3131818181818182
0.27499999999999997
0.3663636363636364
0.18227272727272725
0.24863636363636363
0.2168181818181818
0.22363636363636363
0.17636363636363636
0.20318181818181816
0.3054545454545454
0.20909090909090908
0.22454545454545458
0.13727272727272727
0.11772727272727272
0.09090909090909091
0.12000000000000001
0.18818181818181817
0.17863636363636362
0.1968181818181818
0.32181818181818184
0.24318181818181817
0.25727272727272726
0.2722727272727273
0.21545454545454545
0.1859090909090909
0.1990909090909091
0.19636363636363638
