temperature
4.465
3.891818181818182
3.709090909090909
3.7036363636363636
4.595909090909091
4.23
4.423636363636363
4.7309090909090905
4.370909090909091
4.739090909090908
4.755454545454546
5.326363636363637
5.580454545454545
4.566818181818181
5.325
4.600454545454546
4.524545454545454
4.629545454545454
5.124090909090909
4.68
4.16
4.0204545454545455
3.955909090909091
3.7709090909090914
4.087727272727272
3.7072727272727275
3.696818181818182
3.827727272727273
4.044090909090909
3.7686363636363636
3.7590909090909093
3.9136363636363636
3.647272727272727
3.806363636363636
5.048636363636364
4.972272727272728
4.809545454545455
4.2713636363636365
3.757727272727273
3.7595454545454547
4.295
4.882272727272727
5.366363636363636
4.608181818181818
3.8372727272727274
4.357727272727273
4.445454545454545
4.361363636363636
4.418636363636363
4.267272727272727
3.862727272727273
4.220909090909091
4.48
4.885454545454546
5.175909090909091
5.126818181818181
5.1477272727272725
5.0609090909090915
4.794545454545455
4.664545454545455
4.237727272727273
4.232727272727273
4.213636363636364
4.359090909090909
5.055000000000001
6.028636363636363
6.180000000000001
6.176818181818181
6.088636363636363
5.849545454545455
5.616818181818182
5.262272727272727
5.550909090909091
6.582272727272727
6.654090909090908
6.899545454545454
6.3118181818181816
5.66
5.709545454545455
6.057272727272727
6.377727272727273
6.596363636363637
6.743181818181818
7.036363636363637
6.667272727272728
6.289090909090908
6.570454545454546
7.110454545454545
7.512727272727273
7.839545454545455
8.06
8.114545454545455
7.726363636363636
7.46090909090909
7.310454545454546
7.979090909090909
6.827727272727273
6.777727272727272
7.2281818181818185
7.815
7.434545454545455
7.186818181818182
7.278181818181818
7.857272727272728
8.013181818181819
8.07409090909091
8.182727272727274
7.770909090909091
7.302272727272728
7.894090909090909
8.92909090909091
9.666818181818181
10.038636363636364
10.107272727272727
10.220454545454546
9.811818181818182
9.912727272727274
10.026363636363635
9.702272727272726
9.853636363636364
10.164545454545454
10.348636363636363
10.341818181818182
10.091363636363637
10.341363636363637
10.460454545454546
10.746363636363638
10.667727272727273
10.707272727272727
11.030909090909091
11.156818181818183
10.84909090909091
10.70590909090909
10.777272727272727
11.141363636363637
11.355
10.938636363636364
11.096363636363636
11.355909090909092
11.632727272727273
11.496363636363636
11.596363636363636
12.029545454545454
12.181363636363637
12.18
12.059545454545455
12.035909090909092
12.05181818181818
12.260454545454547
12.688636363636363
13.102727272727272
13.135000000000002
13.780000000000001
13.361363636363636
12.883636363636363
13.115454545454547
13.423181818181819
13.626818181818182
13.431363636363637
13.708636363636366
13.580454545454545
13.47181818181818
13.491818181818182
13.66590909090909
14.018636363636364
13.965909090909092
14.497272727272728
14.885909090909092
14.949545454545454
15.07181818181818
14.910909090909092
14.331363636363637
14.328636363636365
14.622272727272728
14.73090909090909
15.017727272727273
15.092727272727274
15.225
15.390909090909092
15.742272727272727
15.524090909090908
15.789090909090909
15.733181818181817
15.73
15.687727272727273
15.391818181818183
15.439545454545454
15.577272727272726
15.503636363636362
15.817727272727273
16.171363636363637
16.040454545454544
15.99909090909091
15.857272727272727
16.166818181818183
16.36181818181818
16.459130434782608
15.998260869565216
16.33608695652174
16.880434782608695
16.663478260869564
16.281304347826087
16.16217391304348
16.673478260869565
16.790869565217392
16.778695652173916
16.718260869565217
17.086521739130436
17.12304347826087
17.024347826086956
16.695652173913043
16.60086956521739
17.007826086956523
16.842608695652174
16.86391304347826
16.626521739130435
17.05260869565217
16.959130434782608
16.82
16.604782608695654
16.819565217391304
16.617826086956523
17.01
16.461304347826086
15.933043478260869
15.988260869565218
16.42304347826087
16.085217391304347
16.117391304347827
16.19782608695652
16.405652173913044
16.44695652173913
16.171739130434784
16.19086956521739
15.888695652173913
15.156086956521738
15.231739130434782
15.519565217391303
14.907391304347826
14.464347826086957
14.510000000000002
14.81913043478261
14.890869565217391
14.558260869565219
14.749565217391305
15.082608695652173
14.802173913043477
14.794347826086955
14.804347826086957
14.595652173913043
14.448260869565217
14.352608695652174
14.47
14.641739130434782
14.234782608695651
13.519565217391303
13.208260869565219
12.91
12.92782608695652
12.677391304347825
13.10304347826087
13.52
13.60217391304348
13.445217391304348
13.081304347826087
12.855217391304349
12.68695652173913
12.265652173913043
12.431739130434783
12.658695652173913
12.945652173913043
12.950869565217392
13.192608695652174
13.284545454545453
12.360454545454546
12.043181818181818
11.308636363636364
11.067272727272726
11.569545454545455
10.963636363636363
11.909545454545453
12.00090909090909
11.840000000000002
11.665454545454544
11.140454545454546
10.875454545454545
10.645
10.542272727272728
10.375909090909092
10.12
9.407272727272728
9.642727272727273
9.211363636363636
10.125
10.18
10.131818181818183
10.299545454545454
10.128636363636364
10.199545454545454
10.253181818181817
9.656818181818181
9.365
9.817272727272726
9.674090909090909
8.902727272727274
8.629545454545454
8.92590909090909
8.261818181818182
8.583181818181817
8.158636363636363
7.961363636363637
8.403636363636364
7.490454545454545
7.675909090909091
8.093636363636364
7.795454545454546
7.808181818181819
7.122272727272727
6.797727272727273
6.375454545454545
6.405
6.484090909090909
6.097272727272727
6.075
5.895454545454545
5.899090909090909
5.573636363636364
6.114545454545453
6.097272727272728
6.336363636363637
6.301363636363636
6.097727272727273
6.027727272727272
5.796818181818182
5.655454545454545
5.4790909090909095
5.359545454545454
5.46
5.156363636363636
4.926818181818182
4.874090909090909
4.882727272727273
4.715454545454545
4.559545454545455
4.664545454545455
4.925909090909091
5.038636363636363
4.2295454545454545
4.024545454545454
4.1054545454545455
3.6599999999999997
3.9909090909090907
3.786363636363636
2.938181818181818
4.091363636363637
4.2304545454545455
4.891363636363637
5.37
4.398636363636364
3.8436363636363637
3.8072727272727276
3.391363636363636
3.3663636363636367
3.99
4.07
