pet
0.2859090909090909
0.31181818181818177
0.3118181818181818
0.30272727272727273
0.2727272727272727
0.22318181818181818
0.385
0.3427272727272727
0.2872727272727273
0.3104545454545455
0.38727272727272727
0.33136363636363636
0.3481818181818182
0.3572727272727273
0.3427272727272727
0.28363636363636363
0.3004545454545455
0.295
0.3186363636363636
0.3609090909090909
0.3159090909090909
0.30136363636363633
0.30363636363636365
0.34181818181818185
0.3868181818181818
0.455
0.3795454545454545
0.5209090909090909
0.39045454545454544
0.41181818181818186
0.45
0.43454545454545457
0.4222727272727273
0.3836363636363636
0.4913636363636364
0.4968181818181818
0.524090909090909
0.5236363636363636
0.5086363636363637
0.5072727272727273
0.4777272727272727
0.4454545454545455
0.5790909090909091
0.589090909090909
0.5563636363636364
0.5981818181818181
0.630909090909091
0.5413636363636364
0.6268181818181818
0.6577272727272727
0.7009090909090909
0.7272727272727273
0.7504545454545455
0.6613636363636364
0.5986363636363636
0.7240909090909091
0.7959090909090908
0.7868181818181817
0.7386363636363636
0.8077272727272727
0.8813636363636363
0.7740909090909092
0.8350000000000001
0.8427272727272727
0.9140909090909091
0.870909090909091
0.8990909090909092
0.94
1.0568181818181819
0.9890909090909091
1.0068181818181818
1.0318181818181817
1.06
0.9886363636363636
0.985909090909091
1.0322727272727272
1.1177272727272727
1.2022727272727272
1.1404545454545454
1.1590909090909092
1.190909090909091
1.2377272727272728
1.2054545454545453
1.170909090909091
1.3131818181818182
1.319090909090909
1.3790909090909091
1.404090909090909
1.3827272727272726
1.507272727272727
1.4869565217391305
1.5926086956521741
1.4269565217391305
1.5226086956521738
1.5078260869565216
1.8126086956521739
1.684782608695652
1.7878260869565217
1.6469565217391307
1.7878260869565217
1.7426086956521738
1.6986956521739132
1.7121739130434783
1.7169565217391305
1.8247826086956522
1.9878260869565216
1.9191304347826088
2.240869565217391
1.8417391304347825
1.8765217391304347
2.0278260869565217
1.961304347826087
2.0078260869565216
1.938695652173913
1.976086956521739
1.9934782608695654
2.1639130434782605
2.263913043478261
2.1465217391304345
2.213913043478261
2.4147826086956523
2.492608695652174
2.496521739130435
2.4582608695652173
2.2508695652173913
2.2595652173913043
2.4630434782608694
2.32695652173913
2.442608695652174
2.154347826086956
2.470869565217391
2.6856521739130437
2.4060869565217393
2.3839130434782607
2.52
2.3369565217391304
2.25
2.432608695652174
2.5617391304347827
2.313913043478261
2.384782608695652
2.528695652173913
2.789130434782609
2.652173913043478
2.6882608695652173
2.516086956521739
2.3156521739130436
2.597391304347826
2.6565217391304348
2.8969565217391304
3.103913043478261
2.9352173913043482
2.685217391304348
2.7730434782608695
2.727826086956522
2.928695652173913
2.549130434782609
2.9882608695652175
3.0921739130434784
3.109130434782609
2.8786956521739135
2.766521739130435
2.508695652173913
2.7382608695652175
2.6908695652173913
2.978695652173913
3.0247826086956517
2.8552173913043477
2.9830434782608695
3.0
3.17304347826087
2.983913043478261
2.9591304347826086
3.167826086956522
3.1213043478260873
3.0504347826086957
3.036521739130435
2.9799999999999995
3.036086956521739
3.2143478260869567
3.0143478260869565
2.9469565217391307
2.787391304347826
2.862608695652174
2.7330434782608695
2.716521739130435
2.7717391304347827
2.7943478260869563
2.7978260869565217
3.029130434782609
2.973478260869565
3.1695652173913045
3.008260869565217
2.774782608695652
3.0917391304347825
2.817391304347826
2.9873913043478257
2.9213043478260867
3.010869565217391
3.07
2.9613043478260868
2.9521739130434783
2.8895652173913042
2.9217391304347826
3.0173913043478264
3.1891304347826086
2.6078260869565217
2.7295652173913045
2.891739130434783
2.6691304347826086
2.8604347826086953
2.5143478260869565
2.425217391304348
2.8556521739130436
2.740869565217391
2.3317391304347828
2.7943478260869563
2.477826086956522
2.6095652173913044
2.813913043478261
2.7147826086956526
2.4386956521739127
2.5695652173913044
2.4769565217391305
2.206086956521739
2.2456521739130433
2.4843478260869567
2.5395652173913046
2.3265217391304347
2.239130434782609
2.3317391304347828
2.26
2.1978260869565216
2.3408695652173916
2.0791304347826087
1.9930434782608697
1.9730434782608697
2.037391304347826
2.299130434782609
2.1360869565217393
1.9547826086956521
1.8065217391304347
1.9682608695652175
2.042608695652174
1.8634782608695653
1.7656521739130435
2.014782608695652
1.7243478260869567
1.7991304347826087
1.8808695652173912
1.7613043478260868
1.8182608695652174
1.8221739130434784
1.6408695652173915
1.7182608695652173
1.7534782608695652
1.606521739130435
1.5299999999999998
1.6904347826086958
1.5939130434782611
1.4230434782608694
1.3847826086956523
1.3469565217391304
1.4882608695652173
1.331304347826087
1.3556521739130434
1.382608695652174
1.2095652173913043
1.0730434782608695
1.0843478260869566
1.173478260869565
1.161304347826087
1.0656521739130436
1.095909090909091
1.0463636363636364
1.0827272727272728
1.1245454545454547
1.0322727272727272
1.0045454545454546
0.9550000000000001
0.884090909090909
0.895
0.9868181818181818
0.8931818181818181
0.8195454545454546
0.7136363636363636
0.7481818181818182
0.7077272727272728
0.695
0.8986363636363636
0.8418181818181818
0.7777272727272727
0.705
0.7572727272727273
0.715
0.7377272727272728
0.6836363636363637
0.7613636363636364
0.7568181818181817
0.7113636363636364
0.6336363636363637
0.5827272727272728
0.5754545454545454
0.6077272727272727
0.535
0.5418181818181819
0.5063636363636363
0.43772727272727274
0.47363636363636363
0.4640909090909091
0.4563636363636363
0.4268181818181818
0.4222727272727273
0.3781818181818182
0.40318181818181814
0.3740909090909091
0.3895454545454546
0.43363636363636365
0.2509090909090909
0.26954545454545453
0.3009090909090909
0.3068181818181818
0.2822727272727273
0.2990909090909091
0.26636363636363636
0.24772727272727274
0.31636363636363635
0.2722727272727273
0.26636363636363636
0.31
0.27499999999999997
0.3231818181818182
0.2863636363636364
0.27454545454545454
0.32045454545454544
0.3563636363636364
0.36727272727272725
0.32363636363636367
0.3781818181818182
0.3090909090909091
0.4527272727272727
0.25363636363636366
0.2968181818181818
0.2840909090909091
0.26954545454545453
0.20318181818181816
0.24000000000000002
0.3390909090909091
0.2586363636363636
0.27454545454545454
0.15818181818181817
0.17045454545454544
0.1459090909090909
0.1759090909090909
0.20909090909090908
0.20181818181818179
0.22681818181818184
0.37000000000000005
0.27590909090909094
0.295
0.33045454545454545
0.23318181818181818
0.23727272727272727
0.21454545454545454
0.2540909090909091
