temperature
5.113333333333333
4.506666666666667
4.205
4.042222222222223
4.677222222222222
4.515555555555555
4.877222222222223
5.171666666666667
4.462222222222222
4.525555555555556
4.695
4.868333333333333
5.435555555555556
4.306111111111111
4.975263157894737
4.298421052631579
4.238947368421053
4.572105263157895
5.218947368421053
4.8852631578947365
4.13
3.7557894736842106
3.9763157894736842
3.6026315789473684
4.010526315789474
3.962105263157895
3.8994736842105264
3.7936842105263158
4.106842105263158
3.796315789473684
3.8589473684210525
3.678421052631579
3.878947368421053
3.9126315789473685
5.18
5.1957894736842105
4.9936842105263155
4.25421052631579
3.833684210526316
3.8284210526315787
4.227368421052631
4.66421052631579
5.458947368421053
4.46578947368421
4.12
4.584736842105263
4.44
4.278947368421052
4.383157894736843
4.289999999999999
4.217368421052631
4.722105263157895
4.816315789473684
5.257894736842106
5.447368421052632
5.275263157894737
5.5
5.193684210526317
4.854736842105264
4.74
4.422631578947368
4.317368421052632
4.396315789473684
4.36
5.027894736842105
6.286842105263158
6.393684210526316
6.551052631578948
6.202105263157895
5.975263157894737
6.077894736842105
5.706315789473685
5.97578947368421
7.101578947368421
7.489473684210527
7.522631578947369
6.738421052631579
5.9321052631578945
6.238421052631579
6.450526315789474
6.454736842105263
6.3500000000000005
6.34
6.83578947368421
6.571578947368421
6.67578947368421
6.93842105263158
7.425263157894736
8.147368421052633
8.470526315789474
8.397894736842105
8.743684210526316
8.424736842105263
7.9526315789473685
7.964210526315789
8.33421052631579
6.95578947368421
7.05157894736842
7.616842105263157
8.076315789473684
7.581052631578947
7.27
7.526842105263158
8.287894736842105
8.435263157894738
8.221578947368421
8.406842105263157
7.947368421052632
7.6752631578947375
8.225263157894737
9.23842105263158
10.022631578947369
10.667894736842106
10.692631578947369
10.89
10.004736842105263
10.122631578947368
10.305263157894737
10.031052631578948
10.004736842105263
10.557894736842105
10.282105263157893
10.35578947368421
10.168947368421053
10.63421052631579
10.870526315789473
11.01157894736842
11.136315789473684
11.586315789473684
11.853684210526316
11.797894736842105
11.302105263157895
11.099473684210526
11.02421052631579
11.55578947368421
12.049999999999999
11.985263157894737
12.293684210526317
12.431052631578947
12.612631578947367
12.035263157894736
11.97
12.474210526315789
12.635789473684211
12.649473684210527
12.722631578947368
12.6
12.774736842105263
12.923684210526316
12.81842105263158
13.215789473684211
13.456315789473683
14.285263157894738
13.715263157894736
13.26
13.590526315789475
13.406842105263157
13.861578947368422
13.652105263157894
14.381578947368421
14.112631578947367
13.947894736842105
14.28736842105263
14.50263157894737
14.501052631578947
14.479473684210527
14.89421052631579
15.351578947368422
15.344210526315791
15.620526315789474
15.583684210526314
15.21
14.970526315789474
15.450000000000001
15.276315789473685
15.177368421052632
15.423157894736843
15.646315789473682
15.613684210526314
16.09894736842105
15.948421052631579
16.21578947368421
16.544736842105266
16.431052631578947
16.642631578947366
16.13157894736842
16.326842105263157
16.27842105263158
15.964210526315789
16.222631578947368
16.13736842105263
16.076315789473682
15.868421052631579
15.93894736842105
16.413157894736845
16.892105263157895
17.130000000000003
16.681578947368422
16.966842105263158
17.32736842105263
17.135263157894737
16.574736842105263
16.506842105263157
17.008421052631576
17.24684210526316
17.15736842105263
17.146842105263158
17.47736842105263
17.742105263157896
17.663157894736845
16.920526315789473
16.992631578947368
17.609473684210524
17.38421052631579
17.258421052631576
17.093684210526316
17.661052631578947
17.856842105263155
17.59631578947368
17.43578947368421
17.527894736842104
17.36894736842105
17.681052631578947
17.02842105263158
16.862105263157893
16.82684210526316
17.352105263157895
16.63736842105263
16.713684210526317
16.88842105263158
16.725263157894734
16.681052631578947
16.672631578947367
16.487894736842104
16.50052631578947
15.910526315789474
15.82842105263158
15.874736842105264
15.457368421052632
15.22263157894737
15.423684210526316
15.41421052631579
15.532631578947369
15.231578947368419
15.485263157894739
15.78
15.47157894736842
15.782105263157895
15.735789473684212
15.255789473684212
15.053157894736842
14.937368421052632
15.14684210526316
15.484736842105262
15.267894736842104
13.96263157894737
14.060526315789472
13.743157894736843
13.606315789473683
13.156842105263157
13.660526315789474
14.137894736842105
14.271578947368422
14.082105263157894
13.589473684210526
13.492105263157896
13.224736842105264
12.904736842105264
12.754210526315788
13.369473684210528
13.75
13.718947368421054
13.676842105263159
13.879444444444443
12.98388888888889
12.628888888888888
11.725555555555555
11.54888888888889
12.167222222222222
11.048333333333334
11.798333333333334
12.182777777777778
12.197777777777778
11.902222222222223
11.29
11.071111111111112
10.882222222222222
10.708888888888888
10.725000000000001
10.64111111111111
9.861666666666666
10.035555555555554
9.376111111111111
10.42388888888889
10.488888888888889
10.422222222222222
10.378888888888888
10.402777777777779
10.22888888888889
10.549444444444443
9.97888888888889
9.36
9.909444444444444
9.839444444444446
9.096666666666668
8.95111111111111
8.92388888888889
7.9255555555555555
8.309999999999999
8.280555555555557
7.976666666666666
8.443333333333333
7.357777777777778
7.463333333333334
8.154444444444444
7.861666666666666
7.517222222222222
7.023333333333333
6.835555555555555
6.388888888888889
6.691111111111111
6.600555555555555
6.352777777777778
6.180555555555555
6.292222222222223
6.274444444444445
5.891666666666667
6.084444444444444
6.041111111111111
6.112777777777778
6.3533333333333335
6.536666666666666
6.574999999999999
5.922222222222222
5.596111111111111
4.962222222222222
4.625555555555555
4.691666666666666
5.191666666666666
5.083888888888889
4.982777777777778
4.864444444444445
4.863333333333333
4.634444444444444
4.698333333333333
4.7155555555555555
4.9222222222222225
4.535
4.591666666666667
3.9850000000000003
3.216111111111111
3.2772222222222225
3.0172222222222222
2.5516666666666667
3.9355555555555557
4.39
5.477777777777778
6.558888888888889
5.488333333333333
4.515
4.354444444444444
3.477777777777778
3.157222222222222
4.171666666666667
4.343333333333334
