temperature
3.6956521739130435
3.752608695652174
3.574782608695652
3.7665217391304346
4.015652173913043
4.609565217391304
3.5282608695652176
3.891304347826087
4.2965217391304344
4.151739130434782
3.8604347826086953
2.756521739130435
2.698695652173913
2.9613043478260868
3.5830434782608696
3.7369565217391307
3.2334782608695654
2.675217391304348
3.2678260869565214
3.6343478260869566
4.069565217391304
4.314782608695652
4.610869565217391
4.253043478260869
3.826521739130435
3.7769565217391308
3.648695652173913
3.8260869565217392
3.7030434782608697
3.028695652173913
2.9195652173913045
3.4239130434782608
3.619565217391304
3.9404347826086954
3.8369565217391304
4.460434782608695
4.943913043478261
4.5539130434782615
4.1121739130434785
3.646956521739131
2.9378260869565223
2.8465217391304347
3.176521739130435
2.9417391304347826
2.1817391304347824
2.123478260869565
2.157391304347826
2.650434782608696
2.9391304347826086
3.0143478260869565
3.0730434782608693
3.6943478260869567
4.02391304347826
4.167826086956522
4.069565217391304
3.219130434782609
3.609130434782608
3.8343478260869563
4.144782608695652
4.675652173913043
4.909999999999999
4.91
4.634782608695652
4.641304347826087
4.7843478260869565
5.446521739130435
5.278695652173913
5.290434782608696
5.709565217391304
6.047826086956522
5.602173913043478
5.666956521739131
5.612608695652174
5.713913043478262
5.412608695652174
5.992173913043478
6.022173913043478
6.2247826086956515
5.8786956521739135
5.960434782608695
6.198695652173913
5.743478260869565
6.257826086956522
6.585652173913044
6.133478260869565
6.555652173913043
6.26304347826087
6.170434782608696
6.410434782608696
6.363478260869566
7.292272727272728
7.369999999999999
6.339545454545455
5.958636363636364
5.895
6.02590909090909
6.755454545454546
6.843636363636364
6.621363636363637
7.053636363636364
7.369090909090909
7.700454545454545
7.597727272727273
7.7304545454545455
8.018181818181818
8.342727272727272
7.640000000000001
7.559545454545455
8.260909090909092
8.27818181818182
8.109545454545454
9.138181818181819
8.838181818181818
8.17590909090909
8.165
7.957272727272727
8.17681818181818
8.113636363636363
8.27818181818182
8.582272727272727
9.19818181818182
9.035454545454545
9.104090909090909
9.291818181818183
9.548181818181819
9.929545454545455
9.986818181818181
10.667727272727273
10.36909090909091
10.377272727272727
10.601818181818182
10.618636363636362
11.251818181818182
11.094090909090909
11.378181818181817
11.186818181818182
11.407727272727273
11.24409090909091
11.77409090909091
12.256363636363636
11.766363636363637
11.648636363636363
12.091818181818182
12.064545454545454
12.380454545454546
12.59681818181818
12.38090909090909
11.905000000000001
12.02090909090909
12.476363636363637
12.512727272727272
12.924545454545456
12.923636363636364
13.183636363636365
12.955454545454545
12.663636363636364
12.915454545454544
12.990909090909092
13.181363636363637
13.525
13.207272727272727
13.389545454545454
13.378636363636362
13.616818181818182
14.22090909090909
13.918181818181818
13.974545454545455
14.02
13.504545454545456
14.318636363636363
14.47590909090909
14.4
14.62409090909091
14.424545454545454
14.565
14.592272727272727
15.202272727272726
15.063636363636363
14.885000000000002
15.138181818181819
15.418181818181818
15.470454545454546
15.522727272727273
15.439545454545454
15.893181818181818
16.935454545454544
16.925
16.713636363636365
16.87909090909091
16.713636363636365
16.48181818181818
16.66409090909091
16.25409090909091
16.782727272727275
16.60590909090909
16.767272727272726
16.233636363636364
15.95909090909091
16.12590909090909
16.099545454545453
16.706363636363637
16.377727272727274
16.355
16.31954545454545
15.951363636363636
16.258636363636363
16.768181818181816
16.69272727272727
16.968636363636364
17.073636363636364
17.184545454545454
17.310454545454544
16.706818181818182
16.494545454545456
16.94
16.777272727272727
16.445454545454545
16.288181818181815
16.062727272727273
16.587727272727275
16.866818181818182
16.833636363636366
16.31863636363636
16.34090909090909
16.47681818181818
17.166818181818183
17.365454545454547
16.707727272727272
16.196363636363635
16.08590909090909
16.33818181818182
16.571363636363635
16.653636363636362
16.55818181818182
15.448636363636364
15.55818181818182
15.644545454545455
15.967272727272729
15.408636363636363
15.713181818181818
15.806363636363637
15.57318181818182
15.060454545454546
15.370909090909093
15.226363636363637
14.968181818181819
14.667727272727273
14.646363636363638
14.309545454545455
14.524545454545455
14.567727272727273
14.691363636363635
14.550454545454546
14.010000000000002
14.121363636363638
13.48
12.922727272727274
13.69909090909091
13.58
13.99909090909091
13.738181818181818
13.432727272727272
13.19590909090909
13.400454545454545
12.956818181818182
13.097272727272726
12.969090909090909
13.010909090909092
12.819545454545453
12.914090909090909
12.639999999999999
12.62590909090909
12.741818181818182
12.478260869565217
12.03391304347826
11.958695652173914
12.089130434782609
11.885217391304348
11.367826086956521
11.147391304347826
10.800869565217392
11.637826086956522
11.76695652173913
11.137826086956522
11.05304347826087
10.87
9.929130434782609
10.284347826086956
9.64304347826087
9.527391304347827
10.115652173913043
10.405652173913044
9.742173913043478
9.412608695652175
9.106521739130434
8.991739130434782
9.460869565217392
9.271304347826087
9.57
9.588260869565218
9.032608695652174
8.430000000000001
8.748260869565218
9.375217391304348
9.212173913043477
9.087391304347825
8.68086956521739
7.477826086956522
7.335217391304348
6.90391304347826
7.672173913043479
8.342608695652174
7.949565217391305
7.62695652173913
7.941739130434782
6.717391304347826
6.255217391304348
5.753478260869565
5.939130434782609
6.1091304347826085
6.040869565217391
6.668695652173913
6.290434782608696
5.440869565217391
5.234782608695652
5.468260869565217
5.988260869565217
5.887826086956522
5.732173913043479
5.014782608695652
4.770434782608696
4.399565217391304
4.0343478260869565
4.188260869565218
4.9082608695652175
5.025217391304348
5.487391304347826
5.417826086956522
5.572608695652173
5.087826086956522
5.186521739130434
4.600434782608696
4.189130434782609
3.761304347826087
4.0343478260869565
4.0691304347826085
4.1347826086956525
4.57304347826087
5.0630434782608695
4.801304347826087
4.89304347826087
4.775217391304348
4.466086956521739
4.69695652173913
5.407826086956521
4.885217391304348
4.979565217391304
5.038260869565217
5.020869565217391
4.793478260869565
5.022173913043479
4.6460869565217395
4.689565217391304
3.651304347826087
3.3439130434782607
