temperature
4.595909090909091
4.052272727272728
3.9149999999999996
3.8181818181818183
4.874545454545454
4.282272727272727
4.528181818181817
4.582727272727272
4.428181818181819
4.875909090909091
5.012272727272727
5.632272727272727
5.425000000000001
4.7749999999999995
5.496818181818182
4.837727272727273
4.816818181818181
4.776363636363636
4.988181818181818
4.608636363636363
4.094545454545455
4.040454545454545
3.8963636363636365
4.032272727272727
4.274090909090909
3.8227272727272723
3.880909090909091
3.936363636363636
3.985454545454546
3.7736363636363635
3.819545454545455
4.097727272727273
3.825
3.8786363636363634
4.911363636363636
4.974090909090909
4.7290909090909095
4.306363636363636
3.8613636363636363
3.9572727272727275
4.274545454545454
5.005909090909092
5.301363636363636
4.743636363636363
3.878181818181818
4.372272727272727
4.235
4.319090909090909
4.304545454545455
4.458181818181818
3.9954545454545456
4.138181818181818
4.574090909090909
4.765
4.873636363636364
4.915
4.952727272727272
4.794545454545455
4.505909090909091
4.302727272727273
3.895
4.034090909090909
3.985454545454545
4.180454545454546
4.995909090909091
5.751363636363636
5.8981818181818175
5.758181818181819
5.84
5.5618181818181816
5.2727272727272725
4.776363636363636
5.257727272727273
6.05
5.953636363636363
6.3572727272727265
5.753181818181819
5.322727272727272
5.404090909090909
5.842727272727273
6.121818181818182
6.448181818181819
6.53909090909091
6.893636363636364
6.515000000000001
6.02
6.23
6.658181818181817
6.863636363636363
7.113181818181818
7.312173913043479
7.2873913043478264
6.902608695652174
6.687391304347826
6.699130434782609
7.31391304347826
6.446521739130435
6.475217391304348
6.984782608695652
7.110869565217392
6.8539130434782605
6.808260869565218
6.827826086956521
7.2873913043478264
7.3591304347826085
7.527826086956522
7.668260869565217
7.294347826086957
6.9504347826086965
7.465217391304349
8.288260869565217
8.694782608695652
9.128260869565219
9.126521739130435
9.184347826086958
9.046956521739132
9.070869565217391
9.204782608695652
9.082173913043478
9.190434782608696
9.43391304347826
9.716956521739132
9.607391304347827
9.508695652173913
9.564347826086957
9.422173913043478
9.825652173913044
9.811304347826086
9.75608695652174
10.109130434782609
10.616521739130436
10.253913043478262
9.97304347826087
9.912608695652175
10.26695652173913
10.450434782608696
10.188260869565216
10.06304347826087
10.358260869565218
10.411304347826087
10.577391304347826
10.771304347826087
11.268260869565218
11.347391304347827
11.136521739130433
10.990869565217391
11.194782608695652
11.126086956521739
11.36695652173913
11.930869565217392
12.046521739130435
12.224347826086955
12.737826086956522
12.489999999999998
12.152173913043478
12.121739130434783
12.46782608695652
12.394347826086957
12.43608695652174
12.792608695652175
12.770434782608698
12.57304347826087
12.301739130434783
12.348695652173912
12.758695652173913
12.88695652173913
13.337826086956522
13.695217391304348
13.671304347826087
13.814347826086957
13.461304347826088
12.91391304347826
13.14608695652174
13.36695652173913
13.414347826086955
13.864782608695652
13.98391304347826
13.935217391304347
14.211739130434783
14.608260869565218
14.53086956521739
14.619565217391305
14.461304347826088
14.509130434782607
14.385652173913044
14.138695652173913
13.95695652173913
14.222173913043479
14.336521739130434
14.449130434782608
15.06
14.672608695652174
14.69
14.535217391304348
14.744347826086956
14.901739130434782
15.00391304347826
14.705217391304346
15.191739130434783
15.608260869565218
15.251739130434784
14.914782608695653
14.881304347826086
15.26086956521739
15.253478260869565
15.568695652173913
15.461304347826088
15.497391304347826
15.459999999999999
15.447826086956523
15.185217391304347
15.093913043478262
15.518695652173914
15.55608695652174
15.569565217391306
15.453913043478261
15.709130434782608
15.393478260869566
15.299130434782608
15.126086956521737
15.40304347826087
15.330434782608696
15.63304347826087
15.156521739130437
14.641304347826088
14.849565217391305
14.87217391304348
14.727826086956522
14.947826086956523
14.844347826086958
15.054347826086957
15.17608695652174
14.87086956521739
15.00695652173913
14.773913043478261
14.127391304347826
14.216956521739132
14.607391304347827
13.956521739130435
13.663478260869566
13.630434782608695
13.895652173913044
14.015652173913043
13.657826086956522
13.774347826086956
14.222173913043479
13.875217391304348
13.820434782608697
13.76695652173913
13.641739130434782
13.438695652173912
13.38391304347826
13.698695652173912
13.830869565217393
13.18913043478261
13.031304347826088
12.489999999999998
12.274782608695652
12.130434782608695
12.171739130434782
12.669130434782607
12.98695652173913
12.951739130434783
12.826521739130435
12.505652173913044
12.289565217391305
12.049130434782608
11.743043478260871
11.93608695652174
12.000434782608695
12.438260869565216
12.433478260869567
12.731739130434782
12.711363636363636
11.776363636363635
11.623636363636363
10.782272727272728
10.735000000000001
11.062727272727273
10.728636363636364
11.557272727272727
11.422727272727274
11.282272727272728
11.123636363636363
10.765454545454546
10.365
10.284545454545453
10.437727272727273
10.330454545454545
9.811363636363636
9.389090909090909
9.527272727272727
9.046363636363637
9.774999999999999
9.693636363636363
9.775454545454545
9.916818181818181
9.686363636363636
9.902272727272727
10.011363636363637
9.383636363636363
9.238636363636363
9.715454545454547
9.512272727272729
8.673636363636364
8.506818181818183
8.605454545454545
8.23
8.684545454545455
8.205454545454545
7.893636363636364
8.375
7.582272727272727
7.699545454545454
8.063181818181818
7.808181818181819
7.931818181818182
7.340454545454546
7.0609090909090915
6.669090909090909
6.824545454545454
6.817727272727273
6.243181818181818
6.3122727272727275
6.081818181818182
5.837727272727273
5.709545454545455
6.44
6.098181818181818
6.398636363636364
6.265454545454546
6.125454545454545
6.0263636363636355
5.971818181818182
5.517272727272727
5.623636363636364
5.510454545454546
5.621363636363636
5.440909090909091
5.319545454545454
5.079090909090909
5.122727272727273
5.140909090909091
5.247272727272727
5.055909090909091
5.237272727272727
5.100909090909091
4.458181818181818
4.185
4.466818181818182
4.093181818181818
4.277272727272727
4.114545454545454
3.3822727272727273
4.51409090909091
4.447727272727272
5.1013636363636365
5.224545454545455
4.336818181818182
3.9545454545454546
4.017272727272727
3.5736363636363637
3.7709090909090905
4.298636363636364
4.333181818181818
