pet
0.2863636363636364
0.30363636363636365
0.30136363636363633
0.2931818181818182
0.2631818181818182
0.21500000000000002
0.36954545454545457
0.33
0.27454545454545454
0.28863636363636364
0.3727272727272728
0.31318181818181823
0.33636363636363636
0.34909090909090906
0.33136363636363636
0.28090909090909094
0.28136363636363637
0.2877272727272727
0.295
0.3518181818181818
0.3118181818181818
0.29090909090909095
0.29363636363636364
0.3227272727272727
0.3731818181818181
0.44909090909090915
0.36772727272727274
0.5218181818181818
0.38045454545454543
0.3936363636363636
0.43818181818181823
0.41954545454545455
0.4036363636363637
0.36590909090909096
0.48272727272727267
0.4863636363636364
0.5045454545454545
0.5013636363636365
0.49636363636363634
0.4913636363636364
0.4668181818181818
0.4318181818181818
0.5631818181818182
0.5718181818181818
0.5504545454545454
0.585
0.6245454545454545
0.5409090909090909
0.6186363636363637
0.649090909090909
0.6754545454545454
0.7222727272727273
0.7245454545454546
0.6427272727272727
0.5890909090909091
0.71
0.786818181818182
0.7636363636363637
0.7190909090909091
0.7959090909090908
0.8677272727272727
0.7595454545454546
0.8213636363636364
0.8413636363636363
0.9081818181818182
0.854090909090909
0.8877272727272728
0.9359090909090909
1.0240909090909092
0.97
0.984090909090909
1.0318181818181817
1.048181818181818
0.9745454545454546
1.0013636363636365
1.020909090909091
1.110909090909091
1.2004545454545454
1.1404545454545454
1.145
1.1818181818181819
1.2281818181818183
1.1854545454545453
1.1663636363636363
1.2945454545454547
1.3127272727272727
1.3713636363636363
1.3836363636363638
1.3727272727272728
1.4859090909090908
1.4721739130434783
1.5930434782608696
1.4069565217391304
1.5182608695652176
1.4943478260869565
1.7895652173913041
1.6830434782608696
1.8013043478260868
1.6486956521739131
1.7813043478260868
1.7395652173913043
1.708695652173913
1.702173913043478
1.692608695652174
1.8282608695652172
1.9756521739130435
1.9095652173913045
2.2717391304347827
1.8408695652173914
1.8626086956521741
2.042173913043478
1.9339130434782608
1.9782608695652173
1.9030434782608696
1.9386956521739132
1.9560869565217391
2.1447826086956523
2.2604347826086957
2.110869565217391
2.1921739130434785
2.3721739130434782
2.4630434782608694
2.4704347826086956
2.4269565217391302
2.2399999999999998
2.234782608695652
2.4256521739130434
2.2982608695652176
2.3969565217391304
2.1143478260869566
2.446521739130435
2.657391304347826
2.349565217391304
2.3730434782608696
2.508695652173913
2.3130434782608695
2.219130434782609
2.3982608695652172
2.515217391304348
2.312173913043478
2.3756521739130436
2.5147826086956524
2.7743478260869567
2.6091304347826085
2.6495652173913045
2.493478260869565
2.3065217391304347
2.561304347826087
2.658695652173913
2.858695652173913
3.0960869565217393
2.8995652173913045
2.6617391304347824
2.777391304347826
2.7295652173913045
2.904347826086956
2.548695652173913
2.960869565217391
3.103478260869565
3.074347826086956
2.851304347826087
2.7243478260869565
2.4573913043478264
2.741739130434783
2.720869565217391
2.992173913043478
3.0234782608695654
2.8421739130434784
2.9643478260869567
3.021304347826087
3.140434782608696
2.967826086956522
2.933913043478261
3.17
3.1295652173913044
3.073478260869565
3.0104347826086952
2.9813043478260868
3.0165217391304346
3.1947826086956526
3.026521739130435
2.9569565217391305
2.772173913043478
2.862608695652174
2.717391304347826
2.6534782608695653
2.7578260869565216
2.7734782608695654
2.7908695652173914
3.016086956521739
2.922173913043478
3.1660869565217387
2.9730434782608692
2.736521739130435
3.0652173913043477
2.786521739130435
2.925217391304348
2.926086956521739
2.9873913043478257
3.0569565217391306
2.9756521739130433
2.995217391304348
2.9039130434782607
2.91
3.0191304347826087
3.1960869565217394
2.5908695652173916
2.687826086956522
2.890869565217391
2.655217391304348
2.8308695652173914
2.517826086956522
2.4321739130434783
2.832608695652174
2.7317391304347827
2.3334782608695654
2.7939130434782613
2.451304347826087
2.621304347826087
2.8386956521739126
2.6921739130434785
2.43
2.5582608695652174
2.4956521739130433
2.223913043478261
2.2404347826086957
2.4817391304347827
2.542173913043478
2.297391304347826
2.23
2.316086956521739
2.2708695652173914
2.196086956521739
2.317391304347826
2.0517391304347825
1.9956521739130435
1.9656521739130435
2.0234782608695654
2.2960869565217394
2.1434782608695655
1.9495652173913045
1.8052173913043477
1.9834782608695651
2.042608695652174
1.8699999999999999
1.7617391304347825
2.0195652173913046
1.7195652173913043
1.8030434782608695
1.8699999999999999
1.7682608695652176
1.8139130434782609
1.827391304347826
1.6321739130434783
1.7278260869565218
1.7465217391304348
1.603913043478261
1.54
1.7030434782608697
1.607391304347826
1.397391304347826
1.3782608695652174
1.3595652173913044
1.4804347826086954
1.3326086956521739
1.3517391304347826
1.3795652173913044
1.2260869565217392
1.0608695652173912
1.0995652173913044
1.1617391304347826
1.157391304347826
1.0504347826086957
1.079090909090909
1.0331818181818182
1.0818181818181818
1.1009090909090908
1.0263636363636364
1.009090909090909
0.9513636363636363
0.8845454545454546
0.8881818181818182
0.9822727272727273
0.889090909090909
0.8236363636363637
0.7104545454545454
0.7559090909090909
0.7186363636363636
0.6931818181818182
0.9027272727272727
0.8345454545454545
0.7777272727272727
0.7054545454545454
0.7581818181818182
0.7031818181818182
0.7427272727272727
0.6772727272727272
0.7650000000000001
0.7495454545454545
0.6936363636363636
0.6168181818181818
0.5763636363636363
0.5581818181818181
0.5872727272727273
0.5304545454545454
0.5413636363636364
0.5004545454545455
0.4304545454545455
0.46636363636363637
0.4586363636363636
0.45045454545454544
0.4268181818181818
0.41545454545454547
0.3759090909090909
0.38727272727272727
0.3590909090909091
0.37636363636363634
0.4372727272727273
0.2459090909090909
0.26227272727272727
0.2959090909090909
0.3090909090909091
0.28363636363636363
0.295
0.2640909090909091
0.24636363636363637
0.3118181818181818
0.2631818181818182
0.25363636363636366
0.3068181818181818
0.27090909090909093
0.3140909090909091
0.2809090909090909
0.26636363636363636
0.3109090909090909
0.35045454545454546
0.365
0.31636363636363635
0.37136363636363634
0.2990909090909091
0.43863636363636366
0.24545454545454548
0.2863636363636364
0.26636363636363636
0.26772727272727276
0.20272727272727273
0.23545454545454544
0.34409090909090906
0.25681818181818183
0.26227272727272727
0.15
0.17181818181818181
0.13636363636363635
0.1709090909090909
0.20454545454545456
0.19090909090909092
0.21818181818181817
0.35045454545454546
0.2636363636363636
0.2868181818181818
0.33045454545454545
0.23272727272727273
0.23454545454545456
0.20318181818181816
0.2468181818181818
