pet
0.32130434782608697
0.2008695652173913
0.43217391304347824
0.31217391304347825
0.16869565217391305
0.3604347826086957
0.2526086956521739
0.13652173913043478
0.16086956521739132
0.2526086956521739
0.3165217391304348
0.29869565217391303
0.3017391304347826
0.26217391304347826
0.27869565217391307
0.2473913043478261
0.271304347826087
0.23782608695652172
0.26521739130434785
0.18304347826086956
0.24304347826086956
0.25086956521739134
0.25956521739130434
0.46565217391304353
0.2491304347826087
0.2773913043478261
0.3273913043478261
0.3165217391304348
0.2782608695652174
0.3552173913043478
0.39304347826086955
0.3495652173913043
0.37521739130434784
0.20043478260869566
0.31
0.43869565217391304
0.388695652173913
0.47652173913043483
0.46608695652173915
0.3652173913043478
0.523913043478261
0.40608695652173915
0.3426086956521739
0.4795652173913043
0.5004347826086957
0.45826086956521733
0.5434782608695652
0.3582608695652174
0.45260869565217393
0.5504347826086956
0.4760869565217391
0.5295652173913044
0.5256521739130434
0.5860869565217391
0.5969565217391305
0.4543478260869565
0.61
0.6552173913043479
0.6239130434782608
0.6908695652173913
0.7321739130434782
0.8473913043478261
0.7373913043478261
0.7304347826086957
0.6417391304347826
0.7243478260869566
0.7891304347826086
0.7560869565217392
0.7147826086956522
0.7804347826086956
0.8360869565217391
0.8608695652173913
0.938695652173913
0.9026086956521738
0.7969565217391306
1.0008695652173913
1.027391304347826
0.898695652173913
0.8621739130434782
1.0317391304347827
1.1556521739130436
1.077391304347826
1.1013043478260869
1.2439130434782608
1.1195652173913044
1.098695652173913
1.2278260869565218
1.2273913043478262
1.201304347826087
1.168695652173913
1.0590909090909089
1.2113636363636362
1.458181818181818
1.4318181818181819
1.288181818181818
1.5018181818181817
1.5159090909090909
1.4977272727272728
1.5945454545454545
1.5677272727272729
1.5613636363636365
1.6622727272727273
1.6827272727272728
2.033181818181818
1.8731818181818183
1.916818181818182
1.6886363636363635
1.6595454545454544
1.7704545454545455
1.8436363636363637
1.870909090909091
1.9631818181818181
1.91
2.1322727272727273
1.9522727272727274
1.970909090909091
2.059090909090909
2.02
1.8627272727272726
1.86
1.9331818181818183
2.358636363636364
2.1263636363636365
2.173636363636364
2.08
2.129090909090909
2.2036363636363636
2.3645454545454547
2.1113636363636363
2.2177272727272728
2.1627272727272726
2.4149999999999996
2.4804545454545455
2.559090909090909
2.726363636363636
2.4618181818181815
2.545909090909091
2.6145454545454543
2.623181818181818
2.5827272727272725
2.3736363636363635
2.498181818181818
2.446818181818182
2.645909090909091
2.6504545454545454
2.630909090909091
2.67
2.6913636363636364
2.549090909090909
2.6072727272727274
2.700909090909091
2.6036363636363635
2.5404545454545455
2.637272727272727
2.8322727272727275
2.2545454545454544
2.5927272727272728
2.65
2.486818181818182
2.815909090909091
2.570909090909091
2.566818181818182
2.585909090909091
2.875909090909091
2.9709090909090907
2.936818181818182
3.091818181818182
2.4709090909090907
2.812727272727273
2.685909090909091
3.0
2.774090909090909
3.083636363636364
2.6995454545454547
2.8763636363636365
2.562727272727273
2.777727272727273
2.7395454545454547
2.6836363636363636
2.850909090909091
2.9959090909090906
3.0081818181818183
2.8854545454545457
3.3568181818181815
2.88
3.065909090909091
3.371818181818182
3.2954545454545454
2.9959090909090906
2.9613636363636364
2.785
3.0081818181818183
2.7409090909090907
2.92
2.8104545454545455
2.736818181818182
2.868181818181818
2.828181818181818
2.8454545454545457
2.61
2.8390909090909093
2.5895454545454544
2.647727272727273
2.5913636363636363
2.436818181818182
3.0290909090909093
2.766363636363636
2.6295454545454544
2.7822727272727272
3.016818181818182
2.609090909090909
2.627727272727273
2.8400000000000003
2.770909090909091
2.5313636363636363
2.7636363636363637
2.471818181818182
2.4927272727272727
2.337727272727273
2.604090909090909
2.434090909090909
2.5977272727272727
2.4654545454545453
2.353181818181818
2.25
2.175909090909091
2.545
2.713636363636364
2.2881818181818185
2.023636363636364
2.255909090909091
2.5072727272727273
2.3086363636363636
2.3763636363636365
2.205909090909091
2.0895454545454544
2.078181818181818
2.201363636363636
2.235909090909091
2.0977272727272727
1.9677272727272728
2.033181818181818
1.8886363636363634
1.8227272727272728
1.8104545454545453
2.0904545454545453
2.012272727272727
1.8118181818181818
1.8113636363636365
1.8563636363636362
1.79
1.705909090909091
1.7086363636363637
1.7413636363636364
1.669090909090909
1.5745454545454545
1.3086363636363636
1.4159090909090908
1.3
1.3304545454545453
1.2545454545454546
1.2322727272727272
1.365
1.1968181818181818
1.3422727272727273
1.1118181818181818
1.0227272727272727
1.0640909090909092
1.0581818181818183
1.0218181818181817
1.0036363636363637
0.920909090909091
0.9286363636363636
1.1352173913043477
1.037391304347826
0.8760869565217391
0.8578260869565217
0.8160869565217391
0.8682608695652173
0.8608695652173913
0.9339130434782609
0.72
0.6326086956521738
0.8165217391304348
0.6482608695652174
0.758695652173913
0.6582608695652175
0.6778260869565217
0.7578260869565218
0.6591304347826087
0.6434782608695653
0.6873913043478261
0.6343478260869565
0.6413043478260869
0.6569565217391304
0.5030434782608696
0.5482608695652174
0.45521739130434785
0.4082608695652174
0.48869565217391303
0.4847826086956522
0.49391304347826087
0.3786956521739131
0.37
0.31521739130434784
0.30391304347826087
0.4321739130434783
0.3560869565217391
0.3739130434782609
0.3591304347826087
0.30434782608695654
0.27695652173913043
0.4804347826086957
0.3791304347826087
0.28956521739130436
0.3656521739130435
0.4230434782608696
0.3056521739130435
0.39999999999999997
0.21
0.39217391304347826
0.23304347826086957
0.3556521739130435
0.25521739130434784
0.2639130434782609
0.3895652173913043
0.2021739130434783
0.3630434782608695
0.3773913043478261
0.23130434782608697
0.13391304347826088
0.1856521739130435
0.1773913043478261
0.11652173913043479
0.18608695652173915
0.23173913043478261
0.23565217391304347
0.17304347826086958
0.16695652173913042
0.1839130434782609
0.23043478260869565
0.2343478260869565
0.21739130434782608
0.18913043478260871
0.2234782608695652
0.2695652173913043
0.2482608695652174
0.23956521739130435
0.1773913043478261
0.23043478260869565
0.30347826086956525
0.2782608695652174
0.2126086956521739
0.27391304347826084
0.2891304347826087
0.18608695652173915
0.29043478260869565
0.17565217391304347
0.17565217391304347
0.1743478260869565
0.26608695652173914
0.2034782608695652
0.23695652173913045
0.1656521739130435
0.16217391304347825
