temperature
4.191304347826088
4.244782608695652
4.102608695652174
4.267826086956521
4.553913043478261
5.126956521739131
4.075652173913043
4.4195652173913045
4.783913043478261
4.584782608695653
4.325217391304348
3.21304347826087
3.1565217391304343
3.465652173913043
4.0630434782608695
4.213913043478261
3.7352173913043476
3.207391304347826
3.786521739130435
4.19
4.584782608695653
4.797826086956522
5.130869565217392
4.747391304347826
4.3304347826086955
4.25695652173913
4.214782608695652
4.39695652173913
4.225217391304348
3.486521739130435
3.35
3.9213043478260867
4.146521739130435
4.450869565217391
4.307391304347826
4.939565217391304
5.438260869565218
5.046956521739131
4.562608695652174
4.097391304347826
3.3947826086956523
3.326521739130435
3.6634782608695655
3.46304347826087
2.6930434782608694
2.6182608695652174
2.652173913043478
3.1234782608695655
3.404782608695652
3.4878260869565216
3.587391304347826
4.191304347826088
4.48
4.640434782608696
4.503913043478261
3.603913043478261
4.004347826086956
4.31391304347826
4.628260869565217
5.134782608695652
5.379130434782609
5.3417391304347825
5.07695652173913
5.023478260869566
5.179130434782609
5.867826086956522
5.637391304347826
5.685652173913044
6.088695652173913
6.413043478260869
5.96304347826087
6.052173913043478
6.018260869565218
6.133913043478262
5.83
6.380434782608695
6.358260869565218
6.578695652173913
6.225652173913043
6.310869565217391
6.606086956521739
6.141304347826087
6.636086956521739
6.978695652173912
6.5373913043478264
6.953913043478261
6.700869565217391
6.58
6.847391304347826
6.768695652173913
7.59
7.734545454545454
6.7281818181818185
6.350454545454546
6.285454545454545
6.407272727272727
7.149090909090909
7.287272727272727
7.03590909090909
7.427272727272728
7.738181818181818
8.07409090909091
8.043181818181818
8.151363636363637
8.396363636363636
8.748636363636363
8.028636363636364
7.925909090909091
8.654545454545454
8.639090909090909
8.485000000000001
9.511363636363637
9.282727272727273
8.655454545454544
8.612272727272726
8.347272727272728
8.644090909090908
8.543636363636365
8.673181818181819
8.917727272727273
9.595
9.402272727272727
9.466363636363637
9.68818181818182
9.923181818181819
10.30090909090909
10.307727272727274
10.928636363636365
10.668636363636365
10.702272727272726
10.983636363636363
10.967727272727272
11.548181818181819
11.490454545454545
11.7
11.469090909090909
11.8
11.646818181818183
12.148181818181818
12.621818181818183
12.099545454545455
11.998181818181818
12.430454545454547
12.424545454545454
12.791363636363634
12.982727272727272
12.79590909090909
12.273636363636363
12.397727272727273
12.868636363636364
12.840909090909092
13.177272727272726
13.233636363636363
13.536363636363637
13.252727272727272
12.947272727272729
13.195
13.27909090909091
13.484090909090908
13.896363636363638
13.51909090909091
13.72272727272727
13.725454545454545
13.886363636363637
14.545
14.30090909090909
14.324545454545454
14.346363636363636
13.857272727272727
14.661818181818182
14.844090909090909
14.759090909090908
15.02727272727273
14.819545454545453
14.93590909090909
14.934545454545455
15.545
15.42818181818182
15.223181818181816
15.48090909090909
15.745454545454544
15.752272727272727
15.80318181818182
15.794545454545455
16.27409090909091
17.324545454545454
17.256363636363634
17.03181818181818
17.151818181818182
17.001818181818184
16.810454545454544
16.961363636363636
16.650454545454547
17.137272727272727
16.896818181818183
17.074545454545454
16.54409090909091
16.215454545454545
16.45909090909091
16.437272727272727
17.045454545454547
16.73818181818182
16.694090909090907
16.62
16.296363636363637
16.577727272727273
17.095
17.016363636363636
17.291818181818183
17.36318181818182
17.442272727272726
17.58590909090909
16.972727272727273
16.77227272727273
17.25090909090909
17.004545454545454
16.718636363636364
16.51590909090909
16.398636363636363
16.862272727272725
17.176363636363636
17.13590909090909
16.586363636363636
16.64090909090909
16.722272727272728
17.375454545454545
17.602272727272727
16.974545454545453
16.48318181818182
16.351363636363637
16.604545454545455
16.846818181818183
16.942272727272726
16.895454545454545
15.79409090909091
15.916363636363638
15.990909090909092
16.302272727272726
15.81090909090909
16.042272727272728
16.063636363636363
15.822272727272725
15.429545454545455
15.662727272727272
15.515909090909089
15.254545454545456
14.953181818181816
14.925454545454546
14.611818181818181
14.849545454545455
14.877272727272727
15.030909090909091
14.849545454545455
14.333636363636362
14.442272727272728
13.84909090909091
13.255
14.07909090909091
13.914090909090909
14.32909090909091
14.063181818181818
13.812272727272727
13.527727272727274
13.730454545454545
13.255
13.418636363636363
13.33090909090909
13.438636363636363
13.15227272727273
13.288636363636364
12.986363636363636
12.920454545454545
13.06590909090909
12.844782608695652
12.376956521739132
12.327826086956522
12.467391304347826
12.252608695652174
11.688260869565216
11.540869565217392
11.162608695652175
12.008260869565218
12.12782608695652
11.498260869565216
11.417391304347827
11.197826086956523
10.343043478260869
10.697826086956523
10.070869565217391
9.901739130434782
10.514782608695652
10.796956521739132
10.13304347826087
9.901304347826086
9.501304347826087
9.394347826086957
9.815217391304348
9.65391304347826
10.036521739130436
9.990869565217391
9.44695652173913
8.843913043478262
9.190869565217392
9.82304347826087
9.678695652173912
9.56
9.079565217391304
7.905652173913043
7.732608695652174
7.355652173913044
8.177391304347825
8.81913043478261
8.421739130434782
8.117391304347825
8.399565217391304
7.184782608695652
6.709565217391304
6.270434782608696
6.43
6.567391304347827
6.544782608695653
7.200869565217391
6.7708695652173905
5.929130434782609
5.761304347826086
5.9452173913043485
6.442608695652174
6.363043478260869
6.17
5.46304347826087
5.245217391304348
4.888260869565218
4.523478260869565
4.703913043478261
5.441739130434782
5.536086956521739
5.992608695652173
5.875217391304347
6.02695652173913
5.595217391304348
5.761304347826086
5.127826086956522
4.657826086956521
4.220434782608695
4.557391304347826
4.606086956521739
4.662173913043478
5.110434782608696
5.603478260869565
5.293478260869565
5.438695652173913
5.278260869565218
4.948695652173913
5.173913043478261
5.895652173913043
5.363913043478261
5.485652173913044
5.5456521739130435
5.4769565217391305
5.318695652173913
5.53695652173913
5.090434782608695
5.144782608695652
4.158695652173913
3.8447826086956525
