pet
0.3009090909090909
0.34545454545454546
0.3922727272727272
0.33545454545454545
0.2872727272727273
0.2840909090909091
0.3936363636363636
0.3463636363636364
0.3377272727272727
0.3727272727272727
0.4036363636363637
0.4104545454545454
0.3622727272727273
0.39136363636363636
0.36272727272727273
0.315
0.38272727272727275
0.31681818181818183
0.3918181818181818
0.37363636363636366
0.325
0.35454545454545455
0.32636363636363636
0.42590909090909096
0.4218181818181818
0.4477272727272727
0.42772727272727273
0.47363636363636363
0.3877272727272727
0.4486363636363636
0.45363636363636367
0.4713636363636363
0.45909090909090905
0.45909090909090905
0.4731818181818182
0.4622727272727273
0.5272727272727272
0.5368181818181819
0.5454545454545454
0.5372727272727272
0.45772727272727276
0.46090909090909093
0.5513636363636364
0.5590909090909091
0.53
0.605909090909091
0.6004545454545455
0.49454545454545457
0.5768181818181818
0.66
0.7122727272727273
0.6654545454545455
0.7413636363636363
0.6686363636363637
0.6090909090909091
0.7231818181818181
0.7645454545454545
0.7536363636363635
0.7286363636363636
0.77
0.8068181818181818
0.729090909090909
0.8140909090909091
0.8277272727272728
0.8531818181818182
0.8459090909090908
0.885909090909091
0.9
1.0363636363636364
0.9622727272727272
0.9668181818181818
0.9486363636363637
0.9563636363636363
0.9581818181818181
0.8995454545454545
1.0263636363636364
1.075
1.139090909090909
1.0654545454545454
1.1277272727272727
1.0822727272727273
1.1795454545454545
1.1636363636363638
1.1304545454545456
1.2672727272727273
1.2313636363636364
1.2754545454545456
1.3695454545454544
1.2568181818181818
1.4113636363636364
1.4073913043478263
1.4721739130434783
1.3034782608695652
1.396086956521739
1.4291304347826086
1.6482608695652172
1.5299999999999998
1.59
1.5247826086956522
1.6756521739130434
1.6117391304347826
1.5682608695652174
1.6034782608695652
1.661304347826087
1.7417391304347827
1.8691304347826088
1.7856521739130435
1.8647826086956523
1.833913043478261
1.8800000000000001
1.8478260869565217
1.7543478260869565
1.9400000000000002
1.8517391304347826
1.8395652173913044
1.9182608695652172
2.0104347826086957
2.0643478260869563
2.1565217391304348
2.11
2.317391304347826
2.367826086956522
2.4082608695652175
2.3526086956521737
2.098695652173913
2.157391304347826
2.364782608695652
2.292173913043478
2.3578260869565217
2.1269565217391304
2.3569565217391304
2.5278260869565217
2.357391304347826
2.3108695652173914
2.3195652173913044
2.2030434782608697
2.178695652173913
2.3078260869565215
2.4130434782608696
2.2065217391304346
2.367826086956522
2.382608695652174
2.5904347826086958
2.607391304347826
2.6291304347826085
2.503913043478261
2.257391304347826
2.5117391304347825
2.51
2.844782608695652
2.973478260869565
2.776086956521739
2.6017391304347828
2.623913043478261
2.544782608695652
2.7686956521739132
2.4008695652173913
2.851304347826087
2.8317391304347823
2.925652173913044
2.8065217391304347
2.7469565217391305
2.472608695652174
2.5117391304347825
2.5495652173913044
2.6917391304347826
2.8078260869565215
2.75
2.7047826086956523
2.7086956521739127
2.9852173913043476
2.753478260869565
2.7713043478260873
2.859130434782609
2.8308695652173914
2.745217391304348
2.9213043478260867
2.7134782608695653
2.904347826086956
2.9747826086956524
2.642608695652174
2.703478260869565
2.579565217391304
2.6443478260869564
2.516521739130435
2.743913043478261
2.5460869565217394
2.594782608695652
2.6630434782608696
2.882608695652174
2.762608695652174
2.8739130434782605
2.7956521739130435
2.773913043478261
2.8365217391304345
2.7091304347826086
2.9539130434782606
2.726086956521739
2.8278260869565215
2.7773913043478258
2.6134782608695653
2.5852173913043477
2.6826086956521737
2.7086956521739127
2.7269565217391305
2.8756521739130436
2.5195652173913046
2.643478260869565
2.5656521739130436
2.3917391304347824
2.637826086956522
2.367826086956522
2.2343478260869567
2.6217391304347823
2.553913043478261
2.1882608695652173
2.5456521739130435
2.2904347826086955
2.33
2.497826086956522
2.4856521739130435
2.196521739130435
2.2743478260869567
2.1826086956521737
2.0143478260869565
2.0391304347826087
2.261739130434783
2.278260869565217
2.2343478260869567
2.030869565217391
2.1582608695652175
2.0530434782608693
2.0143478260869565
2.2621739130434784
1.943913043478261
1.9339130434782608
1.8717391304347826
1.9647826086956521
2.0908695652173916
1.929565217391304
1.8752173913043477
1.7691304347826087
1.815217391304348
1.8278260869565217
1.7191304347826086
1.6417391304347826
1.8430434782608696
1.624782608695652
1.6152173913043477
1.7591304347826087
1.608695652173913
1.6704347826086958
1.6856521739130437
1.5330434782608695
1.5578260869565217
1.6282608695652174
1.5191304347826087
1.4408695652173913
1.5065217391304346
1.4330434782608696
1.3643478260869564
1.3256521739130434
1.315217391304348
1.4047826086956523
1.31
1.2652173913043478
1.3326086956521739
1.1065217391304347
1.103913043478261
1.0956521739130434
1.1395652173913045
1.1004347826086955
1.0630434782608695
1.13
1.0395454545454546
1.0322727272727272
1.1422727272727273
1.0095454545454545
1.005909090909091
0.9631818181818183
0.9040909090909092
0.9218181818181819
0.9609090909090909
0.8563636363636363
0.770909090909091
0.6945454545454545
0.7159090909090909
0.7000000000000001
0.7054545454545454
0.8186363636363637
0.8327272727272728
0.7445454545454545
0.6863636363636364
0.6986363636363636
0.6954545454545454
0.6768181818181819
0.6736363636363637
0.7713636363636364
0.7486363636363635
0.7445454545454545
0.7004545454545454
0.6022727272727273
0.6331818181818182
0.6799999999999999
0.5631818181818182
0.5472727272727272
0.535
0.4790909090909091
0.5122727272727272
0.4904545454545454
0.5109090909090909
0.4604545454545455
0.4754545454545455
0.3936363636363636
0.49227272727272725
0.4531818181818182
0.4604545454545454
0.4531818181818182
0.30863636363636365
0.3336363636363636
0.37363636363636366
0.3609090909090909
0.3172727272727273
0.3572727272727273
0.31681818181818183
0.2731818181818182
0.32
0.3322727272727273
0.3463636363636364
0.3427272727272727
0.33590909090909093
0.35454545454545455
0.32954545454545453
0.33681818181818185
0.35954545454545456
0.3481818181818182
0.3845454545454545
0.3390909090909091
0.3977272727272727
0.3440909090909091
0.485
0.3181818181818182
0.365
0.35545454545454547
0.2740909090909091
0.2409090909090909
0.2681818181818182
0.3240909090909091
0.30318181818181816
0.35409090909090907
0.24545454545454548
0.19545454545454544
0.225
0.23727272727272727
0.26136363636363635
0.22363636363636363
0.23863636363636365
0.4027272727272727
0.29363636363636364
0.3009090909090909
0.31681818181818183
0.24000000000000002
0.2772727272727273
0.2527272727272727
0.2981818181818182
