temperature
5.535714285714286
4.7371428571428575
4.609523809523809
4.610952380952381
5.411904761904762
5.1866666666666665
5.286190476190476
5.52047619047619
5.070952380952381
5.376666666666667
5.4314285714285715
5.854285714285714
6.162857142857142
5.273333333333333
6.259523809523809
5.605714285714286
5.621904761904762
5.655714285714286
6.050476190476191
5.380952380952381
5.053809523809524
4.83047619047619
4.688095238095238
4.38
4.501904761904761
4.222857142857143
4.0285714285714285
4.606190476190476
4.718095238095238
4.285238095238095
4.384761904761905
4.5180952380952375
4.322857142857143
4.399047619047619
5.73952380952381
5.765238095238096
5.614761904761904
4.932380952380952
4.672857142857143
4.4871428571428575
5.122857142857143
5.667142857142856
6.137142857142857
5.46047619047619
4.828095238095238
5.226190476190476
5.355714285714286
5.213333333333334
5.269047619047619
5.229047619047619
4.7438095238095235
5.267619047619048
5.41952380952381
5.775714285714286
6.166666666666667
5.919047619047619
5.811428571428571
5.5476190476190474
5.404285714285714
5.363809523809524
4.792857142857143
4.804285714285714
4.997142857142857
4.897619047619047
5.763333333333334
6.554285714285713
6.73952380952381
6.742857142857143
6.660000000000001
6.644761904761904
6.389047619047618
6.036190476190477
6.031428571428571
7.176666666666667
7.411904761904762
7.618571428571429
7.087727272727273
6.351363636363636
6.354545454545455
6.731363636363636
7.0659090909090905
7.242272727272726
7.412727272727272
7.639545454545455
7.368181818181818
7.138636363636365
7.277727272727272
7.874090909090909
8.155
8.487727272727271
8.690454545454545
8.84
8.37
8.258636363636363
7.890000000000001
8.597727272727273
7.47
7.5613636363636365
7.833636363636364
8.505
8.215454545454547
7.987727272727272
8.091363636363637
8.518181818181818
8.708181818181817
8.784545454545453
8.828181818181818
8.602727272727272
8.084090909090909
8.625454545454545
9.576818181818181
10.207272727272727
10.470454545454546
10.606363636363637
10.788181818181819
10.58909090909091
10.59681818181818
10.674999999999999
10.468181818181819
10.63
10.804545454545455
11.063181818181818
10.944545454545455
10.663181818181819
10.966363636363637
11.104090909090909
11.382272727272728
11.389090909090909
11.395
11.910909090909092
12.036363636363637
11.614545454545455
11.501363636363637
11.59590909090909
11.721363636363636
12.09909090909091
11.69590909090909
11.737727272727273
12.016818181818183
12.291818181818183
12.243636363636364
12.32818181818182
12.73
12.91590909090909
13.02727272727273
12.843636363636364
12.707727272727272
12.653636363636364
12.908636363636363
13.466818181818182
13.69181818181818
13.717272727272729
14.468181818181819
14.06090909090909
13.636818181818182
13.832727272727272
14.103636363636362
14.259545454545453
14.141363636363637
14.268181818181818
14.297727272727274
14.149545454545455
14.238636363636363
14.407272727272726
14.844999999999999
14.738181818181818
15.194545454545453
15.513181818181819
15.574545454545454
15.750454545454545
15.57
15.088181818181818
14.99409090909091
15.281818181818181
15.486818181818181
15.742272727272727
15.751818181818182
15.950454545454544
16.105
16.46681818181818
16.225454545454543
16.538181818181815
16.28590909090909
16.38681818181818
16.270454545454545
15.982727272727272
16.06409090909091
16.190454545454546
16.213636363636365
16.581818181818182
16.78681818181818
16.762727272727272
16.543181818181818
16.491363636363637
16.86909090909091
17.19363636363636
17.21181818181818
16.888181818181817
17.100454545454543
17.606818181818184
17.418181818181818
17.326363636363638
17.065
17.327727272727273
17.595454545454547
17.674090909090907
17.57181818181818
17.893636363636364
17.92909090909091
17.704545454545453
17.37636363636364
17.367272727272727
17.78590909090909
17.61090909090909
17.598181818181818
17.535454545454545
17.93590909090909
17.866818181818182
17.75090909090909
17.424090909090907
17.60181818181818
17.509090909090908
17.793636363636363
17.336818181818185
16.94
16.710454545454546
17.12909090909091
16.867272727272727
16.885454545454547
17.044545454545457
17.12818181818182
17.088636363636365
16.89181818181818
17.047727272727272
16.824545454545454
16.195454545454545
16.300454545454546
16.72772727272727
15.977272727272727
15.35
15.33
15.601818181818182
15.857727272727272
15.319090909090908
15.498181818181818
15.91909090909091
15.812272727272727
15.763181818181819
15.82090909090909
15.45409090909091
15.207272727272727
15.167272727272728
15.273636363636363
15.54681818181818
15.253181818181817
14.285454545454543
14.038181818181817
13.872727272727273
13.883181818181818
13.488636363636363
13.951363636363636
14.32
14.267272727272728
14.159545454545453
13.933181818181817
13.813181818181818
13.671363636363635
13.161363636363637
13.43318181818182
13.818181818181818
13.844545454545454
13.784999999999998
14.224545454545455
14.302380952380954
13.288095238095238
12.94142857142857
12.229523809523808
11.825714285714286
12.508571428571429
11.802380952380952
12.86
13.00904761904762
12.846190476190475
12.608095238095236
11.93
11.827619047619047
11.616666666666665
11.623333333333333
11.582380952380952
11.322380952380954
10.341904761904763
10.799047619047618
10.511428571428572
11.353333333333333
11.274761904761906
11.223333333333333
11.378571428571428
11.200952380952382
11.237142857142857
11.177619047619046
10.631904761904762
10.495238095238095
10.850476190476192
10.661904761904761
9.875714285714285
9.564761904761905
9.790000000000001
8.979523809523808
9.161428571428571
9.085238095238095
8.888571428571428
9.33047619047619
8.515238095238095
8.558095238095238
9.154285714285715
8.758095238095237
8.624285714285715
8.006190476190476
7.660952380952381
7.313333333333334
7.358095238095238
7.512380952380952
7.252380952380953
7.365714285714286
7.131904761904762
7.405714285714285
6.898095238095237
7.23142857142857
7.178571428571429
7.336666666666666
7.3376190476190475
7.442857142857143
7.238571428571428
6.758571428571429
6.618571428571429
6.2995238095238095
5.964285714285714
6.12952380952381
5.905238095238095
5.551428571428572
5.635714285714285
5.672380952380952
5.4090476190476195
5.078095238095238
5.480476190476191
5.575714285714286
5.7161904761904765
5.111904761904762
4.9366666666666665
4.6657142857142855
4.240952380952381
4.663809523809523
4.266666666666667
3.8095238095238093
5.182380952380952
5.136190476190476
5.833809523809524
6.422380952380952
5.462857142857143
4.89
4.827142857142857
4.294761904761905
4.204761904761905
4.825714285714286
4.961904761904762
