temperature
5.087727272727272
4.449090909090909
4.299090909090909
4.319090909090909
5.069090909090909
4.784545454545455
4.905
5.232727272727273
4.837272727272727
5.193181818181818
5.2
5.713181818181818
6.100909090909091
5.07
5.825
5.134545454545454
5.055909090909091
5.159090909090909
5.6895454545454545
5.1499999999999995
4.784545454545455
4.633181818181818
4.583181818181818
4.222272727272728
4.481363636363636
4.160454545454545
4.078181818181818
4.319999999999999
4.541363636363636
4.249545454545454
4.199545454545454
4.325
4.076818181818182
4.257272727272727
5.592272727272728
5.487727272727273
5.339545454545455
4.74
4.308181818181819
4.225454545454546
4.831363636363636
5.325
5.816363636363636
5.01
4.296818181818182
4.798636363636363
5.045909090909091
4.90090909090909
4.97
4.783181818181818
4.345454545454545
4.740454545454545
4.922727272727273
5.386818181818182
5.777727272727272
5.691818181818181
5.6863636363636365
5.568636363636364
5.356363636363636
5.262272727272727
4.818181818181818
4.7749999999999995
4.8118181818181816
4.927727272727273
5.5640909090909085
6.522272727272727
6.707727272727272
6.74
6.533181818181817
6.3559090909090905
6.193636363636363
5.915
6.083636363636364
7.175454545454546
7.28590909090909
7.440454545454545
6.91409090909091
6.181818181818182
6.226363636363636
6.531818181818181
6.8554545454545455
7.048181818181818
7.238181818181817
7.473181818181818
7.138181818181818
6.868181818181818
7.081363636363636
7.685
8.083636363636364
8.427272727272728
8.514347826086958
8.592608695652174
8.193478260869567
8.027391304347827
7.88304347826087
8.572173913043478
7.363478260869566
7.44
7.749130434782608
8.347391304347827
8.102173913043478
7.826521739130435
7.85304347826087
8.336521739130434
8.558260869565217
8.655652173913044
8.90391304347826
8.527826086956521
8.105217391304347
8.685217391304347
9.598260869565218
10.225217391304348
10.600434782608696
10.666956521739131
10.828260869565218
10.462173913043477
10.624782608695652
10.698260869565217
10.522608695652174
10.673043478260869
10.89
10.841739130434783
10.780869565217392
10.47
10.779130434782608
11.001739130434782
11.284347826086957
11.278695652173914
11.380869565217392
11.897391304347826
12.066086956521739
11.588695652173914
11.35695652173913
11.419565217391304
11.522173913043478
11.94217391304348
11.768260869565218
11.73391304347826
12.002608695652174
12.17304347826087
12.110434782608696
12.209130434782608
12.80391304347826
13.11
12.996956521739131
12.815652173913042
12.647391304347826
12.655652173913042
12.845652173913043
13.310434782608695
13.653913043478262
13.751739130434784
14.411739130434784
13.972173913043479
13.53
13.881739130434784
14.178695652173914
14.420434782608696
14.254347826086958
14.515652173913043
14.43
14.17608695652174
14.231739130434782
14.373913043478263
14.699130434782608
14.568695652173913
15.076521739130435
15.499565217391305
15.579565217391304
15.682173913043478
15.53217391304348
15.00695652173913
14.92608695652174
15.23304347826087
15.358695652173912
15.571739130434782
15.81695652173913
16.084347826086958
16.103478260869565
16.444782608695654
16.288260869565217
16.50086956521739
16.459130434782608
16.535652173913043
16.545652173913044
16.05391304347826
16.096086956521738
16.180434782608696
16.160434782608696
16.433478260869563
16.50086956521739
16.52130434782609
16.385652173913044
16.297391304347826
16.89782608695652
17.171739130434784
17.243478260869566
16.792608695652174
16.97304347826087
17.558695652173913
17.389565217391304
17.10739130434783
16.92782608695652
17.424347826086954
17.61173913043478
17.514782608695654
17.420434782608698
17.872608695652172
17.961304347826086
17.81478260869565
17.44304347826087
17.347391304347827
17.752608695652174
17.577391304347824
17.582608695652173
17.38478260869565
17.838695652173914
17.789130434782606
17.671304347826087
17.422608695652176
17.603478260869565
17.416086956521738
17.75086956521739
17.25304347826087
16.74
16.709130434782608
17.215652173913043
16.86304347826087
16.839565217391304
17.04304347826087
17.193478260869565
17.18521739130435
16.950434782608696
16.903478260869566
16.621304347826086
15.935652173913043
16.009565217391305
16.34565217391304
15.67695652173913
15.166086956521738
15.203913043478261
15.550434782608693
15.634347826086955
15.263478260869565
15.47173913043478
15.781739130434783
15.527826086956521
15.525652173913043
15.588260869565216
15.347391304347827
15.221304347826086
15.139565217391304
15.172173913043478
15.331739130434782
15.007391304347827
14.128260869565217
13.908695652173913
13.604347826086956
13.684347826086958
13.301739130434783
13.720434782608695
14.162173913043478
14.218260869565217
14.105652173913043
13.776521739130436
13.566521739130437
13.411739130434784
12.951739130434783
13.089130434782609
13.43
13.58304347826087
13.582608695652173
13.851739130434781
13.967727272727274
13.070454545454545
12.672727272727274
12.033181818181818
11.710909090909091
12.299090909090909
11.574545454545454
12.562272727272727
12.744545454545454
12.600454545454545
12.40181818181818
11.791818181818183
11.612272727272726
11.307727272727272
11.127727272727272
10.954545454545455
10.811818181818182
9.97909090909091
10.269545454545455
9.936363636363636
10.82909090909091
10.911363636363637
10.847727272727273
10.993181818181817
10.855454545454545
10.875
10.876363636363637
10.326363636363636
10.057727272727274
10.413636363636364
10.272272727272728
9.512727272727274
9.248636363636363
9.58909090909091
8.883181818181818
9.101363636363637
8.757272727272728
8.596363636363636
8.979545454545455
8.081818181818182
8.262727272727274
8.697272727272727
8.386818181818182
8.345454545454546
7.670454545454546
7.299545454545455
6.859090909090909
6.862272727272727
6.990454545454545
6.718636363636364
6.652272727272727
6.452727272727273
6.615909090909091
6.182272727272727
6.628636363636364
6.763181818181818
6.902727272727273
6.903636363636363
6.763636363636365
6.715909090909091
6.375
6.338636363636363
6.045909090909091
5.907727272727272
6.0
5.631363636363637
5.372727272727273
5.432272727272728
5.4359090909090915
5.253636363636364
4.931818181818182
5.1877272727272725
5.403636363636363
5.542727272727273
4.716818181818182
4.566363636363636
4.497272727272727
4.096818181818182
4.53590909090909
4.3113636363636365
3.521818181818182
4.695454545454545
4.832272727272727
5.466363636363637
6.024545454545454
5.04090909090909
4.448636363636364
4.36090909090909
3.953181818181818
3.919090909090909
4.550909090909091
4.640454545454546
