pet
0.2809090909090909
0.2931818181818182
0.28545454545454546
0.2818181818181818
0.25545454545454543
0.20590909090909093
0.3522727272727273
0.32090909090909087
0.2677272727272727
0.26272727272727275
0.3563636363636364
0.30863636363636365
0.33454545454545453
0.33954545454545454
0.32136363636363635
0.28454545454545455
0.2590909090909091
0.2863636363636364
0.2786363636363636
0.3477272727272727
0.32636363636363636
0.2831818181818182
0.29954545454545456
0.31136363636363634
0.3604545454545454
0.4413636363636364
0.35818181818181816
0.5272727272727272
0.375
0.3836363636363636
0.4304545454545455
0.40954545454545455
0.40772727272727277
0.35409090909090907
0.485
0.47818181818181815
0.49227272727272725
0.4881818181818182
0.48772727272727273
0.4881818181818182
0.4645454545454546
0.425
0.5518181818181819
0.5672727272727273
0.5572727272727273
0.5822727272727273
0.6395454545454545
0.5563636363636364
0.6240909090909091
0.6409090909090909
0.6545454545454545
0.734090909090909
0.7081818181818181
0.6409090909090909
0.5822727272727273
0.7136363636363636
0.7977272727272727
0.754090909090909
0.6972727272727273
0.7931818181818181
0.8940909090909092
0.764090909090909
0.8372727272727272
0.85
0.9531818181818181
0.8563636363636363
0.8768181818181818
0.9477272727272726
1.020909090909091
0.9759090909090908
1.0045454545454546
1.0563636363636364
1.0645454545454545
0.9981818181818182
1.0422727272727272
1.009090909090909
1.1013636363636363
1.2186363636363635
1.145909090909091
1.145
1.190909090909091
1.2445454545454544
1.194090909090909
1.165
1.295909090909091
1.333181818181818
1.3827272727272726
1.3877272727272727
1.3490909090909091
1.4922727272727272
1.4878260869565216
1.6147826086956523
1.4330434782608696
1.5452173913043479
1.5217391304347827
1.8043478260869565
1.6882608695652173
1.8491304347826087
1.6708695652173913
1.803478260869565
1.7504347826086957
1.7517391304347825
1.7191304347826086
1.6960869565217391
1.8469565217391304
1.9747826086956521
1.9447826086956523
2.329565217391304
1.8426086956521741
1.8917391304347826
2.092173913043478
1.9782608695652173
1.9456521739130435
1.8991304347826088
1.9573913043478262
1.9417391304347829
2.1639130434782605
2.282608695652174
2.1043478260869564
2.2121739130434785
2.360869565217391
2.4573913043478264
2.4565217391304346
2.4156521739130437
2.260869565217391
2.259130434782609
2.404782608695652
2.3
2.3813043478260867
2.150434782608696
2.463478260869565
2.652608695652174
2.3860869565217393
2.3708695652173915
2.529130434782609
2.3130434782608695
2.2308695652173913
2.387826086956522
2.5095652173913043
2.34
2.404782608695652
2.568695652173913
2.816521739130435
2.64
2.6682608695652172
2.504782608695652
2.324782608695652
2.5460869565217394
2.683478260869565
2.8378260869565217
3.0969565217391306
2.900434782608696
2.6695652173913045
2.8069565217391306
2.747391304347826
2.9217391304347826
2.5778260869565215
2.9547826086956523
3.13
3.029130434782609
2.86695652173913
2.719130434782609
2.4643478260869567
2.7795652173913044
2.751304347826087
3.0243478260869567
3.021304347826087
2.85695652173913
3.0186956521739132
3.1213043478260873
3.1582608695652175
3.0095652173913043
2.957391304347826
3.2039130434782606
3.1852173913043482
3.1213043478260873
3.0356521739130433
3.0200000000000005
3.0500000000000003
3.2321739130434786
3.0878260869565217
3.036086956521739
2.7778260869565217
2.8843478260869566
2.748695652173913
2.6078260869565217
2.789565217391304
2.781304347826087
2.8121739130434777
3.0478260869565217
2.9347826086956523
3.183913043478261
2.968695652173913
2.7043478260869565
3.0882608695652176
2.8413043478260867
2.895217391304348
2.967391304347826
3.0208695652173914
3.0886956521739126
3.0552173913043474
3.0865217391304345
2.9817391304347827
2.9556521739130437
3.0786956521739133
3.2321739130434786
2.656086956521739
2.7026086956521738
2.9447826086956526
2.719130434782609
2.8713043478260873
2.5804347826086955
2.5178260869565214
2.858260869565217
2.7769565217391308
2.398695652173913
2.867391304347826
2.491739130434783
2.6743478260869566
2.885217391304348
2.7295652173913045
2.463478260869565
2.5969565217391306
2.5543478260869565
2.3126086956521736
2.2821739130434784
2.5295652173913044
2.59
2.3160869565217395
2.2743478260869567
2.3617391304347826
2.347391304347826
2.2643478260869565
2.3230434782608698
2.073913043478261
2.0391304347826087
1.9882608695652173
2.027391304347826
2.3078260869565215
2.2143478260869567
2.003478260869565
1.8469565217391304
2.0317391304347825
2.063913043478261
1.9221739130434783
1.8052173913043477
2.0786956521739133
1.7617391304347827
1.8595652173913042
1.8956521739130436
1.8282608695652172
1.8460869565217393
1.8682608695652174
1.64
1.7730434782608697
1.7669565217391305
1.6117391304347826
1.5660869565217392
1.7373913043478262
1.6395652173913045
1.4178260869565218
1.3830434782608696
1.3821739130434783
1.5017391304347825
1.3582608695652174
1.3830434782608696
1.3930434782608696
1.2613043478260868
1.071304347826087
1.1330434782608696
1.166086956521739
1.1673913043478261
1.0382608695652173
1.069090909090909
1.0331818181818182
1.1072727272727272
1.083181818181818
1.0236363636363637
1.0395454545454546
0.9663636363636364
0.9013636363636365
0.9013636363636363
1.0054545454545456
0.9231818181818183
0.8413636363636363
0.7118181818181818
0.7599999999999999
0.7336363636363636
0.6963636363636364
0.9177272727272728
0.8281818181818181
0.7795454545454544
0.7113636363636364
0.7531818181818182
0.6963636363636364
0.7654545454545455
0.6781818181818182
0.7745454545454545
0.7472727272727273
0.705
0.6045454545454546
0.5727272727272728
0.5431818181818181
0.5681818181818182
0.5336363636363637
0.5272727272727272
0.5068181818181818
0.42590909090909085
0.4509090909090909
0.4627272727272727
0.4413636363636364
0.4254545454545454
0.4027272727272727
0.3640909090909091
0.37863636363636366
0.34954545454545455
0.34590909090909094
0.4372727272727273
0.24045454545454545
0.2545454545454545
0.27909090909090906
0.30454545454545456
0.2822727272727273
0.29
0.2545454545454545
0.24318181818181817
0.3104545454545455
0.2590909090909091
0.23727272727272727
0.2927272727272727
0.2590909090909091
0.28909090909090907
0.27590909090909094
0.24818181818181817
0.29863636363636364
0.33772727272727276
0.36
0.30318181818181816
0.35954545454545456
0.29
0.40954545454545455
0.2281818181818182
0.2722727272727273
0.23772727272727276
0.2581818181818182
0.2040909090909091
0.22954545454545452
0.35045454545454546
0.24772727272727274
0.2413636363636364
0.14
0.1590909090909091
0.11863636363636365
0.15681818181818183
0.19954545454545453
0.18545454545454546
0.2159090909090909
0.3372727272727273
0.25545454545454543
0.27909090909090906
0.3227272727272727
0.24181818181818182
0.23545454545454547
0.20136363636363636
0.23318181818181818
