pet
0.28047619047619043
0.31047619047619046
0.4066666666666666
0.3342857142857143
0.25952380952380955
0.2723809523809524
0.3419047619047619
0.2976190476190476
0.3438095238095238
0.35285714285714287
0.3657142857142857
0.44238095238095243
0.2923809523809524
0.33476190476190476
0.370952380952381
0.2914285714285714
0.3414285714285714
0.3276190476190476
0.3495238095238095
0.3514285714285714
0.30952380952380953
0.3295238095238095
0.27285714285714285
0.38476190476190475
0.3604761904761905
0.3342857142857143
0.35904761904761906
0.39285714285714285
0.35333333333333333
0.3866666666666667
0.4028571428571429
0.44095238095238093
0.43238095238095237
0.42523809523809525
0.42142857142857143
0.4080952380952381
0.48571428571428565
0.4714285714285714
0.5171428571428572
0.4742857142857143
0.4271428571428571
0.42952380952380953
0.4519047619047619
0.4785714285714286
0.4695238095238095
0.5780952380952381
0.5752380952380952
0.44904761904761903
0.5119047619047619
0.5857142857142857
0.6261904761904762
0.6204761904761905
0.6814285714285715
0.6599999999999999
0.6076190476190476
0.6819047619047619
0.7223809523809523
0.679047619047619
0.6971428571428572
0.6952380952380952
0.7161904761904763
0.6414285714285715
0.729047619047619
0.7661904761904762
0.7757142857142857
0.79
0.8400000000000001
0.8333333333333334
0.930952380952381
0.9047619047619048
0.8809523809523809
0.8571428571428571
0.9028571428571429
0.9066666666666666
0.8533333333333334
0.9557142857142857
1.0333333333333332
1.0371428571428571
0.9928571428571429
1.0295238095238095
0.9938095238095238
1.1095238095238096
1.0395238095238095
1.0647619047619048
1.1452380952380952
1.1476190476190478
1.1723809523809525
1.2138095238095237
1.1361904761904762
1.2923809523809524
1.3309523809523809
1.3747619047619046
1.2352380952380952
1.2857142857142858
1.4038095238095238
1.4766666666666668
1.428095238095238
1.5019047619047619
1.4547619047619047
1.58
1.5204761904761905
1.5104761904761905
1.500952380952381
1.510952380952381
1.658095238095238
1.7623809523809524
1.7080952380952379
1.682857142857143
1.793809523809524
1.8142857142857143
1.7671428571428571
1.65
1.8514285714285716
1.7385714285714284
1.7676190476190474
1.7733333333333334
1.8533333333333335
1.8823809523809525
2.027142857142857
1.9242857142857142
2.1357142857142857
2.132857142857143
2.2514285714285713
2.1923809523809523
2.0095238095238095
2.0414285714285714
2.1938095238095237
2.220952380952381
2.2185714285714284
2.1876190476190476
2.2147619047619047
2.2523809523809524
2.310952380952381
2.29
2.2157142857142857
2.109047619047619
2.117142857142857
2.150952380952381
2.2147619047619047
2.1561904761904764
2.3847619047619046
2.4047619047619047
2.5385714285714287
2.6195238095238094
2.587619047619048
2.5571428571428574
2.248095238095238
2.42
2.3995238095238096
2.71
2.8157142857142854
2.6833333333333336
2.525714285714286
2.6085714285714285
2.355714285714286
2.521904761904762
2.3261904761904764
2.6723809523809523
2.604285714285714
2.7514285714285713
2.697142857142857
2.7252380952380952
2.4233333333333333
2.2871428571428574
2.4747619047619045
2.4899999999999998
2.606190476190476
2.6785714285714284
2.5504761904761906
2.5638095238095238
2.839047619047619
2.640952380952381
2.539047619047619
2.664761904761905
2.5638095238095238
2.6147619047619046
2.8714285714285714
2.5304761904761905
2.669047619047619
2.6514285714285712
2.371904761904762
2.48
2.4614285714285713
2.531904761904762
2.4923809523809526
2.5904761904761906
2.3790476190476193
2.4395238095238096
2.5828571428571427
2.7814285714285716
2.559047619047619
2.69
2.545714285714286
2.6295238095238096
2.6533333333333333
2.69
2.7399999999999998
2.540952380952381
2.6661904761904758
2.4376190476190476
2.400952380952381
2.4976190476190476
2.6009523809523807
2.4904761904761905
2.550952380952381
2.5766666666666667
2.4014285714285712
2.5504761904761906
2.2214285714285715
2.238095238095238
2.4285714285714284
2.2061904761904763
2.1566666666666667
2.340952380952381
2.420952380952381
2.217619047619048
2.376190476190476
2.184761904761905
2.151904761904762
2.2919047619047617
2.2266666666666666
1.9576190476190476
2.0161904761904763
2.012857142857143
1.941904761904762
1.8857142857142857
2.103809523809524
2.1033333333333335
2.0747619047619046
1.8185714285714285
1.9966666666666666
1.92
1.917142857142857
2.09952380952381
1.799047619047619
1.893809523809524
1.73
1.83
1.813809523809524
1.7604761904761905
1.8247619047619048
1.6761904761904762
1.7142857142857142
1.572857142857143
1.6047619047619048
1.5614285714285714
1.6904761904761905
1.4995238095238097
1.5142857142857142
1.606190476190476
1.5023809523809524
1.5309523809523808
1.5533333333333332
1.3747619047619049
1.430952380952381
1.4914285714285715
1.3933333333333333
1.341904761904762
1.2852380952380953
1.260952380952381
1.2376190476190476
1.2414285714285715
1.227142857142857
1.2380952380952381
1.2604761904761905
1.1623809523809523
1.2252380952380952
1.0319047619047619
1.0395238095238095
0.9514285714285714
1.0166666666666668
0.9847619047619047
0.9480952380952381
1.0525
0.9414999999999999
0.977
1.003
0.942
0.96
0.89
0.8195
0.874
0.901
0.763
0.674
0.597
0.6224999999999999
0.637
0.622
0.68
0.7
0.654
0.6355000000000001
0.5855
0.576
0.5495
0.595
0.7224999999999999
0.6795
0.6785
0.6345
0.5465
0.5894999999999999
0.5810000000000001
0.47400000000000003
0.46699999999999997
0.503
0.457
0.472
0.4465
0.469
0.442
0.44349999999999995
0.3625
0.5005
0.40549999999999997
0.40499999999999997
0.353
0.23850000000000002
0.3047619047619048
0.33714285714285713
0.310952380952381
0.2723809523809524
0.3514285714285714
0.32571428571428573
0.2561904761904762
0.2947619047619048
0.31952380952380954
0.34285714285714286
0.3080952380952381
0.3280952380952381
0.28619047619047616
0.2519047619047619
0.3261904761904762
0.3128571428571429
0.2857142857142857
0.31333333333333335
0.2519047619047619
0.33476190476190476
0.30047619047619045
0.390952380952381
0.3057142857142857
0.31238095238095237
0.3166666666666667
0.22666666666666666
0.20285714285714285
0.2466666666666667
0.28904761904761905
0.2876190476190476
0.30666666666666664
0.2542857142857143
0.1919047619047619
0.2
0.21857142857142856
0.25666666666666665
0.21952380952380954
0.2119047619047619
0.3566666666666667
0.2719047619047619
0.2342857142857143
0.23761904761904762
0.21857142857142856
0.25476190476190474
0.22952380952380955
0.27380952380952384
