pet
0.3195
0.3205
0.33449999999999996
0.21749999999999997
0.1605
0.185
0.21749999999999997
0.2555
0.21950000000000003
0.19849999999999998
0.301
0.324
0.2875
0.341
0.154
0.22000000000000003
0.316
0.23199999999999998
0.2995
0.225
0.29900000000000004
0.335
0.298
0.2985
0.22549999999999998
0.28
0.252
0.223
0.2015
0.34550000000000003
0.3315
0.3485
0.3395
0.3185
0.37
0.38449999999999995
0.40700000000000003
0.4305
0.4
0.3615
0.379
0.4
0.386
0.42750000000000005
0.429
0.42300000000000004
0.40099999999999997
0.3415
0.3755
0.47850000000000004
0.4585
0.4465
0.49400000000000005
0.4665
0.4645
0.47000000000000003
0.48149999999999993
0.5255
0.614
0.6265000000000001
0.6455
0.7255
0.7645
0.6845
0.7095
0.6955
0.6915
0.733
0.7005
0.6875
0.8554999999999999
0.7929999999999999
0.7035
0.8545
0.8154999999999999
0.884
0.901
0.8949999999999999
0.907
0.9349999999999999
0.9109999999999999
0.99
1.1465
1.115
1.0230000000000001
1.145
1.109
1.2105000000000001
1.059
1.053
1.066
1.2045
1.113
1.247
1.204
1.244
1.208
1.158
1.1965
1.366
1.2685
1.4485
1.5215
1.7215
1.6315000000000002
1.591
1.6620000000000001
1.4285
1.4745
1.686
1.6135000000000002
1.4985
1.761
1.827
1.7175
1.9204999999999999
1.9579999999999997
1.81
1.7734999999999999
1.862
1.9895
1.9745000000000001
2.036
2.126
1.9600000000000002
2.112
1.98
2.1085000000000003
2.1725
1.9235
2.207
2.1905
2.291
2.4395
2.225
2.3555
2.1565
2.255
2.412
2.3355
2.211
2.4165
2.2925
2.5705
2.423
2.3914999999999997
2.4364999999999997
2.5565
2.456
2.535
2.3695
2.543
2.3005
2.527
2.543
2.4135
2.133
2.4735
2.5629999999999997
2.3920000000000003
2.4265
2.1585
2.368
2.369
2.667
2.6495
2.451
2.3895
2.5985
2.7315
2.8665
2.4645
2.7039999999999997
2.4524999999999997
2.4655
2.43
2.6585
2.807
2.821
2.9595
2.707
2.4259999999999997
2.5585
2.7905
2.7425
2.8055
2.9195
2.754
2.617
2.7359999999999998
2.5315000000000003
2.6945
2.6055
2.5855
2.494
2.3625
2.5405
2.4364999999999997
2.4215
2.5149999999999997
2.5285
2.507
2.4145
2.456
2.3739999999999997
2.659
2.5545
2.4690000000000003
2.256
2.556
2.4050000000000002
2.237
2.4325
2.369
2.3434999999999997
2.193
2.2765
2.059
1.9285
2.001
2.132
2.259
2.103
2.08
2.0330000000000004
1.9449999999999998
1.9599999999999997
2.213
2.1355
1.909
1.92
2.0435
2.1395
2.0509999999999997
1.859
1.909
1.8344999999999998
1.8780000000000001
1.8715
1.7945
1.6535
1.7125
1.6300000000000001
1.675
1.7285
1.5585
1.575
1.627
1.561
1.3279999999999998
1.386
1.3675000000000002
1.3800000000000001
1.3805
1.2945
1.436
1.337
1.2125
1.2550000000000001
1.261
1.2875
1.278
1.187
1.105
1.074
1.0025
1.053
0.9824999999999999
0.8554999999999999
0.931
0.8275
0.9185000000000001
0.869
0.8865000000000001
0.777
0.775
0.9105000000000001
0.765
0.7695000000000001
0.889
0.8710000000000001
0.6745
0.752
0.754
0.607
0.5805
0.5940000000000001
0.44800000000000006
0.5165
0.6905
0.579
0.598
0.43499999999999994
0.496
0.5055
0.49450000000000005
0.429
0.453
0.3605
0.3725
0.292
0.43099999999999994
0.39899999999999997
0.4095
0.381
0.399
0.304
0.366
0.3055
0.4025
0.23000000000000004
0.314
0.33799999999999997
0.306
0.3305
0.363
0.354
0.2545
0.352
0.20157894736842105
0.27210526315789474
0.2421052631578947
0.3257894736842105
0.3
0.17894736842105263
0.27578947368421053
0.24263157894736845
0.32
0.2694736842105263
0.21263157894736842
0.2036842105263158
0.23105263157894734
0.2542105263157895
0.2094736842105263
0.1831578947368421
0.1857894736842105
0.2210526315789474
0.3257894736842106
0.13842105263157894
0.21736842105263157
0.3078947368421052
0.1431578947368421
0.17473684210526316
0.14473684210526316
0.17157894736842105
0.2094736842105263
0.09263157894736843
0.12473684210526316
0.16578947368421051
0.2405263157894737
0.18
0.248421052631579
0.23894736842105263
0.24684210526315792
0.10631578947368421
0.11421052631578947
0.1794736842105263
0.18842105263157896
0.2
0.1863157894736842
0.16789473684210526
0.19789473684210526
0.16631578947368422
0.3026315789473684
0.2157894736842105
