pet
0.32869565217391306
0.35000000000000003
0.4491304347826087
0.3104347826086956
0.23782608695652172
0.2756521739130435
0.22782608695652176
0.3821739130434783
0.33217391304347826
0.27956521739130435
0.4017391304347826
0.3734782608695652
0.3752173913043478
0.3782608695652174
0.2891304347826087
0.2691304347826087
0.2717391304347826
0.34130434782608693
0.43130434782608695
0.3595652173913043
0.33
0.3095652173913043
0.331304347826087
0.3604347826086956
0.3269565217391304
0.22260869565217392
0.32652173913043475
0.24521739130434786
0.3282608695652174
0.29608695652173916
0.4339130434782609
0.3826086956521739
0.4186956521739131
0.4043478260869566
0.39
0.43434782608695655
0.3965217391304348
0.44130434782608696
0.4817391304347826
0.3343478260869565
0.4673913043478261
0.4773913043478261
0.4078260869565218
0.43869565217391304
0.48217391304347823
0.42434782608695654
0.44565217391304346
0.44608695652173913
0.4404347826086957
0.4804347826086957
0.48434782608695653
0.5739130434782609
0.6208695652173912
0.5321739130434783
0.551304347826087
0.5304347826086956
0.5252173913043479
0.5891304347826087
0.6608695652173913
0.6269565217391304
0.6552173913043479
0.6630434782608695
0.7756521739130434
0.6321739130434783
0.6460869565217391
0.7078260869565218
0.7017391304347826
0.7491304347826088
0.7130434782608697
0.7595652173913043
0.7852173913043478
0.8178260869565217
0.7430434782608696
0.8921739130434783
0.82
0.8747826086956522
0.9586956521739131
0.8873913043478261
0.9504347826086956
1.0147826086956522
0.9626086956521739
0.946086956521739
1.1756521739130434
0.9952173913043478
0.9878260869565217
1.095217391304348
1.152608695652174
1.1791304347826088
1.1004347826086955
1.0508695652173914
1.0909090909090908
1.2127272727272727
1.3109090909090908
1.2586363636363638
1.304090909090909
1.264090909090909
1.3413636363636365
1.389090909090909
1.3127272727272727
1.309090909090909
1.1645454545454546
1.3704545454545454
1.4354545454545453
1.6122727272727273
1.5568181818181819
1.5395454545454543
1.665
1.471818181818182
1.5336363636363637
1.6836363636363636
1.6695454545454544
1.535
1.820909090909091
1.814090909090909
1.88
1.9745454545454544
1.9604545454545457
1.7063636363636363
1.660909090909091
1.7127272727272727
2.028181818181818
1.9968181818181818
1.93
2.0104545454545457
2.0304545454545457
2.035
1.8709090909090909
1.9545454545454546
1.8790909090909091
1.9704545454545455
2.1559090909090908
2.0177272727272726
2.351363636363636
2.4077272727272727
2.4422727272727274
2.505
2.3513636363636365
2.2036363636363636
2.5322727272727272
2.4068181818181817
2.4036363636363633
2.3440909090909092
2.209090909090909
2.4172727272727275
2.599090909090909
2.445909090909091
2.494090909090909
2.507727272727273
2.4436363636363634
2.528181818181818
2.3104545454545455
2.5727272727272728
2.3995454545454544
2.5854545454545454
2.602272727272727
2.247727272727273
2.296818181818182
2.399090909090909
2.416818181818182
2.4186363636363635
2.4681818181818183
2.234090909090909
2.3877272727272727
2.305454545454545
2.5504545454545453
2.5936363636363637
2.440909090909091
2.3427272727272728
2.4477272727272728
2.588636363636364
2.6609090909090907
2.4872727272727273
2.6131818181818183
2.291818181818182
2.39
2.3459090909090907
2.49
2.5736363636363637
2.4754545454545456
2.6259090909090905
2.553181818181818
2.1254545454545455
2.540909090909091
2.450454545454545
2.434090909090909
2.777272727272727
2.9909090909090907
2.6186363636363637
2.437272727272727
2.5822727272727275
2.313181818181818
2.5786363636363636
2.411363636363636
2.236818181818182
2.432272727272727
2.0836363636363635
2.5095454545454547
2.250909090909091
2.400909090909091
2.255
2.4645454545454544
2.575454545454545
2.26
2.148636363636364
2.1631818181818185
2.262272727272727
2.1999999999999997
2.2195454545454543
2.1077272727272724
2.367272727272727
2.254090909090909
2.0481818181818183
2.1886363636363635
2.0404545454545455
2.0786363636363636
2.026818181818182
1.9968181818181818
1.835909090909091
1.8418181818181816
1.8927272727272728
2.101818181818182
1.985
1.9859090909090908
1.9368181818181818
1.7895454545454543
1.8340909090909092
1.8213636363636363
2.049545454545455
2.036363636363636
1.8754545454545453
1.679090909090909
1.7840909090909092
1.9222727272727271
1.9854545454545454
1.7113636363636362
1.7836363636363637
1.747272727272727
1.7631818181818182
1.7163636363636363
1.5949999999999998
1.5527272727272725
1.5340909090909092
1.4968181818181818
1.721818181818182
1.5813636363636363
1.4913636363636364
1.478181818181818
1.5572727272727271
1.4672727272727273
1.1695454545454547
1.389090909090909
1.294090909090909
1.4113636363636364
1.3772727272727272
1.374090909090909
1.2531818181818182
1.2177272727272728
1.2268181818181818
1.0931818181818183
1.1831818181818183
1.2750000000000001
1.2413636363636362
1.0877272727272727
1.1172727272727274
0.9890909090909091
0.9963636363636365
1.0572727272727271
0.9936363636363637
0.9104545454545455
0.8168181818181818
0.7818181818181817
0.8636363636363636
0.9068181818181817
0.9769565217391304
0.9452173913043479
0.9534782608695652
0.751304347826087
0.8152173913043478
0.831304347826087
0.8960869565217391
0.8569565217391305
0.6421739130434783
0.85
0.7760869565217392
0.658695652173913
0.6591304347826087
0.6269565217391304
0.5169565217391304
0.5830434782608696
0.6865217391304348
0.6234782608695653
0.731304347826087
0.661304347826087
0.6456521739130434
0.6269565217391304
0.5856521739130435
0.45913043478260873
0.5195652173913043
0.5117391304347826
0.5847826086956521
0.5143478260869565
0.5717391304347826
0.43956521739130433
0.5404347826086956
0.4921739130434783
0.5560869565217391
0.3717391304347826
0.44869565217391305
0.4360869565217391
0.5747826086956521
0.3769565217391304
0.42478260869565215
0.5
0.43521739130434783
0.5595652173913044
0.48130434782608694
0.5304347826086956
0.28521739130434787
0.43217391304347824
0.3139130434782609
0.3739130434782609
0.30347826086956525
0.41173913043478266
0.41130434782608694
0.26869565217391306
0.31478260869565217
0.30043478260869566
0.4795652173913044
0.30434782608695654
0.2886956521739131
0.2408695652173913
0.2891304347826087
0.3426086956521739
0.28521739130434787
0.28782608695652173
0.2534782608695652
0.32217391304347825
0.3673913043478261
0.32
0.391304347826087
0.3426086956521739
0.11565217391304349
0.15434782608695652
0.23478260869565218
0.25565217391304346
0.2882608695652174
0.3969565217391305
0.20652173913043478
0.2708695652173913
0.3382608695652174
0.28652173913043477
0.2939130434782609
0.31130434782608696
0.3060869565217391
0.23478260869565218
0.2639130434782609
0.29434782608695653
0.3139130434782609
0.348695652173913
0.20608695652173914
0.34695652173913044
0.3630434782608695
0.23173913043478261
0.36869565217391304
0.2482608695652174
