pet
0.33217391304347826
0.3208695652173913
0.40391304347826085
0.28130434782608693
0.2165217391304348
0.26304347826086955
0.20043478260869566
0.36
0.3073913043478261
0.2617391304347826
0.3721739130434783
0.3495652173913043
0.3526086956521739
0.3547826086956522
0.25478260869565217
0.2669565217391304
0.2708695652173913
0.3134782608695652
0.4026086956521739
0.33869565217391306
0.3
0.2856521739130435
0.3065217391304348
0.3269565217391304
0.30043478260869566
0.21478260869565216
0.29304347826086957
0.22695652173913042
0.3017391304347826
0.2634782608695652
0.3952173913043478
0.3647826086956522
0.39565217391304347
0.3804347826086957
0.3878260869565217
0.4126086956521739
0.3734782608695652
0.41304347826086957
0.43956521739130433
0.3130434782608696
0.42782608695652175
0.43956521739130433
0.3826086956521739
0.41173913043478266
0.4491304347826087
0.3808695652173913
0.3965217391304348
0.41173913043478266
0.4017391304347826
0.43913043478260866
0.45173913043478264
0.5486956521739131
0.5965217391304348
0.4969565217391304
0.5213043478260869
0.4960869565217391
0.4986956521739131
0.5521739130434782
0.6191304347826087
0.6091304347826086
0.6308695652173913
0.6408695652173914
0.7530434782608696
0.6304347826086957
0.6417391304347826
0.691304347826087
0.6921739130434783
0.7278260869565218
0.6904347826086956
0.7378260869565217
0.7569565217391304
0.7969565217391303
0.7221739130434782
0.8660869565217392
0.7878260869565218
0.8434782608695651
0.9417391304347826
0.8582608695652173
0.9247826086956522
0.9839130434782608
0.9334782608695652
0.9304347826086956
1.137391304347826
0.9691304347826086
0.9634782608695652
1.076086956521739
1.1217391304347826
1.17
1.0756521739130436
1.0330434782608697
1.0513636363636365
1.1863636363636365
1.2404545454545455
1.184090909090909
1.2395454545454545
1.2027272727272729
1.2822727272727272
1.3168181818181817
1.261818181818182
1.2768181818181819
1.1563636363636365
1.3513636363636363
1.3909090909090909
1.57
1.54
1.500909090909091
1.6113636363636366
1.4568181818181818
1.515
1.6586363636363637
1.6127272727272726
1.49
1.7536363636363637
1.7481818181818183
1.79
1.8981818181818182
1.8818181818181818
1.6631818181818183
1.6572727272727272
1.6663636363636363
1.986363636363636
1.9377272727272727
1.8595454545454544
1.9309090909090907
1.9427272727272729
1.9745454545454544
1.8204545454545453
1.9245454545454548
1.8550000000000002
1.9231818181818183
2.1213636363636366
1.975
2.2927272727272725
2.3531818181818185
2.4145454545454546
2.4250000000000003
2.299545454545455
2.162272727272727
2.4345454545454546
2.3395454545454544
2.338636363636364
2.2922727272727275
2.145909090909091
2.355909090909091
2.557272727272727
2.405
2.4359090909090906
2.4422727272727274
2.389090909090909
2.4913636363636367
2.250909090909091
2.5345454545454547
2.3431818181818183
2.5504545454545453
2.5245454545454544
2.2386363636363638
2.2459090909090906
2.338181818181818
2.3754545454545455
2.37
2.416363636363636
2.2172727272727273
2.3354545454545454
2.2668181818181816
2.519090909090909
2.5568181818181817
2.4131818181818185
2.3086363636363636
2.4186363636363635
2.557727272727273
2.617272727272727
2.4463636363636363
2.5636363636363635
2.252272727272727
2.3504545454545456
2.3536363636363635
2.4568181818181816
2.557272727272727
2.4672727272727273
2.624090909090909
2.5613636363636365
2.122727272727273
2.5272727272727273
2.3995454545454544
2.395909090909091
2.7195454545454543
2.92
2.588636363636364
2.445
2.5690909090909093
2.3163636363636364
2.5609090909090906
2.4004545454545454
2.225
2.4040909090909093
2.088636363636364
2.4572727272727275
2.233636363636364
2.3718181818181816
2.24
2.4477272727272728
2.5527272727272727
2.2095454545454545
2.1254545454545455
2.1377272727272727
2.2581818181818183
2.175909090909091
2.2063636363636365
2.1186363636363637
2.3459090909090907
2.2254545454545456
2.026818181818182
2.1772727272727272
2.02
2.06
2.0222727272727274
1.985
1.8245454545454545
1.804090909090909
1.8695454545454546
2.0822727272727275
1.9672727272727273
1.997272727272727
1.8877272727272727
1.7618181818181817
1.8245454545454545
1.8086363636363636
2.023636363636364
1.9886363636363635
1.8281818181818181
1.6618181818181819
1.7727272727272727
1.93
1.9363636363636365
1.6922727272727272
1.7345454545454544
1.7090909090909092
1.7036363636363634
1.6754545454545455
1.5690909090909093
1.5236363636363635
1.4913636363636364
1.4763636363636363
1.695
1.5531818181818182
1.4545454545454546
1.4663636363636363
1.5336363636363637
1.435
1.1627272727272726
1.3418181818181818
1.2631818181818182
1.3772727272727272
1.3363636363636362
1.3268181818181817
1.2272727272727273
1.1986363636363637
1.1981818181818182
1.0722727272727273
1.1677272727272727
1.2481818181818183
1.2145454545454546
1.085909090909091
1.1236363636363635
0.9745454545454546
0.9550000000000001
1.011818181818182
0.9404545454545455
0.8681818181818183
0.7986363636363637
0.7559090909090909
0.8213636363636364
0.8754545454545455
0.9395652173913043
0.9134782608695653
0.9008695652173913
0.7373913043478261
0.7795652173913044
0.7943478260869565
0.8404347826086955
0.8047826086956522
0.6239130434782608
0.8095652173913044
0.7352173913043478
0.6256521739130435
0.5978260869565217
0.5634782608695652
0.4791304347826087
0.5313043478260869
0.6326086956521739
0.5839130434782609
0.6960869565217392
0.6130434782608696
0.6156521739130435
0.5721739130434783
0.5413043478260869
0.43869565217391304
0.49086956521739133
0.48782608695652174
0.5482608695652174
0.45739130434782604
0.5295652173913044
0.41695652173913045
0.5021739130434782
0.45739130434782604
0.5104347826086957
0.3352173913043478
0.40608695652173915
0.3965217391304348
0.53
0.3317391304347826
0.3734782608695652
0.44217391304347825
0.42043478260869566
0.5208695652173914
0.4426086956521739
0.4782608695652174
0.2539130434782609
0.40217391304347827
0.29130434782608694
0.34391304347826085
0.27217391304347827
0.378695652173913
0.3843478260869565
0.23217391304347826
0.29130434782608694
0.29304347826086957
0.44652173913043475
0.28695652173913044
0.26217391304347826
0.2252173913043478
0.2634782608695652
0.3034782608695652
0.26217391304347826
0.2652173913043478
0.24695652173913044
0.2952173913043478
0.34391304347826085
0.3026086956521739
0.36434782608695654
0.31
0.11043478260869566
0.13695652173913042
0.21043478260869564
0.21869565217391304
0.27304347826086955
0.3743478260869565
0.1808695652173913
0.25521739130434784
0.2965217391304348
0.2530434782608696
0.2652173913043478
0.28043478260869564
0.29695652173913045
0.22608695652173913
0.23956521739130435
0.2808695652173913
0.288695652173913
0.31956521739130433
0.20043478260869566
0.32521739130434785
0.3473913043478261
0.21391304347826087
0.348695652173913
0.22956521739130437
