temperature
4.527391304347826
4.5578260869565215
4.525652173913044
4.7873913043478264
5.154782608695652
5.4656521739130435
4.506521739130435
4.926521739130435
5.075652173913043
4.6726086956521735
4.4226086956521735
3.5252173913043476
3.3313043478260873
3.5652173913043477
4.21
4.401304347826087
3.9778260869565214
3.511304347826087
4.1673913043478255
4.578260869565217
4.953913043478261
5.0426086956521745
5.379130434782609
5.0373913043478264
4.655217391304348
4.468695652173913
4.590434782608695
4.741739130434783
4.400869565217391
3.756086956521739
3.607391304347826
4.21304347826087
4.517826086956521
4.742173913043478
4.609565217391304
5.146521739130435
5.453913043478261
5.358260869565217
4.762173913043478
4.28
3.6495652173913045
3.651304347826087
4.004782608695652
3.7717391304347827
3.1295652173913044
2.853913043478261
2.8813043478260867
3.4213043478260867
3.598695652173913
3.7086956521739136
3.888260869565217
4.379565217391304
4.658695652173913
4.896521739130435
4.673913043478261
3.6891304347826086
4.220434782608696
4.77
4.955217391304347
5.321739130434782
5.556956521739131
5.435652173913043
5.273478260869566
5.142608695652174
5.491304347826087
6.055652173913043
5.65695652173913
5.879130434782609
6.091739130434783
6.363913043478261
5.879130434782609
6.076086956521739
5.975217391304348
6.2043478260869565
5.83
6.27695652173913
6.103478260869565
6.283913043478261
6.065217391304348
6.18304347826087
6.477826086956522
6.154782608695652
6.436521739130434
6.858260869565218
6.511739130434783
6.916086956521739
6.664347826086956
6.5208695652173905
6.926521739130435
6.830869565217392
7.242727272727273
7.368181818181818
6.395909090909091
6.149090909090909
6.209090909090909
6.376818181818181
7.042727272727273
7.1036363636363635
6.970909090909092
7.232727272727273
7.555454545454546
7.963181818181818
8.132727272727273
8.138636363636364
8.272727272727273
8.659545454545453
8.008636363636363
7.850454545454546
8.72409090909091
8.508636363636363
8.432272727272727
9.306818181818182
9.24
8.711363636363636
8.616363636363637
8.229090909090909
8.638181818181819
8.56
8.612272727272726
8.705
9.277727272727274
8.995454545454546
9.399090909090908
9.564545454545454
9.748181818181818
10.075454545454546
9.982272727272727
10.467272727272727
10.315
10.272727272727273
10.742272727272727
10.652272727272727
11.115909090909092
11.328636363636365
11.340454545454547
11.041818181818181
11.490454545454547
11.600909090909092
11.77909090909091
12.4
12.114545454545453
11.916363636363638
12.168636363636363
12.298181818181819
12.714545454545453
12.633636363636363
12.652727272727274
12.011363636363637
12.290454545454544
12.427272727272726
12.527727272727274
12.601818181818182
12.801363636363636
13.205
12.799090909090909
12.797272727272729
12.786363636363637
12.81
13.067727272727273
13.572272727272729
13.078181818181816
13.383636363636363
13.51909090909091
13.4
13.963636363636363
13.97409090909091
14.098636363636365
14.08
13.698636363636364
14.40227272727273
14.628636363636362
14.608636363636363
14.818181818181818
14.538636363636364
14.569545454545453
14.824545454545454
15.104545454545455
15.00090909090909
14.846363636363636
15.084545454545456
15.357727272727272
15.18590909090909
15.413636363636364
15.392272727272728
16.11090909090909
16.952727272727273
16.647727272727273
16.525909090909092
16.64409090909091
16.49681818181818
16.44363636363636
16.46818181818182
16.43409090909091
16.69
16.33590909090909
16.646818181818183
16.154999999999998
15.760909090909092
16.046363636363637
16.098181818181818
16.730454545454545
16.458636363636366
16.206818181818182
16.144545454545455
16.032727272727275
16.18136363636364
16.698636363636364
16.66181818181818
16.951818181818183
16.941363636363636
17.085
16.916818181818183
16.33681818181818
16.291818181818183
16.802272727272726
16.174545454545456
16.15818181818182
16.001363636363635
15.943181818181818
16.117727272727272
16.512727272727275
16.40772727272727
16.12272727272727
16.274545454545457
16.273636363636363
16.658636363636365
16.978636363636365
16.34409090909091
15.978636363636362
15.858636363636363
16.083636363636362
16.37409090909091
16.36090909090909
16.45909090909091
15.485000000000001
15.781818181818181
15.859090909090908
16.024090909090912
15.788181818181817
15.72409090909091
15.57318181818182
15.286818181818182
15.12590909090909
15.24409090909091
15.034545454545453
14.850454545454545
14.487272727272726
14.615000000000002
14.387272727272727
14.595454545454546
14.73090909090909
14.760909090909092
14.445454545454545
13.963636363636363
14.092272727272727
13.73090909090909
13.187272727272727
13.842727272727274
13.750454545454545
13.993636363636364
13.689545454545454
13.56590909090909
13.202727272727271
13.396363636363638
12.892727272727273
13.158181818181818
13.043181818181818
13.207727272727272
12.793636363636363
12.92818181818182
12.80818181818182
12.611363636363636
12.717727272727274
12.552608695652173
12.04304347826087
12.182608695652174
12.283478260869565
12.049565217391304
11.524347826086956
11.597391304347827
11.037826086956523
11.750434782608695
11.80782608695652
11.212608695652174
11.09695652173913
10.783913043478261
10.325652173913044
10.641739130434782
10.101304347826087
9.791739130434783
10.22
10.660434782608695
10.072173913043478
9.868260869565217
9.492608695652173
9.468695652173913
9.72304347826087
9.632608695652175
10.128260869565217
9.910434782608695
9.478260869565217
9.020434782608696
9.36217391304348
9.821739130434782
9.785652173913043
9.73695652173913
8.908260869565217
8.12304347826087
7.8213043478260875
7.593913043478261
8.520434782608696
8.891739130434782
8.389130434782608
8.296956521739132
8.44086956521739
7.3191304347826085
6.7956521739130435
6.601304347826088
6.703043478260869
6.727391304347826
6.916086956521739
7.551304347826087
7.056956521739131
6.265217391304348
6.081304347826087
6.224347826086956
6.634347826086957
6.757391304347827
6.4195652173913045
5.8478260869565215
5.634782608695652
5.333913043478261
4.9513043478260865
5.1982608695652175
5.822173913043478
5.88304347826087
6.273913043478261
6.171304347826087
6.211304347826087
5.941739130434782
6.286521739130435
5.389130434782609
4.832173913043478
4.485652173913044
5.0886956521739135
5.245217391304348
5.187826086956521
5.674347826086956
6.070434782608696
5.6091304347826085
5.791304347826086
5.481739130434782
5.189565217391304
5.517826086956521
6.223478260869564
5.479130434782609
5.851304347826088
5.92695652173913
5.719130434782608
5.718260869565218
5.7730434782608695
5.255217391304348
5.376956521739131
4.565652173913044
4.311304347826087
