temperature
5.379090909090909
4.6881818181818184
4.571363636363636
4.61
5.242272727272727
5.028636363636363
5.077727272727272
5.391363636363637
5.005909090909091
5.344545454545455
5.365454545454546
5.8131818181818184
6.275454545454545
5.27
5.994090909090909
5.356363636363636
5.294090909090909
5.365909090909091
5.8945454545454545
5.276818181818182
5.055000000000001
4.915
4.858636363636363
4.391363636363637
4.586363636363637
4.319545454545454
4.168636363636364
4.507272727272727
4.691818181818181
4.383636363636364
4.322272727272727
4.457727272727272
4.222727272727273
4.414545454545455
5.778181818181818
5.659545454545454
5.527272727272727
4.884545454545455
4.535454545454545
4.376818181818182
5.007727272727273
5.440454545454545
5.916363636363636
5.119545454545454
4.448181818181818
4.932727272727273
5.27
5.092272727272728
5.170909090909091
4.9772727272727275
4.5204545454545455
4.925454545454546
5.054090909090909
5.539090909090909
5.994090909090909
5.885
5.8554545454545455
5.713181818181818
5.549545454545455
5.482727272727273
5.0204545454545455
4.975454545454546
5.031363636363636
5.141818181818182
5.724545454545455
6.633636363636364
6.855
6.895454545454545
6.625454545454545
6.48590909090909
6.377727272727273
6.156363636363636
6.234545454545454
7.362272727272727
7.468181818181818
7.570909090909091
7.1059090909090905
6.326363636363637
6.359545454545454
6.635909090909092
6.964545454545455
7.166363636363636
7.376363636363636
7.558636363636364
7.266818181818182
7.075454545454545
7.219090909090909
7.856363636363636
8.224545454545455
8.558636363636364
8.67
8.767391304347827
8.364782608695652
8.245217391304347
7.996086956521739
8.668695652173913
7.498260869565217
7.618695652173913
7.843913043478261
8.48695652173913
8.324782608695653
8.026521739130436
8.042173913043479
8.468260869565217
8.714347826086957
8.792173913043479
9.04782608695652
8.72913043478261
8.284782608695652
8.881739130434783
9.756086956521738
10.349565217391303
10.658695652173913
10.780434782608696
10.932608695652174
10.660869565217391
10.785652173913043
10.859565217391305
10.747391304347826
10.882173913043477
11.05304347826087
11.008695652173913
10.89913043478261
10.573478260869566
10.9
11.13304347826087
11.465217391304348
11.493478260869566
11.556521739130435
12.165217391304349
12.300869565217392
11.778695652173914
11.555217391304348
11.606521739130434
11.597826086956522
12.133478260869564
12.0
11.862173913043478
12.155217391304348
12.333478260869565
12.273913043478261
12.373478260869565
12.960869565217392
13.288695652173912
13.244347826086956
13.061739130434784
12.82217391304348
12.803478260869566
12.98391304347826
13.48913043478261
13.76608695652174
13.854347826086956
14.534782608695652
14.091739130434783
13.669130434782607
14.050869565217392
14.317391304347826
14.583043478260867
14.410434782608695
14.629565217391304
14.590434782608694
14.298695652173913
14.436521739130432
14.55782608695652
14.900434782608695
14.726086956521739
15.208695652173914
15.613913043478261
15.701739130434783
15.829999999999998
15.697391304347827
15.229130434782608
15.05391304347826
15.389565217391304
15.584347826086956
15.742173913043478
15.997826086956522
16.28391304347826
16.26695652173913
16.61913043478261
16.45304347826087
16.663478260869564
16.61173913043478
16.69086956521739
16.70782608695652
16.23695652173913
16.265652173913043
16.320434782608697
16.31869565217391
16.63086956521739
16.609565217391303
16.704782608695652
16.48217391304348
16.421739130434784
17.062608695652173
17.37217391304348
17.448695652173914
17.038695652173914
17.093478260869563
17.69782608695652
17.55913043478261
17.389130434782608
17.167826086956524
17.616521739130434
17.84913043478261
17.73608695652174
17.585652173913044
18.07608695652174
18.18913043478261
18.038260869565217
17.639130434782608
17.534782608695654
17.93521739130435
17.788695652173914
17.76478260869565
17.63478260869565
18.07913043478261
18.026521739130434
17.943478260869565
17.662608695652175
17.827391304347827
17.66913043478261
17.938695652173912
17.52130434782609
16.995217391304347
16.936521739130434
17.423478260869565
17.090434782608696
17.062173913043477
17.34521739130435
17.45782608695652
17.397391304347824
17.186086956521738
17.09565217391304
16.855652173913043
16.218695652173913
16.3
16.68608695652174
15.958260869565219
15.397391304347826
15.411739130434782
15.799130434782608
15.915217391304349
15.490434782608697
15.70304347826087
16.018260869565218
15.776521739130436
15.764347826086956
15.86
15.619130434782608
15.508260869565218
15.425217391304349
15.432608695652174
15.559565217391304
15.28391304347826
14.334347826086956
14.16391304347826
13.857391304347827
13.971304347826086
13.506086956521738
13.941739130434783
14.379130434782608
14.404347826086957
14.32217391304348
14.044347826086955
13.851739130434781
13.709999999999999
13.222173913043479
13.347391304347827
13.726956521739131
13.816956521739131
13.813478260869564
14.099130434782607
14.238181818181818
13.35409090909091
12.911818181818182
12.342727272727274
11.97272727272727
12.611363636363636
11.815454545454545
12.822272727272725
13.050454545454546
12.923181818181819
12.702272727272726
12.046363636363635
11.938636363636363
11.570454545454545
11.367272727272727
11.18
11.13
10.211363636363636
10.549090909090909
10.299545454545454
11.135
11.241818181818182
11.174999999999999
11.285454545454545
11.184545454545455
11.185
11.146363636363636
10.625
10.379999999999999
10.658181818181818
10.526818181818182
9.776363636363635
9.533181818181818
9.902272727272727
9.174545454545454
9.316818181818181
9.013636363636364
8.884090909090908
9.213636363636363
8.353636363636364
8.509090909090908
8.963636363636363
8.660454545454545
8.591363636363637
7.929090909090909
7.531363636363636
7.07590909090909
7.0613636363636365
7.21090909090909
7.0227272727272725
6.928636363636364
6.703181818181818
6.974545454545455
6.468181818181819
6.848181818181818
7.079999999999999
7.138181818181818
7.170909090909091
7.087272727272728
7.055454545454546
6.640000000000001
6.645454545454545
6.287272727272727
6.138181818181818
6.234999999999999
5.800000000000001
5.550909090909091
5.6863636363636365
5.680454545454546
5.509090909090909
5.076818181818182
5.445
5.612272727272727
5.724545454545455
4.897272727272727
4.788636363636363
4.624090909090909
4.267272727272727
4.789090909090909
4.533636363636363
3.815909090909091
4.988181818181818
5.138181818181818
5.749090909090909
6.304090909090909
5.335909090909091
4.7286363636363635
4.6068181818181815
4.192272727272727
4.17
4.8
4.912272727272727
