pet
0.2609090909090909
0.2590909090909091
0.3831818181818182
0.29
0.22136363636363637
0.2509090909090909
0.26227272727272727
0.25499999999999995
0.32136363636363635
0.32545454545454544
0.3186363636363636
0.4445454545454546
0.2681818181818182
0.2990909090909091
0.3618181818181818
0.2609090909090909
0.32363636363636367
0.3095454545454545
0.33545454545454545
0.3063636363636364
0.31727272727272726
0.34136363636363637
0.2781818181818182
0.3577272727272727
0.3231818181818182
0.3322727272727273
0.35318181818181815
0.3772727272727273
0.2990909090909091
0.40363636363636357
0.3768181818181818
0.40136363636363637
0.40318181818181814
0.4422727272727273
0.38727272727272727
0.35954545454545456
0.43318181818181817
0.4113636363636363
0.485
0.46136363636363636
0.3972727272727273
0.3895454545454546
0.39909090909090905
0.4309090909090909
0.4459090909090909
0.535
0.5295454545454545
0.4090909090909091
0.43772727272727274
0.5513636363636364
0.5604545454545454
0.565
0.62
0.5995454545454545
0.5813636363636363
0.6554545454545454
0.6445454545454545
0.5818181818181819
0.6413636363636364
0.6277272727272728
0.66
0.6022727272727273
0.7054545454545454
0.7404545454545454
0.7472727272727272
0.7572727272727273
0.7686363636363637
0.7949999999999999
0.8822727272727273
0.8695454545454545
0.8459090909090908
0.8904545454545455
0.8436363636363637
0.870909090909091
0.815
0.9313636363636365
0.9536363636363636
1.015
0.9436363636363635
0.9895454545454545
0.8822727272727273
1.035909090909091
1.0368181818181819
1.0272727272727273
1.0909090909090908
1.1063636363636364
1.1009090909090908
1.17
1.0477272727272728
1.235909090909091
1.296521739130435
1.3191304347826087
1.1895652173913043
1.2521739130434784
1.377391304347826
1.3608695652173914
1.3269565217391304
1.3269565217391304
1.3469565217391304
1.5569565217391306
1.397391304347826
1.4847826086956522
1.465217391304348
1.4913043478260868
1.647391304347826
1.663913043478261
1.7143478260869565
1.5595652173913042
1.7786956521739128
1.733913043478261
1.6482608695652174
1.5252173913043479
1.7704347826086957
1.6665217391304348
1.6365217391304347
1.6791304347826086
1.726086956521739
1.796521739130435
2.002608695652174
1.9217391304347828
2.0378260869565215
2.0404347826086955
2.150434782608696
2.0469565217391303
1.8991304347826088
2.026521739130435
2.1082608695652176
2.206086956521739
2.2247826086956524
2.2308695652173913
2.238260869565217
2.1608695652173915
2.299130434782609
2.316086956521739
2.0147826086956524
2.0408695652173914
1.9717391304347827
2.0708695652173916
2.0043478260869567
2.0895652173913044
2.2882608695652173
2.3865217391304347
2.446086956521739
2.6030434782608696
2.4443478260869567
2.4843478260869567
2.1913043478260867
2.3069565217391306
2.2621739130434784
2.539565217391304
2.6104347826086958
2.4569565217391305
2.3691304347826088
2.4856521739130435
2.2843478260869565
2.3973913043478263
2.3260869565217392
2.575217391304348
2.487391304347826
2.562173913043478
2.552608695652174
2.5317391304347825
2.3291304347826087
2.237391304347826
2.4991304347826087
2.2769565217391308
2.365217391304348
2.505652173913043
2.2904347826086955
2.4243478260869566
2.59
2.3765217391304345
2.4243478260869566
2.4695652173913043
2.4391304347826086
2.3778260869565218
2.698695652173913
2.504782608695652
2.5834782608695654
2.4852173913043476
2.2073913043478264
2.447391304347826
2.2713043478260873
2.38
2.3769565217391304
2.446521739130435
2.2065217391304346
2.3391304347826085
2.4817391304347827
2.65
2.2726086956521736
2.4721739130434783
2.2843478260869565
2.516521739130435
2.389130434782609
2.546521739130435
2.5004347826086954
2.529130434782609
2.523913043478261
2.2313043478260868
2.3256521739130434
2.32
2.5608695652173914
2.358695652173913
2.3969565217391304
2.379565217391304
2.3395652173913044
2.412608695652174
2.0330434782608693
2.0895652173913044
2.287391304347826
2.092173913043478
2.1021739130434782
2.131304347826087
2.199130434782609
2.2043478260869565
2.247826086956522
2.0069565217391307
1.9978260869565219
2.1278260869565218
2.0634782608695654
1.8782608695652174
1.7626086956521738
1.8699999999999999
1.9469565217391305
1.751304347826087
1.978695652173913
1.9656521739130435
1.9156521739130437
1.6517391304347826
1.8821739130434783
1.8382608695652174
1.8578260869565215
1.951304347826087
1.6795652173913045
1.8647826086956523
1.6526086956521737
1.7969565217391303
1.6191304347826088
1.6556521739130434
1.7439130434782608
1.6160869565217393
1.643913043478261
1.4447826086956521
1.5282608695652173
1.4756521739130435
1.5604347826086957
1.4421739130434783
1.3882608695652174
1.5195652173913046
1.4739130434782608
1.4208695652173913
1.4665217391304346
1.2856521739130435
1.28
1.338695652173913
1.3039130434782609
1.2617391304347827
1.23
1.1717391304347826
1.1234782608695653
1.162608695652174
1.1630434782608696
1.1634782608695653
1.2073913043478262
1.087391304347826
1.0882608695652174
0.9847826086956522
1.0413043478260868
0.9060869565217391
0.8747826086956522
0.8769565217391303
0.9073913043478261
0.9604545454545454
0.8227272727272728
0.9222727272727272
0.9186363636363637
0.8895454545454545
0.9181818181818181
0.8413636363636364
0.7527272727272727
0.8122727272727274
0.845
0.6863636363636364
0.6372727272727272
0.5731818181818181
0.5936363636363636
0.5763636363636363
0.5986363636363636
0.6195454545454546
0.6654545454545455
0.6163636363636363
0.5740909090909091
0.5672727272727273
0.4831818181818182
0.46545454545454545
0.5495454545454546
0.6363636363636364
0.5404545454545455
0.5954545454545455
0.5668181818181819
0.4763636363636364
0.49636363636363634
0.4904545454545454
0.4531818181818182
0.4422727272727273
0.4581818181818182
0.4240909090909091
0.3890909090909091
0.40136363636363637
0.40954545454545455
0.4018181818181818
0.39
0.30454545454545456
0.4359090909090909
0.37136363636363634
0.3281818181818182
0.3509090909090909
0.27545454545454545
0.2863636363636364
0.31545454545454543
0.3140909090909091
0.2731818181818182
0.3463636363636364
0.31772727272727275
0.2459090909090909
0.25499999999999995
0.2959090909090909
0.3231818181818182
0.27545454545454545
0.305
0.24318181818181817
0.25227272727272726
0.28863636363636364
0.28
0.24818181818181817
0.30272727272727273
0.23681818181818182
0.2790909090909091
0.27772727272727277
0.3372727272727273
0.30818181818181817
0.30136363636363633
0.3104545454545455
0.21227272727272728
0.19272727272727275
0.22318181818181818
0.28954545454545455
0.3004545454545455
0.2959090909090909
0.2809090909090909
0.18363636363636363
0.20909090909090908
0.20318181818181816
0.2531818181818182
0.19318181818181818
0.20272727272727273
0.31636363636363635
0.22
0.16818181818181818
0.1659090909090909
0.18409090909090908
0.2081818181818182
0.19409090909090906
0.2318181818181818
