temperature
2.666818181818182
2.2936363636363635
2.43
2.2209090909090907
2.8272727272727276
2.641363636363636
3.0304545454545457
2.559090909090909
3.0968181818181817
3.2095454545454545
3.053636363636364
3.9322727272727267
3.703181818181818
3.366818181818182
3.7150000000000003
2.786363636363636
2.789090909090909
3.2118181818181815
3.044545454545455
2.4927272727272727
2.6131818181818183
2.744090909090909
2.716818181818182
2.8145454545454545
2.6177272727272727
2.716818181818182
2.983636363636364
2.6336363636363633
2.377272727272727
2.2227272727272727
2.596363636363636
2.9040909090909093
2.5940909090909092
2.9327272727272726
3.1822727272727267
3.080909090909091
3.1140909090909092
2.2345454545454544
2.2195454545454543
2.5959090909090907
2.5186363636363636
3.456363636363636
3.505
2.963181818181818
3.0959090909090907
3.7568181818181823
3.253181818181818
3.1763636363636363
2.555
2.4604545454545454
2.5736363636363637
2.6977272727272728
2.8704545454545456
3.603181818181818
3.0477272727272724
3.4227272727272724
3.119090909090909
3.2213636363636367
3.0136363636363637
2.5359090909090907
2.365
2.5936363636363637
2.7849999999999997
2.9618181818181815
3.416363636363636
4.722727272727273
4.199090909090909
3.9513636363636366
4.137727272727273
3.955
3.705
3.8613636363636363
4.483636363636363
4.506818181818182
4.698181818181818
5.219545454545455
4.346363636363637
3.996818181818182
4.295909090909091
4.415454545454545
4.657727272727272
4.805909090909091
4.630454545454546
4.917727272727273
4.840909090909091
4.593181818181818
4.765454545454546
4.759545454545454
5.407272727272727
5.857727272727273
5.968695652173913
5.738260869565217
5.62304347826087
5.192608695652174
5.787826086956522
5.7995652173913035
5.412608695652174
5.255217391304348
6.1213043478260865
6.606086956521739
5.8478260869565215
5.473478260869565
5.3334782608695654
6.086086956521739
6.203043478260869
6.079130434782608
6.310434782608695
5.521304347826087
5.673043478260869
6.177826086956522
7.083478260869565
7.487826086956522
8.000434782608696
7.9769565217391305
7.499130434782608
7.100869565217391
7.441304347826088
7.599130434782609
7.67
7.634782608695652
7.710000000000001
7.77695652173913
7.852608695652174
8.238260869565217
8.236521739130435
7.956521739130435
8.44
8.407391304347826
8.412173913043478
8.695652173913043
8.547391304347826
8.433478260869565
8.359565217391305
8.545652173913044
8.623913043478261
8.785217391304348
8.878695652173914
8.35391304347826
8.667391304347825
9.208695652173914
9.160869565217391
9.413478260869566
9.662608695652175
9.753043478260869
9.601739130434783
9.630434782608695
9.508695652173913
9.783478260869567
10.039130434782608
10.312608695652173
10.50695652173913
11.010434782608696
11.049565217391304
10.991304347826087
10.615217391304348
10.496956521739131
11.083478260869565
11.261739130434782
11.215217391304348
11.46391304347826
11.63695652173913
11.318260869565217
10.788695652173914
10.808260869565217
10.843478260869565
11.074782608695653
11.578695652173913
12.30608695652174
12.035217391304348
11.992173913043478
11.875217391304348
11.56
11.706521739130435
11.964347826086957
11.989565217391304
12.181304347826087
12.702173913043477
12.308695652173913
12.669565217391304
12.858260869565218
12.791304347826086
13.092173913043478
13.152173913043478
13.209999999999999
13.439565217391305
12.993478260869566
12.912173913043478
13.093913043478262
12.99608695652174
13.084347826086956
13.158260869565217
13.24304347826087
13.017391304347825
12.582608695652173
12.84086956521739
13.275652173913043
13.384782608695653
13.606521739130434
13.563913043478262
13.740869565217393
13.857826086956523
13.346521739130436
13.515652173913043
14.035652173913043
13.800434782608697
13.76391304347826
13.928260869565218
13.832608695652173
13.581304347826087
13.802173913043477
13.691739130434783
13.812173913043479
14.153913043478262
14.070869565217391
14.088695652173914
14.211739130434783
14.066521739130433
13.89
13.596521739130436
13.324347826086955
13.62782608695652
13.435652173913043
13.431739130434783
13.450000000000001
13.491304347826087
13.588695652173914
13.384782608695653
13.276521739130436
13.373913043478263
13.063478260869564
13.573478260869566
13.531304347826088
13.31
12.612173913043478
12.590869565217393
12.404347826086957
12.31086956521739
12.346086956521738
11.984347826086957
12.221304347826086
12.39695652173913
12.313478260869564
12.431304347826087
12.177391304347825
12.574347826086955
12.683478260869567
12.58695652173913
12.507391304347827
12.037391304347826
11.921739130434782
11.832608695652173
11.548695652173913
12.108695652173912
12.166086956521738
11.579565217391304
11.493478260869566
10.804782608695652
10.56913043478261
10.495652173913044
10.439565217391305
10.661739130434782
10.916956521739131
11.169565217391304
11.677391304347825
11.244347826086956
10.507391304347825
10.191739130434783
10.31913043478261
10.06913043478261
10.343478260869565
10.644782608695651
10.71391304347826
10.752173913043478
10.471363636363636
9.904545454545454
9.757272727272728
9.019090909090908
9.113181818181818
9.124090909090908
9.250454545454547
9.669545454545455
9.490909090909092
8.955454545454545
8.636818181818182
8.519545454545455
8.640454545454546
9.053636363636365
8.763181818181819
7.802272727272728
7.657272727272727
7.481363636363636
7.66090909090909
7.172727272727273
7.694090909090909
7.831363636363636
7.609090909090909
7.822727272727272
7.974545454545455
7.95090909090909
7.785
7.555909090909091
6.886818181818182
7.519090909090909
7.599545454545455
7.058636363636364
6.512727272727273
6.757272727272727
6.5577272727272735
6.369999999999999
6.002727272727273
6.622272727272727
6.2272727272727275
5.223181818181818
5.6895454545454545
5.996363636363636
6.013181818181818
5.6036363636363635
5.989090909090908
5.925909090909091
5.448636363636364
4.940909090909091
4.728181818181818
4.596363636363637
4.941818181818181
4.778636363636363
3.980454545454545
4.221363636363637
4.8977272727272725
4.125909090909091
4.790454545454545
4.996818181818182
4.576363636363636
4.196818181818181
4.047727272727273
3.5004545454545455
3.847727272727273
3.8831818181818183
3.169090909090909
3.4872727272727273
3.3736363636363635
2.8822727272727273
3.325
4.457272727272727
4.720454545454545
3.669545454545455
2.7036363636363636
3.189090909090909
3.173636363636364
3.200909090909091
3.063636363636364
2.77
1.7518181818181817
1.5590909090909093
0.8595454545454544
1.9259090909090908
2.4572727272727275
3.4768181818181816
3.3172727272727274
2.209090909090909
1.3840909090909093
1.170909090909091
0.8618181818181818
1.0199999999999998
1.9672727272727273
2.283181818181818
