temperature
2.474090909090909
2.0722727272727273
2.169090909090909
1.9254545454545455
2.6463636363636365
2.5472727272727274
3.025
2.8445454545454543
3.0650000000000004
3.264090909090909
3.0740909090909088
3.8468181818181817
3.8263636363636366
3.0600000000000005
3.3986363636363635
2.5795454545454546
2.6281818181818184
2.8436363636363637
3.165909090909091
2.7886363636363636
2.317272727272727
2.4163636363636365
2.4431818181818183
2.538181818181818
2.8063636363636366
2.6163636363636367
2.8536363636363635
2.4654545454545453
2.3954545454545455
2.0313636363636363
2.5436363636363635
2.7436363636363637
2.4522727272727276
2.7463636363636366
3.271818181818182
3.0863636363636364
3.0622727272727275
2.434090909090909
2.0504545454545453
2.436818181818182
2.4604545454545454
3.2659090909090907
3.641818181818182
3.0522727272727277
2.9031818181818183
3.561363636363636
2.9486363636363637
2.8845454545454547
2.670909090909091
2.4745454545454546
2.5468181818181814
2.7181818181818183
2.9577272727272725
3.605454545454546
3.355909090909091
3.3390909090909093
3.3545454545454545
3.414090909090909
3.2436363636363637
2.7854545454545456
2.4954545454545456
2.6786363636363637
2.575909090909091
2.8831818181818183
3.419545454545455
4.731363636363636
4.4772727272727275
4.388636363636364
4.472272727272728
4.138636363636364
3.848181818181818
3.744545454545454
4.492727272727273
4.798181818181818
5.01
5.541818181818182
4.716363636363637
4.226818181818182
4.231363636363636
4.492272727272727
4.775454545454545
5.023181818181818
4.694545454545454
5.222727272727273
4.8986363636363635
4.537272727272728
4.962727272727273
5.115909090909091
5.73590909090909
6.036363636363637
6.248260869565217
5.877826086956522
5.702608695652174
5.5
6.2013043478260865
6.233478260869566
5.52695652173913
5.289130434782608
6.115217391304348
6.74
5.98304347826087
5.478260869565218
5.231304347826087
6.173043478260869
6.189130434782609
6.264782608695652
6.409565217391304
5.608695652173913
5.520434782608696
6.347391304347826
7.221739130434782
7.783913043478261
8.445652173913043
8.4
8.03
7.520434782608696
7.863913043478261
7.850434782608696
7.854782608695652
7.709565217391304
7.914782608695652
7.984347826086956
8.05695652173913
8.410434782608695
8.434782608695652
8.285652173913043
8.525217391304347
8.375217391304348
8.425217391304347
8.650434782608697
8.662173913043478
8.355652173913043
8.091739130434783
8.44304347826087
8.87782608695652
9.090434782608696
9.139130434782608
9.04695652173913
9.237826086956522
9.623913043478261
9.52695652173913
9.740869565217391
10.133478260869564
10.11217391304348
10.052608695652173
9.959565217391305
9.838695652173913
10.151739130434782
10.470434782608695
10.673043478260869
10.932608695652174
11.432173913043478
11.451739130434783
11.277826086956521
10.802173913043479
10.8
11.463478260869566
11.612173913043478
11.567826086956522
11.917826086956522
11.76304347826087
11.639130434782608
11.305217391304348
11.455217391304348
11.278260869565216
11.630434782608695
12.23521739130435
12.966521739130435
12.854347826086956
12.950000000000001
12.776521739130436
12.136521739130433
12.261304347826087
12.476956521739131
12.439565217391305
12.578695652173913
12.943478260869565
12.76391304347826
13.280434782608696
13.28391304347826
13.29304347826087
13.546521739130435
13.844782608695652
13.903478260869566
13.968260869565217
13.563913043478262
13.54391304347826
13.800434782608697
13.558260869565217
13.619130434782608
13.745217391304347
13.682173913043478
13.842173913043478
13.406956521739131
13.772608695652172
13.998260869565216
14.10304347826087
14.093478260869563
14.136521739130433
14.457826086956521
14.40913043478261
14.058260869565217
14.006086956521738
14.583478260869565
14.439565217391305
14.295217391304348
14.48695652173913
14.675652173913045
14.48913043478261
14.686521739130436
14.37782608695652
14.481739130434782
14.825652173913044
14.753043478260869
14.777391304347827
14.700000000000001
14.72304347826087
14.5
14.234782608695651
13.890434782608697
14.154347826086957
13.975217391304348
14.28608695652174
14.059565217391304
13.970434782608695
14.167826086956522
14.213478260869566
13.982173913043477
14.161304347826086
13.954347826086956
14.391304347826088
14.310434782608695
14.001739130434784
13.460869565217392
13.261739130434782
12.945652173913043
12.967391304347826
12.89913043478261
12.512608695652174
12.63695652173913
12.945652173913043
12.799130434782608
12.835652173913045
12.790434782608695
13.08608695652174
13.1
12.861304347826087
12.94608695652174
12.593913043478262
12.417391304347827
12.396521739130435
11.950000000000001
12.405652173913042
12.653913043478262
12.16304347826087
11.769130434782609
11.391739130434782
11.06695652173913
10.88
10.762608695652174
11.12782608695652
11.389130434782608
11.566086956521739
11.789130434782608
11.39782608695652
10.913478260869566
10.46
10.512608695652174
10.48
10.656521739130435
11.049565217391304
11.09608695652174
11.095217391304347
11.022727272727273
10.262272727272729
10.235454545454546
9.35909090909091
9.360909090909091
9.353181818181818
9.469545454545456
9.888181818181819
9.711363636363636
9.447272727272727
9.243181818181817
9.08090909090909
8.967272727272727
9.111818181818181
8.838181818181818
8.183636363636364
8.053181818181818
7.668636363636364
7.8963636363636365
7.27909090909091
7.990454545454545
8.129090909090909
7.884545454545455
8.005454545454546
8.217272727272727
8.317727272727273
8.108636363636363
7.6859090909090915
6.922727272727273
7.6022727272727275
7.72409090909091
7.379545454545454
6.766818181818182
7.046818181818182
6.518636363636364
6.502272727272728
6.047727272727273
6.299545454545455
6.49
5.364090909090909
5.581363636363637
5.963181818181818
6.0218181818181815
5.752727272727273
5.828181818181818
5.7681818181818185
5.205
4.885909090909091
4.608636363636363
4.3954545454545455
4.609090909090909
4.477727272727273
3.636818181818182
3.8845454545454543
4.5
3.8536363636363635
4.578636363636364
4.822272727272727
4.424545454545455
4.075
3.8840909090909093
3.5345454545454547
3.6145454545454543
3.541363636363636
3.2036363636363636
3.428181818181818
3.3881818181818177
2.9268181818181818
2.8786363636363634
3.5063636363636363
3.923636363636364
3.396818181818182
3.088181818181818
3.3540909090909095
3.0209090909090914
2.8654545454545453
2.816818181818182
2.5327272727272727
1.7745454545454544
1.6018181818181818
0.6922727272727273
1.6745454545454543
2.355909090909091
3.330909090909091
3.494090909090909
2.459090909090909
1.7131818181818184
1.5413636363636363
1.1677272727272727
1.1118181818181818
1.9831818181818184
2.205
