pet
0.16944444444444443
0.27222222222222225
0.2688888888888889
0.28944444444444445
0.2427777777777778
0.20777777777777778
0.35944444444444446
0.3088888888888889
0.2866666666666667
0.23500000000000001
0.32333333333333336
0.305
0.28611111111111115
0.26999999999999996
0.3188888888888889
0.22166666666666668
0.23444444444444443
0.25555555555555554
0.285
0.3277777777777778
0.29333333333333333
0.2627777777777778
0.2638888888888889
0.26333333333333336
0.31666666666666665
0.3255555555555556
0.32333333333333336
0.45499999999999996
0.4016666666666666
0.37388888888888894
0.45499999999999996
0.46611111111111114
0.47500000000000003
0.41722222222222227
0.5116666666666667
0.5144444444444445
0.5188888888888888
0.5238888888888888
0.5133333333333333
0.5161111111111111
0.43222222222222223
0.395
0.4561111111111111
0.5005555555555555
0.4694444444444445
0.5627777777777778
0.6016666666666667
0.4311111111111111
0.46499999999999997
0.5361111111111111
0.5755555555555555
0.64
0.7444444444444445
0.6544444444444444
0.5883333333333334
0.6372222222222222
0.8127777777777777
0.7722222222222223
0.6772222222222223
0.7344444444444443
0.8455555555555556
0.8011111111111111
0.8677777777777779
0.8544444444444445
0.9294444444444445
0.9650000000000001
0.8561111111111112
1.0094444444444446
1.0055555555555555
0.9583333333333334
1.0794444444444444
1.0294444444444446
1.09
1.0038888888888888
1.0355555555555556
0.9677777777777778
1.0627777777777778
1.0455555555555556
1.0322222222222222
1.1377777777777778
1.2461111111111112
1.2044444444444444
1.1083333333333334
1.108888888888889
1.1444444444444446
1.223888888888889
1.2766666666666666
1.1638888888888888
1.2277777777777779
1.4883333333333333
1.573888888888889
1.605
1.4938888888888888
1.4566666666666666
1.5016666666666667
1.8533333333333333
1.6094444444444445
1.8477777777777777
1.5355555555555556
1.702777777777778
1.6627777777777777
1.6227777777777779
1.652222222222222
1.7527777777777778
1.7672222222222222
1.8755555555555554
2.0472222222222225
2.2016666666666667
1.6394444444444445
1.8111111111111111
2.0683333333333334
2.233888888888889
2.123333333333333
1.9933333333333332
2.0694444444444446
1.8622222222222224
2.1861111111111113
2.096111111111111
2.0755555555555554
2.033888888888889
2.2383333333333333
2.1683333333333334
2.338333333333333
2.2933333333333334
2.162777777777778
2.4405555555555556
2.3655555555555554
2.2227777777777775
2.467777777777778
2.3311111111111114
2.4561111111111114
2.6694444444444443
2.3294444444444444
2.2
2.5244444444444443
2.5083333333333333
2.3922222222222222
2.4922222222222223
2.7733333333333334
2.467222222222222
2.4494444444444445
2.682777777777778
3.0283333333333333
2.7555555555555555
2.921111111111111
2.6344444444444446
2.423888888888889
2.671111111111111
2.7488888888888887
2.6894444444444447
2.8294444444444444
2.7844444444444445
2.586111111111111
2.817222222222222
2.5033333333333334
2.683333333333333
2.406111111111111
2.727777777777778
2.7977777777777777
2.9894444444444446
2.7233333333333336
2.8616666666666664
2.796111111111111
2.633888888888889
2.699444444444444
2.848333333333333
2.93
2.903888888888889
3.016111111111111
3.2194444444444446
3.3922222222222222
3.292222222222222
2.9344444444444444
3.1522222222222225
3.128333333333333
3.106666666666667
3.2466666666666666
2.99
3.0216666666666665
3.2249999999999996
3.127222222222222
3.181111111111111
3.01
2.9855555555555555
3.131666666666667
2.697777777777778
2.8377777777777777
2.731111111111111
2.6394444444444445
2.9905555555555554
2.9933333333333336
3.1722222222222225
2.846111111111111
2.841666666666667
3.1744444444444446
3.28
3.065
2.966666666666667
3.285
3.1688888888888886
3.018333333333333
2.9527777777777775
2.9016666666666664
2.8216666666666668
3.3138888888888887
2.9766666666666666
2.781111111111111
2.77
3.121111111111111
3.031111111111111
3.008888888888889
2.966111111111111
2.7366666666666664
2.9633333333333334
2.9444444444444446
2.642777777777778
2.977222222222222
2.7127777777777777
2.642777777777778
2.785
2.857222222222222
2.453333333333333
2.8794444444444443
2.462222222222222
2.4705555555555554
2.2805555555555554
2.7288888888888887
2.6733333333333333
2.570555555555556
2.3944444444444444
2.3838888888888885
2.392777777777778
2.4727777777777775
2.3338888888888887
2.212222222222222
2.0677777777777777
2.0216666666666665
1.7266666666666666
2.2383333333333333
2.2105555555555556
2.2544444444444443
1.9594444444444443
2.1683333333333334
2.1661111111111113
2.0144444444444445
2.0394444444444444
2.191666666666667
1.9377777777777778
1.8788888888888888
2.0216666666666665
1.9300000000000002
1.858888888888889
1.9222222222222223
1.7766666666666666
1.9305555555555556
1.7255555555555555
1.6661111111111113
1.5455555555555556
1.6972222222222222
1.5822222222222222
1.3988888888888888
1.3705555555555557
1.4138888888888888
1.5488888888888888
1.3916666666666666
1.35
1.3655555555555554
1.228888888888889
1.233888888888889
1.1288888888888888
1.1477777777777778
1.1588888888888889
1.2122222222222223
1.2000000000000002
1.1305555555555555
1.1294444444444443
1.1033333333333333
1.0316666666666667
1.0044444444444443
0.9966666666666667
0.7783333333333333
0.9500000000000001
1.086666666666667
0.9794444444444443
0.8983333333333332
0.6633333333333333
0.6405555555555555
0.66
0.6316666666666666
0.8344444444444444
0.7744444444444444
0.7505555555555555
0.7011111111111111
0.6433333333333333
0.6372222222222222
0.6922222222222223
0.5983333333333333
0.7250000000000001
0.7227777777777777
0.6805555555555556
0.5994444444444444
0.4683333333333333
0.5333333333333333
0.4961111111111111
0.48888888888888893
0.43777777777777777
0.5066666666666667
0.3788888888888889
0.3422222222222222
0.35888888888888887
0.33888888888888885
0.4061111111111111
0.37277777777777776
0.3488888888888889
0.3711111111111111
0.3333333333333333
0.2827777777777778
0.3933333333333333
0.16944444444444443
0.1527777777777778
0.18611111111111112
0.28611111111111115
0.2061111111111111
0.21333333333333332
0.22444444444444445
0.23777777777777778
0.3194444444444444
0.21611111111111111
0.23944444444444446
0.24388888888888888
0.21777777777777776
0.19166666666666665
0.17777777777777778
0.195
0.19944444444444442
0.25
0.2622222222222222
0.1961111111111111
0.29555555555555557
0.26722222222222225
0.3472222222222222
0.185
0.22388888888888892
0.2111111111111111
0.17722222222222225
0.13944444444444443
0.2088888888888889
0.2838888888888889
0.2
0.1988888888888889
0.16611111111111113
0.11499999999999999
0.09666666666666666
0.12833333333333333
0.185
0.20888888888888887
0.1811111111111111
0.29333333333333333
0.2761111111111111
0.24000000000000002
0.3005555555555556
0.2688888888888889
0.1461111111111111
0.18555555555555556
0.17444444444444446
