pet
0.4204761904761905
0.4904761904761905
0.5261904761904762
0.42238095238095236
0.37857142857142856
0.4042857142857143
0.4776190476190476
0.4471428571428572
0.429047619047619
0.4376190476190477
0.49238095238095236
0.5095238095238095
0.3880952380952381
0.48333333333333334
0.4533333333333333
0.41
0.4766666666666667
0.4028571428571429
0.4238095238095238
0.4695238095238095
0.3366666666666666
0.41571428571428576
0.38333333333333336
0.5166666666666666
0.49238095238095236
0.4904761904761905
0.4742857142857143
0.5242857142857142
0.4819047619047619
0.5071428571428571
0.5033333333333333
0.5485714285714286
0.529047619047619
0.4661904761904762
0.5066666666666667
0.5166666666666666
0.6114285714285714
0.61
0.6304761904761905
0.5947619047619048
0.5195238095238095
0.521904761904762
0.5919047619047619
0.6085714285714285
0.5980952380952381
0.6657142857142857
0.7033333333333334
0.589047619047619
0.7138095238095238
0.7647619047619048
0.8057142857142856
0.7509523809523809
0.8085714285714286
0.7119047619047618
0.6752380952380952
0.7976190476190477
0.8819047619047619
0.7995238095238095
0.8385714285714285
0.8695238095238095
0.8795238095238095
0.8209523809523811
0.8871428571428571
0.9376190476190477
0.9028571428571429
0.8790476190476191
0.9647619047619048
0.9419047619047619
1.058095238095238
1.0014285714285716
0.9504761904761905
0.9471428571428572
0.9700000000000001
0.9547619047619048
0.8590476190476191
1.0071428571428571
1.1847619047619047
1.208095238095238
1.1395238095238096
1.1280952380952383
1.1385714285714286
1.2909523809523809
1.181904761904762
1.2566666666666666
1.3514285714285714
1.3404761904761904
1.3566666666666667
1.418095238095238
1.3114285714285714
1.438095238095238
1.409047619047619
1.5428571428571427
1.3380952380952382
1.450952380952381
1.4385714285714286
1.6366666666666665
1.6614285714285715
1.7642857142857142
1.6247619047619046
1.6933333333333334
1.73
1.672857142857143
1.645714285714286
1.6371428571428572
1.7828571428571427
1.9704761904761905
1.8661904761904762
2.1009523809523807
2.099047619047619
2.0195238095238093
1.9019047619047618
1.7171428571428573
1.9571428571428573
1.7795238095238095
1.8604761904761904
1.9366666666666668
2.0547619047619046
2.138095238095238
2.1485714285714286
2.1266666666666665
2.396190476190476
2.44
2.4647619047619047
2.3814285714285712
2.0842857142857145
2.087619047619048
2.3652380952380954
2.2842857142857143
2.3804761904761906
2.1795238095238094
2.3319047619047617
2.5823809523809524
2.468571428571429
2.358095238095238
2.3728571428571428
2.2714285714285714
2.236190476190476
2.1854545454545455
2.3227272727272728
2.265
2.424545454545455
2.4063636363636363
2.5272727272727273
2.5009090909090905
2.6104545454545454
2.5177272727272726
2.328181818181818
2.546818181818182
2.5086363636363633
2.963636363636364
2.9650000000000003
2.7372727272727273
2.5813636363636365
2.688181818181818
2.6340909090909093
2.7540909090909094
2.341818181818182
2.8436363636363637
2.8695454545454546
2.935909090909091
2.799090909090909
2.7922727272727275
2.429090909090909
2.502272727272727
2.652727272727273
2.742272727272727
2.8404545454545453
2.7613636363636362
2.541818181818182
2.6731818181818183
2.8745454545454545
2.68
2.73
2.799090909090909
2.756818181818182
2.776818181818182
2.8918181818181816
2.6177272727272727
2.783181818181818
2.868181818181818
2.561818181818182
2.6136363636363638
2.4995454545454545
2.5577272727272726
2.416363636363636
2.6513636363636364
2.466818181818182
2.533181818181818
2.6818181818181817
2.888181818181818
2.6418181818181816
2.8345454545454545
2.696818181818182
2.840909090909091
2.7618181818181817
2.6763636363636363
2.885
2.7636363636363637
2.8790909090909094
2.7645454545454546
2.5431818181818184
2.6563636363636363
2.728181818181818
2.7104545454545454
2.622272727272727
2.9095454545454547
2.4172727272727275
2.637272727272727
2.3854545454545457
2.272727272727273
2.5690909090909093
2.1609090909090907
2.1745454545454543
2.5513636363636363
2.445909090909091
2.2068181818181816
2.514090909090909
2.1777272727272727
2.385
2.5399999999999996
2.43
2.1681818181818184
2.3272727272727276
2.1972727272727273
1.9213636363636366
2.015
2.2095454545454545
2.2445454545454546
2.1772727272727272
2.0318181818181817
2.1004545454545456
2.010909090909091
2.0081818181818183
2.2695454545454545
1.8781818181818182
1.9863636363636366
1.9086363636363637
2.057272727272727
2.1809090909090907
1.9977272727272728
1.9331818181818183
1.8072727272727271
1.9081818181818184
1.865
1.7304545454545455
1.6854545454545453
1.8372727272727274
1.6290909090909091
1.6440909090909093
1.7627272727272727
1.6436363636363638
1.7695454545454545
1.7745454545454544
1.5668181818181817
1.6327272727272728
1.7363636363636366
1.635909090909091
1.5627272727272727
1.6545454545454545
1.5568181818181819
1.4477272727272728
1.3977272727272727
1.4495454545454545
1.4927272727272725
1.4272727272727272
1.405
1.539090909090909
1.2231818181818181
1.1486363636363637
1.095
1.2527272727272727
1.2168181818181818
1.1181818181818182
1.23
1.140952380952381
1.1547619047619047
1.27
1.1528571428571428
1.1866666666666665
1.071904761904762
1.0347619047619048
1.039047619047619
1.0857142857142859
0.9142857142857143
0.8790476190476191
0.79
0.8433333333333334
0.8347619047619048
0.8609523809523809
0.9923809523809524
1.0433333333333334
0.9228571428571428
0.8633333333333333
0.8347619047619048
0.8371428571428571
0.8519047619047619
0.8019047619047619
0.9366666666666668
0.8947619047619048
0.9147619047619048
0.8538095238095238
0.7438095238095238
0.7252380952380952
0.7985714285714286
0.6728571428571429
0.6690476190476191
0.6576190476190477
0.650952380952381
0.6985714285714286
0.6728571428571429
0.6947619047619048
0.5961904761904762
0.650952380952381
0.55
0.6547619047619048
0.6033333333333333
0.63
0.5452380952380952
0.4028571428571429
0.4347619047619048
0.4957142857142857
0.4519047619047619
0.43523809523809526
0.4828571428571429
0.4385714285714286
0.4095238095238095
0.4180952380952381
0.44095238095238093
0.4990476190476191
0.48047619047619045
0.4738095238095238
0.46761904761904766
0.4014285714285714
0.4590476190476191
0.4614285714285714
0.49380952380952386
0.49666666666666665
0.4480952380952381
0.5447619047619048
0.429047619047619
0.6285714285714286
0.47285714285714286
0.4809523809523809
0.47333333333333333
0.37523809523809526
0.32285714285714284
0.37238095238095237
0.4057142857142857
0.37238095238095237
0.47333333333333333
0.33809523809523806
0.32047619047619047
0.36523809523809525
0.35523809523809524
0.33
0.32571428571428573
0.29904761904761906
0.46476190476190476
0.38190476190476186
0.42952380952380953
0.44857142857142857
0.35333333333333333
0.43285714285714283
0.34523809523809523
0.4266666666666667
