pet
0.29347826086956524
0.2634782608695652
0.39869565217391306
0.3630434782608695
0.2582608695652174
0.30695652173913046
0.31913043478260866
0.23086956521739133
0.2017391304347826
0.35043478260869565
0.42043478260869566
0.39304347826086955
0.3134782608695652
0.33652173913043476
0.22217391304347828
0.2578260869565217
0.3065217391304348
0.3247826086956522
0.3160869565217391
0.23347826086956522
0.3565217391304348
0.35782608695652174
0.28695652173913044
0.4882608695652174
0.34521739130434786
0.34391304347826085
0.3378260869565217
0.38
0.3126086956521739
0.36434782608695654
0.45
0.3521739130434782
0.41130434782608694
0.2426086956521739
0.3760869565217391
0.43304347826086953
0.411304347826087
0.56
0.4852173913043478
0.4039130434782609
0.4752173913043478
0.41391304347826086
0.41956521739130437
0.5691304347826087
0.5339130434782609
0.4730434782608696
0.5243478260869565
0.3821739130434783
0.4847826086956522
0.5452173913043479
0.42
0.491304347826087
0.5260869565217391
0.5539130434782609
0.5917391304347825
0.5591304347826087
0.5669565217391305
0.6521739130434783
0.6934782608695652
0.6608695652173913
0.726086956521739
0.8021739130434782
0.7495652173913043
0.6795652173913044
0.6808695652173913
0.6865217391304348
0.6795652173913044
0.8121739130434783
0.6378260869565218
0.7460869565217392
0.8534782608695651
0.7765217391304348
0.82
0.8391304347826087
0.8752173913043478
0.9960869565217392
0.8882608695652173
0.8830434782608695
0.9217391304347826
0.9704347826086956
1.151304347826087
1.0582608695652174
1.0543478260869565
1.251304347826087
1.1334782608695653
1.1765217391304348
1.2426086956521738
1.1717391304347826
1.2108695652173913
1.1204347826086956
1.030909090909091
1.0999999999999999
1.2877272727272726
1.3654545454545455
1.3422727272727273
1.4704545454545455
1.464090909090909
1.3018181818181818
1.5395454545454543
1.3909090909090909
1.434090909090909
1.4786363636363637
1.6063636363636364
1.8854545454545453
1.7872727272727273
1.8204545454545453
1.7631818181818182
1.5986363636363636
1.6654545454545455
1.8036363636363637
1.7586363636363636
1.865
1.9136363636363638
2.115909090909091
1.9322727272727271
1.9627272727272727
2.2122727272727274
1.9695454545454545
1.8618181818181818
1.7586363636363636
1.950909090909091
2.096818181818182
2.106818181818182
2.173636363636364
2.152727272727273
2.185909090909091
2.13
2.1922727272727274
2.0795454545454546
1.9659090909090908
2.1972727272727273
2.2018181818181817
2.289090909090909
2.630909090909091
2.5031818181818184
2.540909090909091
2.4831818181818184
2.525909090909091
2.627272727272727
2.595
2.4477272727272728
2.559090909090909
2.424090909090909
2.7363636363636363
2.3572727272727274
2.5522727272727272
2.674545454545455
2.6604545454545456
2.4186363636363635
2.4786363636363635
2.6845454545454546
2.5745454545454547
2.4390909090909094
2.5968181818181817
2.748181818181818
2.3577272727272724
2.459090909090909
2.502272727272727
2.44
2.5477272727272724
2.4963636363636366
2.4195454545454544
2.6513636363636364
2.6727272727272724
2.6940909090909093
2.86
2.7736363636363635
2.606818181818182
2.478181818181818
2.6972727272727273
3.0386363636363636
2.7195454545454543
2.929090909090909
2.569545454545455
2.5500000000000003
2.5113636363636362
2.6472727272727274
2.626818181818182
2.549090909090909
2.675909090909091
2.705
2.733636363636364
2.830909090909091
3.2813636363636363
2.8318181818181816
2.8813636363636363
3.13
2.9736363636363636
2.679090909090909
2.611818181818182
2.4195454545454544
2.6336363636363633
2.6322727272727273
2.6218181818181816
2.416818181818182
2.6568181818181817
2.691818181818182
2.6813636363636366
2.6422727272727276
2.466818181818182
2.601818181818182
2.5772727272727276
2.5309090909090908
2.5895454545454544
2.4704545454545457
2.7504545454545455
2.6540909090909093
2.6386363636363637
2.6113636363636363
2.762272727272727
2.505909090909091
2.236818181818182
2.549545454545455
2.430454545454545
2.435
2.3622727272727273
2.257727272727273
2.1750000000000003
2.1209090909090906
2.1904545454545454
2.17
2.349090909090909
2.1081818181818184
2.2613636363636362
2.17
1.9536363636363638
2.2372727272727273
2.420909090909091
2.335909090909091
2.0545454545454547
2.0513636363636363
2.276818181818182
2.0204545454545455
2.0949999999999998
1.9409090909090911
2.101818181818182
1.9104545454545454
2.07
2.100909090909091
1.9295454545454547
1.8386363636363638
1.9372727272727273
1.7854545454545454
1.6504545454545456
1.71
1.7977272727272726
1.725
1.7522727272727272
1.7422727272727272
1.6163636363636364
1.6727272727272726
1.6440909090909093
1.5695454545454546
1.5536363636363637
1.5013636363636365
1.5195454545454545
1.374090909090909
1.3345454545454545
1.2568181818181818
1.2909090909090908
1.2468181818181818
1.3545454545454545
1.32
1.1854545454545455
1.2654545454545454
1.0981818181818181
1.1986363636363637
1.0568181818181819
0.9627272727272728
0.9418181818181818
0.9727272727272727
1.0581818181818183
0.9545454545454546
1.0930434782608696
0.9491304347826086
0.9534782608695652
0.9539130434782609
0.8891304347826087
0.9452173913043478
0.9747826086956521
0.96
0.72
0.731304347826087
0.8469565217391305
0.778695652173913
0.6908695652173913
0.7582608695652174
0.5534782608695652
0.7069565217391305
0.8152173913043478
0.6439130434782608
0.6843478260869565
0.6591304347826087
0.6534782608695652
0.6447826086956522
0.5921739130434782
0.5808695652173913
0.5265217391304348
0.49
0.4904347826086956
0.508695652173913
0.5734782608695653
0.3952173913043478
0.42434782608695654
0.3934782608695652
0.3713043478260869
0.5039130434782608
0.4743478260869565
0.45130434782608697
0.4504347826086956
0.3678260869565218
0.4339130434782609
0.528695652173913
0.42695652173913046
0.3882608695652174
0.42913043478260876
0.5391304347826087
0.35043478260869565
0.44173913043478263
0.29782608695652174
0.411304347826087
0.3408695652173913
0.39304347826086955
0.3582608695652174
0.3069565217391304
0.4678260869565217
0.23173913043478261
0.42043478260869566
0.31782608695652176
0.2995652173913043
0.2417391304347826
0.3030434782608696
0.29739130434782607
0.14565217391304347
0.21086956521739128
0.23826086956521741
0.2647826086956522
0.30478260869565216
0.1743478260869565
0.2778260869565217
0.2617391304347826
0.2530434782608696
0.2482608695652174
0.24869565217391304
0.3556521739130435
0.2960869565217391
0.2817391304347826
0.24434782608695652
0.21434782608695652
0.2578260869565217
0.33695652173913043
0.3656521739130435
0.2882608695652174
0.25521739130434784
0.22695652173913042
0.2473913043478261
0.2708695652173913
0.2017391304347826
0.24043478260869566
0.17565217391304347
0.28695652173913044
0.21086956521739134
0.24956521739130436
0.33043478260869563
0.21
