temperature
4.684782608695652
4.784782608695652
4.554782608695652
4.836086956521739
5.2495652173913046
5.071304347826087
4.400869565217391
4.771739130434782
4.977826086956522
4.460869565217391
4.072173913043478
3.67
3.292608695652174
3.582173913043478
4.173478260869565
4.2904347826086955
3.6960869565217394
3.5878260869565217
4.141739130434783
4.394782608695652
4.888260869565218
4.786521739130435
4.711739130434783
4.797391304347826
4.624782608695653
4.326521739130435
4.248260869565217
4.2
4.101304347826087
3.5943478260869566
3.6078260869565217
3.889130434782609
4.475217391304348
4.701739130434783
4.656521739130435
4.741304347826087
4.8621739130434785
4.940434782608696
4.566521739130435
4.166956521739131
3.6973913043478257
3.43
3.7430434782608697
3.4982608695652173
3.103478260869565
2.803478260869565
2.8304347826086955
3.248695652173913
3.276086956521739
3.4591304347826086
3.4813043478260868
3.922173913043478
4.246086956521739
4.51
4.4195652173913045
3.7995652173913044
4.213478260869565
4.545217391304348
4.596956521739131
4.736086956521739
5.043043478260869
4.845217391304348
4.749130434782609
4.87
5.454782608695653
5.6121739130434785
5.323478260869565
5.290869565217391
5.546086956521739
5.757391304347827
5.51304347826087
5.694347826086957
5.352173913043478
5.526521739130435
5.2043478260869565
5.540869565217391
5.476521739130434
5.443043478260869
5.295217391304347
5.4747826086956515
5.525652173913044
5.512173913043478
5.619565217391305
6.0252173913043485
5.864347826086957
6.050434782608695
5.826956521739131
5.851739130434782
6.3999999999999995
6.322608695652173
6.580909090909091
6.225909090909091
5.512727272727273
5.6054545454545455
5.875
6.047272727272727
6.281818181818181
6.01
6.153636363636363
6.470454545454545
6.777272727272727
7.370000000000001
7.367272727272726
7.413636363636363
7.504090909090909
7.865
7.465
7.364090909090908
7.920909090909091
7.635909090909092
7.941363636363636
8.308181818181819
8.257727272727273
7.924090909090908
7.869545454545454
7.685
7.865909090909091
7.67409090909091
7.907727272727272
8.054545454545455
8.139090909090909
8.07909090909091
8.48
8.764090909090909
8.915909090909091
9.10909090909091
9.083181818181817
9.488636363636363
8.988636363636363
8.972272727272728
9.641363636363637
9.682272727272727
10.07409090909091
10.295
10.195454545454545
10.039090909090909
10.378181818181817
10.68909090909091
10.548636363636364
11.200909090909091
11.123181818181818
10.923181818181819
11.132727272727273
11.39090909090909
11.473636363636365
11.326818181818181
11.457272727272727
11.012727272727274
11.252272727272727
11.191363636363636
11.32409090909091
11.514545454545454
11.612727272727271
11.978636363636362
11.932272727272727
11.762727272727272
11.58090909090909
11.694090909090908
11.906363636363636
12.239090909090908
11.99409090909091
12.105
12.37
12.04681818181818
12.177272727272726
12.444545454545453
12.901363636363635
12.734545454545456
12.658636363636363
13.19090909090909
13.358636363636363
13.243636363636364
13.249545454545455
13.238181818181818
12.886363636363637
13.42090909090909
13.49909090909091
13.390909090909092
13.332272727272727
13.622272727272728
13.917272727272728
13.840454545454547
13.867727272727272
14.43
14.739090909090908
15.19909090909091
14.948636363636364
15.025
15.313636363636363
14.93909090909091
14.969090909090909
15.132272727272728
15.180909090909092
15.264545454545454
14.803636363636365
15.008636363636363
14.828636363636365
14.507272727272726
14.336363636363636
14.63090909090909
15.06681818181818
15.026363636363635
14.835909090909091
14.742727272727272
14.748181818181818
15.037727272727272
15.22272727272727
15.29
15.33409090909091
15.461363636363636
15.544545454545455
14.81590909090909
14.508181818181818
14.923636363636364
15.210454545454546
14.680909090909092
14.809545454545455
14.728181818181817
14.469090909090909
14.523181818181818
14.993181818181819
14.502272727272727
14.69818181818182
14.943181818181818
14.961818181818181
15.010909090909092
15.33409090909091
14.730454545454545
14.484545454545456
14.511818181818182
14.784545454545453
15.030454545454546
15.101818181818182
15.340000000000002
14.590454545454547
14.766818181818183
14.829545454545455
14.77409090909091
14.510454545454547
14.487272727272726
14.557727272727272
14.279545454545454
13.981363636363636
14.224545454545455
13.97181818181818
13.909545454545453
13.616818181818182
13.622272727272728
13.533636363636363
13.55090909090909
13.967272727272727
13.541818181818183
13.215000000000002
12.943636363636363
12.987727272727273
12.642727272727273
12.50590909090909
12.786363636363637
12.906818181818181
12.844999999999999
12.629090909090907
12.19909090909091
12.37590909090909
12.315454545454545
12.04590909090909
12.512272727272727
12.292727272727273
11.943181818181818
11.765454545454547
11.712272727272728
12.161363636363637
11.978636363636362
11.79590909090909
11.685217391304347
11.404782608695653
11.550434782608697
11.64
11.157826086956522
11.112608695652174
11.198260869565217
10.73913043478261
11.130434782608695
10.993478260869566
10.391304347826088
10.558695652173913
10.042608695652174
9.88
9.818260869565217
9.669130434782607
9.323478260869566
9.531304347826087
9.881304347826088
9.584347826086956
9.109130434782609
9.08
9.236521739130435
9.37782608695652
9.336086956521738
9.492608695652175
9.198260869565217
9.105217391304347
8.748695652173913
9.11217391304348
9.349130434782609
8.986521739130435
9.076521739130435
8.542173913043479
8.28695652173913
7.808260869565218
7.46304347826087
8.249130434782609
8.402608695652173
7.955652173913043
8.037826086956523
8.028260869565218
7.199130434782608
6.623043478260869
6.4769565217391305
6.613913043478261
6.5230434782608695
6.5978260869565215
7.093043478260869
6.658695652173913
5.985652173913043
5.813043478260869
6.125652173913043
6.60304347826087
6.648695652173912
6.469565217391305
5.959130434782609
5.670434782608695
5.5373913043478264
5.163043478260869
5.40695652173913
5.638260869565218
5.762173913043478
5.952608695652174
6.083478260869565
5.976521739130435
5.811304347826087
5.76608695652174
5.021739130434782
4.659130434782608
4.691739130434782
5.018695652173913
5.224347826086956
5.343913043478261
5.6786956521739125
6.081304347826087
5.685652173913044
5.413478260869565
5.160869565217391
5.243478260869565
5.437826086956522
5.898695652173914
5.018695652173913
5.558695652173913
5.614347826086957
5.600434782608696
5.710434782608695
5.421739130434783
5.284782608695652
5.281304347826087
4.820869565217391
4.712173913043478
