pet
0.3157142857142857
0.36952380952380953
0.37333333333333335
0.3219047619047619
0.3
0.2819047619047619
0.41285714285714287
0.3495238095238095
0.32476190476190475
0.3438095238095238
0.4080952380952381
0.37666666666666665
0.32666666666666666
0.38190476190476186
0.3572727272727273
0.315
0.35409090909090907
0.2959090909090909
0.3481818181818182
0.37363636363636366
0.2931818181818182
0.32363636363636367
0.32045454545454544
0.39136363636363636
0.41363636363636364
0.45681818181818185
0.40954545454545455
0.5022727272727273
0.39272727272727276
0.4313636363636364
0.4390909090909091
0.44636363636363635
0.44090909090909086
0.405
0.46954545454545454
0.4640909090909091
0.5127272727272728
0.5231818181818182
0.5245454545454545
0.5209090909090909
0.4690909090909091
0.44636363636363635
0.5740909090909091
0.5818181818181819
0.5545454545454546
0.5936363636363636
0.61
0.5318181818181817
0.625
0.6568181818181817
0.7068181818181818
0.6931818181818182
0.72
0.6218181818181818
0.5754545454545454
0.7022727272727273
0.7581818181818182
0.7400000000000001
0.7295454545454546
0.7936363636363637
0.8304545454545454
0.7481818181818182
0.8163636363636364
0.8381818181818183
0.8604545454545455
0.8159090909090909
0.8868181818181817
0.8845454545454546
1.02
0.9422727272727273
0.9272727272727272
0.9322727272727274
0.9454545454545454
0.9113636363636364
0.8931818181818181
0.9827272727272728
1.0677272727272729
1.1681818181818182
1.0931818181818183
1.0954545454545455
1.1227272727272728
1.1918181818181817
1.1381818181818182
1.1513636363636364
1.2872727272727273
1.2636363636363637
1.2818181818181817
1.3781818181818182
1.3054545454545454
1.4045454545454545
1.383181818181818
1.5113636363636365
1.321818181818182
1.415
1.3877272727272727
1.6486363636363637
1.633181818181818
1.7104545454545457
1.5804545454545453
1.7013636363636364
1.6854545454545453
1.5836363636363637
1.6263636363636365
1.633181818181818
1.715
1.9195454545454547
1.7813636363636363
2.0863636363636364
1.8450000000000002
1.8363636363636362
1.875
1.7513636363636365
1.9195454545454544
1.8031818181818182
1.8399999999999999
1.908181818181818
2.0222727272727274
2.062272727272727
2.025
2.067727272727273
2.328181818181818
2.4063636363636363
2.3886363636363637
2.325909090909091
2.0527272727272727
2.0313636363636363
2.2945454545454544
2.1895454545454545
2.305454545454545
2.0304545454545457
2.273181818181818
2.559545454545454
2.3145454545454545
2.3027272727272727
2.340909090909091
2.221818181818182
2.196818181818182
2.239090909090909
2.367272727272727
2.229090909090909
2.2736363636363635
2.348181818181818
2.4872727272727273
2.4463636363636363
2.5495454545454543
2.4031818181818183
2.2395454545454543
2.475
2.4677272727272728
2.8468181818181817
2.9395454545454545
2.7495454545454545
2.541818181818182
2.631818181818182
2.6104545454545454
2.7304545454545455
2.315909090909091
2.819545454545455
2.8631818181818183
2.977272727272727
2.7236363636363636
2.7554545454545454
2.389090909090909
2.5290909090909093
2.604090909090909
2.7822727272727272
2.903636363636364
2.7204545454545457
2.7254545454545456
2.6836363636363636
2.9295454545454547
2.7204545454545457
2.7495454545454545
2.894090909090909
2.8513636363636365
2.815
2.8786363636363634
2.6636363636363636
2.7818181818181817
2.9268181818181818
2.674545454545455
2.642272727272727
2.5681818181818183
2.619090909090909
2.4604545454545454
2.5545454545454542
2.5304545454545457
2.575909090909091
2.650909090909091
2.8531818181818185
2.743181818181818
2.9231818181818183
2.7927272727272725
2.798636363636364
2.8790909090909094
2.6445454545454545
2.879090909090909
2.712727272727273
2.8663636363636367
2.8745454545454545
2.671818181818182
2.730909090909091
2.6931818181818183
2.7604545454545457
2.7186363636363637
2.983636363636364
2.4354545454545455
2.6286363636363634
2.5854545454545454
2.4145454545454546
2.6081818181818184
2.2936363636363635
2.1750000000000003
2.6540909090909093
2.534090909090909
2.1636363636363636
2.545
2.289090909090909
2.4195454545454544
2.6281818181818184
2.5395454545454546
2.21
2.4204545454545454
2.2604545454545453
1.9495454545454545
2.067727272727273
2.3045454545454547
2.3027272727272727
2.165
2.0754545454545457
2.1586363636363637
2.0522727272727272
1.99
2.2877272727272726
1.9277272727272725
1.872272727272727
1.8868181818181817
1.9759090909090908
2.213181818181818
1.991818181818182
1.8577272727272727
1.7363636363636366
1.8240909090909092
1.920909090909091
1.7427272727272725
1.6595454545454544
1.8840909090909093
1.6072727272727272
1.6795454545454547
1.7804545454545455
1.6427272727272728
1.755909090909091
1.7404545454545455
1.544090909090909
1.6618181818181819
1.7177272727272728
1.5731818181818182
1.5104545454545453
1.6290909090909091
1.544090909090909
1.3813636363636363
1.3304545454545453
1.3736363636363635
1.4577272727272728
1.319090909090909
1.3413636363636363
1.4177272727272727
1.1518181818181819
1.0704545454545455
1.0686363636363636
1.1881818181818182
1.178181818181818
1.0540909090909092
1.1219047619047617
1.0733333333333333
1.0828571428571427
1.1585714285714286
1.061904761904762
1.041904761904762
0.9714285714285713
0.9533333333333334
0.920952380952381
0.9804761904761905
0.8895238095238095
0.83
0.7271428571428571
0.7433333333333333
0.7457142857142858
0.7433333333333333
0.9114285714285715
0.9152380952380952
0.829047619047619
0.7495238095238095
0.7523809523809524
0.740952380952381
0.7633333333333334
0.7071428571428571
0.8047619047619047
0.7942857142857143
0.7657142857142857
0.7147619047619047
0.6395238095238095
0.6161904761904762
0.6776190476190477
0.5795238095238096
0.5733333333333333
0.5676190476190476
0.5157142857142857
0.5661904761904762
0.5266666666666667
0.5395238095238095
0.48
0.5095238095238095
0.42714285714285716
0.48619047619047623
0.4604761904761905
0.4919047619047619
0.4385714285714286
0.3128571428571429
0.32476190476190475
0.3728571428571429
0.3523809523809524
0.3414285714285714
0.3557142857142857
0.30904761904761907
0.2938095238095238
0.3261904761904762
0.3190476190476191
0.3361904761904762
0.37142857142857144
0.33428571428571424
0.36333333333333334
0.30809523809523814
0.34190476190476193
0.3404761904761905
0.4095238095238095
0.3704761904761905
0.3585714285714286
0.43238095238095237
0.33428571428571424
0.4904761904761905
0.32
0.3219047619047619
0.32571428571428573
0.27095238095238094
0.23380952380952383
0.2757142857142857
0.3180952380952381
0.2795238095238095
0.3242857142857143
0.21571428571428572
0.21714285714285714
0.23047619047619047
0.23857142857142857
0.20190476190476192
0.22666666666666666
0.22952380952380955
0.3657142857142857
0.30238095238095236
0.33619047619047615
0.36047619047619045
0.2619047619047619
0.29714285714285715
0.22333333333333336
0.3061904761904762
