pet
0.17684210526315788
0.2789473684210526
0.3426315789473684
0.3394736842105263
0.2826315789473684
0.25842105263157894
0.39894736842105266
0.3489473684210526
0.34
0.3026315789473684
0.3568421052631579
0.3452631578947369
0.29894736842105263
0.2963157894736842
0.3331578947368421
0.22473684210526312
0.2731578947368421
0.2542105263157895
0.30105263157894735
0.3731578947368421
0.28368421052631576
0.2726315789473684
0.2510526315789474
0.2968421052631579
0.3557894736842105
0.36894736842105263
0.35736842105263156
0.43842105263157893
0.43315789473684213
0.3678947368421053
0.46473684210526317
0.5005263157894737
0.4942105263157895
0.4705263157894737
0.5768421052631578
0.5489473684210526
0.5742105263157895
0.5878947368421052
0.5847368421052631
0.5805263157894737
0.5305263157894737
0.4842105263157894
0.5078947368421053
0.5636842105263158
0.46157894736842103
0.6115789473684211
0.5968421052631578
0.42736842105263156
0.5126315789473684
0.5773684210526316
0.6842105263157895
0.7150000000000001
0.7905
0.7155
0.6525000000000001
0.713
0.8314999999999999
0.7985
0.7555
0.787
0.9205
0.784
0.8099999999999999
0.85
0.9215
1.0085000000000002
0.8955
1.009
1.0125
1.0394999999999999
1.1095000000000002
1.0775000000000001
1.1365
1.0515
1.0494999999999999
1.0310000000000001
1.077
1.0779999999999998
0.9970000000000001
1.1755
1.2015
1.1305
1.018
1.096
1.1455
1.262
1.3315
1.213
1.325
1.5385
1.5945
1.5474999999999999
1.5435
1.482
1.6255
1.905
1.583
1.7719999999999998
1.537
1.752
1.6644999999999999
1.5715
1.6495000000000002
1.8010000000000002
1.7129999999999999
1.9100000000000001
1.9855
2.0575
1.6125
1.7585000000000002
2.093
2.3375
2.18
2.0345
2.0795000000000003
1.85
2.2350000000000003
2.122
2.16
2.019
2.208
2.2035
2.2975000000000003
2.302
2.193
2.4615
2.409
2.2504999999999997
2.5629999999999997
2.4345
2.455
2.5505
2.3605
2.2695
2.5385
2.5115
2.3745000000000003
2.5605
2.743
2.4925
2.5365
2.637
3.0155000000000003
2.7895
2.907
2.729
2.4844999999999997
2.7565
2.6985
2.6710000000000003
2.902
3.0100000000000002
2.7125
2.859
2.529
2.7835
2.5495
2.8345
2.8535
3.0645
2.836
2.8845
2.8954999999999997
2.6745
2.6759999999999997
2.831
2.9785
3.0225
3.0940000000000003
3.0475000000000003
3.332
3.2465
2.8685
3.0375
3.0484999999999998
2.926
3.133
2.8535
2.944
3.001
2.968
3.1545
3.021
2.9225000000000003
3.0919999999999996
2.843
2.874
2.8609999999999998
2.6995
2.997
2.978
3.2329999999999997
2.8665
2.871
3.2030000000000003
3.2975000000000003
3.1420000000000003
2.8775000000000004
3.2565
3.211
3.0075
3.0204999999999997
3.0405
3.0285
3.2984999999999998
2.8835
2.8515
2.939
3.0985
3.0460000000000003
3.0015
2.857
2.6525
2.966
2.992
2.759
2.9975
2.9005
2.667
2.7190000000000003
2.9265
2.538
2.891
2.3715
2.476
2.3425000000000002
2.802
2.82
2.7504999999999997
2.5275
2.609
2.556
2.5100000000000002
2.401
2.2675
2.0
2.0345
1.8405
2.256
2.228
2.401
1.9635000000000002
2.101
2.228
2.0865
1.919
2.147
1.9455000000000002
1.9035
2.0725
1.9914999999999998
1.8984999999999999
1.8969999999999998
1.7995
1.9140000000000001
1.7905000000000002
1.8415
1.5975
1.761
1.6235
1.462
1.465
1.5554999999999999
1.61
1.536
1.389
1.3050000000000002
1.2085000000000001
1.228
1.099
1.22
1.1875
1.19
1.223157894736842
1.2342105263157894
1.22
1.1810526315789474
1.1557894736842105
1.0573684210526315
0.9989473684210527
0.8252631578947368
0.9500000000000001
1.0857894736842104
1.02
0.911578947368421
0.68
0.6673684210526316
0.6489473684210526
0.67
0.8636842105263158
0.788421052631579
0.771578947368421
0.788421052631579
0.6342105263157896
0.6894736842105263
0.6742105263157895
0.6426315789473683
0.748421052631579
0.7784210526315789
0.7394736842105263
0.6552631578947369
0.5394736842105263
0.6021052631578947
0.5347368421052632
0.5078947368421053
0.49526315789473685
0.5394736842105263
0.4542105263157895
0.39789473684210525
0.4621052631578947
0.3957894736842105
0.4221052631578947
0.4036842105263158
0.3526315789473684
0.37
0.33421052631578946
0.33
0.43894736842105264
0.18421052631578946
0.17473684210526316
0.2063157894736842
0.2968421052631579
0.25
0.2673684210526316
0.2731578947368421
0.25263157894736843
0.3310526315789474
0.2431578947368421
0.2673684210526316
0.27736842105263154
0.23210526315789473
0.19947368421052633
0.19736842105263158
0.26684210526315794
0.2552631578947368
0.2552631578947368
0.308421052631579
0.24578947368421053
0.3336842105263158
0.30736842105263157
0.3436842105263158
0.20578947368421052
0.26105263157894737
0.23842105263157895
0.18736842105263157
0.14631578947368423
0.2142105263157895
0.32526315789473687
0.2305263157894737
0.27052631578947367
0.2231578947368421
0.14263157894736841
0.12052631578947369
0.1542105263157895
0.2210526315789474
0.26052631578947366
0.2473684210526316
0.3621052631578947
0.3257894736842106
0.2794736842105263
0.3163157894736842
0.3068421052631579
0.15105263157894738
0.2231578947368421
0.2005263157894737
