temperature
3.676666666666667
3.7583333333333337
3.5744444444444445
4.060555555555556
4.27
4.263333333333333
2.842777777777778
3.1061111111111113
3.833888888888889
3.994444444444444
3.256666666666667
3.067222222222222
2.963888888888889
2.657222222222222
2.8105555555555557
3.523888888888889
3.3966666666666665
2.6927777777777777
3.321111111111111
3.493888888888889
3.9694444444444446
4.303333333333334
4.214444444444444
3.7594444444444446
3.3866666666666667
3.131666666666667
3.1555555555555554
3.730555555555556
4.076666666666666
3.691666666666667
3.8122222222222226
3.757222222222222
3.421111111111111
3.8272222222222223
4.446666666666667
4.455
5.165555555555556
4.609444444444445
3.762777777777778
3.6933333333333334
3.253888888888889
3.08
3.4272222222222224
2.592777777777778
2.03
2.522777777777778
2.657777777777778
3.3216666666666668
3.417222222222222
3.020555555555555
2.6222222222222222
2.9472222222222224
3.3155555555555556
3.472777777777778
3.7744444444444443
3.273888888888889
3.6694444444444443
4.307777777777778
4.963888888888889
4.787222222222223
4.66
4.400555555555555
4.375555555555555
5.449999999999999
5.769444444444444
6.402222222222222
6.23
5.696666666666666
6.490555555555556
6.503888888888889
5.8261111111111115
6.157222222222222
6.274444444444445
6.260555555555555
5.6194444444444445
6.5438888888888895
6.452222222222222
6.266666666666667
5.647222222222222
5.854444444444444
6.356111111111111
6.542222222222223
7.054444444444445
6.836666666666667
6.5811111111111105
6.4238888888888885
6.373888888888889
6.3116666666666665
6.883333333333334
6.9816666666666665
7.632777777777779
7.105555555555555
6.343333333333333
5.976666666666667
6.344444444444445
6.5905555555555555
6.996666666666666
7.071111111111112
7.398888888888889
8.10388888888889
7.864999999999999
8.004444444444445
7.34
7.471666666666668
8.05111111111111
8.610555555555557
8.400555555555556
7.930000000000001
8.227777777777778
8.281666666666666
8.269444444444444
9.212777777777779
9.059444444444445
8.745
8.778333333333332
8.838333333333333
9.428333333333335
9.292222222222222
9.721666666666668
10.027222222222223
10.47111111111111
10.18388888888889
10.280555555555557
9.768333333333334
9.979999999999999
10.164444444444445
10.123888888888889
10.555
9.997222222222222
9.648888888888889
10.08
10.43
11.229444444444445
11.311666666666667
11.699444444444445
11.607222222222223
11.561666666666667
11.035
11.353333333333333
12.072222222222223
11.853333333333333
11.826666666666666
12.283333333333333
12.532222222222224
12.58
12.748888888888889
12.10388888888889
11.562777777777777
12.080555555555556
12.744444444444445
13.326666666666666
13.668333333333333
13.326666666666666
13.205
13.098888888888888
13.379444444444443
14.216666666666667
14.215555555555556
14.057222222222222
13.78111111111111
13.831111111111111
13.968333333333334
13.68
13.787777777777778
14.453333333333335
14.006666666666668
14.281666666666666
14.69611111111111
14.377222222222223
14.371111111111112
14.72722222222222
14.297222222222224
14.496111111111112
14.108333333333333
14.092222222222222
14.720555555555556
15.433333333333334
15.662777777777778
15.346111111111112
15.658333333333335
15.683333333333334
15.631666666666668
15.37611111111111
15.305555555555555
15.763333333333334
16.385
16.59111111111111
16.74111111111111
17.15722222222222
16.690555555555555
16.668333333333333
17.369444444444444
16.901111111111113
17.20111111111111
17.528888888888886
17.651111111111113
16.885555555555555
16.00111111111111
16.276666666666667
16.917777777777776
17.301111111111112
17.158333333333335
17.228333333333335
17.491111111111113
17.198333333333334
17.145555555555557
17.17833333333333
17.655
17.620555555555555
18.254444444444445
18.07888888888889
17.958333333333332
17.438947368421054
17.26
17.562105263157896
17.356842105263155
17.035263157894736
17.242631578947368
16.60157894736842
17.07894736842105
17.155263157894737
17.544210526315787
17.44421052631579
17.22684210526316
16.68894736842105
17.07526315789474
17.650000000000002
17.198947368421056
16.852631578947367
17.102105263157895
17.57526315789474
17.74421052631579
17.616315789473685
17.406315789473684
16.07736842105263
15.595263157894736
15.700526315789475
15.923684210526316
15.281052631578946
15.436842105263159
15.729473684210527
15.790526315789473
15.196111111111113
15.462777777777777
15.485555555555557
15.13888888888889
15.007222222222222
14.650555555555554
14.18611111111111
14.387777777777778
14.83
14.79888888888889
14.825555555555557
14.235000000000001
14.577222222222222
13.663888888888888
13.277222222222223
13.408333333333333
13.817777777777778
14.359444444444446
14.481111111111112
13.918333333333333
13.651111111111112
13.782777777777778
13.338333333333333
13.134444444444444
12.863333333333333
12.583888888888888
12.991111111111111
12.81111111111111
12.68
12.764444444444443
13.063333333333334
13.042222222222222
12.54888888888889
12.097777777777777
12.190555555555555
11.836111111111112
11.539444444444445
11.658888888888889
11.356666666666667
12.225000000000001
11.98
11.087777777777779
10.995555555555555
11.752777777777778
10.582777777777778
10.493333333333332
9.710555555555555
9.743888888888888
9.895000000000001
10.181111111111111
9.822222222222223
9.455555555555556
9.352777777777778
8.97888888888889
9.265
9.268888888888888
9.658333333333333
9.411666666666667
9.197777777777778
8.78111111111111
8.761666666666667
8.850000000000001
9.09388888888889
8.348333333333334
8.698333333333332
7.957222222222222
7.412222222222223
6.606111111111111
7.535555555555555
7.888888888888889
7.55111111111111
7.7011111111111115
8.145
7.237222222222223
6.686111111111111
5.723888888888889
6.122222222222223
6.083333333333333
5.8694444444444445
6.466666666666667
6.221111111111111
5.421666666666667
4.758333333333333
5.243333333333333
5.645
5.7444444444444445
6.396111111111111
6.182777777777778
5.387222222222222
4.365555555555556
4.075555555555556
4.9383333333333335
5.760555555555555
6.063888888888889
6.269444444444444
6.2011111111111115
5.770555555555556
4.407222222222222
4.253333333333334
3.788333333333333
3.6016666666666666
3.026111111111111
3.4255555555555555
3.6294444444444443
4.000555555555556
3.907222222222222
4.344444444444445
4.644444444444444
5.1033333333333335
4.972222222222222
4.931111111111111
4.483333333333333
5.022777777777778
4.362222222222222
4.065555555555555
4.248333333333333
4.152777777777778
3.791111111111111
3.8583333333333334
3.861111111111111
4.001111111111111
3.5933333333333337
3.704444444444444
