pet
0.3626086956521739
0.3317391304347826
0.3973913043478261
0.3160869565217391
0.17260869565217393
0.31086956521739134
0.3
0.2782608695652174
0.22826086956521738
0.32217391304347825
0.3734782608695652
0.39217391304347826
0.32608695652173914
0.358695652173913
0.1808695652173913
0.26608695652173914
0.3421739130434783
0.2839130434782609
0.3595652173913043
0.22739130434782612
0.34347826086956523
0.34652173913043477
0.32217391304347825
0.4221739130434783
0.29608695652173916
0.3660869565217391
0.32
0.2826086956521739
0.30043478260869566
0.32608695652173914
0.40956521739130436
0.37478260869565216
0.3678260869565218
0.2843478260869565
0.3847826086956522
0.4360869565217392
0.41
0.5508695652173913
0.4643478260869565
0.3939130434782609
0.491304347826087
0.4221739130434783
0.3930434782608696
0.5147826086956522
0.4973913043478261
0.4404347826086957
0.45869565217391306
0.3430434782608696
0.40869565217391307
0.5130434782608696
0.4543478260869565
0.478695652173913
0.5939130434782609
0.5717391304347826
0.5530434782608696
0.5191304347826087
0.5865217391304348
0.5852173913043479
0.6417391304347826
0.6691304347826087
0.6982608695652174
0.8230434782608695
0.7652173913043478
0.7521739130434782
0.7752173913043477
0.7095652173913044
0.7934782608695652
0.8317391304347825
0.67
0.74
0.9230434782608696
0.793913043478261
0.8339130434782609
0.8973913043478261
0.8443478260869566
0.9478260869565218
0.9895652173913044
0.9169565217391304
0.9595652173913044
1.0521739130434782
1.1321739130434783
1.1773913043478261
1.1369565217391304
1.241304347826087
1.1278260869565218
1.2091304347826086
1.2200000000000002
1.2482608695652175
1.2073913043478262
1.112608695652174
1.1218181818181818
1.1522727272727273
1.2304545454545455
1.3131818181818182
1.2977272727272728
1.3277272727272729
1.3554545454545455
1.268181818181818
1.4645454545454546
1.4295454545454545
1.454090909090909
1.5445454545454544
1.575909090909091
1.8490909090909091
1.7309090909090907
1.755909090909091
1.675
1.6004545454545456
1.669090909090909
1.775
1.674090909090909
1.7772727272727273
1.8213636363636363
1.8522727272727273
1.8949999999999998
1.9436363636363636
1.997272727272727
1.910909090909091
1.799090909090909
1.7927272727272727
1.975
2.108636363636364
2.1104545454545454
2.191818181818182
2.0913636363636363
2.1545454545454543
2.1204545454545456
2.187272727272727
2.1786363636363637
2.0818181818181816
2.179090909090909
2.188181818181818
2.374090909090909
2.6322727272727273
2.558181818181818
2.65
2.501818181818182
2.415909090909091
2.6104545454545454
2.5113636363636362
2.3677272727272727
2.597272727272727
2.278181818181818
2.554090909090909
2.522727272727273
2.555454545454545
2.6177272727272727
2.6136363636363638
2.5004545454545455
2.4736363636363636
2.6236363636363635
2.6886363636363635
2.49
2.6418181818181816
2.765909090909091
2.4054545454545457
2.4054545454545457
2.623181818181818
2.652272727272727
2.4986363636363635
2.5895454545454544
2.409090909090909
2.5940909090909092
2.6977272727272728
2.8268181818181817
2.8704545454545456
2.6818181818181817
2.555454545454545
2.5931818181818183
2.687727272727273
3.0
2.722272727272727
2.9068181818181817
2.6427272727272726
2.601818181818182
2.5968181818181817
2.7509090909090905
2.713636363636364
2.686818181818182
2.9322727272727276
2.8563636363636364
2.770909090909091
2.808181818181818
3.271818181818182
2.944545454545455
2.930454545454545
3.237727272727273
3.069545454545455
2.79
2.825909090909091
2.5786363636363636
2.899090909090909
2.7636363636363637
2.7695454545454545
2.629090909090909
2.6936363636363634
2.775909090909091
2.795909090909091
2.7140909090909093
2.602272727272727
2.673636363636364
2.690909090909091
2.4904545454545453
2.5609090909090906
2.4945454545454546
2.873181818181818
2.6436363636363636
2.7195454545454543
2.576363636363636
2.8354545454545454
2.559090909090909
2.377727272727273
2.6836363636363636
2.6563636363636363
2.5559090909090907
2.5454545454545454
2.4645454545454544
2.377272727272727
2.151818181818182
2.270909090909091
2.2586363636363633
2.37
2.3086363636363636
2.345
2.305
2.1745454545454543
2.450454545454545
2.5727272727272728
2.3759090909090905
2.046818181818182
2.1259090909090905
2.3759090909090905
2.2427272727272727
2.1954545454545453
2.074090909090909
2.1213636363636366
1.9713636363636362
2.1218181818181816
2.1322727272727273
1.9754545454545456
1.880909090909091
1.9490909090909092
1.8077272727272728
1.8077272727272726
1.9236363636363636
1.8286363636363634
1.9009090909090909
1.9118181818181819
1.89
1.6772727272727272
1.745
1.76
1.6990909090909092
1.6213636363636363
1.6136363636363635
1.6027272727272726
1.5045454545454546
1.3763636363636365
1.4413636363636364
1.3445454545454547
1.3304545454545453
1.384090909090909
1.423181818181818
1.2545454545454546
1.2854545454545454
1.1486363636363637
1.2336363636363636
1.075
0.9895454545454545
1.0136363636363637
1.0131818181818182
1.0404545454545455
0.9654545454545453
1.0973913043478263
1.0230434782608697
0.9665217391304348
0.9226086956521738
0.9269565217391305
0.9526086956521739
0.9617391304347827
0.9365217391304348
0.758695652173913
0.8047826086956522
0.8795652173913043
0.726086956521739
0.6769565217391305
0.6882608695652174
0.5578260869565217
0.6004347826086956
0.7721739130434784
0.6895652173913043
0.6934782608695652
0.6191304347826087
0.6382608695652173
0.658695652173913
0.6147826086956522
0.5891304347826087
0.5521739130434782
0.42826086956521736
0.5104347826086957
0.45521739130434785
0.5578260869565217
0.43347826086956526
0.44782608695652176
0.41956521739130437
0.36
0.45913043478260873
0.4721739130434782
0.46
0.44956521739130434
0.3234782608695652
0.3656521739130435
0.55
0.45608695652173914
0.4126086956521739
0.41956521739130437
0.5313043478260869
0.34608695652173915
0.43521739130434783
0.2573913043478261
0.3969565217391305
0.31913043478260866
0.41521739130434787
0.32608695652173914
0.25173913043478263
0.43000000000000005
0.24043478260869566
0.45608695652173914
0.3978260869565218
0.29304347826086957
0.27217391304347827
0.24217391304347827
0.29304347826086957
0.16956521739130434
0.20869565217391303
0.25478260869565217
0.27434782608695657
0.27260869565217394
0.17565217391304347
0.28695652173913044
0.31826086956521743
0.17521739130434782
0.21304347826086958
0.22869565217391302
0.26
0.3317391304347826
0.26260869565217393
0.21130434782608698
0.24217391304347827
0.23695652173913045
0.3126086956521739
0.3165217391304348
0.2539130434782609
0.30434782608695654
0.2034782608695652
0.18304347826086956
0.2821739130434783
0.2082608695652174
0.2595652173913044
0.19999999999999998
0.2726086956521739
0.25956521739130434
0.2504347826086956
0.35347826086956524
0.22478260869565217
