pet
0.3395
0.29700000000000004
0.34950000000000003
0.261
0.1635
0.231
0.294
0.277
0.259
0.2385
0.321
0.3265
0.323
0.34450000000000003
0.1535
0.254
0.34650000000000003
0.2265
0.2885
0.2205
0.2925
0.36550000000000005
0.3415
0.34700000000000003
0.22999999999999998
0.331
0.28250000000000003
0.236
0.2065
0.354
0.35210526315789475
0.3857894736842105
0.3494736842105263
0.3268421052631579
0.4047368421052632
0.4378947368421053
0.44421052631578944
0.5310526315789473
0.4505263157894737
0.36947368421052634
0.40421052631578946
0.4126315789473684
0.4047368421052631
0.42947368421052634
0.46842105263157896
0.45526315789473687
0.4368421052631579
0.3631578947368421
0.4263157894736842
0.5357894736842105
0.4847368421052632
0.48157894736842105
0.5442105263157895
0.5189473684210526
0.48315789473684206
0.49368421052631584
0.5473684210526316
0.5905263157894737
0.5947368421052632
0.6747368421052632
0.6752631578947369
0.8163157894736842
0.8005263157894738
0.7373684210526316
0.7931578947368422
0.6684210526315789
0.8031578947368421
0.8157894736842105
0.7347368421052632
0.76
0.9357894736842106
0.8452631578947368
0.8305263157894738
0.9257894736842105
0.8821052631578948
0.9589473684210525
0.9926315789473684
0.9326315789473684
0.951578947368421
0.9710526315789473
1.013684210526316
1.0973684210526315
1.2157894736842105
1.1889473684210525
1.164736842105263
1.1468421052631579
1.1531578947368422
1.2352631578947368
1.0789473684210527
1.0905263157894736
1.0978947368421053
1.2721052631578948
1.1573684210526316
1.2710526315789472
1.2242105263157896
1.3026315789473684
1.1536842105263156
1.1926315789473685
1.3415789473684212
1.456842105263158
1.4057894736842105
1.5489473684210526
1.6257894736842105
1.8952631578947368
1.7557894736842106
1.6894736842105265
1.674736842105263
1.4857894736842105
1.6578947368421053
1.763157894736842
1.5894736842105264
1.6910526315789476
1.8005263157894738
1.8510526315789475
1.7810526315789474
1.9226315789473685
2.0189473684210526
1.9105263157894736
1.8078947368421054
1.9321052631578948
1.9542105263157896
2.084736842105263
2.196315789473684
2.227894736842105
2.02
2.2405263157894737
2.122105263157895
2.166315789473684
2.2210526315789476
1.9626315789473683
2.1542105263157896
2.290526315789474
2.372105263157895
2.4773684210526317
2.453157894736842
2.4710526315789476
2.296842105263158
2.336315789473684
2.4642105263157896
2.313684210526316
2.201578947368421
2.4610526315789474
2.37
2.582105263157895
2.420526315789474
2.413684210526316
2.43
2.6126315789473686
2.590526315789474
2.54
2.6578947368421053
2.597
2.3899999999999997
2.487
2.591
2.4395
2.25
2.5265
2.7009999999999996
2.4635000000000002
2.4829999999999997
2.206
2.4695
2.5170000000000003
2.713
2.722
2.5655
2.457
2.6975000000000002
2.838
3.0294999999999996
2.6275
2.8695
2.594
2.582
2.5629999999999997
2.818
2.9685
2.9665
3.1904999999999997
2.908
2.62
2.713
3.0915
2.9855
2.9175
3.06
2.981
2.745
2.8850000000000002
2.747
2.8325
2.8105
2.763
2.666
2.6045000000000003
2.722
2.6879999999999997
2.6135
2.638
2.675
2.5925000000000002
2.5565
2.6414999999999997
2.5055
2.9
2.675
2.6345
2.489
2.7435
2.5620000000000003
2.403
2.6704999999999997
2.6485
2.618
2.455
2.473
2.266
2.0845
2.1295
2.194
2.3914999999999997
2.2489999999999997
2.2435
2.289
2.2
2.2765
2.4375
2.2735
2.0605
2.1495
2.292
2.2945
2.2125
2.011
2.02
1.9225
2.0509999999999997
2.0745
1.9280000000000002
1.8005
1.889
1.714
1.7305
1.8809999999999998
1.7274999999999998
1.7739999999999998
1.8080000000000003
1.736
1.5365
1.5275
1.6175000000000002
1.5845
1.5445
1.4469999999999998
1.5585
1.4275
1.2890000000000001
1.4005
1.3605
1.3155000000000001
1.3359999999999999
1.3155
1.221
1.2109999999999999
1.097
1.1695
1.046
0.8915
1.129
0.9435
0.984
0.9075
0.9879999999999999
0.8705
0.8404999999999999
1.0065
0.817
0.8480000000000001
0.9695
0.9425000000000001
0.7795
0.805
0.8185
0.6599999999999999
0.6315
0.6425
0.5245
0.5745
0.768
0.6445000000000001
0.635
0.442
0.516
0.5685
0.5245
0.4875
0.493
0.3645
0.3905
0.34900000000000003
0.44750000000000006
0.43899999999999995
0.4455
0.41050000000000003
0.39
0.348
0.391
0.34249999999999997
0.4295
0.23399999999999999
0.33049999999999996
0.41150000000000003
0.331
0.3335
0.39449999999999996
0.3935
0.276
0.4225
0.23149999999999998
0.3175
0.255
0.36150000000000004
0.281
0.2165
0.3325
0.26549999999999996
0.3625
0.3355
0.231
0.252
0.227
0.271
0.201
0.19649999999999998
0.23500000000000001
0.257
0.3065
0.15999999999999998
0.22150000000000003
0.3325
0.147
0.21150000000000002
0.168
0.231
0.27349999999999997
0.11100000000000002
0.1835
0.20949999999999996
0.27549999999999997
0.223
0.2625
0.24700000000000003
0.28400000000000003
0.191
0.128
0.258
0.1925
0.191
0.24700000000000003
0.193
0.219
0.176
0.3
0.24500000000000002
