temperature
2.8705000000000003
2.772
2.3404999999999996
2.5115000000000003
3.181
3.072
2.375
2.7805
3.2495000000000003
2.5490000000000004
2.082
1.7079999999999997
1.3459999999999999
1.7550000000000001
2.2275
2.7255000000000003
1.986
1.5030000000000001
2.2625
2.5605
3.134
2.9195
2.5415
2.758
2.364
2.002
1.7645
1.9989999999999999
2.5105
2.4255
2.595263157894737
2.6910526315789474
2.7789473684210524
3.2705263157894735
3.5921052631578947
4.011578947368421
4.161052631578947
3.7099999999999995
2.9636842105263157
2.4626315789473683
2.0189473684210526
1.6147368421052632
1.7052631578947368
1.7878947368421052
1.4710526315789474
1.3263157894736841
1.1221052631578947
1.6868421052631577
1.923157894736842
2.0536842105263156
1.7273684210526317
1.882105263157895
2.6121052631578947
2.684736842105263
2.943157894736842
2.316315789473684
2.748421052631579
3.4836842105263157
3.6978947368421053
3.5705263157894738
3.7521052631578953
3.8905263157894736
3.754736842105263
4.627894736842106
5.078421052631579
5.356842105263158
5.425263157894737
4.945263157894736
5.704210526315789
5.71157894736842
5.19
5.421052631578948
5.294736842105263
4.786315789473684
4.23
4.767894736842106
4.82578947368421
4.545789473684211
4.34578947368421
4.596315789473684
4.71157894736842
4.900526315789474
5.025263157894737
5.520526315789474
5.016315789473684
5.0678947368421055
5.022631578947369
4.979473684210526
5.583157894736842
5.7026315789473685
6.464736842105263
5.740526315789474
4.772631578947369
4.713157894736842
5.084210526315789
5.3715789473684215
5.37421052631579
5.1968421052631575
5.707368421052632
6.160526315789474
6.302105263157895
7.008947368421054
6.3784210526315785
6.615263157894737
6.9584210526315795
7.177368421052631
6.943157894736841
6.253157894736842
7.1568421052631574
7.193684210526317
7.3784210526315785
7.824210526315789
7.712105263157895
7.3910526315789475
7.240526315789474
7.296315789473684
7.46578947368421
7.452105263157895
8.276315789473685
8.49842105263158
8.072105263157894
7.942105263157895
8.442105263157895
8.396842105263158
8.599473684210526
8.886842105263158
9.068947368421053
9.292631578947368
8.468421052631578
8.442105263157895
9.40157894736842
9.239473684210527
9.720526315789474
9.82736842105263
9.991052631578947
9.783157894736842
9.658421052631578
9.612631578947369
9.68421052631579
10.398421052631578
10.616315789473685
10.59
11.057894736842105
11.323157894736841
11.107368421052632
10.99421052631579
10.910000000000002
10.586842105263159
11.15
11.107368421052632
11.457894736842107
12.134
11.9845
12.2925
12.135
11.935500000000001
11.901
11.726
11.7475
12.3205
12.290000000000001
11.891
11.808
12.084
12.417
12.156
12.6985
12.986
12.747
13.290000000000001
13.425999999999998
12.717
12.906
12.656
12.861
13.428
13.7965
13.976499999999998
14.248500000000002
14.279499999999999
14.3235
14.059999999999999
14.0875
14.3875
14.916999999999998
14.9525
15.0365
15.39
15.617500000000001
14.970500000000001
14.972999999999999
15.366
15.178999999999998
15.393
15.088999999999999
15.202000000000002
15.003
14.683000000000002
14.525
14.9585
15.303999999999998
14.7845
14.698500000000001
15.075
15.091
15.402000000000001
15.453999999999999
15.803999999999998
15.694999999999999
16.000999999999998
15.593
15.385499999999999
15.044999999999998
15.37
15.5825
15.11
14.9005
14.7015
14.1915
14.318999999999999
14.5555
14.5215
14.997
14.9355
14.7
14.910499999999999
15.3165
14.782499999999999
14.557999999999998
14.826500000000001
15.007
15.325
15.286000000000001
15.2405
13.993
13.995
14.1725
14.0435
13.544
13.710999999999999
14.216999999999999
14.007499999999999
13.2985
13.963
13.544
13.1465
12.829500000000001
12.822
12.605500000000001
12.6775
13.0665
12.9025
12.908000000000001
12.6085
12.386
12.076
11.754000000000001
11.7225
11.9745
12.317499999999999
12.289
11.742999999999999
11.9725
12.0405
11.65
11.7785
11.611
11.004
11.138499999999999
11.5745
11.458
11.4345
11.23
11.260000000000002
11.001999999999999
10.5895
10.538
10.046
10.3335
10.472
10.031
10.7035
10.3485
9.675
10.087
9.634
9.048
8.902
8.376999999999999
8.256
8.221
8.704
8.672
7.9375
7.9485
7.8235
7.962999999999999
7.9245
8.189499999999999
7.952
7.604000000000001
7.281999999999999
7.845000000000001
7.886
7.458
7.0105
6.8790000000000004
6.4079999999999995
6.3015
5.8595
6.4670000000000005
6.9864999999999995
6.6915000000000004
6.651000000000001
7.0625
6.2545
5.4719999999999995
5.211
5.4399999999999995
5.038
4.8995
5.589
5.531000000000001
4.586
4.311999999999999
4.851
5.138
4.82
5.077
4.7975
4.0055
3.6485
3.53
3.5685000000000002
4.0705
4.4535
4.897
4.494
3.88
3.393
3.0705
2.8400000000000003
3.14
2.899
3.184
3.2055
3.1239999999999997
3.4065
3.7
3.4435000000000002
3.6354999999999995
3.2625
3.221
2.6395
3.382
2.8850000000000002
3.364
3.7729999999999997
3.6195
3.3340000000000005
2.883
3.207
3.0965
2.5919999999999996
2.723
