temperature
6.539130434782609
6.57391304347826
6.400434782608696
6.666956521739131
7.061739130434782
7.071739130434783
6.725217391304348
7.185217391304348
7.272173913043478
6.600869565217391
6.076086956521739
5.539565217391305
5.409999999999999
5.6573913043478266
6.009130434782609
5.962173913043478
5.775652173913044
5.602173913043478
6.127391304347826
6.526521739130436
6.857826086956521
6.717391304347826
6.8426086956521734
6.746086956521739
6.47
6.366086956521738
6.408260869565218
6.423043478260869
6.0004347826086954
5.883478260869565
5.570434782608696
6.047826086956522
6.2873913043478264
6.393478260869566
6.605217391304348
6.880434782608695
6.869130434782609
6.826521739130435
6.525652173913044
6.181304347826086
5.5660869565217395
5.588695652173913
5.987826086956522
5.314782608695652
5.296086956521739
5.0230434782608695
4.840434782608695
5.163043478260869
5.217391304347826
5.562608695652174
5.8426086956521734
5.93608695652174
6.304347826086956
6.440434782608696
6.09608695652174
6.14695652173913
6.425217391304348
6.638260869565218
6.4995652173913046
6.642173913043479
6.75695652173913
6.765652173913042
6.6695652173913045
6.4913043478260875
7.166521739130435
7.317826086956522
6.968695652173913
7.383478260869565
7.26695652173913
7.452608695652174
7.1521739130434785
7.407826086956521
7.01695652173913
7.324347826086957
7.105652173913044
7.131739130434783
7.029565217391305
7.039130434782609
7.084782608695652
7.163913043478261
7.369565217391305
7.195652173913044
7.466521739130434
7.774347826086957
7.662173913043477
7.789999999999999
7.335217391304348
7.443913043478261
7.838695652173913
7.734782608695652
7.887727272727273
7.774545454545454
6.929545454545454
6.6840909090909095
6.954090909090909
7.122272727272727
7.716818181818183
7.76409090909091
7.453636363636363
7.930454545454546
8.07
8.202272727272726
8.672727272727272
8.532272727272728
8.577727272727273
8.821818181818182
8.789545454545454
8.516818181818183
9.221363636363636
8.98409090909091
8.969545454545454
9.40409090909091
9.57318181818182
9.241818181818182
8.810454545454546
8.759545454545455
8.904545454545454
8.996818181818183
9.190454545454545
9.387727272727274
9.482272727272727
9.13
9.749545454545455
9.94818181818182
9.847727272727273
10.110909090909091
10.061363636363636
10.357272727272727
10.330454545454545
10.212272727272728
10.469090909090909
10.673636363636364
10.924090909090909
11.024090909090908
11.19
11.017727272727273
11.34
11.745
11.52
12.030454545454546
12.239545454545453
12.177272727272726
12.109090909090908
12.379545454545456
12.575909090909091
12.240454545454547
12.409090909090908
11.97181818181818
12.196363636363635
12.172272727272729
12.205
12.231818181818182
12.582727272727272
13.010454545454547
12.719090909090909
12.842727272727274
12.709545454545456
12.506363636363636
12.79590909090909
13.268636363636364
12.989999999999998
13.305909090909092
13.45590909090909
13.139999999999999
13.328636363636365
13.522727272727273
13.817272727272728
13.832727272727272
13.855454545454545
14.022727272727273
14.345
14.469090909090909
14.48090909090909
14.132272727272726
14.101363636363637
14.291818181818183
14.613636363636363
14.562272727272727
14.419090909090908
14.728636363636362
14.844090909090909
14.762272727272727
15.012727272727272
15.01909090909091
15.464545454545457
15.905909090909091
15.718636363636364
15.759999999999998
16.026363636363637
15.950909090909091
15.82181818181818
15.918181818181818
16.092272727272725
16.12090909090909
16.006818181818183
16.05090909090909
15.886818181818182
15.675
15.655909090909091
15.812727272727273
16.36090909090909
16.186818181818182
15.680909090909092
15.832272727272727
15.962272727272728
15.919545454545455
16.22772727272727
16.22772727272727
16.330909090909092
16.461363636363636
16.84181818181818
16.29
15.95
15.95909090909091
16.366363636363637
15.913181818181817
15.852727272727272
16.060454545454544
15.697727272727274
15.690454545454545
15.976818181818182
16.027727272727272
15.892727272727273
15.895
16.05818181818182
16.240454545454547
16.458181818181817
15.899545454545455
15.796363636363635
15.72409090909091
16.11318181818182
16.13909090909091
16.167727272727273
16.225454545454543
15.754090909090907
15.916818181818183
15.878181818181817
16.099999999999998
16.15818181818182
15.92090909090909
15.616363636363637
15.315
15.27818181818182
15.243636363636364
15.354545454545455
15.041363636363638
14.617727272727272
14.965000000000002
14.802727272727275
14.984545454545453
15.110454545454546
14.993181818181819
14.629090909090907
14.32090909090909
14.251363636363637
14.216363636363637
13.832727272727272
14.268181818181818
14.181363636363637
13.988181818181818
14.05181818181818
13.822272727272725
13.664545454545454
13.679545454545455
13.29409090909091
13.572272727272729
13.555454545454547
13.42909090909091
13.085
13.289090909090909
13.435
13.238636363636363
13.143181818181818
13.161304347826086
12.829565217391304
12.864347826086956
12.94217391304348
12.723478260869564
12.388260869565217
12.488695652173913
12.154347826086957
12.317826086956522
12.297391304347824
11.85695652173913
11.963043478260868
11.742173913043478
11.315217391304348
11.687391304347827
11.239565217391304
11.048695652173913
11.165217391304349
11.60217391304348
11.109565217391305
10.76695652173913
10.695217391304348
10.86608695652174
10.784782608695652
10.832608695652175
11.051739130434783
10.916521739130435
10.832173913043478
10.588695652173913
10.78217391304348
11.048260869565217
10.862608695652174
10.747826086956522
9.884347826086957
9.843913043478262
9.589565217391305
9.401304347826088
9.957826086956521
9.969565217391304
9.475652173913044
9.61
9.76695652173913
8.943478260869565
8.651304347826086
8.556086956521739
8.509130434782609
8.47695652173913
8.847826086956522
9.039130434782608
8.619565217391305
8.135652173913044
8.003913043478262
7.936521739130434
8.264782608695652
8.243478260869566
7.949565217391305
7.68608695652174
7.622608695652174
7.4421739130434785
7.437826086956521
7.837391304347825
7.745652173913044
7.544347826086957
7.748260869565217
7.984347826086956
7.938695652173913
8.064347826086957
8.167391304347825
7.095217391304348
6.738695652173914
6.892173913043479
7.494782608695652
7.503913043478261
7.6808695652173915
7.972173913043479
7.876956521739131
7.6552173913043475
7.356086956521739
7.263913043478261
7.171739130434782
7.505217391304348
7.590434782608696
7.068260869565217
7.586956521739131
7.791304347826086
7.556521739130435
7.53608695652174
7.2156521739130435
6.857391304347826
7.0200000000000005
6.536521739130435
6.471739130434782
