pet
0.34652173913043477
0.35782608695652174
0.42347826086956525
0.3526086956521739
0.2360869565217391
0.30043478260869566
0.31217391304347825
0.30478260869565216
0.25173913043478263
0.37
0.45304347826086955
0.42913043478260876
0.34652173913043477
0.39
0.23608695652173917
0.27304347826086955
0.3239130434782609
0.3352173913043478
0.36826086956521736
0.2834782608695652
0.3756521739130435
0.3617391304347826
0.3391304347826087
0.45739130434782604
0.3456521739130435
0.36
0.3560869565217391
0.3226086956521739
0.33
0.3417391304347826
0.45869565217391306
0.3873913043478261
0.4017391304347826
0.30521739130434783
0.4056521739130435
0.4434782608695652
0.43695652173913047
0.5752173913043478
0.49086956521739133
0.40956521739130436
0.49521739130434783
0.44565217391304346
0.43999999999999995
0.5482608695652174
0.5313043478260869
0.47130434782608693
0.4765217391304347
0.3860869565217392
0.4504347826086956
0.538695652173913
0.45478260869565224
0.4839130434782608
0.5908695652173913
0.5573913043478261
0.581304347826087
0.5534782608695652
0.5626086956521739
0.6060869565217392
0.6821739130434783
0.648695652173913
0.6991304347826086
0.7999999999999999
0.7530434782608696
0.6926086956521739
0.7408695652173912
0.6930434782608695
0.7360869565217392
0.8226086956521739
0.662608695652174
0.731304347826087
0.8960869565217391
0.7947826086956522
0.8082608695652174
0.8565217391304347
0.8717391304347827
0.9608695652173914
0.9256521739130434
0.9256521739130434
0.9734782608695652
1.0204347826086957
1.1004347826086955
1.1095652173913044
1.1330434782608696
1.2182608695652173
1.1291304347826085
1.211304347826087
1.248695652173913
1.2286956521739132
1.2208695652173913
1.088695652173913
1.0909090909090908
1.1186363636363637
1.2613636363636365
1.3577272727272727
1.3354545454545454
1.3863636363636365
1.416818181818182
1.3004545454545455
1.460909090909091
1.3895454545454546
1.386818181818182
1.4936363636363637
1.5731818181818182
1.8113636363636365
1.7359090909090908
1.7659090909090909
1.7409090909090907
1.595909090909091
1.6236363636363635
1.7468181818181818
1.6877272727272727
1.7586363636363636
1.8890909090909092
1.9713636363636362
1.9204545454545454
2.0054545454545454
2.130909090909091
1.9131818181818183
1.794090909090909
1.7981818181818183
2.01
2.0749999999999997
2.1131818181818183
2.1986363636363637
2.1981818181818182
2.190909090909091
2.0813636363636365
2.161363636363636
2.0904545454545453
2.005
2.235
2.187272727272727
2.346363636363636
2.665909090909091
2.536818181818182
2.6563636363636363
2.480909090909091
2.4672727272727273
2.665
2.5586363636363636
2.428181818181818
2.588636363636364
2.35
2.665
2.466818181818182
2.5645454545454545
2.6368181818181817
2.645909090909091
2.5136363636363637
2.548636363636364
2.6163636363636367
2.680454545454545
2.462727272727273
2.644090909090909
2.8027272727272727
2.4222727272727274
2.4063636363636363
2.578181818181818
2.570909090909091
2.518181818181818
2.569090909090909
2.361818181818182
2.5813636363636365
2.598181818181818
2.7654545454545456
2.838181818181818
2.648181818181818
2.6072727272727274
2.5072727272727273
2.7077272727272725
3.015
2.7068181818181816
2.903181818181818
2.608636363636364
2.5563636363636366
2.544090909090909
2.6313636363636363
2.699090909090909
2.6163636363636367
2.8113636363636365
2.7509090909090905
2.6286363636363634
2.835
3.1818181818181817
2.89
2.938181818181818
3.189090909090909
3.041363636363636
2.715
2.7172727272727273
2.4918181818181817
2.778636363636364
2.727272727272727
2.6322727272727273
2.5168181818181816
2.5595454545454546
2.724090909090909
2.6722727272727274
2.64
2.5504545454545453
2.648636363636364
2.640909090909091
2.471818181818182
2.534090909090909
2.4522727272727276
2.7327272727272724
2.6154545454545453
2.6563636363636363
2.458181818181818
2.745
2.475
2.2286363636363635
2.5245454545454544
2.4413636363636364
2.444545454545455
2.3736363636363635
2.314090909090909
2.2122727272727274
2.085909090909091
2.1313636363636363
2.166363636363636
2.294090909090909
2.1554545454545457
2.247272727272727
2.196818181818182
2.0
2.2154545454545453
2.4068181818181817
2.350909090909091
2.0349999999999997
2.0336363636363637
2.211818181818182
2.101818181818182
2.132727272727273
1.9981818181818183
2.123181818181818
1.9154545454545455
2.046818181818182
2.0254545454545454
1.8945454545454545
1.7777272727272726
1.8563636363636364
1.7718181818181817
1.7495454545454547
1.8236363636363635
1.7240909090909091
1.7127272727272727
1.7713636363636363
1.7813636363636363
1.533181818181818
1.6327272727272728
1.624090909090909
1.5713636363636363
1.533181818181818
1.5213636363636363
1.5299999999999998
1.4163636363636363
1.333181818181818
1.3277272727272729
1.2913636363636363
1.3186363636363636
1.3804545454545456
1.3427272727272728
1.210909090909091
1.208181818181818
1.1036363636363637
1.2327272727272727
1.0568181818181819
0.9454545454545454
0.9186363636363637
0.9672727272727273
1.0713636363636363
0.9472727272727273
1.091304347826087
0.9839130434782608
0.9665217391304348
0.9295652173913043
0.9013043478260869
0.956086956521739
0.982608695652174
0.9521739130434782
0.7256521739130435
0.8152173913043478
0.8630434782608696
0.7639130434782608
0.6817391304347826
0.7308695652173912
0.5360869565217391
0.6226086956521739
0.811304347826087
0.6917391304347826
0.6930434782608695
0.6469565217391304
0.6565217391304348
0.6891304347826087
0.6526086956521739
0.5539130434782609
0.5469565217391305
0.47782608695652173
0.5134782608695653
0.4782608695652174
0.6091304347826086
0.41478260869565214
0.4917391304347826
0.43565217391304345
0.40956521739130436
0.48869565217391303
0.4956521739130435
0.48130434782608694
0.4956521739130435
0.3426086956521739
0.44521739130434784
0.5665217391304348
0.4721739130434782
0.46913043478260874
0.4443478260869565
0.5791304347826087
0.3508695652173913
0.4691304347826087
0.30130434782608695
0.41956521739130437
0.3482608695652174
0.45
0.358695652173913
0.2747826086956522
0.468695652173913
0.2530434782608696
0.48
0.3760869565217391
0.32782608695652177
0.2673913043478261
0.30521739130434783
0.34956521739130436
0.21391304347826087
0.23869565217391306
0.25565217391304346
0.29260869565217396
0.35000000000000003
0.19956521739130434
0.33
0.3373913043478261
0.20043478260869566
0.23826086956521741
0.24173913043478262
0.3282608695652174
0.30434782608695654
0.29347826086956524
0.23565217391304347
0.2652173913043478
0.29130434782608694
0.36086956521739133
0.3717391304347826
0.2947826086956522
0.31130434782608696
0.2039130434782609
0.23347826086956522
0.2886956521739131
0.23521739130434782
0.29304347826086957
0.1882608695652174
0.2991304347826087
0.27869565217391307
0.2765217391304348
0.40782608695652167
0.24000000000000002
