pet
0.23090909090909092
0.2731818181818182
0.24727272727272728
0.2872727272727273
0.2722727272727273
0.19409090909090912
0.3509090909090909
0.31636363636363635
0.31
0.2813636363636363
0.31772727272727275
0.3386363636363636
0.3695454545454545
0.2931818181818182
0.2827272727272727
0.2636363636363636
0.23681818181818182
0.3018181818181818
0.2781818181818182
0.35318181818181815
0.3040909090909091
0.29
0.2890909090909091
0.29863636363636364
0.32045454545454544
0.39545454545454545
0.3622727272727273
0.4622727272727273
0.3768181818181818
0.3809090909090909
0.43681818181818177
0.4227272727272728
0.4627272727272727
0.425
0.5054545454545454
0.5013636363636363
0.5304545454545454
0.5436363636363636
0.4859090909090909
0.5218181818181818
0.4959090909090909
0.4254545454545454
0.5186363636363637
0.5631818181818182
0.5272727272727272
0.5913636363636363
0.6854545454545454
0.5259090909090909
0.5563636363636364
0.5904545454545455
0.6768181818181819
0.6881818181818182
0.7163636363636363
0.6654545454545455
0.5954545454545455
0.6822727272727273
0.8263636363636363
0.7895454545454546
0.6649999999999999
0.7559090909090909
0.9063636363636363
0.7949999999999999
0.8340909090909091
0.8354545454545454
0.9672727272727273
0.9268181818181819
0.8804545454545455
0.9981818181818182
1.0218181818181817
0.9990909090909091
1.1122727272727273
1.0518181818181818
1.1413636363636364
1.0413636363636363
1.1272727272727272
1.0154545454545454
1.0945454545454545
1.1104545454545454
1.044090909090909
1.145909090909091
1.210909090909091
1.1372727272727272
1.155909090909091
1.1677272727272727
1.1768181818181818
1.2868181818181819
1.3063636363636364
1.28
1.2645454545454546
1.530909090909091
1.567391304347826
1.6782608695652175
1.557391304347826
1.5134782608695654
1.5821739130434782
1.9047826086956523
1.5269565217391303
1.8082608695652171
1.5369565217391306
1.7334782608695651
1.6508695652173913
1.6608695652173915
1.6560869565217393
1.7665217391304349
1.7408695652173913
1.8491304347826087
2.003478260869565
2.0630434782608695
1.662608695652174
1.8313043478260869
2.1734782608695653
2.3004347826086957
2.119565217391304
1.9752173913043478
2.0830434782608696
1.8217391304347825
2.1969565217391307
2.178695652173913
2.142608695652174
2.1682608695652172
2.2926086956521736
2.215217391304348
2.398695652173913
2.385217391304348
2.2552173913043476
2.5634782608695654
2.4017391304347826
2.3113043478260873
2.5230434782608695
2.4413043478260867
2.4956521739130433
2.5834782608695654
2.4434782608695653
2.3286956521739133
2.6208695652173915
2.4295652173913043
2.323913043478261
2.482173913043478
2.6734782608695653
2.344782608695652
2.3591304347826085
2.674782608695652
2.9447826086956526
2.786086956521739
2.794782608695652
2.670434782608696
2.376521739130435
2.657826086956522
2.8408695652173916
2.7578260869565216
3.0873913043478263
2.967826086956522
2.6817391304347824
2.8260869565217392
2.5369565217391306
2.8795652173913044
2.663478260869565
2.9378260869565214
3.045217391304348
2.927826086956522
2.7965217391304344
2.736521739130435
2.7717391304347827
2.7517391304347827
2.756086956521739
2.9826086956521736
2.88304347826087
3.023913043478261
3.183913043478261
3.281304347826087
3.318695652173913
3.2530434782608695
3.09304347826087
3.205217391304348
3.176521739130435
2.9813043478260868
3.1947826086956526
3.1230434782608696
3.2008695652173915
3.358260869565217
3.2517391304347827
3.2047826086956523
3.07
2.968695652173913
3.219130434782609
2.9082608695652175
3.0217391304347827
2.973478260869565
2.780869565217391
3.077826086956522
3.0786956521739133
3.2756521739130435
3.011304347826087
2.775217391304348
3.245217391304348
3.221304347826087
3.0626086956521736
2.9873913043478266
3.33
3.2969565217391303
3.172608695652174
3.154347826086956
3.2304347826086954
3.1891304347826086
3.302608695652174
3.177391304347826
2.926521739130435
2.8843478260869566
3.106956521739131
3.082608695652174
3.153913043478261
2.9756521739130433
2.9556521739130437
3.1295652173913044
3.1204347826086956
2.778695652173913
3.178695652173913
2.9495652173913043
2.844782608695652
2.893478260869565
2.925652173913044
2.6639130434782605
2.9391304347826086
2.551304347826087
2.65
2.528260869565217
2.8152173913043477
2.8434782608695657
2.7352173913043476
2.6221739130434782
2.6804347826086956
2.6156521739130434
2.59304347826087
2.3813043478260867
2.3017391304347825
2.162608695652174
2.101304347826087
1.8521739130434782
2.2908695652173914
2.345652173913044
2.3347826086956522
1.9869565217391305
2.1034782608695655
2.112173913043478
2.0960869565217393
1.996086956521739
2.2065217391304346
1.9869565217391305
1.9204347826086958
2.0017391304347827
1.963913043478261
1.9865217391304346
1.9195652173913043
1.791304347826087
1.8630434782608696
1.7826086956521738
1.6921739130434783
1.5217391304347827
1.753913043478261
1.6221739130434785
1.5230434782608697
1.432608695652174
1.4982608695652175
1.602608695652174
1.4734782608695653
1.4117391304347826
1.2752173913043479
1.2352173913043478
1.1452173913043477
1.1652173913043478
1.1921739130434783
1.1491304347826088
1.1860869565217391
1.1313636363636363
1.136818181818182
1.0872727272727274
1.1572727272727272
1.0895454545454546
1.0613636363636365
0.9759090909090908
0.8236363636363637
0.9577272727272728
1.0722727272727273
0.9554545454545454
0.884090909090909
0.6531818181818182
0.7227272727272728
0.7081818181818181
0.6763636363636364
0.8922727272727272
0.8318181818181819
0.7786363636363636
0.7063636363636363
0.6663636363636364
0.6845454545454546
0.7495454545454545
0.7231818181818181
0.7668181818181818
0.7122727272727273
0.7390909090909091
0.6081818181818182
0.5177272727272727
0.5568181818181818
0.5395454545454546
0.5004545454545455
0.47954545454545455
0.5136363636363636
0.41954545454545455
0.3718181818181818
0.45681818181818185
0.4063636363636363
0.39681818181818185
0.3372727272727273
0.33409090909090905
0.3481818181818182
0.325
0.3022727272727273
0.40863636363636363
0.22681818181818184
0.17363636363636362
0.23590909090909093
0.28681818181818186
0.21454545454545454
0.25727272727272726
0.23772727272727276
0.21045454545454545
0.3
0.23772727272727276
0.2318181818181818
0.23090909090909092
0.20954545454545456
0.18
0.1890909090909091
0.2009090909090909
0.24636363636363637
0.2318181818181818
0.3181818181818182
0.26045454545454544
0.3277272727272727
0.29090909090909095
0.3259090909090909
0.18818181818181817
0.2740909090909091
0.19045454545454543
0.22818181818181815
0.20590909090909093
0.19409090909090912
0.34363636363636363
0.24818181818181817
0.2218181818181818
0.17090909090909093
0.10681818181818183
0.10045454545454545
0.1318181818181818
0.2259090909090909
0.22772727272727272
0.2259090909090909
0.32681818181818184
0.2859090909090909
0.2959090909090909
0.27454545454545454
0.2686363636363636
0.19727272727272727
0.25681818181818183
0.19772727272727272
