temperature
5.244705882352941
4.911176470588235
4.6782352941176475
5.420588235294118
5.686470588235294
5.987647058823529
4.523125
4.505
5.32
5.736875
5.25625
4.615
4.6225000000000005
4.406875
4.756875
4.928125
4.711875
3.91625
4.3525
4.20125
4.83
4.91875
4.98875
4.48375
4.2825
3.826875
4.1625
4.830625
4.538125
3.821875
3.77875
3.859375
3.960625
4.315625
4.990625
4.985
5.5825
4.57875
4.008125
3.9406250000000003
3.740625
3.74
4.40375
3.59375
2.946875
3.635625
4.011875
4.204375
4.29875
4.225
3.894375
4.113125
4.015625
4.933125
5.2525
4.50875
4.691875
5.179375
5.2675
5.09
5.285
5.245
5.33375
6.118125
6.484375
6.916875
6.295625
5.72875
6.30625
6.63125
5.965625
6.338125
6.786875
7.079375
6.549375
7.420624999999999
6.930625
7.116875
5.78625
6.446875
6.855625
7.089375
7.49125
7.205
6.80875
7.064375
6.885
6.86
7.668125
7.495
7.678125
6.960625
6.66375
6.441875
6.5337499999999995
6.8950000000000005
7.4525
7.660625
7.553125
7.956875
7.59625
7.448125
7.5843750000000005
7.3870588235294115
7.424117647058824
8.22235294117647
7.985882352941176
7.828235294117646
8.354117647058825
8.41294117647059
8.402941176470588
9.753529411764706
9.728823529411764
9.309411764705882
9.511176470588236
9.583529411764705
10.308823529411764
10.037058823529412
10.102941176470589
10.305294117647058
10.785882352941178
10.881176470588235
10.484117647058824
10.195294117647059
10.403529411764707
10.60764705882353
10.217058823529412
10.744117647058824
10.474117647058824
10.361176470588234
10.884705882352941
10.88764705882353
11.333529411764706
12.003529411764706
12.094705882352942
12.159411764705883
12.172941176470587
11.761176470588236
11.601764705882353
12.290000000000001
12.243529411764705
12.17235294117647
12.775882352941176
13.311176470588235
13.501764705882353
13.308235294117647
12.749411764705883
12.027058823529412
12.20470588235294
13.054117647058824
13.318823529411764
13.461764705882352
13.295294117647058
13.381764705882354
12.972941176470588
13.149411764705881
13.548235294117646
14.174117647058823
13.879411764705882
14.068235294117647
13.854117647058825
13.562941176470588
13.540000000000001
13.683529411764706
14.444117647058825
14.370588235294118
14.787058823529412
14.597058823529412
14.681764705882353
15.07764705882353
15.52705882352941
15.345882352941176
14.991176470588234
14.880588235294118
14.94
15.200588235294116
16.021764705882354
16.401764705882353
15.878235294117648
16.040588235294116
16.003529411764706
15.931764705882351
15.612352941176471
15.48705882352941
15.92
17.078823529411768
16.590000000000003
16.58058823529412
16.71294117647059
16.779411764705884
16.728823529411763
17.20764705882353
17.00470588235294
17.265882352941176
17.367058823529412
17.390588235294118
17.31705882352941
16.26764705882353
16.59470588235294
17.29941176470588
17.438823529411764
17.398235294117647
17.54
17.55
17.24411764705882
17.44764705882353
17.05941176470588
17.396470588235296
17.66235294117647
17.498823529411766
17.306470588235292
17.674705882352942
17.05764705882353
17.36176470588235
17.428235294117645
17.287647058823527
16.949411764705882
16.958235294117646
16.814117647058822
17.23764705882353
17.855882352941176
18.226470588235294
17.334705882352942
17.06235294117647
16.62
16.735882352941175
17.163529411764703
16.983529411764703
16.964117647058824
16.811176470588236
17.521176470588237
17.767058823529414
17.707647058823532
17.373529411764707
16.169999999999998
15.994117647058822
16.118823529411763
16.45058823529412
15.604705882352944
15.374705882352941
15.41235294117647
15.56235294117647
15.863529411764706
15.547647058823529
15.474117647058824
15.467647058823529
15.000588235294117
14.520588235294117
14.068235294117647
14.40235294117647
14.743529411764705
14.86235294117647
14.680588235294117
14.26529411764706
14.43470588235294
13.596470588235293
13.407058823529413
13.723529411764707
14.047058823529412
14.464117647058824
14.623529411764705
14.463529411764705
13.682941176470587
14.077058823529413
13.545294117647058
13.67235294117647
13.430588235294117
13.432941176470589
13.274117647058823
13.335294117647058
13.319411764705883
13.210588235294118
13.345882352941176
13.24
12.743529411764705
12.662941176470587
12.644117647058822
12.286470588235295
11.863529411764706
11.801764705882352
11.558823529411764
12.36235294117647
12.588235294117647
12.338235294117647
11.84235294117647
12.365294117647059
11.649411764705881
11.65
10.980588235294118
10.854705882352942
10.653529411764705
10.91764705882353
10.797647058823529
10.762352941176472
10.269411764705882
9.741176470588234
9.598235294117647
9.749411764705883
10.180588235294117
10.114117647058823
9.630588235294118
8.758235294117648
9.123529411764705
9.335294117647058
9.264117647058825
8.749411764705883
8.925882352941176
8.361764705882353
8.384117647058824
7.806470588235294
9.068235294117647
9.862941176470589
9.555882352941175
9.437058823529412
9.067058823529411
8.070588235294117
7.805294117647058
6.924705882352941
7.035882352941177
6.942352941176471
6.672941176470588
7.267647058823529
7.005882352941177
6.384117647058823
5.358235294117647
5.304117647058824
5.442352941176471
6.472941176470589
7.128823529411765
6.674117647058824
6.091176470588235
5.570588235294117
5.424117647058824
6.332352941176471
6.694705882352942
6.594117647058824
6.531764705882353
6.484705882352941
5.668823529411765
4.627058823529412
5.110588235294117
5.511764705882353
5.497058823529412
4.904117647058824
4.843529411764706
5.148823529411764
5.4005882352941175
5.163529411764706
5.419411764705882
5.70764705882353
6.398235294117647
6.748235294117647
6.364117647058824
5.943529411764707
6.448235294117647
5.990588235294118
5.892941176470589
5.824705882352941
5.802941176470589
5.3623529411764705
5.126470588235295
4.784705882352942
5.117058823529412
5.025294117647059
5.145294117647059
