pet
0.41695652173913045
0.32782608695652177
0.4791304347826087
0.38130434782608696
0.21956521739130433
0.42347826086956525
0.28652173913043477
0.24217391304347827
0.20478260869565218
0.28130434782608693
0.3060869565217391
0.41608695652173916
0.3595652173913043
0.3291304347826087
0.23130434782608697
0.3317391304347826
0.3421739130434783
0.2526086956521739
0.3378260869565217
0.23
0.29782608695652174
0.30521739130434783
0.32565217391304346
0.4856521739130435
0.2573913043478261
0.32869565217391306
0.31956521739130433
0.25478260869565217
0.2939130434782609
0.3517391304347826
0.43086956521739134
0.4091304347826087
0.41782608695652174
0.31826086956521743
0.3817391304347826
0.4830434782608695
0.43565217391304345
0.4969565217391304
0.4995652173913044
0.4039130434782609
0.6252173913043478
0.4817391304347826
0.3939130434782609
0.478695652173913
0.5121739130434783
0.42043478260869566
0.4965217391304348
0.34608695652173915
0.43434782608695655
0.5717391304347826
0.532608695652174
0.5343478260869565
0.6178260869565217
0.6152173913043478
0.5895652173913044
0.4956521739130435
0.7195652173913044
0.6730434782608696
0.6347826086956522
0.6965217391304348
0.7291304347826086
0.8478260869565217
0.8039130434782608
0.7943478260869565
0.77
0.7573913043478262
0.8969565217391304
0.8347826086956521
0.7117391304347827
0.8134782608695652
0.9539130434782609
0.8526086956521739
0.92
0.9439130434782609
0.7678260869565218
0.9895652173913042
1.1265217391304347
0.9095652173913042
0.9647826086956522
1.174782608695652
1.1034782608695652
1.1795652173913043
1.146086956521739
1.2186956521739132
1.1165217391304347
1.1504347826086956
1.1617391304347826
1.2939130434782609
1.18
1.164782608695652
1.190909090909091
1.2731818181818182
1.3518181818181818
1.3436363636363635
1.241818181818182
1.3904545454545454
1.4472727272727273
1.4531818181818181
1.5140909090909092
1.5949999999999998
1.6063636363636364
1.6059090909090907
1.6595454545454544
1.8727272727272728
1.6845454545454546
1.768181818181818
1.6454545454545455
1.66
1.6604545454545454
1.7745454545454544
1.7777272727272726
1.8909090909090909
1.8118181818181818
1.8272727272727274
1.9154545454545455
1.9854545454545454
1.7413636363636364
1.9981818181818183
1.8109090909090908
1.8372727272727274
1.9213636363636366
2.289090909090909
2.134090909090909
2.137272727272727
1.9536363636363634
2.0813636363636365
2.21
2.3904545454545456
2.252272727272727
2.3236363636363637
2.0768181818181817
2.395909090909091
2.5595454545454546
2.665
2.748181818181818
2.6313636363636363
2.688181818181818
2.4886363636363638
2.6377272727272727
2.536818181818182
2.492272727272727
2.6404545454545456
2.434090909090909
2.5940909090909092
2.745909090909091
2.692272727272727
2.6731818181818183
2.700454545454545
2.6154545454545453
2.5477272727272724
2.71
2.6795454545454547
2.549545454545455
2.6472727272727274
2.8354545454545454
2.4709090909090907
2.5500000000000003
2.9104545454545456
2.692272727272727
2.6295454545454544
2.6131818181818183
2.641363636363636
2.7145454545454544
3.1
3.045
3.0036363636363634
3.040909090909091
2.7572727272727273
3.0013636363636365
2.643181818181818
2.955
2.8027272727272727
2.966818181818182
2.826363636363636
2.894090909090909
2.6836363636363636
2.8431818181818183
2.7468181818181816
2.8709090909090906
3.0890909090909093
3.1636363636363636
3.090909090909091
2.9495454545454547
3.280909090909091
3.0009090909090905
3.083636363636364
3.326363636363636
3.286363636363636
3.1904545454545454
3.0795454545454546
2.8486363636363636
3.205909090909091
2.7331818181818184
2.959090909090909
3.069090909090909
2.910909090909091
2.940909090909091
3.0704545454545453
2.748181818181818
2.700909090909091
2.8745454545454545
2.7936363636363635
2.625
2.7277272727272726
2.5431818181818184
3.0940909090909092
2.6686363636363635
2.8213636363636363
2.7713636363636365
3.100454545454545
2.875
2.8013636363636363
2.9109090909090907
3.1259090909090905
2.73
2.8781818181818184
2.7563636363636363
2.8027272727272727
2.434090909090909
2.5959090909090907
2.4963636363636366
2.5286363636363633
2.6004545454545456
2.5404545454545455
2.4068181818181817
2.5931818181818183
2.9404545454545454
2.9718181818181817
2.4068181818181817
2.235
2.3918181818181816
2.6845454545454546
2.513181818181818
2.4686363636363637
2.4172727272727275
2.200909090909091
2.1186363636363637
2.308181818181818
2.372272727272727
2.1845454545454546
2.145
2.1322727272727273
1.9622727272727274
2.076363636363636
2.048636363636364
2.245
2.186818181818182
2.0204545454545455
2.0054545454545454
1.925
2.0495454545454543
1.9372727272727273
1.9309090909090907
1.9568181818181818
1.8245454545454545
1.7831818181818184
1.5572727272727271
1.549090909090909
1.5704545454545453
1.4804545454545455
1.4031818181818183
1.2759090909090909
1.5204545454545455
1.3413636363636365
1.4295454545454545
1.2622727272727272
1.1381818181818182
1.1386363636363637
1.1013636363636363
1.0918181818181818
1.1231818181818183
1.015
0.9613636363636363
1.1830434782608696
1.1882608695652175
0.938695652173913
0.9617391304347827
1.0026086956521738
1.0595652173913044
1.0039130434782608
0.998695652173913
0.8339130434782609
0.7704347826086956
0.9400000000000001
0.6821739130434782
0.8621739130434782
0.6752173913043478
0.7195652173913044
0.812608695652174
0.7473913043478262
0.7013043478260869
0.7904347826086956
0.7121739130434782
0.678695652173913
0.7143478260869565
0.5826086956521739
0.7052173913043478
0.5365217391304348
0.44434782608695655
0.55
0.48434782608695653
0.5391304347826087
0.4578260869565217
0.4043478260869566
0.378695652173913
0.3726086956521739
0.46608695652173915
0.44608695652173913
0.45130434782608697
0.46478260869565213
0.4426086956521739
0.3095652173913043
0.5921739130434782
0.4186956521739131
0.35130434782608694
0.4091304347826087
0.4995652173913044
0.361304347826087
0.3934782608695652
0.22434782608695653
0.3952173913043478
0.2817391304347826
0.40304347826086956
0.3382608695652174
0.2669565217391305
0.3878260869565217
0.2604347826086957
0.5147826086956522
0.46173913043478265
0.30695652173913046
0.2639130434782609
0.22565217391304349
0.23869565217391306
0.17173913043478262
0.2373913043478261
0.30826086956521737
0.28347826086956524
0.22869565217391302
0.22130434782608696
0.29260869565217396
0.3291304347826087
0.17521739130434782
0.2082608695652174
0.23
0.19130434782608696
0.36739130434782613
0.2573913043478261
0.2391304347826087
0.1856521739130435
0.23130434782608697
0.3582608695652174
0.31043478260869567
0.27
0.3560869565217391
0.358695652173913
0.15739130434782608
0.3204347826086957
0.24304347826086956
0.2343478260869565
0.19652173913043477
0.32173913043478264
0.29869565217391303
0.28695652173913044
0.21869565217391304
0.24391304347826087
