temperature
3.78695652173913
3.8947826086956523
3.544782608695652
3.7252173913043483
3.786521739130435
4.4626086956521736
3.384782608695652
3.822173913043478
4.237391304347826
4.320434782608696
3.964782608695652
3.138695652173913
3.1269565217391304
3.252173913043478
3.61695652173913
3.90695652173913
3.3230434782608693
2.6156521739130434
3.258260869565217
3.4591304347826086
4.005217391304348
4.294782608695653
4.418695652173913
4.133913043478261
3.6917391304347826
3.719130434782609
3.39304347826087
3.508695652173913
3.5878260869565217
3.359130434782608
3.2508695652173913
3.3839130434782607
3.5069565217391303
3.822608695652174
3.92304347826087
4.47
4.861304347826087
4.567391304347826
4.19695652173913
3.784782608695653
3.1843478260869564
2.9569565217391305
3.2995652173913044
2.922608695652174
2.356521739130435
2.17
2.2843478260869565
2.767391304347826
3.042173913043478
3.1221739130434782
3.1517391304347826
3.717826086956522
4.135217391304348
4.278695652173913
4.285217391304348
3.638695652173913
3.9382608695652173
3.928695652173913
4.126086956521739
4.670434782608695
4.916086956521739
4.997826086956522
4.815217391304348
5.097391304347826
5.184347826086956
5.673913043478261
5.789999999999999
5.753913043478261
6.006086956521739
6.443913043478261
6.01695652173913
5.959565217391304
5.8213043478260875
5.789999999999999
5.507391304347826
6.258260869565217
6.423478260869565
6.410869565217391
6.199130434782609
6.356521739130434
6.267391304347826
5.938695652173913
6.473478260869566
6.77695652173913
6.39304347826087
6.802173913043478
6.2965217391304344
6.260434782608696
6.492173913043478
6.51608695652174
7.71
7.672272727272727
6.468636363636364
6.051363636363636
6.055454545454546
6.288636363636363
6.942727272727273
6.762727272727273
6.675
7.275454545454545
7.583181818181819
7.999090909090909
7.625
7.747272727272727
8.185454545454546
8.391363636363636
7.751363636363636
7.834545454545455
8.497727272727273
8.520909090909091
8.326818181818181
9.138181818181819
8.617272727272727
7.953636363636363
8.06409090909091
7.995909090909091
7.942727272727273
8.19
8.506818181818183
8.91090909090909
9.301363636363636
9.091818181818182
9.329545454545455
9.231818181818182
9.634090909090908
9.981363636363637
10.114090909090908
11.119545454545454
10.780909090909091
10.68090909090909
10.58090909090909
10.709090909090909
11.57318181818182
11.127727272727272
11.568181818181818
11.554545454545455
11.341363636363637
11.271363636363636
11.878181818181817
12.387727272727272
12.122272727272728
11.902727272727274
12.24909090909091
12.128181818181817
12.35590909090909
12.615454545454547
12.358636363636363
12.131818181818181
12.3
12.470454545454546
12.819090909090908
13.382272727272728
13.265454545454544
13.37090909090909
13.30181818181818
13.225454545454545
13.415454545454544
13.40409090909091
13.52909090909091
13.631363636363636
13.547272727272729
13.623636363636363
13.713636363636363
14.13
14.541363636363638
14.02909090909091
14.033181818181818
14.305454545454547
13.831363636363637
14.507727272727273
14.627727272727272
14.512272727272727
14.681363636363637
14.560454545454546
14.72909090909091
15.082272727272727
15.396818181818183
15.158636363636363
15.188636363636363
15.350454545454545
15.688636363636363
15.85590909090909
16.088636363636365
15.441818181818183
15.83409090909091
16.881363636363634
17.0
16.971818181818183
17.25
16.910454545454545
16.692272727272726
17.085
16.28909090909091
16.689545454545456
17.06409090909091
17.113636363636363
16.50409090909091
16.492727272727272
16.44681818181818
16.35909090909091
17.11090909090909
16.504545454545454
16.546818181818182
16.63818181818182
16.194090909090907
16.437272727272727
17.01681818181818
17.041363636363638
17.39090909090909
17.672272727272727
17.741818181818182
17.78909090909091
17.208181818181817
17.029545454545453
17.231818181818184
17.347272727272728
17.008636363636363
16.972272727272728
16.545
17.05727272727273
17.22
17.16409090909091
16.935454545454544
16.915454545454544
17.081818181818182
17.98318181818182
18.19181818181818
17.365454545454547
16.657272727272726
16.663181818181815
16.909545454545455
17.07318181818182
17.10727272727273
16.797272727272727
15.844545454545454
15.882727272727273
16.092272727272725
16.242272727272727
15.594545454545454
16.123181818181816
16.524545454545454
16.19181818181818
15.34590909090909
15.995454545454544
15.759090909090908
15.69
15.27818181818182
15.16909090909091
14.881818181818181
14.977272727272727
15.208636363636362
15.166818181818183
15.200454545454544
14.528636363636364
14.564090909090908
13.980454545454545
13.58409090909091
14.083181818181817
14.09909090909091
14.65090909090909
14.305909090909092
13.81590909090909
13.743636363636364
13.936818181818182
13.68409090909091
13.69909090909091
13.299090909090909
13.14409090909091
13.227272727272727
13.237272727272728
13.136818181818182
13.268181818181818
13.322727272727274
12.897391304347826
12.536521739130434
12.36826086956522
12.528695652173914
12.468260869565217
12.04304347826087
11.64521739130435
11.342608695652174
12.009565217391305
12.109565217391303
11.565652173913042
11.355217391304349
11.415217391304349
10.301304347826088
10.539565217391305
10.111739130434783
9.971304347826088
10.373478260869565
10.69304347826087
9.96782608695652
9.36
9.591739130434782
9.518260869565216
10.033913043478261
9.648260869565217
9.731739130434782
9.858260869565218
9.41304347826087
8.988695652173913
8.923478260869565
9.459130434782608
9.261739130434783
9.066521739130435
8.90304347826087
7.74304347826087
7.6747826086956525
7.175217391304348
7.774782608695652
8.30391304347826
7.941739130434782
7.722608695652174
8.084347826086956
6.747826086956521
6.318260869565217
5.852173913043478
6.083043478260869
6.25695652173913
6.146521739130435
6.6091304347826085
6.4195652173913045
5.579130434782608
5.237391304347826
5.736521739130435
6.245217391304348
6.102173913043478
6.037826086956522
5.373913043478261
5.0630434782608695
4.648695652173913
4.1808695652173915
4.278260869565217
5.006086956521739
5.130869565217392
5.608260869565218
5.6204347826086964
5.8426086956521734
5.083913043478261
4.918260869565217
4.713478260869565
4.450869565217391
3.9365217391304346
4.116521739130435
4.224347826086956
4.198695652173913
4.549130434782609
4.920434782608695
4.7965217391304344
4.7013043478260865
4.71304347826087
4.551304347826087
4.843478260869565
5.581739130434783
4.955217391304347
5.0517391304347825
5.027826086956522
5.173913043478261
4.71304347826087
5.013478260869565
4.911739130434783
4.8478260869565215
3.6630434782608696
3.433478260869565
