pet
0.425625
0.2575
0.421875
0.274375
0.169375
0.19625
0.169375
0.28250000000000003
0.295
0.2325
0.285
0.4225
0.335
0.44937499999999997
0.29812500000000003
0.3125
0.398125
0.32375
0.40625
0.2425
0.319375
0.41125
0.364375
0.3375
0.23500000000000001
0.22875
0.20750000000000002
0.269375
0.145625
0.30125
0.29375
0.355
0.44125
0.504375
0.52
0.534375
0.50625
0.41875
0.445
0.528125
0.420625
0.390625
0.4475
0.48875
0.545625
0.56
0.59
0.50875
0.52625
0.663125
0.59375
0.64375
0.686875
0.67
0.5725
0.5625
0.5625
0.503125
0.685
0.615
0.68625
0.648125
0.8125
0.70625
0.8037500000000001
0.839375
0.663125
0.7825
0.765
0.9275
0.844375
0.9175
0.8618750000000001
0.92125
0.833125
0.8875
1.065625
1.0975000000000001
0.958125
1.035625
0.865
0.9425
1.0975
1.115625
1.046875
1.126875
1.22375
1.263125
1.0775
1.11375
1.203125
1.3175000000000001
1.16125
1.146875
1.2081250000000001
1.15625
1.1225
1.0675000000000001
1.17
1.484375
1.22875
1.414375
1.320625
1.45625
1.558125
1.403125
1.581875
1.3925
1.490625
1.651875
1.405
1.37125
1.7537500000000001
1.629375
1.7650000000000001
1.704375
1.82625
1.885625
1.920625
1.8731250000000002
2.34875
2.10625
2.04375
1.964375
1.8912499999999999
2.001875
1.875625
2.026875
1.815625
2.081875
2.08125
1.93125
2.070625
2.2175000000000002
2.291875
2.3375
2.010625
2.14125
2.199375
2.19875
2.228125
2.3493749999999998
2.47125
2.616875
2.45
2.60125
2.3425000000000002
2.483125
2.21125
2.410625
2.068125
2.410625
2.006875
2.288125
2.33625
2.296875
2.075
2.43375
2.565625
2.51625
2.233125
2.3025
2.2675
2.481875
2.72375
2.6025
2.74125
2.543125
2.3725
2.56
2.674375
2.4375
2.596875
2.5324999999999998
2.57125
2.52875
2.58375
2.56875
2.781875
2.70875
2.22875
2.213125
2.076875
2.219375
2.5625
2.489375
2.6437500000000003
2.46625
2.49875
2.704375
2.25625
2.6325
2.276875
2.36625
2.45625
2.29
2.393125
2.345
2.4074999999999998
2.4631250000000002
2.4625
2.646875
2.41875
2.3175
2.22
2.645
2.45
2.499375
2.090625
2.151875
2.271875
2.23625
2.495625
2.338125
2.225625
2.270625
2.280625
2.081875
1.90125
2.12625
1.94125
2.099375
2.004375
1.993125
1.901875
1.8825
1.9637499999999999
2.0275
1.96625
1.785
1.778125
1.8975
2.081875
1.904375
1.5943749999999999
1.81125
1.513125
1.7293749999999999
1.70125
1.701875
1.578125
1.643125
1.5975
1.5425
1.341875
1.3499999999999999
1.599375
1.5350000000000001
1.39375
1.31625
1.406875
1.349375
1.44625
1.261875
1.279375
1.35
1.46125
1.38375
1.24625
1.29625
1.2987499999999998
1.35875
1.18375
1.18625
0.9918750000000001
0.985625
1.0
0.9025
0.9099999999999999
0.853125
0.700625
0.913125
0.869375
0.994375
0.805
0.80625
0.884375
0.7993750000000001
0.77625
0.81125
0.773125
0.6587500000000001
0.85125
0.8075
0.703125
0.4925
0.590625
0.51875
0.528125
0.663125
0.589375
0.6956249999999999
0.506875
0.57625
0.53
0.38625
0.53
0.55375
0.430625
0.404375
0.364375
0.39375000000000004
0.430625
0.3725
0.448125
0.49125
0.4325
0.443125
0.3
0.3375
0.285
0.260625
0.294375
0.275
0.28625
0.31937499999999996
0.241875
0.313125
0.276875
0.24133333333333334
0.37733333333333335
0.29533333333333334
0.24733333333333332
0.33999999999999997
0.25666666666666665
0.21533333333333332
0.24333333333333332
0.2846666666666666
0.284
0.23933333333333331
0.1673333333333333
0.16266666666666665
0.22999999999999998
0.24866666666666667
0.22333333333333333
0.30066666666666664
0.256
0.2673333333333333
0.20800000000000002
0.262
0.23533333333333334
0.21933333333333332
0.14866666666666667
0.1953333333333333
0.09866666666666667
0.26866666666666666
0.24733333333333332
0.15666666666666668
0.28666666666666674
0.2846666666666667
0.29600000000000004
0.322
0.33999999999999997
0.22733333333333333
0.17466666666666666
0.188
0.252
0.19866666666666666
0.3346666666666667
0.22
0.22733333333333333
0.152
0.19666666666666668
0.20266666666666666
0.222
