temperature
2.527
2.4665
1.855
2.037
2.6785
2.6405000000000003
2.2565
2.3305
2.4725
1.9240000000000002
1.6789999999999998
1.1975
0.9775
1.6035
1.9155000000000002
2.4405
1.545
1.329
2.0875
2.4795
2.9945
2.7359999999999998
2.092
2.2435
1.798
1.491
1.4075
1.4485
2.1385
2.053
1.8835000000000002
1.989
2.3605
2.6825
3.051
3.415
3.5685000000000002
2.9435
2.412
1.9989999999999999
1.645
1.191
1.5095
1.6810000000000003
1.359
1.0265
0.6994999999999999
0.9935
1.459
1.7274999999999998
1.555
1.7294999999999998
2.5075
2.5715
2.528
2.224
2.5245
3.085
3.1805
3.0795000000000003
3.184
3.056
3.222
3.9255000000000004
4.628
4.5695
4.5705
4.211
4.721
4.71
4.554
4.7295
4.4465
3.8705
3.556
3.915
3.8560000000000003
3.5095
3.3845
3.6245
3.689
3.8564999999999996
3.8994999999999997
4.470000000000001
4.2445
4.4085
4.4365000000000006
4.3995
5.09
5.2575
5.68
4.901
3.997
4.099
4.728
4.957
4.9445
4.5565
4.9615
5.5365
5.657500000000001
6.2155000000000005
5.6855
5.8705
6.1205
6.508
6.288500000000001
5.808
6.654999999999999
6.633500000000001
6.836499999999999
6.8175
6.818
6.652500000000001
6.62
6.709999999999999
6.7905
6.8595
7.3825
7.7375
7.4015
7.278499999999999
7.6065
7.74
7.788500000000001
8.026
8.3035
8.541
7.666500000000001
7.894499999999999
8.888
8.534
8.8405
8.9735
9.0995
8.757000000000001
8.82
9.0595
8.9895
9.496
9.7515
9.799
10.3885
10.903
10.6
10.2065
10.14
9.8975
10.416
10.466
10.7005
11.264500000000002
11.141499999999999
11.5395
11.467
11.026
10.809000000000001
10.809999999999999
10.882
11.6265
11.5015
11.056999999999999
11.0345
11.167
11.379999999999999
11.3435
11.7575
12.0515
11.968
12.413
12.584
11.866
11.9495
11.7915
12.0705
12.434999999999999
12.7345
12.938999999999998
13.229
13.1685
13.3335
12.9525
12.948500000000001
13.382499999999999
13.943999999999999
14.023499999999999
14.0805
14.4535
14.52
14.011500000000002
13.812999999999999
14.270500000000002
14.233500000000001
14.211500000000001
14.0185
13.846
13.794
13.4465
13.431000000000001
13.875
14.2915
13.803
13.720500000000001
14.0735
14.082999999999998
14.558000000000002
14.6035
14.754
14.5125
14.8185
14.247
14.135
13.895
14.3345
14.2745
13.790000000000001
13.746500000000001
13.540000000000001
13.402000000000001
13.236500000000001
13.572999999999999
13.336500000000001
13.851499999999998
13.9
13.536000000000001
13.623499999999998
13.911000000000001
13.604499999999998
13.41
13.6835
13.928999999999998
14.163999999999998
14.1685
14.0215
13.0945
13.216
13.277000000000001
13.0395
12.6635
12.658
13.415000000000001
12.9415
12.467
12.988999999999999
12.489
12.3215
11.9875
11.8185
11.5815
11.552
12.0285
11.782
11.6575
11.541500000000001
11.2125
11.023
10.795
10.8025
10.947
11.3275
11.221
10.796
11.152
11.1145
10.6415
10.9265
10.709
10.071000000000002
9.8835
10.147
10.524
10.703
10.3385
10.3855
10.128499999999999
9.712
9.7895
9.264
9.5185
9.6105
9.3365
9.909
9.3085
8.881
9.2065
8.6535
8.4665
8.206999999999999
7.839
7.602500000000001
7.647499999999999
7.882
7.902500000000001
7.2965
7.196000000000001
7.2455
7.258
7.1425
7.456
7.0515
6.9625
6.75
7.116
7.059
6.498
6.3255
6.109
5.843999999999999
5.7335
5.535500000000001
6.0465
6.371499999999999
6.1515
6.0615000000000006
6.3
5.6505
4.9384999999999994
4.726
4.8549999999999995
4.682631578947368
4.556315789473684
5.254736842105263
4.859473684210526
3.8973684210526316
3.865789473684211
4.237368421052632
4.369473684210526
3.951578947368421
4.302105263157895
4.03421052631579
3.3478947368421053
3.228421052631579
3.0789473684210527
3.1721052631578948
3.4468421052631575
3.8036842105263156
4.293684210526315
3.7868421052631582
3.3278947368421052
3.1542105263157896
2.555263157894737
2.4026315789473682
2.6173684210526313
2.5400000000000005
2.9547368421052633
2.9505263157894737
2.787894736842105
3.017894736842105
3.1978947368421053
3.0705263157894738
3.0226315789473683
2.5584210526315787
2.7110526315789474
2.2221052631578946
2.803157894736842
2.2778947368421054
2.9257894736842105
3.582105263157895
3.5631578947368423
3.244736842105263
2.535263157894737
3.0805263157894736
2.76
2.526842105263158
2.5694736842105264
