temperature
4.7700000000000005
3.817
3.6980000000000004
3.1290000000000004
4.309
3.383
4.2059999999999995
5.005999999999999
4.559
4.598000000000001
4.95
5.3420000000000005
5.046
3.7560000000000002
5.231
4.646
4.3950000000000005
5.299
4.856
3.8850000000000002
3.3409999999999997
3.2920000000000003
3.146
3.0040000000000004
4.017
4.035
3.7060000000000004
3.7730000000000006
3.528
2.659
2.473
2.467
2.051
2.041
3.402
3.989
3.3979999999999997
3.0060000000000002
2.422
2.6
2.519
2.482
3.534
4.289
4.414
4.957
4.329
4.289
3.944
3.689
3.7
4.184
5.019
5.6
5.835
5.781000000000001
5.468
5.181
4.843999999999999
4.324
3.878
3.821
3.3890000000000002
3.5200000000000005
4.775
5.239
5.743
6.201
5.648
4.958
5.841
4.968999999999999
5.078
6.146
5.8950000000000005
5.949
5.245
4.82
5.211
5.309
5.291
5.057
5.46
6.435
6.279999999999999
6.079
6.304
6.679
7.436
7.635
7.336
7.58
6.8180000000000005
6.5969999999999995
6.895999999999999
7.755
6.942
7.279000000000001
7.816
8.065999999999999
7.590999999999999
7.493
8.006
9.045
8.998999999999999
8.669
8.388
8.056000000000001
7.981
8.519
9.231
9.581
10.336
10.478
10.218
9.179
9.110000000000001
9.242
9.190000000000001
9.072
9.727
9.211
9.382000000000001
9.959999999999999
10.965
11.016
11.007
10.843
10.87
11.18
11.126999999999999
10.798
10.056000000000001
9.737
10.235
10.408
10.762
11.075
11.02
11.133
11.378
11.732000000000001
12.27
12.339
12.378
11.805
11.266
11.449000000000002
11.8
11.846
12.537
12.683
13.889000000000001
13.988
13.232
12.777
12.431000000000001
12.913
13.197
13.745
13.591
14.021
13.967000000000002
13.765
13.247
13.069999999999999
13.389
13.947
13.771
13.751
14.02
14.325999999999999
13.936000000000002
14.399000000000001
14.107
14.824000000000002
15.036000000000001
15.175
15.168000000000001
15.924000000000001
16.130000000000003
16.663
16.259999999999998
16.141
16.259
15.479
15.197
15.11
14.714000000000002
15.026
15.613
15.459
15.413
15.203
15.565000000000001
15.643
16.122
15.956
16.601999999999997
16.926
16.101999999999997
15.541999999999998
15.623
15.874
16.46
17.259999999999998
17.057
16.880000000000003
16.304
15.524000000000001
14.869
15.501000000000001
16.287
16.051
16.119999999999997
15.825999999999999
16.267000000000003
15.73
15.463
15.379
15.523
15.264
15.724
15.268
14.767
14.956
15.362
14.944999999999999
14.793000000000001
14.562000000000001
15.032
15.482999999999999
15.402000000000001
15.709999999999999
15.129
14.088
14.252
14.969
14.394
14.199000000000002
14.099
14.212
14.591999999999999
13.904
14.338999999999999
14.584
14.138
14.581
14.116999999999999
13.518
13.514
13.874
14.478
14.394
14.284
13.455000000000002
13.011000000000001
12.672
12.808000000000002
12.32
12.261
12.968
13.419999999999998
13.443000000000001
12.991
12.967000000000002
12.334999999999999
12.065000000000001
11.917
11.996
13.158000000000001
13.123
12.773
12.988999999999999
12.525
12.597
11.187999999999999
11.254999999999999
11.862
10.787
11.644
11.575
11.803
12.11
11.503
10.790000000000001
10.376000000000001
10.547
10.751000000000001
10.431999999999999
10.151
10.165000000000001
9.214
10.102
9.885000000000002
10.099
10.623000000000001
10.253
10.733
11.264
10.450999999999999
9.323
10.358
10.322
8.968
8.654
8.699
7.55
7.779999999999999
7.516
7.252
7.989
6.832000000000001
7.497
8.645
7.556
8.103
7.607000000000001
7.208
6.4239999999999995
6.559
6.4
5.561999999999999
6.2909999999999995
6.768000000000001
6.37
5.231
5.3469999999999995
4.684
5.044
5.795
5.212000000000001
4.892
4.519
4.275
4.474
4.108
4.877
5.287
4.173
4.037
4.3
4.174
4.537
3.6149999999999998
3.29
3.4159999999999995
4.061
4.574
4.042
2.791
3.147
2.6740000000000004
2.43
4.567
4.688000000000001
4.9670000000000005
4.732
3.597
3.775
4.588
3.475
3.7329999999999997
4.733
4.989
