pet
0.255
0.23454545454545456
0.3709090909090909
0.2822727272727273
0.20772727272727273
0.2322727272727273
0.25545454545454543
0.23136363636363635
0.30363636363636365
0.3186363636363636
0.30818181818181817
0.4354545454545455
0.26999999999999996
0.29
0.3590909090909091
0.25363636363636366
0.3059090909090909
0.29545454545454547
0.3277272727272727
0.30454545454545456
0.3195454545454546
0.3372727272727273
0.27090909090909093
0.35363636363636364
0.3159090909090909
0.3231818181818182
0.3563636363636364
0.375
0.2981818181818182
0.38863636363636367
0.38227272727272726
0.39181818181818184
0.3995454545454545
0.43681818181818177
0.4
0.3631818181818182
0.4240909090909091
0.39
0.47909090909090907
0.4563636363636364
0.385
0.3790909090909091
0.39181818181818184
0.41727272727272724
0.43454545454545457
0.5322727272727272
0.5254545454545455
0.3868181818181818
0.4022727272727273
0.5290909090909092
0.5481818181818182
0.5640909090909091
0.6004545454545455
0.6090909090909091
0.5836363636363636
0.6468181818181818
0.6490909090909092
0.5909090909090909
0.644090909090909
0.619090909090909
0.6513636363636364
0.5763636363636363
0.7186363636363636
0.745909090909091
0.7718181818181818
0.7809090909090909
0.7790909090909092
0.8181818181818182
0.8849999999999999
0.8877272727272728
0.875
0.9118181818181817
0.8613636363636363
0.8936363636363637
0.8409090909090909
0.9563636363636363
0.9590909090909091
1.0277272727272726
0.9490909090909091
1.0113636363636365
0.9131818181818182
1.0377272727272728
1.014090909090909
1.020909090909091
1.0609090909090908
1.1004545454545456
1.0881818181818181
1.160909090909091
1.0881818181818181
1.2436363636363637
1.3021739130434782
1.317391304347826
1.1773913043478261
1.2608695652173914
1.4295652173913045
1.3756521739130434
1.3282608695652174
1.3395652173913042
1.363913043478261
1.5804347826086957
1.4073913043478259
1.4886956521739132
1.4708695652173913
1.5043478260869565
1.6369565217391304
1.6578260869565218
1.6943478260869564
1.5169565217391305
1.7130434782608694
1.713913043478261
1.66
1.5252173913043479
1.7369565217391305
1.680869565217391
1.627391304347826
1.693913043478261
1.7091304347826088
1.7508695652173913
1.9773913043478262
1.8691304347826088
1.9869565217391305
2.0052173913043476
2.126086956521739
2.055217391304348
1.922608695652174
2.0708695652173916
2.0730434782608698
2.1913043478260867
2.1895652173913045
2.2404347826086957
2.214782608695652
2.103913043478261
2.213478260869565
2.303478260869565
2.028695652173913
2.0495652173913044
1.9982608695652175
2.157391304347826
2.04
2.1165217391304347
2.3078260869565215
2.4521739130434783
2.51
2.6682608695652172
2.4804347826086954
2.534782608695652
2.2247826086956524
2.3182608695652176
2.287391304347826
2.5178260869565214
2.6243478260869564
2.464782608695652
2.3765217391304345
2.5121739130434784
2.247826086956522
2.3778260869565218
2.3691304347826088
2.5695652173913044
2.503478260869565
2.5182608695652173
2.5560869565217392
2.546521739130435
2.3721739130434782
2.254782608695652
2.528695652173913
2.28
2.3643478260869566
2.539565217391304
2.3491304347826087
2.4947826086956524
2.654782608695652
2.428695652173913
2.4165217391304346
2.5
2.444782608695652
2.38304347826087
2.7043478260869565
2.5426086956521736
2.6565217391304348
2.528695652173913
2.240869565217391
2.4856521739130435
2.35
2.420434782608696
2.4108695652173915
2.4517391304347824
2.256521739130435
2.3808695652173912
2.504782608695652
2.6869565217391305
2.263478260869565
2.492608695652174
2.3030434782608693
2.526521739130435
2.418695652173913
2.6278260869565218
2.5430434782608695
2.5482608695652176
2.5104347826086957
2.2004347826086956
2.341304347826087
2.3769565217391304
2.6078260869565217
2.38695652173913
2.4382608695652173
2.3534782608695655
2.3643478260869566
2.475217391304348
2.0830434782608696
2.1643478260869564
2.2995652173913044
2.1604347826086956
2.1447826086956523
2.150434782608696
2.276086956521739
2.277391304347826
2.240869565217391
2.046521739130435
1.998695652173913
2.121304347826087
2.0165217391304346
1.8626086956521737
1.7821739130434784
1.8886956521739129
2.022173913043478
1.7773913043478262
2.028695652173913
1.9969565217391305
1.96
1.6721739130434783
1.8895652173913045
1.8952173913043477
1.9204347826086958
1.9578260869565218
1.6673913043478261
1.8656521739130434
1.664782608695652
1.8069565217391306
1.641304347826087
1.6765217391304348
1.8230434782608695
1.6365217391304347
1.641304347826087
1.4791304347826089
1.59
1.48
1.58
1.4834782608695651
1.397391304347826
1.5047826086956522
1.477391304347826
1.4065217391304348
1.4434782608695653
1.2647826086956522
1.2891304347826087
1.327391304347826
1.3117391304347827
1.2595652173913043
1.2178260869565218
1.1539130434782607
1.1182608695652174
1.1430434782608696
1.144782608695652
1.1495652173913045
1.2104347826086956
1.0804347826086957
1.0360869565217392
0.9895652173913044
1.0326086956521738
0.9073913043478261
0.8513043478260869
0.8613043478260869
0.888695652173913
0.9268181818181819
0.799090909090909
0.9159090909090909
0.8995454545454545
0.8990909090909092
0.9081818181818182
0.8345454545454545
0.7440909090909091
0.7931818181818181
0.8309090909090909
0.6840909090909091
0.6259090909090909
0.5522727272727272
0.5554545454545455
0.54
0.5677272727272727
0.5890909090909091
0.6331818181818182
0.5959090909090908
0.5554545454545455
0.5327272727272727
0.44636363636363635
0.43227272727272725
0.5177272727272727
0.6177272727272727
0.5404545454545455
0.5631818181818182
0.5245454545454545
0.4518181818181818
0.46772727272727277
0.45545454545454545
0.44
0.4163636363636364
0.43409090909090914
0.39454545454545453
0.3518181818181818
0.36363636363636365
0.385
0.3731818181818182
0.3609090909090909
0.26999999999999996
0.3936363636363636
0.33
0.2990909090909091
0.3304545454545455
0.26136363636363635
0.2686363636363636
0.2963636363636364
0.30363636363636365
0.2381818181818182
0.32
0.3009090909090909
0.21227272727272728
0.24045454545454545
0.2686363636363636
0.29545454545454547
0.2640909090909091
0.2818181818181818
0.21454545454545454
0.2322727272727273
0.27090909090909093
0.25636363636363635
0.2159090909090909
0.285
0.21272727272727276
0.275
0.2731818181818182
0.30318181818181816
0.27909090909090906
0.2768181818181818
0.30272727272727273
0.195
0.17863636363636365
0.21227272727272728
0.28454545454545455
0.29863636363636364
0.26681818181818184
0.28954545454545455
0.17772727272727273
0.18999999999999997
0.19772727272727272
0.25545454545454543
0.19454545454545455
0.19409090909090912
0.3059090909090909
0.22863636363636364
0.15636363636363637
0.1559090909090909
0.17636363636363636
0.17136363636363636
0.18181818181818182
0.21409090909090908
