temperature
3.641739130434783
3.714782608695652
3.4191304347826086
3.667826086956522
3.8004347826086957
4.431304347826087
3.3156521739130436
3.7617391304347825
4.200434782608696
4.211304347826087
3.826521739130435
2.886086956521739
2.821739130434783
2.964782608695652
3.4956521739130437
3.720434782608695
3.1552173913043475
2.4904347826086957
3.1395652173913042
3.3839130434782607
3.930434782608696
4.231739130434782
4.398260869565218
4.118695652173913
3.6613043478260865
3.654782608695652
3.3339130434782613
3.476086956521739
3.5043478260869567
3.1239130434782605
3.0491304347826085
3.3082608695652174
3.4495652173913043
3.7856521739130433
3.824347826086956
4.389130434782609
4.793913043478261
4.489565217391305
4.111739130434783
3.6530434782608694
2.994782608695652
2.8286956521739133
3.143913043478261
2.7995652173913044
2.1482608695652172
2.031739130434783
2.104782608695652
2.643478260869565
2.93
3.001304347826087
2.9930434782608697
3.611304347826087
4.058695652173912
4.160869565217391
4.1582608695652175
3.4373913043478264
3.8065217391304347
3.829565217391304
4.081304347826087
4.633478260869565
4.869565217391305
4.9543478260869565
4.722608695652174
4.926086956521739
5.049130434782609
5.588260869565217
5.619999999999999
5.558695652173912
5.908260869565217
6.296956521739131
5.858260869565218
5.852608695652174
5.715217391304347
5.7586956521739125
5.4482608695652175
6.146521739130435
6.284782608695653
6.368260869565217
6.107826086956521
6.219130434782608
6.2299999999999995
5.872608695652174
6.38304347826087
6.711739130434783
6.252608695652174
6.689565217391305
6.254782608695653
6.227391304347826
6.430434782608696
6.454782608695653
7.615
7.539545454545455
6.3927272727272735
6.013636363636365
6.007727272727272
6.180000000000001
6.849545454545455
6.749545454545455
6.652272727272727
7.208636363636364
7.531363636363636
7.913636363636363
7.597727272727273
7.765454545454546
8.162272727272727
8.383181818181818
7.734999999999999
7.764545454545455
8.44818181818182
8.488636363636363
8.283636363636363
9.202727272727273
8.702727272727273
8.003636363636364
8.1
8.000909090909092
8.012727272727274
8.15409090909091
8.411818181818182
8.82090909090909
9.251818181818182
9.091363636363637
9.290909090909091
9.300454545454546
9.64
10.003181818181817
10.168181818181818
11.075000000000001
10.69681818181818
10.625454545454545
10.660454545454545
10.716818181818182
11.535454545454545
11.122727272727273
11.568181818181818
11.495909090909091
11.384090909090908
11.281363636363636
11.84681818181818
12.369545454545454
12.07090909090909
11.862272727272728
12.260000000000002
12.180454545454547
12.387272727272727
12.635909090909092
12.386818181818182
12.062727272727273
12.207272727272727
12.47090909090909
12.748636363636365
13.315
13.199545454545454
13.34818181818182
13.223636363636365
13.119545454545454
13.32
13.327272727272726
13.485909090909091
13.632727272727273
13.48
13.591818181818182
13.622727272727273
14.021363636363638
14.47409090909091
14.015909090909092
14.113636363636363
14.310909090909092
13.751363636363635
14.539545454545454
14.642727272727273
14.561363636363637
14.681818181818182
14.505
14.699545454545454
14.966363636363637
15.4
15.173636363636364
15.122272727272728
15.32090909090909
15.665454545454544
15.82
15.979545454545455
15.521818181818183
15.97
16.965454545454545
17.059545454545454
16.961363636363636
17.235454545454544
16.953181818181818
16.71227272727273
16.99409090909091
16.30727272727273
16.833636363636366
16.952727272727273
17.078636363636363
16.48818181818182
16.400909090909092
16.38818181818182
16.341363636363635
17.01409090909091
16.498636363636365
16.51590909090909
16.598636363636363
16.154090909090908
16.457727272727272
17.013636363636365
16.991363636363637
17.306818181818183
17.514545454545456
17.659545454545455
17.69
17.114545454545453
16.92590909090909
17.210454545454546
17.220454545454547
16.862272727272728
16.831363636363637
16.35727272727273
16.952272727272728
17.11
17.083181818181817
16.785
16.75409090909091
16.979545454545455
17.774545454545457
17.956363636363637
17.168636363636363
16.546818181818182
16.534545454545455
16.76
16.963636363636365
16.974545454545453
16.71681818181818
15.678636363636365
15.80409090909091
15.952727272727271
16.19590909090909
15.539090909090909
16.005454545454544
16.315
16.026363636363637
15.20318181818182
15.793181818181818
15.58
15.42681818181818
15.084545454545456
15.050454545454546
14.698636363636364
14.841818181818182
15.0
15.002272727272727
14.964090909090912
14.333181818181817
14.424545454545454
13.765909090909092
13.332727272727272
13.885454545454547
13.905454545454546
14.385909090909092
14.06409090909091
13.614999999999998
13.529545454545454
13.714090909090908
13.40090909090909
13.475454545454545
13.156363636363636
13.018181818181818
13.061363636363637
13.068636363636363
12.925454545454546
13.022272727272728
13.07818181818182
12.69608695652174
12.314782608695653
12.17304347826087
12.317391304347826
12.179130434782609
11.759565217391305
11.38
11.068695652173913
11.839565217391305
11.931304347826087
11.364782608695652
11.200869565217392
11.149565217391304
10.064782608695653
10.371739130434783
9.796956521739132
9.741304347826087
10.18695652173913
10.529130434782608
9.838260869565218
9.23913043478261
9.317826086956522
9.228695652173913
9.771739130434783
9.462608695652174
9.56
9.711304347826086
9.169565217391305
8.645217391304348
8.782608695652174
9.344782608695652
9.15391304347826
9.011304347826087
8.759130434782609
7.5826086956521745
7.498260869565217
6.9708695652173915
7.609565217391305
8.219130434782608
7.830869565217392
7.552173913043478
7.922173913043479
6.640434782608695
6.205217391304347
5.648695652173912
5.896521739130435
6.089565217391304
5.959565217391304
6.477391304347826
6.261739130434783
5.401304347826087
5.070869565217391
5.493913043478261
6.044347826086957
5.935217391304348
5.8478260869565215
5.142608695652174
4.8326086956521745
4.42695652173913
4.001739130434783
4.081739130434783
4.783913043478261
4.955652173913044
5.423913043478261
5.474347826086956
5.635217391304347
4.955217391304347
4.8673913043478265
4.479130434782609
4.211739130434783
3.757391304347826
3.9434782608695653
4.007391304347826
4.009565217391304
4.427826086956522
4.86
4.697391304347827
4.653478260869565
4.614782608695652
4.404782608695652
4.69
5.406521739130435
4.815652173913044
4.9021739130434785
4.912608695652174
5.021304347826087
4.624347826086956
4.874782608695653
4.719565217391304
4.713913043478261
3.5617391304347827
3.287826086956522
