pet
0.2740909090909091
0.30818181818181817
0.3395454545454546
0.30363636363636365
0.27090909090909093
0.2381818181818182
0.3804545454545455
0.32181818181818184
0.29863636363636364
0.33954545454545454
0.3877272727272727
0.3563636363636364
0.34136363636363637
0.3590909090909091
0.33409090909090905
0.28
0.3359090909090909
0.2890909090909091
0.35363636363636364
0.3513636363636363
0.3
0.31136363636363634
0.29409090909090907
0.375
0.3936363636363636
0.4268181818181818
0.3981818181818182
0.4604545454545455
0.3731818181818182
0.40454545454545454
0.4327272727272727
0.43818181818181823
0.4209090909090909
0.4177272727272727
0.45772727272727276
0.4486363636363636
0.504090909090909
0.5095454545454546
0.5036363636363637
0.4990909090909091
0.44909090909090915
0.4313636363636364
0.5463636363636364
0.5495454545454546
0.5122727272727273
0.5740909090909091
0.5859090909090909
0.4809090909090909
0.5727272727272728
0.6331818181818182
0.6968181818181818
0.6545454545454545
0.7254545454545455
0.6472727272727273
0.5704545454545454
0.6972727272727273
0.7536363636363638
0.7513636363636365
0.715
0.7613636363636364
0.8077272727272727
0.7227272727272728
0.7963636363636364
0.8022727272727272
0.8436363636363637
0.8318181818181819
0.8781818181818182
0.8945454545454545
1.0336363636363635
0.9559090909090909
0.9659090909090909
0.9427272727272726
0.9754545454545455
0.9422727272727273
0.9068181818181817
1.0145454545454546
1.0686363636363636
1.1313636363636363
1.0686363636363636
1.1131818181818183
1.110909090909091
1.17
1.1590909090909092
1.1286363636363637
1.2595454545454545
1.2386363636363635
1.2772727272727273
1.3627272727272728
1.2927272727272727
1.415909090909091
1.416086956521739
1.4908695652173913
1.3221739130434782
1.4143478260869566
1.423913043478261
1.6982608695652175
1.5630434782608698
1.6256521739130434
1.5313043478260868
1.6856521739130437
1.6365217391304347
1.5808695652173912
1.6173913043478263
1.6778260869565216
1.7447826086956524
1.8869565217391304
1.7960869565217392
1.9526086956521738
1.7930434782608697
1.8699999999999999
1.892608695652174
1.8295652173913042
1.9582608695652173
1.8765217391304347
1.9069565217391304
1.9552173913043478
2.0582608695652174
2.114782608695652
2.1395652173913042
2.1382608695652174
2.3578260869565217
2.3947826086956523
2.4417391304347826
2.3930434782608696
2.1517391304347826
2.182608695652174
2.389130434782609
2.2943478260869568
2.3978260869565218
2.1034782608695655
2.3782608695652177
2.5852173913043477
2.3604347826086958
2.3182608695652176
2.382173913043478
2.2447826086956524
2.196086956521739
2.362173913043478
2.4899999999999998
2.2091304347826086
2.360869565217391
2.3778260869565218
2.638695652173913
2.61304347826087
2.6539130434782607
2.473478260869565
2.2804347826086957
2.555217391304348
2.561304347826087
2.859565217391304
3.021304347826087
2.8469565217391306
2.646086956521739
2.642608695652174
2.5856521739130436
2.8313043478260873
2.4565217391304346
2.9130434782608696
2.9152173913043478
3.008695652173913
2.82695652173913
2.7756521739130435
2.489130434782609
2.5817391304347828
2.5756521739130434
2.7913043478260873
2.89
2.789565217391304
2.819565217391304
2.778695652173913
3.071739130434783
2.8360869565217395
2.850869565217391
2.962608695652174
2.926521739130435
2.8391304347826085
2.9504347826086956
2.798695652173913
2.9452173913043476
3.069565217391304
2.7656521739130433
2.756521739130435
2.6682608695652172
2.710434782608696
2.5939130434782607
2.7552173913043476
2.63
2.6652173913043478
2.6943478260869567
2.9169565217391304
2.859130434782609
2.9769565217391305
2.893913043478261
2.802608695652174
2.9452173913043476
2.7304347826086954
3.002608695652174
2.7882608695652173
2.901304347826087
2.888695652173913
2.7047826086956523
2.7
2.72
2.7821739130434784
2.8286956521739133
2.9747826086956524
2.532608695652174
2.676521739130435
2.69
2.4813043478260868
2.7295652173913045
2.4321739130434783
2.2617391304347825
2.7130434782608694
2.6282608695652177
2.216086956521739
2.612173913043478
2.360869565217391
2.408695652173913
2.586521739130435
2.5691304347826085
2.2695652173913046
2.3917391304347824
2.2352173913043476
2.0482608695652176
2.109565217391304
2.3260869565217392
2.353478260869565
2.251304347826087
2.0986956521739133
2.207826086956522
2.1
2.0478260869565217
2.283913043478261
1.98
1.9052173913043478
1.8808695652173912
1.9539130434782608
2.1578260869565216
1.98
1.876086956521739
1.768695652173913
1.8265217391304347
1.8860869565217393
1.7413043478260868
1.6547826086956523
1.872608695652174
1.6326086956521741
1.6417391304347826
1.784782608695652
1.6243478260869566
1.6982608695652175
1.701304347826087
1.548695652173913
1.587391304347826
1.6530434782608696
1.5234782608695652
1.4330434782608696
1.5295652173913044
1.4539130434782608
1.3582608695652174
1.3139130434782609
1.2908695652173914
1.4104347826086956
1.2817391304347827
1.2604347826086957
1.315217391304348
1.101304347826087
1.0808695652173912
0.9956521739130434
1.1282608695652174
1.1021739130434782
1.0391304347826087
1.0981818181818181
1.0286363636363636
1.0281818181818183
1.1086363636363636
0.9918181818181818
0.9709090909090908
0.9218181818181819
0.8718181818181818
0.8877272727272728
0.9331818181818182
0.8445454545454545
0.7477272727272727
0.6736363636363637
0.6840909090909091
0.6740909090909091
0.6718181818181818
0.8077272727272727
0.7972727272727272
0.7231818181818181
0.6586363636363637
0.6931818181818182
0.6845454545454546
0.6654545454545455
0.6445454545454545
0.73
0.7286363636363636
0.7009090909090909
0.6454545454545454
0.5695454545454545
0.5913636363636363
0.6413636363636364
0.5168181818181818
0.5163636363636364
0.5004545454545455
0.43409090909090914
0.4731818181818182
0.4481818181818182
0.46181818181818185
0.42
0.425
0.3613636363636364
0.4390909090909091
0.4063636363636363
0.4177272727272727
0.41318181818181815
0.27136363636363636
0.28318181818181815
0.32045454545454544
0.3140909090909091
0.27499999999999997
0.31
0.26545454545454544
0.23909090909090908
0.29545454545454547
0.28363636363636363
0.29227272727272724
0.3077272727272727
0.2890909090909091
0.32545454545454544
0.2963636363636364
0.29409090909090907
0.32227272727272727
0.33
0.35545454545454547
0.3140909090909091
0.3686363636363636
0.3131818181818182
0.45363636363636367
0.26954545454545453
0.32181818181818184
0.30954545454545457
0.25181818181818183
0.20545454545454545
0.23909090909090908
0.3022727272727273
0.25772727272727275
0.3068181818181818
0.19409090909090912
0.16090909090909092
0.17454545454545453
0.1922727272727273
0.22090909090909092
0.20045454545454547
0.22045454545454543
0.3736363636363636
0.27590909090909094
0.2863636363636364
0.3
0.21636363636363634
0.2431818181818182
0.21954545454545454
0.26545454545454544
