temperature
2.6818181818181817
2.3027272727272727
2.1177272727272727
2.014090909090909
2.9681818181818183
2.7295454545454545
3.1331818181818183
3.264090909090909
3.1609090909090907
3.4
3.3245454545454547
4.02590909090909
4.143636363636364
3.1763636363636363
3.6486363636363635
2.8704545454545456
2.8654545454545453
3.0259090909090904
3.4763636363636365
3.210909090909091
2.4495454545454547
2.408181818181818
2.4527272727272726
2.5404545454545455
2.928636363636364
2.5836363636363635
2.7463636363636366
2.444090909090909
2.603181818181818
2.295909090909091
2.6104545454545454
2.7645454545454546
2.5095454545454547
2.7027272727272726
3.549545454545455
3.377272727272727
3.3068181818181817
2.7936363636363635
2.192272727272727
2.4572727272727275
2.730909090909091
3.475909090909091
3.963636363636364
3.2886363636363636
2.751818181818182
3.3654545454545457
2.9890909090909092
2.929090909090909
2.865
2.6545454545454543
2.5663636363636364
2.8190909090909093
3.1354545454545457
3.5736363636363637
3.575909090909091
3.608636363636364
3.6754545454545453
3.7036363636363636
3.389090909090909
3.1240909090909095
2.7931818181818184
2.8613636363636363
2.682727272727273
2.9959090909090906
3.6068181818181815
4.77590909090909
4.7286363636363635
4.701363636363637
4.785454545454545
4.396818181818182
4.106363636363636
3.7404545454545457
4.424545454545455
5.084545454545455
5.202727272727273
5.6463636363636365
4.865454545454546
4.349545454545455
4.405
4.692727272727272
4.976818181818182
5.279090909090909
5.192272727272727
5.643636363636364
5.212727272727272
4.710909090909091
5.176818181818182
5.500909090909091
6.080909090909091
6.373636363636364
6.567391304347827
6.366521739130435
6.15391304347826
5.8252173913043475
6.226521739130435
6.601304347826088
5.620869565217391
5.429130434782609
6.127391304347826
6.656086956521739
6.065217391304348
5.725652173913043
5.587826086956523
6.420869565217392
6.496956521739131
6.606521739130436
6.857391304347826
6.120869565217391
5.896521739130435
6.651739130434783
7.57
8.260000000000002
8.88782608695652
8.82913043478261
8.630869565217392
8.092173913043478
8.368695652173912
8.435652173913043
8.272173913043478
8.28608695652174
8.592608695652174
8.580869565217391
8.675217391304347
8.718260869565217
8.824782608695653
8.832608695652175
9.09608695652174
8.947826086956523
9.037391304347825
9.257826086956522
9.388695652173913
9.12695652173913
8.814347826086957
8.996086956521738
9.468695652173913
9.63
9.569565217391304
9.55913043478261
9.816521739130435
10.029130434782608
9.922173913043478
10.089565217391305
10.614782608695652
10.69
10.530869565217392
10.35304347826087
10.382173913043477
10.581739130434782
10.867391304347827
11.121739130434783
11.547391304347824
11.846521739130436
12.128695652173912
11.796086956521739
11.299999999999999
11.456521739130435
11.983478260869566
12.14608695652174
12.012173913043478
12.503478260869565
12.258260869565218
12.079565217391304
11.856521739130434
11.976521739130433
12.004347826086958
12.15913043478261
12.806521739130435
13.421739130434782
13.411304347826086
13.46782608695652
13.279565217391305
12.55913043478261
12.761304347826087
12.991739130434782
12.971739130434784
13.206521739130435
13.542173913043477
13.441739130434781
13.799130434782608
13.972173913043479
13.922173913043478
14.094347826086958
14.344347826086958
14.36304347826087
14.415217391304349
13.950000000000001
13.91304347826087
14.156521739130437
13.957391304347825
14.02913043478261
14.38391304347826
14.178260869565218
14.37782608695652
14.05695652173913
14.44304347826087
14.551739130434783
14.678695652173914
14.323478260869566
14.754347826086958
15.196956521739128
14.995217391304347
14.48391304347826
14.481739130434782
15.088695652173914
15.041739130434781
14.983478260869566
15.03608695652174
15.321739130434782
15.171304347826087
15.355217391304349
15.05913043478261
15.039130434782608
15.429130434782609
15.255217391304347
15.293478260869565
15.030434782608696
15.283478260869565
15.14391304347826
14.88391304347826
14.643478260869566
14.917826086956522
14.710434782608697
15.182173913043478
14.658260869565217
14.290434782608695
14.520869565217392
14.749130434782609
14.42695652173913
14.591304347826087
14.478695652173913
14.843043478260869
14.834347826086956
14.501304347826085
14.29391304347826
14.052608695652173
13.400869565217393
13.460434782608695
13.470434782608695
13.040434782608695
12.89608695652174
13.10304347826087
13.133478260869564
13.196521739130434
13.048260869565217
13.286956521739132
13.46608695652174
13.19086956521739
13.260000000000002
13.021739130434783
12.87
12.799565217391304
12.48608695652174
12.835652173913042
13.036956521739132
12.569565217391306
12.059565217391304
11.676521739130434
11.343913043478262
11.203913043478261
11.11695652173913
11.562608695652173
11.870869565217392
12.06086956521739
12.000869565217391
11.56
11.21608695652174
10.913478260869566
10.732608695652173
10.835652173913044
11.468260869565217
11.429565217391303
11.46782608695652
11.519130434782609
11.560454545454546
10.663181818181819
10.517272727272728
9.638636363636364
9.572727272727272
9.743636363636364
9.549545454545454
10.22
10.15318181818182
9.923636363636364
9.733181818181817
9.467272727272727
9.205454545454545
9.172727272727274
9.049090909090909
8.631363636363636
8.428636363636365
7.918636363636364
8.120454545454546
7.456363636363636
8.342272727272727
8.475
8.319090909090908
8.469090909090909
8.479090909090909
8.584090909090909
8.605909090909092
7.994999999999999
7.3968181818181815
8.053636363636365
8.072727272727272
7.517272727272727
7.093636363636364
7.384545454545455
6.72409090909091
6.991818181818181
6.425909090909091
6.4340909090909095
6.783181818181817
5.733181818181818
5.956363636363636
6.334090909090909
6.2718181818181815
6.188181818181818
5.779545454545455
5.681818181818182
5.116818181818181
5.0195454545454545
4.884090909090909
4.476818181818182
4.533181818181818
4.424090909090909
3.946363636363636
3.9895454545454543
4.640909090909091
4.2263636363636365
4.781363636363636
4.859090909090909
4.419090909090909
4.254090909090909
4.1477272727272725
3.8468181818181817
3.858181818181818
3.794545454545455
3.691363636363636
3.679090909090909
3.5822727272727275
3.294545454545455
3.179090909090909
3.3936363636363636
3.6386363636363637
3.3854545454545457
3.4813636363636364
3.6
2.9268181818181818
2.703181818181818
2.9354545454545455
2.463636363636364
2.208636363636364
2.059090909090909
1.0413636363636365
2.06
2.605
3.4177272727272725
3.7290909090909095
2.786818181818182
2.165
2.065
1.5686363636363636
1.520909090909091
2.271818181818182
2.430454545454545
