pet
0.26117647058823534
0.33176470588235296
0.2835294117647059
0.26294117647058823
0.2782352941176471
0.2235294117647059
0.3870588235294118
0.311764705882353
0.2670588235294118
0.28411764705882353
0.398235294117647
0.35764705882352943
0.3141176470588235
0.33
0.39235294117647057
0.26117647058823534
0.29352941176470587
0.2647058823529412
0.28941176470588237
0.36588235294117644
0.3111764705882353
0.30058823529411766
0.2923529411764706
0.32294117647058823
0.36823529411764705
0.38235294117647056
0.37117647058823533
0.5670588235294118
0.4505882352941177
0.41
0.47882352941176476
0.49764705882352944
0.44470588235294123
0.4370588235294117
0.5164705882352941
0.5388235294117647
0.5411764705882353
0.5288235294117647
0.5523529411764706
0.5123529411764707
0.43470588235294116
0.4258823529411765
0.5247058823529411
0.5158823529411765
0.5223529411764707
0.571764705882353
0.5652941176470588
0.4876470588235294
0.5629411764705883
0.5976470588235294
0.6370588235294118
0.6941176470588236
0.7629411764705882
0.6747058823529413
0.591764705882353
0.6741176470588236
0.8011764705882353
0.7511764705882352
0.7270588235294118
0.7452941176470588
0.8476470588235294
0.8194117647058823
0.8452941176470589
0.8705882352941177
0.9388235294117647
0.9264705882352942
0.8976470588235294
0.9947058823529412
1.0394117647058825
0.9323529411764706
1.0229411764705882
1.0758823529411765
1.0852941176470587
0.9764705882352942
0.9729411764705882
1.0205882352941178
1.1058823529411765
1.1376470588235295
1.1529411764705884
1.19
1.2441176470588236
1.325294117647059
1.2052941176470586
1.2229411764705882
1.3805882352941177
1.3176470588235294
1.358235294117647
1.3211764705882354
1.3823529411764706
1.5035294117647058
1.551764705882353
1.6511764705882352
1.4147058823529413
1.5023529411764704
1.4694117647058824
1.7958823529411765
1.7629411764705882
1.9258823529411766
1.724705882352941
1.8199999999999998
1.7852941176470587
1.673529411764706
1.6970588235294117
1.714705882352941
1.8935294117647057
2.0617647058823527
2.0229411764705882
2.3717647058823528
1.9347058823529413
1.915294117647059
2.16
2.031764705882353
2.084705882352941
1.971176470588235
1.9764705882352942
1.9300000000000002
2.172941176470588
2.178235294117647
2.0494117647058827
2.088823529411765
2.416470588235294
2.296470588235294
2.4794117647058824
2.37
2.25
2.1658823529411766
2.400588235294118
2.1641176470588235
2.2988235294117647
2.107647058823529
2.425294117647059
2.777058823529412
2.321764705882353
2.3147058823529414
2.3723529411764703
2.3841176470588237
2.2652941176470587
2.287058823529412
2.494705882352941
2.392352941176471
2.3776470588235297
2.6364705882352943
2.928235294117647
2.7600000000000002
2.809411764705882
2.5805882352941176
2.3952941176470586
2.5476470588235296
2.638235294117647
2.7911764705882356
2.8694117647058826
2.775294117647059
2.6376470588235295
2.9435294117647057
2.822352941176471
2.8441176470588236
2.505294117647059
2.894705882352941
3.0894117647058823
3.1658823529411766
2.9847058823529413
3.0076470588235296
2.6223529411764703
2.737058823529412
2.7558823529411764
2.8658823529411763
3.0088235294117647
2.8805882352941174
3.0423529411764707
3.0670588235294116
3.2994117647058827
3.070588235294118
2.804705882352941
3.1811764705882353
3.1470588235294117
3.0964705882352943
3.2176470588235295
2.8741176470588234
2.8582352941176468
3.208235294117647
2.8823529411764706
2.956470588235294
2.861764705882353
2.9770588235294118
2.8370588235294116
2.5035294117647062
2.809411764705882
2.6723529411764706
2.7011764705882353
2.953529411764706
2.949411764705882
3.2682352941176473
3.054705882352941
2.777647058823529
3.186470588235294
3.037058823529412
2.9411764705882355
2.857647058823529
3.0558823529411767
3.0388235294117645
2.821764705882353
2.9276470588235295
2.737058823529412
2.7441176470588236
3.0588235294117645
3.0764705882352943
2.67
2.8123529411764707
3.0411764705882356
2.731176470588235
2.824705882352941
2.610588235294118
2.4464705882352944
2.8464705882352943
2.873529411764706
2.1964705882352944
2.644117647058824
2.3782352941176472
2.59
2.7335294117647058
2.6452941176470586
2.251764705882353
2.583529411764706
2.4711764705882353
2.073529411764706
2.0747058823529407
2.3952941176470586
2.4611764705882355
2.2276470588235293
2.099411764705882
2.105294117647059
2.1941176470588233
2.248235294117647
2.3088235294117645
2.1805882352941177
1.9982352941176469
1.9288235294117646
1.9011764705882352
2.2076470588235293
2.105294117647059
2.0011764705882356
1.7405882352941175
2.0488235294117647
2.073529411764706
1.8911764705882352
1.8847058823529412
2.1658823529411766
1.756470588235294
1.8441176470588234
1.9670588235294115
1.7823529411764707
1.8
1.8888235294117646
1.674705882352941
1.841764705882353
1.7294117647058824
1.643529411764706
1.6311764705882352
1.6776470588235295
1.6076470588235292
1.3858823529411763
1.3929411764705881
1.3188235294117647
1.4888235294117647
1.2941176470588236
1.3176470588235294
1.4347058823529413
1.2770588235294118
1.1794117647058824
1.1529411764705884
1.2088235294117649
1.25
1.166470588235294
1.1775
1.0975000000000001
1.13625
1.14375
1.04
1.083125
1.020625
0.92125
0.92
0.98375
0.979375
0.80125
0.6775
0.681875
0.730625
0.716875
0.8875
0.859375
0.84
0.728125
0.665625
0.7106250000000001
0.731875
0.625625
0.751875
0.7581249999999999
0.693125
0.55875
0.50125
0.56125
0.62375
0.56875
0.55375
0.57125
0.45
0.435625
0.426875
0.42
0.429375
0.409375
0.385
0.475625
0.41000000000000003
0.4225
0.45125
0.23
0.24705882352941178
0.2664705882352941
0.32588235294117646
0.3111764705882353
0.3005882352941176
0.2852941176470588
0.3164705882352941
0.3635294117647059
0.278235294117647
0.2747058823529412
0.32823529411764707
0.30235294117647055
0.3058823529411765
0.27
0.2529411764705882
0.31235294117647056
0.38117647058823534
0.3547058823529412
0.2982352941176471
0.3870588235294118
0.2723529411764706
0.42000000000000004
0.27294117647058824
0.23705882352941177
0.25882352941176473
0.19941176470588237
0.18058823529411763
0.2811764705882353
0.3288235294117647
0.2076470588235294
0.20529411764705882
0.18294117647058822
0.19176470588235292
0.1647058823529412
0.18235294117647058
0.1864705882352941
0.21529411764705883
0.21176470588235294
0.3123529411764706
0.24529411764705883
0.27588235294117647
0.3976470588235294
0.2858823529411765
0.21588235294117647
0.19058823529411764
0.2447058823529412
