temperature
2.8427272727272728
2.4618181818181815
2.3436363636363637
2.1981818181818182
3.107727272727273
2.902727272727273
3.3350000000000004
3.355909090909091
3.3640909090909092
3.597727272727273
3.4868181818181823
4.219090909090909
4.278636363636363
3.3859090909090908
3.805454545454545
3.0159090909090907
3.0345454545454547
3.2100000000000004
3.6040909090909095
3.3095454545454546
2.6186363636363637
2.6236363636363635
2.669545454545455
2.789090909090909
3.1286363636363634
2.8327272727272725
3.027727272727273
2.6768181818181818
2.7581818181818183
2.446818181818182
2.8313636363636365
3.008181818181818
2.7427272727272727
2.9577272727272725
3.6927272727272724
3.515
3.4545454545454546
2.9072727272727272
2.37
2.685
2.8736363636363635
3.6545454545454548
4.100454545454546
3.4577272727272725
3.027272727272727
3.6631818181818185
3.1931818181818183
3.139545454545454
3.0136363636363637
2.83
2.7895454545454546
3.011818181818182
3.3172727272727274
3.8036363636363633
3.717727272727273
3.760909090909091
3.806363636363636
3.8490909090909087
3.5595454545454546
3.235909090909091
2.92
3.0236363636363635
2.8695454545454546
3.1872727272727275
3.777727272727273
4.985454545454545
4.873181818181818
4.819545454545454
4.918636363636363
4.535
4.241818181818181
3.938181818181818
4.671363636363636
5.214545454545455
5.344090909090909
5.824090909090909
5.026363636363636
4.533636363636363
4.586363636363637
4.864090909090909
5.143181818181818
5.445909090909091
5.288181818181818
5.759545454545454
5.3554545454545455
4.880909090909091
5.341363636363636
5.6045454545454545
6.190454545454545
6.485
6.776818181818182
6.5218181818181815
6.358636363636363
5.992727272727273
6.4377272727272725
6.66409090909091
5.798181818181818
5.566363636363636
6.340454545454546
6.85
6.29
5.837272727272727
5.739090909090909
6.657727272727272
6.679545454545454
6.641818181818182
6.828181818181818
6.081363636363636
5.83909090909091
6.625454545454545
7.619090909090909
8.327727272727273
8.912272727272727
8.938636363636364
8.721363636363636
8.110454545454546
8.405454545454544
8.465909090909092
8.29
8.191363636363636
8.576363636363636
8.746818181818183
8.863636363636363
8.993181818181817
8.991818181818182
8.876818181818182
9.235
9.082272727272727
9.077727272727273
9.234545454545454
9.263181818181819
9.094545454545456
8.915909090909091
9.153636363636364
9.69
9.763181818181819
9.538636363636364
9.558636363636364
9.851363636363637
10.276818181818182
10.039090909090909
10.20681818181818
10.58
10.614545454545455
10.592272727272727
10.576818181818181
10.543181818181818
10.747727272727273
10.948636363636364
11.182272727272727
11.620454545454546
11.968181818181819
12.142272727272728
11.878181818181817
11.30409090909091
11.411818181818182
11.955
12.114545454545453
11.944545454545455
12.373181818181818
12.168636363636363
12.056818181818182
11.862727272727273
12.07909090909091
12.076363636363636
12.296363636363635
12.855
13.505454545454546
13.441818181818183
13.565
13.393181818181818
12.711363636363636
12.839545454545453
13.147727272727273
13.17
13.35590909090909
13.568636363636363
13.42
13.822727272727274
13.94818181818182
13.897272727272728
14.119545454545454
14.415
14.307727272727272
14.385000000000002
14.176363636363636
14.087272727272728
14.29590909090909
14.039090909090909
14.282272727272726
14.654545454545454
14.439545454545454
14.626363636363635
14.217727272727274
14.463636363636363
14.552272727272726
14.607727272727272
14.433181818181817
14.896363636363638
15.305
15.115454545454547
14.633636363636363
14.594090909090909
15.06590909090909
15.086818181818183
15.127272727272727
15.203181818181816
15.380454545454546
15.123181818181818
15.32318181818182
15.134999999999998
15.174090909090909
15.52727272727273
15.337727272727273
15.414545454545454
15.223636363636365
15.45409090909091
15.281818181818181
14.914545454545454
14.67818181818182
14.886818181818182
14.825909090909091
15.202727272727271
14.836363636363636
14.52909090909091
14.692727272727273
14.825909090909091
14.57090909090909
14.785454545454543
14.52727272727273
14.914090909090909
14.82909090909091
14.556363636363637
14.412272727272727
14.248181818181818
13.642727272727273
13.623181818181818
13.680909090909092
13.209545454545456
13.044090909090908
13.283181818181818
13.232608695652175
13.29304347826087
13.168695652173913
13.424347826086956
13.567826086956522
13.297826086956523
13.37
13.082173913043478
12.932608695652174
12.87086956521739
12.512608695652174
12.915652173913044
13.128695652173912
12.641739130434782
12.196956521739132
11.786956521739132
11.465652173913043
11.29695652173913
11.220434782608695
11.653913043478262
11.942608695652174
12.13
12.157391304347826
11.72086956521739
11.328695652173913
10.975652173913044
10.875217391304348
10.940869565217392
11.082608695652175
11.537826086956523
11.582608695652173
11.615217391304347
11.616818181818182
10.74409090909091
10.644090909090908
9.76
9.721363636363636
9.825454545454546
9.743181818181817
10.342272727272727
10.226818181818182
9.974545454545455
9.781363636363636
9.552727272727273
9.329545454545455
9.359545454545454
9.213181818181818
8.711363636363636
8.523181818181818
8.067727272727273
8.274090909090908
7.61090909090909
8.441818181818181
8.575454545454546
8.395909090909091
8.540454545454544
8.61
8.722727272727273
8.685
8.122272727272728
7.469545454545455
8.146818181818182
8.200909090909091
7.70090909090909
7.215909090909091
7.503636363636364
6.887272727272728
7.086363636363637
6.537727272727273
6.629090909090909
6.918181818181818
5.838181818181818
6.073181818181819
6.452727272727273
6.4327272727272735
6.29909090909091
6.024545454545454
5.951363636363637
5.375
5.2263636363636365
5.038636363636363
4.665909090909091
4.775454545454545
4.65590909090909
4.0636363636363635
4.179545454545455
4.8513636363636365
4.334545454545455
4.951363636363637
5.075909090909091
4.632727272727273
4.416818181818182
4.293181818181818
3.9572727272727275
4.015454545454546
3.958181818181818
3.7731818181818184
3.8413636363636368
3.774090909090909
3.4427272727272724
3.313636363636364
3.691363636363637
3.9959090909090906
3.63
3.592727272727273
3.747272727272727
3.1768181818181818
2.9718181818181817
3.155
2.7277272727272726
2.3036363636363637
2.1463636363636365
1.1422727272727273
2.171818181818182
2.765
3.630454545454546
3.8709090909090906
2.9099999999999997
2.2504545454545455
2.13
1.6545454545454545
1.635909090909091
2.4186363636363635
2.5872727272727274
