temperature
4.349545454545455
4.409545454545455
4.441818181818181
4.740454545454546
5.077272727272727
4.775454545454545
3.6986363636363637
4.01
4.246363636363636
3.696818181818182
3.583181818181818
3.108181818181818
2.5954545454545457
2.84
3.674090909090909
3.715909090909091
3.017272727272727
2.7413636363636367
3.525
3.915909090909091
4.537727272727273
4.4377272727272725
4.345
4.3940909090909095
4.219090909090909
3.847727272727273
3.8095454545454546
3.9031818181818183
3.902272727272728
3.6504545454545454
3.560909090909091
3.8731818181818185
4.036363636363636
4.284545454545454
4.2695454545454545
4.518636363636364
4.6486363636363635
4.669090909090909
4.240909090909091
3.7313636363636364
3.165909090909091
2.9181818181818184
3.1854545454545455
2.8563636363636364
2.1572727272727272
2.0272727272727273
2.22
2.7581818181818183
2.830909090909091
3.071818181818182
2.9622727272727274
3.2900000000000005
3.7290909090909086
4.095454545454545
4.005454545454546
3.2586363636363633
3.869545454545454
4.345
4.4386363636363635
4.624090909090909
4.891818181818182
4.959090909090909
4.898181818181818
5.1854545454545455
5.450454545454545
5.879090909090909
5.458181818181818
5.206363636363636
5.511363636363637
5.680909090909091
5.382727272727273
5.624545454545454
5.603181818181818
5.638181818181818
4.973636363636364
5.285909090909091
5.212272727272727
5.265909090909091
5.044545454545455
5.300454545454546
5.488181818181818
5.615909090909091
5.597272727272728
5.998181818181819
5.67
5.968636363636364
5.845909090909092
5.859999999999999
6.319999999999999
6.132727272727274
6.509090909090909
5.949545454545454
5.267272727272727
5.3145454545454545
5.588636363636364
5.819090909090909
6.140454545454546
5.996363636363636
6.175909090909091
6.387727272727273
6.778636363636363
7.378636363636363
7.256818181818182
7.198636363636364
7.315
7.958181818181819
7.5609090909090915
7.1890909090909085
7.976363636363636
7.8109090909090915
7.860454545454545
8.508636363636363
8.570454545454545
8.111818181818181
7.927727272727273
8.05181818181818
8.348181818181818
8.113636363636363
8.48
8.426363636363636
8.54
8.242727272727272
8.63090909090909
8.739545454545455
8.773181818181818
9.132272727272728
9.17
9.577727272727273
9.293636363636365
9.276818181818182
10.168636363636365
9.995909090909091
10.372727272727273
10.585
10.454545454545455
10.417727272727273
10.71409090909091
10.996190476190476
10.813333333333334
11.44047619047619
11.379523809523809
11.188095238095238
11.607619047619048
11.998095238095239
11.939047619047619
11.764285714285714
11.867619047619048
11.26952380952381
11.557619047619047
11.432380952380951
11.614285714285714
11.967619047619047
11.933333333333334
12.362857142857143
12.207619047619048
12.313333333333333
12.14857142857143
12.13190476190476
12.492380952380952
13.0
12.769047619047617
12.744285714285715
12.882857142857144
12.737142857142858
12.828571428571427
12.957142857142859
13.425238095238095
13.337142857142856
13.081904761904763
13.636666666666667
13.795238095238094
13.849523809523808
13.763333333333332
13.541428571428572
13.379523809523809
13.822380952380952
14.11
14.05190476190476
14.102857142857143
14.38904761904762
14.553333333333333
14.413333333333334
14.326666666666668
14.741428571428571
15.325714285714284
15.701428571428572
15.36
15.414285714285715
15.666190476190476
15.210952380952381
15.223333333333333
15.277619047619046
15.30190476190476
15.723333333333333
15.281428571428572
15.458571428571428
15.268095238095238
14.894761904761905
14.57952380952381
14.845714285714285
15.359523809523811
15.103809523809524
15.011904761904763
15.03095238095238
14.933333333333334
15.126190476190475
15.414285714285715
15.600952380952382
15.841428571428573
15.95047619047619
15.91952380952381
15.387619047619047
14.958095238095238
15.304285714285713
15.701904761904762
14.99952380952381
15.114761904761906
15.02190476190476
14.709523809523809
14.861904761904762
15.341904761904763
14.997619047619047
15.244761904761905
15.424285714285716
15.283809523809524
15.470476190476191
15.85142857142857
15.135714285714286
14.914285714285715
14.75904761904762
15.154761904761905
15.553333333333333
15.350000000000001
15.497142857142856
14.344285714285714
14.66904761904762
14.742857142857144
14.806666666666667
14.525714285714287
14.608571428571427
14.466666666666667
14.569047619047618
14.056666666666667
14.289047619047619
14.092857142857142
13.852857142857143
13.353809523809524
13.453809523809522
13.503333333333334
13.63857142857143
14.001428571428571
13.767619047619048
13.49
13.102857142857143
13.095238095238095
12.791904761904762
12.392857142857142
12.571904761904761
12.896666666666667
12.924285714285716
12.75047619047619
12.479999999999999
12.38904761904762
12.39857142857143
11.91047619047619
12.235238095238095
12.043809523809523
11.947142857142856
11.66952380952381
11.733333333333334
12.145238095238096
11.85
11.550952380952381
11.31952380952381
11.066666666666666
11.19095238095238
11.200476190476191
11.025714285714285
11.047142857142857
11.087142857142856
10.47904761904762
11.00047619047619
10.853333333333333
9.983333333333334
10.156666666666666
9.72095238095238
9.470476190476191
9.515714285714285
8.91
8.581904761904761
8.934285714285714
9.412380952380952
9.394761904761904
8.957142857142857
8.631428571428572
8.523809523809524
8.573333333333334
8.741428571428571
9.053809523809523
8.825238095238095
8.445238095238095
7.990476190476191
8.418571428571429
8.642380952380952
8.447619047619048
8.458095238095238
7.9314285714285715
7.512857142857143
7.156666666666666
6.8152380952380955
7.727142857142858
8.176190476190476
7.824761904761904
7.859047619047619
7.7923809523809515
6.884285714285714
6.093333333333333
6.048095238095239
6.189523809523809
6.0476190476190474
6.037619047619048
6.754761904761905
6.578571428571429
5.4452380952380945
4.989047619047619
5.303809523809524
5.701904761904761
5.981428571428571
5.9504761904761905
5.2785714285714285
4.713809523809524
4.536666666666666
4.3742857142857146
4.674761904761905
5.04047619047619
5.286190476190477
5.656666666666666
5.7247619047619045
5.422857142857143
5.192380952380952
5.342380952380952
4.677142857142857
4.359523809523809
4.034761904761905
4.257619047619047
4.399523809523809
4.36047619047619
4.758095238095239
5.14
4.777142857142857
4.761904761904762
4.414285714285715
4.489999999999999
4.690952380952381
5.443809523809524
4.788095238095238
5.4
5.48952380952381
5.2004761904761905
5.1623809523809525
5.103809523809524
5.024761904761904
5.176666666666667
4.383809523809524
4.386666666666667
