pet
0.2863157894736842
0.3042105263157895
0.43473684210526314
0.3663157894736842
0.25473684210526315
0.2973684210526316
0.31947368421052635
0.2768421052631579
0.24947368421052632
0.2905263157894737
0.3942105263157895
0.38894736842105265
0.3094736842105263
0.3863157894736842
0.19421052631578947
0.2663157894736842
0.37473684210526315
0.29526315789473684
0.28842105263157897
0.2710526315789474
0.28157894736842104
0.39263157894736844
0.36894736842105263
0.4105263157894737
0.2894736842105263
0.3589473684210526
0.3231578947368421
0.27736842105263154
0.23894736842105263
0.39999999999999997
0.41578947368421054
0.3668421052631579
0.44947368421052625
0.30894736842105264
0.37105263157894736
0.42684210526315786
0.4147368421052631
0.5310526315789473
0.5021052631578947
0.41842105263157897
0.45894736842105266
0.4257894736842105
0.4747368421052631
0.48578947368421055
0.5252631578947369
0.5252631578947369
0.5578947368421052
0.4557894736842105
0.5078947368421053
0.5894736842105263
0.4963157894736842
0.5278947368421052
0.4973684210526316
0.5226315789473684
0.5536842105263158
0.6063157894736841
0.5189473684210526
0.6173684210526316
0.6284210526315789
0.7042105263157895
0.6894736842105263
0.7689473684210526
0.7010526315789474
0.6673684210526316
0.6847368421052632
0.5831578947368421
0.6847368421052632
0.7331578947368421
0.6752631578947369
0.7205263157894738
0.8410526315789474
0.7689473684210526
0.7447368421052631
0.8842105263157896
0.8268421052631579
0.988421052631579
0.8178947368421052
0.8626315789473684
0.8810526315789474
0.881578947368421
1.0210526315789472
0.9515789473684212
1.1321052631578947
1.2026315789473685
1.1673684210526316
1.16
1.181578947368421
1.1905263157894737
1.1005263157894738
1.0915789473684212
1.0689473684210526
1.0942105263157895
1.1494736842105262
1.3189473684210526
1.3147368421052632
1.458421052631579
1.261578947368421
1.1326315789473684
1.293157894736842
1.408421052631579
1.3589473684210527
1.4994736842105263
1.5626315789473686
1.87
1.6889473684210528
1.6726315789473685
1.7152631578947366
1.5642105263157895
1.58
1.7984210526315791
1.6089473684210527
1.7536842105263157
1.9094736842105264
1.9563157894736842
1.8589473684210527
1.9878947368421052
2.165263157894737
1.9510526315789474
1.7873684210526317
1.9084210526315788
1.9405263157894737
2.1857894736842107
2.27
2.2863157894736843
2.0989473684210527
2.298421052631579
2.1610526315789476
2.2863157894736843
2.3973684210526316
1.9610526315789472
2.234736842105263
2.3910526315789475
2.3026315789473686
2.548421052631579
2.4657894736842105
2.4010526315789473
2.2657894736842104
2.389473684210526
2.5473684210526315
2.321578947368421
2.290526315789474
2.431578947368421
2.3968421052631577
2.5421052631578944
2.2715789473684214
2.298421052631579
2.3663157894736844
2.6226315789473684
2.443157894736842
2.5036842105263157
2.6115789473684208
2.5631578947368423
2.2863157894736843
2.346315789473684
2.5189473684210526
2.51
2.305263157894737
2.396315789473684
2.431052631578947
2.4257894736842105
2.471578947368421
2.1789473684210527
2.4494736842105262
2.6021052631578945
2.6436842105263154
2.844736842105263
2.7636842105263155
2.61
2.8942105263157893
2.926842105263158
3.051578947368421
2.58
2.8157894736842106
2.4557894736842103
2.6305263157894734
2.5294736842105263
2.6321052631578947
2.8194736842105264
2.7115789473684213
2.7921052631578944
2.771578947368421
2.523157894736842
2.562105263157895
2.9573684210526316
2.663684210526316
2.811052631578947
2.8015789473684207
2.6647368421052633
2.5242105263157897
2.648421052631579
2.4478947368421053
2.57
2.6326315789473687
2.6526315789473682
2.495263157894737
2.4726315789473685
2.7626315789473685
2.6073684210526316
2.437894736842105
2.586315789473684
2.7247368421052633
2.5757894736842104
2.7273684210526317
2.6626315789473685
2.526315789473684
2.843684210526316
2.6405263157894736
2.548421052631579
2.4031578947368417
2.5078947368421054
2.515263157894737
2.2178947368421054
2.476842105263158
2.526842105263158
2.4863157894736845
2.2847368421052634
2.4021052631578947
2.2068421052631577
1.9773684210526317
2.171578947368421
2.116842105263158
2.3694736842105266
2.013157894736842
2.0163157894736843
2.244736842105263
2.035263157894737
2.0589473684210526
2.241578947368421
2.276315789473684
2.0094736842105263
2.1452631578947368
2.1778947368421053
1.9973684210526317
2.0457894736842106
1.8410526315789475
1.9294736842105262
1.8121052631578947
2.012105263157895
2.0078947368421054
1.8389473684210524
1.7005263157894739
1.9421052631578946
1.7757894736842106
1.673
1.8325
1.654
1.554
1.7345
1.6800000000000002
1.4949999999999999
1.5230000000000001
1.5295
1.432
1.467
1.4064999999999999
1.5390000000000001
1.326
1.2994999999999999
1.2974999999999999
1.3189473684210526
1.3042105263157895
1.3378947368421052
1.2526315789473685
1.14
1.1847368421052633
1.098421052631579
1.2236842105263157
1.0605263157894735
0.8326315789473684
0.9910526315789473
0.9373684210526315
1.0589473684210526
0.8989473684210525
1.0389473684210528
0.8426315789473685
0.8915789473684211
1.073157894736842
0.8321052631578947
0.8357894736842105
0.9542105263157894
0.9931578947368421
0.7636842105263157
0.8273684210526315
0.8189473684210526
0.8031578947368421
0.6989473684210527
0.7652631578947368
0.5778947368421052
0.661578947368421
0.8421052631578947
0.6368421052631579
0.6268421052631579
0.5147368421052632
0.5826315789473684
0.6626315789473685
0.5863157894736842
0.5205263157894737
0.5426315789473685
0.46315789473684216
0.39894736842105266
0.44684210526315793
0.5605263157894737
0.42000000000000004
0.5021052631578947
0.41578947368421054
0.45736842105263154
0.36157894736842106
0.45473684210526316
0.42315789473684207
0.4863157894736842
0.3389473684210526
0.431578947368421
0.4557894736842105
0.3794736842105263
0.33789473684210525
0.4242105263157895
0.43473684210526314
0.3178947368421053
0.47526315789473683
0.31947368421052635
0.36684210526315786
0.29368421052631577
0.39210526315789473
0.35157894736842105
0.2768421052631579
0.3705263157894737
0.25894736842105265
0.38736842105263153
0.30210526315789477
0.2726315789473684
0.24842105263157893
0.29157894736842105
0.31421052631578944
0.2378947368421053
0.2094736842105263
0.22263157894736843
0.27473684210526317
0.3705263157894737
0.17684210526315788
0.27789473684210525
0.4168421052631579
0.16736842105263158
0.3
0.22526315789473686
0.3094736842105263
0.25052631578947365
0.16421052631578947
0.24
0.23
0.3931578947368421
0.23894736842105263
0.35000000000000003
0.27789473684210525
0.3405263157894737
0.26263157894736844
0.2063157894736842
0.2394736842105263
0.2142105263157895
0.2036842105263158
0.21631578947368424
0.24
0.1831578947368421
0.21736842105263157
0.32842105263157895
0.26105263157894737
