pet
0.3835
0.3755
0.39249999999999996
0.274
0.2145
0.22799999999999998
0.258
0.344
0.2965
0.23450000000000001
0.3485
0.3765
0.34850000000000003
0.394
0.2
0.2655
0.385
0.292
0.376
0.2925
0.3365
0.382
0.353
0.356
0.268
0.317
0.3185
0.271
0.24050000000000002
0.40650000000000003
0.395
0.4225
0.41500000000000004
0.39
0.46749999999999997
0.454
0.476
0.5005
0.4640000000000001
0.426
0.4175
0.46699999999999997
0.4445
0.487
0.5105000000000001
0.473
0.44000000000000006
0.40449999999999997
0.42750000000000005
0.5485
0.5285
0.5235
0.558
0.5305
0.531
0.552
0.5245
0.5820000000000001
0.678
0.6925
0.697
0.784
0.834
0.7285
0.787
0.761
0.742
0.8085000000000001
0.755
0.7295
0.9189999999999999
0.8644999999999999
0.7505
0.9285
0.8855000000000001
0.925
0.9785
0.9564999999999999
0.9734999999999999
1.011
0.9445
1.033
1.206
1.1465
1.064
1.2185000000000001
1.168
1.2775
1.1015000000000001
1.0985
1.1019999999999999
1.2615
1.1720000000000002
1.2955
1.2545
1.2825
1.26
1.2275
1.24
1.415
1.3235
1.511
1.5645
1.759
1.6745
1.6415
1.7109999999999999
1.467
1.5465
1.7485
1.6715
1.5485
1.802
1.8719999999999999
1.7730000000000001
1.9754999999999998
1.985
1.863
1.8405
1.906
2.0774999999999997
2.0505
2.0705
2.152
2.011
2.1435
1.988
2.1465
2.207
1.9695
2.2785
2.25
2.3555
2.507
2.3005
2.4045
2.206
2.3114999999999997
2.494
2.4225000000000003
2.29
2.494
2.366
2.666
2.5140000000000002
2.4715
2.503
2.603
2.5260000000000002
2.6235
2.3649999999999998
2.5915
2.335
2.5925000000000002
2.634
2.5044999999999997
2.181
2.522
2.6105
2.459
2.5195
2.2239999999999998
2.4850000000000003
2.4455
2.754
2.7359999999999998
2.527
2.455
2.6565
2.784
2.9204999999999997
2.543
2.757
2.5204999999999997
2.5395
2.4825
2.7175000000000002
2.887
2.881
3.039
2.788
2.4795
2.626
2.8465
2.7895
2.891
3.0164999999999997
2.823
2.7115
2.8525
2.618
2.7785
2.663
2.6635
2.5805
2.416
2.6055
2.4705000000000004
2.4859999999999998
2.58
2.606
2.6665
2.492
2.5140000000000002
2.441
2.727
2.6305
2.5415
2.302
2.6065
2.4835000000000003
2.3135000000000003
2.5004999999999997
2.4204999999999997
2.3920000000000003
2.246
2.341
2.074
1.991
2.069
2.1985
2.2995
2.1614999999999998
2.131
2.055
1.996
1.9884999999999997
2.2649999999999997
2.1815
1.9575
1.9600000000000002
2.0875
2.1955
2.122
1.924
1.9905000000000002
1.8965
1.9245
1.922
1.8350000000000002
1.718
1.7305
1.6815000000000002
1.7440000000000002
1.7835
1.5939999999999999
1.6510000000000002
1.7079999999999997
1.614
1.356
1.4265
1.395
1.4120000000000001
1.447
1.357
1.48
1.4064999999999999
1.287
1.3305
1.3325
1.356
1.357
1.248
1.1715
1.1225
1.0550000000000002
1.1055
1.02
0.9025000000000001
0.9964999999999999
0.8390000000000001
0.969
0.9225
0.9574999999999999
0.8314999999999999
0.8244999999999999
0.96
0.8225
0.8390000000000001
0.9605
0.9404999999999999
0.734
0.825
0.8160000000000001
0.6519999999999999
0.64
0.645
0.509
0.576
0.7555
0.653
0.6875
0.49400000000000005
0.5615
0.5695
0.5435
0.4875
0.5155000000000001
0.4365
0.4645
0.33799999999999997
0.517
0.4565
0.472
0.4485
0.493
0.3605
0.429
0.372
0.49050000000000005
0.29700000000000004
0.3895
0.41950000000000004
0.3635
0.41200000000000003
0.4365
0.43150000000000005
0.298
0.41950000000000004
0.24105263157894738
0.34421052631578947
0.3094736842105263
0.40578947368421053
0.3736842105263158
0.23210526315789473
0.3194736842105263
0.3078947368421052
0.4031578947368421
0.3136842105263158
0.2542105263157895
0.24842105263157893
0.2810526315789474
0.3168421052631579
0.2768421052631579
0.2331578947368421
0.24578947368421053
0.2642105263157895
0.40894736842105267
0.19157894736842104
0.2752631578947369
0.37894736842105264
0.16789473684210526
0.2063157894736842
0.19473684210526318
0.2063157894736842
0.25736842105263164
0.13736842105263158
0.15
0.2136842105263158
0.2963157894736842
0.21999999999999997
0.30842105263157893
0.3005263157894737
0.2921052631578947
0.14578947368421052
0.15736842105263157
0.23894736842105263
0.2489473684210526
0.27
0.22684210526315787
0.21052631578947367
0.2605263157894737
0.2005263157894737
0.3678947368421053
0.27052631578947367
