pet
0.23363636363636367
0.3190909090909091
0.32545454545454544
0.28818181818181815
0.29454545454545455
0.1981818181818182
0.43454545454545457
0.32727272727272727
0.3727272727272727
0.38636363636363635
0.4018181818181818
0.3763636363636364
0.24727272727272728
0.19636363636363638
0.2872727272727273
0.21333333333333335
0.25333333333333335
0.25416666666666665
0.32
0.385
0.30083333333333334
0.2225
0.2325
0.24916666666666668
0.3183333333333333
0.3333333333333333
0.36999999999999994
0.3575
0.3183333333333333
0.3591666666666667
0.4841666666666667
0.5083333333333333
0.42166666666666663
0.4025
0.46166666666666667
0.3958333333333333
0.4075
0.4716666666666667
0.4741666666666666
0.38000000000000006
0.3308333333333333
0.31916666666666665
0.3733333333333333
0.4708333333333334
0.4566666666666667
0.5541666666666667
0.4366666666666667
0.3466666666666667
0.405
0.4908333333333333
0.5183333333333333
0.5933333333333334
0.6625
0.6316666666666667
0.5858333333333333
0.6641666666666667
0.7433333333333333
0.69
0.6549999999999999
0.7675000000000001
0.8291666666666666
0.7783333333333333
0.8008333333333333
0.7916666666666666
0.9175
0.9058333333333334
0.9175
0.9666666666666667
1.0316666666666665
1.0175
1.1033333333333333
0.995
1.0225
0.9925
0.9241666666666667
1.0475
1.1275
1.0533333333333335
1.075
1.29
1.2383333333333333
1.2458333333333333
1.1266666666666667
1.2283333333333333
1.2108333333333332
1.1616666666666666
1.2366666666666666
1.215
1.1500000000000001
1.505
1.5308333333333335
1.55
1.2766666666666666
1.3858333333333333
1.5650000000000002
1.8416666666666668
1.625
1.8791666666666667
1.5650000000000002
1.7458333333333336
1.6766666666666667
1.5641666666666667
1.5999999999999999
1.8691666666666666
1.7641666666666669
1.93
1.9491666666666667
2.1333333333333333
1.6708333333333334
1.89
2.045
2.0683333333333334
2.188333333333333
2.1325
2.0708333333333333
1.9658333333333333
2.1391666666666667
1.96
2.0733333333333333
1.9191666666666667
2.250833333333333
2.2491666666666665
2.4891666666666667
2.305833333333333
2.158333333333333
2.3558333333333334
2.5058333333333334
2.2241666666666666
2.464166666666667
2.250833333333333
2.4591666666666665
2.5708333333333333
2.31
2.1558333333333333
2.231666666666667
2.3716666666666666
2.3783333333333334
2.5241666666666664
2.6491666666666664
2.3275
2.56
2.518333333333333
3.06
2.86
2.8941666666666666
2.7183333333333333
2.5533333333333332
2.75
2.3725
2.620833333333333
2.8125
2.643333333333333
2.7283333333333335
3.0975
2.5783333333333336
2.665
2.6158333333333332
2.775
2.830833333333333
2.9766666666666666
2.935
3.160833333333333
2.7891666666666666
2.4091666666666667
2.57
2.7541666666666664
2.861666666666667
2.7608333333333337
2.7358333333333333
2.6875
3.1641666666666666
3.1483333333333334
2.6975
3.169166666666667
2.7283333333333335
2.665
3.0625
2.7891666666666666
2.7825
3.1300000000000003
3.0666666666666664
3.44
3.1791666666666667
3.1024999999999996
2.921666666666667
2.935833333333333
2.8508333333333336
2.766666666666667
2.6358333333333337
3.091666666666667
2.9416666666666664
3.1199999999999997
2.715
2.6533333333333333
3.0833333333333335
3.0500000000000003
3.1041666666666665
2.9458333333333333
3.0591666666666666
3.0208333333333335
2.5866666666666664
2.533333333333333
2.6283333333333334
2.6958333333333333
3.2424999999999997
2.9949999999999997
2.5175
2.705
2.795
2.6266666666666665
2.873333333333333
2.7558333333333334
2.290833333333333
2.6666666666666665
3.029166666666667
2.254166666666667
2.533333333333333
2.3008333333333333
2.6
2.8233333333333337
2.956666666666667
2.2183333333333333
2.7283333333333335
2.2916666666666665
1.9391666666666667
1.7733333333333334
2.4058333333333333
2.31
2.3783333333333334
2.1033333333333335
2.2341666666666664
2.095833333333333
2.0641666666666665
2.254166666666667
2.243333333333333
1.9400000000000002
1.9616666666666667
1.7216666666666667
2.1475
2.1058333333333334
2.245833333333333
1.8575
1.9816666666666667
2.044166666666667
1.9166666666666667
1.8741666666666665
1.9833333333333334
1.8358333333333334
1.7566666666666666
1.8533333333333335
1.6866666666666665
1.7308333333333332
1.82
1.7266666666666666
1.8075
1.5175
1.5941666666666665
1.4758333333333333
1.5391666666666666
1.3308333333333333
1.3325
1.3950000000000002
1.5
1.5325
1.4566666666666668
1.1616666666666666
1.2766666666666666
1.1533333333333333
1.2249999999999999
1.1108333333333333
1.1341666666666665
1.11
1.1716666666666666
1.09
1.089090909090909
1.0927272727272728
1.0745454545454545
0.9409090909090909
0.9009090909090909
0.9227272727272727
0.740909090909091
0.7809090909090909
0.9345454545454545
0.9172727272727272
0.6945454545454545
0.5690909090909091
0.5209090909090909
0.53
0.5654545454545454
0.7190909090909091
0.6790909090909091
0.6754545454545454
0.6154545454545455
0.6336363636363637
0.6918181818181818
0.5745454545454546
0.5563636363636364
0.639090909090909
0.7209090909090908
0.6063636363636363
0.5781818181818181
0.49636363636363634
0.48636363636363633
0.47454545454545455
0.48000000000000004
0.44272727272727275
0.44
0.30272727272727273
0.32727272727272727
0.2990909090909091
0.31181818181818177
0.36272727272727273
0.3427272727272727
0.32363636363636367
0.45272727272727276
0.39272727272727276
0.34454545454545454
0.37636363636363634
0.20727272727272725
0.27636363636363637
0.24000000000000002
0.2809090909090909
0.23999999999999996
0.25181818181818183
0.23272727272727273
0.21545454545454545
0.3690909090909091
0.27454545454545454
0.2927272727272727
0.22545454545454546
0.22090909090909092
0.20181818181818184
0.2545454545454545
0.2281818181818182
0.18454545454545454
0.21363636363636365
0.25727272727272726
0.17545454545454545
0.32545454545454544
0.19545454545454544
0.3572727272727273
0.21363636363636365
0.12454545454545453
0.22454545454545452
0.1390909090909091
0.08818181818181818
0.18
0.24636363636363637
0.18454545454545454
0.21
0.19090909090909092
0.19363636363636363
0.14818181818181816
0.21363636363636365
0.15818181818181817
0.22545454545454546
0.23363636363636361
0.32545454545454544
0.13636363636363635
0.12363636363636364
0.2636363636363636
0.22636363636363638
0.22727272727272727
0.21363636363636365
0.27454545454545454
