temperature
4.805909090909091
4.345
4.108181818181818
4.067272727272727
5.08909090909091
4.714090909090909
5.010909090909091
5.232727272727273
4.996363636363636
5.323181818181818
5.342272727272728
5.9804545454545455
6.084545454545455
5.132272727272727
5.755
5.022272727272727
4.984545454545454
5.084090909090909
5.510909090909091
5.199090909090909
4.487727272727273
4.386818181818182
4.364545454545454
4.419090909090909
4.778636363636363
4.374545454545454
4.466363636363637
4.3568181818181815
4.537272727272727
4.277727272727272
4.420454545454546
4.602727272727273
4.335909090909091
4.478181818181818
5.507272727272727
5.415
5.2749999999999995
4.783636363636363
4.194090909090909
4.341363636363637
4.732727272727273
5.442727272727272
5.911363636363637
5.241818181818181
4.488636363636363
5.055909090909091
4.861818181818182
4.835909090909091
4.831363636363637
4.716818181818182
4.4368181818181816
4.718636363636364
5.058636363636364
5.391363636363637
5.5213636363636365
5.5645454545454545
5.614090909090909
5.582727272727272
5.237727272727273
5.0613636363636365
4.6854545454545455
4.725909090909091
4.6054545454545455
4.8500000000000005
5.546818181818182
6.549545454545455
6.632727272727272
6.58909090909091
6.6468181818181815
6.3
6.018636363636364
5.572272727272727
6.1068181818181815
6.960909090909092
6.994999999999999
7.368636363636364
6.679090909090909
6.151818181818182
6.225
6.570454545454546
6.859999999999999
7.164545454545455
7.2268181818181825
7.588181818181818
7.171818181818182
6.673181818181818
7.052272727272728
7.475
7.912727272727273
8.207272727272727
8.385652173913044
8.307826086956522
8.019130434782609
7.712173913043478
7.856086956521739
8.430434782608696
7.373913043478261
7.289130434782609
7.864347826086957
8.273478260869565
7.842173913043479
7.642608695652174
7.5947826086956525
8.268260869565216
8.38
8.503913043478262
8.733478260869566
8.157391304347826
7.843478260869565
8.498260869565218
9.401739130434782
10.041739130434783
10.582173913043478
10.552173913043477
10.506086956521738
10.087826086956522
10.266521739130434
10.372608695652174
10.176521739130434
10.29391304347826
10.590434782608696
10.62782608695652
10.646521739130435
10.530869565217392
10.677826086956522
10.694347826086956
11.01086956521739
10.923478260869565
10.977391304347826
11.284782608695652
11.545652173913044
11.254782608695653
10.943913043478261
11.022173913043478
11.412173913043478
11.573478260869566
11.405217391304348
11.387826086956522
11.690434782608696
11.802608695652173
11.788260869565217
11.937826086956521
12.500869565217391
12.635652173913044
12.440434782608696
12.226086956521739
12.321304347826086
12.389130434782608
12.659565217391306
13.042608695652175
13.427391304347825
13.614782608695652
14.081739130434782
13.716521739130435
13.260000000000002
13.421739130434782
13.847391304347827
13.950869565217392
13.838260869565216
14.30695652173913
14.125217391304348
13.914782608695653
13.71913043478261
13.82304347826087
14.050434782608697
14.105652173913043
14.697826086956523
15.186521739130436
15.195217391304348
15.274782608695652
15.035217391304348
14.363478260869567
14.563478260869564
14.821304347826086
14.845217391304347
15.166521739130435
15.421739130434782
15.390869565217391
15.645652173913044
15.945217391304348
15.863478260869567
15.991304347826087
16.082173913043476
16.10739130434783
16.089565217391304
15.66391304347826
15.601304347826087
15.833478260869565
15.755652173913044
15.861739130434783
16.31086956521739
16.036521739130436
16.157391304347826
15.933913043478261
16.299130434782608
16.414347826086956
16.53782608695652
16.099565217391305
16.612608695652174
17.094347826086956
16.823478260869564
16.329565217391302
16.32
16.863478260869567
16.87391304347826
16.937826086956523
16.90086956521739
17.15913043478261
17.07304347826087
17.15
16.876521739130435
16.799130434782608
17.19391304347826
17.04
17.073478260869564
16.816521739130433
17.155217391304348
17.00304347826087
16.810434782608695
16.60782608695652
16.88608695652174
16.688260869565216
17.142608695652175
16.569565217391304
16.057391304347824
16.256086956521738
16.523478260869563
16.216521739130435
16.36521739130435
16.29391304347826
16.596086956521738
16.64695652173913
16.312173913043477
16.319130434782608
16.05
15.303043478260872
15.37217391304348
15.55695652173913
15.027826086956521
14.71913043478261
14.815217391304348
15.008695652173913
15.091304347826087
14.82913043478261
15.017391304347825
15.342608695652174
15.033043478260868
15.045217391304348
14.919130434782607
14.77
14.63304347826087
14.457391304347825
14.738260869565218
14.90913043478261
14.418260869565218
13.922173913043478
13.49304347826087
13.198695652173912
13.100434782608696
13.023913043478261
13.495217391304347
13.835217391304347
13.959130434782608
13.804782608695652
13.390434782608697
13.126521739130435
12.905217391304348
12.592173913043478
12.762173913043478
12.997391304347826
13.327826086956522
13.35
13.509130434782607
13.563636363636363
12.610454545454546
12.409545454545453
11.567272727272726
11.453181818181818
11.773181818181818
11.393636363636363
12.219090909090909
12.18409090909091
11.982272727272727
11.816818181818183
11.442272727272726
11.115454545454545
10.996818181818183
10.986818181818181
10.73
10.429545454545455
9.870909090909091
10.05909090909091
9.472727272727273
10.367727272727272
10.436363636363636
10.375
10.544545454545455
10.415454545454544
10.540454545454544
10.639090909090909
9.986363636363636
9.586818181818181
10.172272727272727
10.091363636363637
9.371818181818183
9.065454545454545
9.324545454545456
8.692272727272726
9.085909090909091
8.538181818181819
8.383636363636363
8.81181818181818
7.863636363636363
8.06409090909091
8.453181818181818
8.264090909090909
8.300454545454544
7.665454545454545
7.47
6.985
7.014545454545455
6.979545454545455
6.484090909090909
6.506818181818182
6.359090909090909
6.121363636363636
5.995909090909091
6.661818181818182
6.387727272727273
6.792727272727273
6.76409090909091
6.420909090909091
6.325454545454545
6.225454545454546
5.930454545454546
5.921363636363637
5.845454545454545
5.874545454545455
5.710909090909091
5.574090909090909
5.368636363636363
5.3172727272727265
5.327272727272727
5.40090909090909
5.276818181818182
5.511818181818182
5.558636363636364
4.799545454545455
4.553181818181819
4.824090909090909
4.336363636363637
4.409090909090909
4.236363636363636
3.2818181818181817
4.402272727272727
4.677272727272728
5.391818181818182
5.716363636363637
4.779090909090909
4.260909090909091
4.233636363636363
3.7677272727272726
3.758181818181818
4.402727272727272
4.506818181818182
