temperature
3.8740909090909095
3.4145454545454546
3.742272727272727
3.445909090909091
3.936363636363636
3.847727272727273
4.244545454545454
3.8150000000000004
4.336363636363637
4.490909090909091
4.238636363636363
5.116818181818181
4.921818181818182
4.469545454545455
4.815454545454545
3.916818181818182
3.950909090909091
4.297272727272728
4.3513636363636365
3.776818181818182
3.855454545454545
4.031818181818182
3.9931818181818177
4.006363636363637
3.9645454545454544
4.006818181818182
4.323181818181818
3.936363636363636
3.6436363636363636
3.38
3.860454545454545
4.111818181818182
3.774090909090909
4.202727272727272
4.451818181818182
4.325909090909091
4.346818181818182
3.455
3.4595454545454545
3.8613636363636363
3.73
4.595
4.727727272727273
4.217727272727273
4.463636363636364
5.134545454545455
4.506818181818182
4.4395454545454545
3.9422727272727274
3.780909090909091
3.9400000000000004
4.050454545454546
4.135454545454546
5.040454545454545
4.494090909090909
4.623181818181819
4.454090909090909
4.514545454545455
4.453181818181818
3.895
3.662272727272727
3.892272727272727
4.069999999999999
4.261363636363637
4.734545454545454
6.11090909090909
5.624090909090909
5.40590909090909
5.492272727272727
5.343636363636364
5.089545454545455
5.304545454545455
5.929090909090909
5.912727272727273
6.209545454545455
6.763181818181818
5.891818181818182
5.465909090909091
5.5622727272727275
5.734090909090909
6.035454545454545
6.149545454545454
5.792727272727273
6.202727272727273
6.080909090909091
5.938181818181818
6.180909090909091
6.189545454545454
6.819090909090909
7.203636363636363
7.35695652173913
6.9739130434782615
6.80304347826087
6.622173913043478
7.427826086956522
7.2760869565217385
6.826521739130435
6.656086956521739
7.559565217391304
8.207826086956521
7.356521739130434
6.8191304347826085
6.538695652173914
7.4452173913043485
7.501739130434783
7.488260869565217
7.5230434782608695
6.735652173913043
6.825652173913044
7.524347826086957
8.427391304347825
8.811304347826086
9.41391304347826
9.374782608695652
8.914347826086956
8.460434782608695
8.838695652173913
8.86217391304348
8.962608695652174
8.81913043478261
8.874347826086955
8.980869565217391
9.02
9.534347826086956
9.572608695652173
9.280869565217392
9.585217391304349
9.48391304347826
9.51086956521739
9.81913043478261
9.653478260869566
9.363478260869567
9.26
9.635217391304348
9.879130434782608
10.085217391304349
10.172173913043478
9.888695652173913
10.07521739130435
10.654782608695653
10.62217391304348
10.822608695652173
11.105652173913043
11.089130434782609
11.039130434782608
11.066521739130435
10.815217391304348
11.161739130434784
11.459130434782608
11.685652173913043
11.82304347826087
12.451739130434783
12.339565217391305
12.312173913043479
11.91391304347826
11.774347826086956
12.473478260869564
12.648695652173913
12.684347826086958
12.800434782608697
12.852608695652174
12.726086956521739
12.237826086956522
12.34
12.165652173913044
12.581739130434782
13.083478260869565
13.869565217391305
13.638260869565217
13.67304347826087
13.550434782608697
13.153913043478262
13.184347826086958
13.444347826086958
13.39608695652174
13.489999999999998
13.946956521739128
13.707391304347825
14.204347826086956
14.202173913043477
14.214347826086957
14.550434782608693
14.73782608695652
14.795217391304348
14.952608695652176
14.531739130434783
14.52608695652174
14.704347826086956
14.57695652173913
14.684347826086958
14.545652173913044
14.691304347826087
14.607391304347827
14.140869565217391
14.47
14.933043478260869
14.992608695652173
15.283043478260868
15.0
15.183478260869567
15.337391304347825
15.021304347826087
15.022608695652172
15.546086956521739
15.348260869565218
15.169565217391304
15.428695652173914
15.452173913043477
15.269130434782609
15.42086956521739
15.160869565217391
15.380869565217392
15.666521739130435
15.63304347826087
15.64304347826087
15.796086956521739
15.612173913043478
15.387826086956522
15.126521739130435
14.729565217391302
14.972608695652173
14.833478260869565
14.85304347826087
14.960434782608695
15.088695652173914
15.164347826086955
15.051739130434783
14.92478260869565
15.032608695652174
14.733478260869566
15.231304347826086
15.14608695652174
14.918695652173913
14.095217391304347
13.97391304347826
13.941304347826087
13.855652173913043
13.820434782608697
13.436086956521738
13.759565217391305
14.052608695652173
13.89
13.944347826086958
13.842173913043478
14.209999999999999
14.15304347826087
14.024782608695652
14.039565217391305
13.598695652173912
13.371739130434783
13.350434782608696
12.94
13.470434782608695
13.676521739130434
13.134782608695653
12.893478260869566
12.354347826086956
12.126956521739132
11.988260869565218
11.867391304347825
12.065652173913042
12.313913043478262
12.501739130434784
13.077391304347826
12.683913043478261
12.004782608695653
11.516521739130434
11.729565217391302
11.507391304347827
11.744782608695653
12.018260869565218
12.05608695652174
12.07913043478261
11.833636363636366
11.270454545454545
11.25
10.446363636363635
10.512272727272729
10.489545454545455
10.716818181818182
11.007272727272728
10.798181818181819
10.414090909090909
10.138181818181819
10.019545454545455
10.094090909090909
10.483636363636363
10.073636363636364
9.17909090909091
9.027272727272727
8.784090909090908
9.002727272727272
8.535454545454545
9.06409090909091
9.171363636363635
8.91090909090909
9.072727272727272
9.327272727272726
9.350454545454545
8.997272727272728
8.834090909090909
8.075454545454546
8.71409090909091
8.857727272727272
8.504090909090909
7.808636363636364
8.075000000000001
7.806363636363637
7.488181818181818
7.188181818181818
7.748636363636364
7.6072727272727265
6.4786363636363635
6.801818181818181
7.139545454545455
7.225
6.782272727272727
7.266363636363637
7.202272727272727
6.737272727272727
6.147272727272727
5.788636363636363
5.801818181818182
6.204545454545454
6.068181818181818
5.047272727272728
5.391363636363637
5.943181818181818
5.18
5.941818181818181
6.2681818181818185
5.958181818181819
5.434090909090909
5.180909090909091
4.733181818181818
4.946363636363636
4.961818181818182
4.280454545454545
4.663181818181818
4.565
3.9013636363636364
4.335909090909091
5.403636363636363
5.764545454545455
4.82
3.9472727272727273
4.493636363636363
4.551818181818182
4.5190909090909095
4.11
4.000454545454545
2.8840909090909093
2.6586363636363632
1.9800000000000002
2.9795454545454545
3.5654545454545454
4.6854545454545455
4.640909090909091
3.463636363636364
2.602272727272727
2.347272727272727
2.1036363636363635
2.1077272727272724
3.1163636363636367
3.424090909090909
