pet
0.42434782608695654
0.34391304347826085
0.42260869565217396
0.3482608695652174
0.18695652173913044
0.3521739130434782
0.32782608695652177
0.3343478260869565
0.26
0.2995652173913044
0.33173913043478265
0.43260869565217386
0.3426086956521739
0.3730434782608696
0.19043478260869565
0.32521739130434785
0.3904347826086957
0.2773913043478261
0.41086956521739126
0.2456521739130435
0.35130434782608694
0.3730434782608696
0.35000000000000003
0.4339130434782609
0.2882608695652174
0.3895652173913044
0.3095652173913043
0.288695652173913
0.30695652173913046
0.3552173913043478
0.401304347826087
0.39956521739130435
0.42434782608695654
0.3282608695652174
0.3930434782608696
0.47130434782608693
0.41
0.5626086956521739
0.5
0.3895652173913043
0.5356521739130435
0.46695652173913044
0.3943478260869565
0.4860869565217391
0.5069565217391304
0.4056521739130435
0.44739130434782615
0.3373913043478261
0.4082608695652174
0.523913043478261
0.5047826086956522
0.49434782608695654
0.6565217391304348
0.6078260869565217
0.5473913043478261
0.523913043478261
0.6578260869565217
0.5734782608695653
0.6252173913043478
0.6852173913043478
0.697391304347826
0.8552173913043479
0.8221739130434783
0.8121739130434783
0.8326086956521739
0.7721739130434784
0.8791304347826087
0.8708695652173913
0.7013043478260869
0.7630434782608696
0.9878260869565217
0.821304347826087
0.8573913043478261
0.9469565217391305
0.8569565217391305
0.9647826086956522
1.0739130434782609
0.9630434782608696
0.9821739130434782
1.1308695652173915
1.1491304347826088
1.2695652173913043
1.1673913043478261
1.2573913043478262
1.1530434782608696
1.2056521739130435
1.1973913043478261
1.306521739130435
1.1743478260869566
1.1191304347826085
1.164782608695652
1.2521739130434784
1.17
1.2913043478260868
1.2565217391304346
1.296521739130435
1.2304347826086957
1.2660869565217392
1.4269565217391305
1.5256521739130435
1.5126086956521738
1.5430434782608697
1.5626086956521739
1.8195652173913044
1.678695652173913
1.6943478260869564
1.6539130434782607
1.5156521739130435
1.684782608695652
1.8456521739130436
1.7291304347826084
1.7556521739130435
1.712608695652174
1.6873913043478261
1.8347826086956522
1.8856521739130434
1.7682608695652176
1.896086956521739
1.8660869565217393
1.821304347826087
1.996086956521739
2.1168181818181817
2.0804545454545456
2.1540909090909093
1.9004545454545456
2.062727272727273
2.101818181818182
2.1131818181818183
2.1963636363636363
2.2036363636363636
2.0349999999999997
2.135
2.436818181818182
2.5431818181818184
2.5045454545454544
2.6245454545454545
2.5559090909090907
2.2963636363636364
2.512272727272727
2.4109090909090907
2.359090909090909
2.6218181818181816
2.2718181818181815
2.393181818181818
2.601818181818182
2.6286363636363634
2.5913636363636363
2.567727272727273
2.4413636363636364
2.4486363636363637
2.5745454545454547
2.7072727272727275
2.459090909090909
2.625
2.7363636363636363
2.409090909090909
2.4313636363636366
2.7677272727272726
2.723181818181818
2.4945454545454546
2.635909090909091
2.4499999999999997
2.6577272727272727
2.826363636363636
2.938181818181818
2.855909090909091
2.7322727272727274
2.5754545454545457
2.8022727272727272
2.627272727272727
2.9518181818181817
2.7154545454545453
2.882727272727273
2.655
2.664090909090909
2.6295454545454544
2.846363636363636
2.7154545454545453
2.7627272727272727
3.147727272727273
2.9513636363636366
2.8718181818181816
2.8013636363636363
3.3045454545454547
2.9645454545454544
2.829090909090909
3.232727272727273
3.0650000000000004
2.8268181818181817
2.893181818181818
2.6795454545454547
2.982727272727273
2.777727272727273
2.837727272727273
2.791818181818182
2.825909090909091
2.82
2.934090909090909
2.708181818181818
2.6159090909090907
2.6563636363636363
2.745
2.3863636363636362
2.541818181818182
2.5177272727272726
2.980454545454545
2.588636363636364
2.769090909090909
2.685
2.8677272727272727
2.659090909090909
2.599090909090909
2.8659090909090907
2.936818181818182
2.7245454545454546
2.680454545454545
2.645909090909091
2.590909090909091
2.2413636363636367
2.364090909090909
2.2818181818181817
2.398181818181818
2.437727272727273
2.44
2.3313636363636365
2.3754545454545455
2.7022727272727276
2.768181818181818
2.424090909090909
2.1418181818181816
2.1427272727272726
2.454090909090909
2.372272727272727
2.2427272727272727
2.148181818181818
2.078181818181818
1.9327272727272726
2.1545454545454543
2.2036363636363636
2.026818181818182
2.0040909090909094
2.0095454545454547
1.8022727272727272
1.9549999999999998
2.009090909090909
1.9122727272727273
2.1195454545454546
2.062272727272727
2.0063636363636363
1.7981818181818183
1.9077272727272727
1.9095454545454544
1.875
1.7963636363636366
1.7186363636363637
1.7395454545454543
1.685909090909091
1.4700000000000002
1.5677272727272729
1.4590909090909092
1.3731818181818183
1.3809090909090909
1.5727272727272728
1.3563636363636364
1.3590909090909091
1.2277272727272726
1.2495454545454547
1.1327272727272728
1.05
1.1063636363636364
1.0713636363636363
1.0159090909090909
0.9681818181818183
1.0854545454545454
1.0040909090909091
0.9163636363636364
0.9345454545454545
0.9854545454545455
0.9563636363636363
1.0059090909090909
0.9577272727272728
0.8372727272727274
0.8040909090909092
0.9440909090909091
0.7018181818181819
0.7422727272727273
0.6763636363636364
0.5981818181818181
0.6768181818181819
0.7477272727272727
0.6977272727272728
0.6645454545454546
0.5922727272727273
0.6181818181818182
0.66
0.6063636363636363
0.6631818181818182
0.5754545454545454
0.43318181818181817
0.5086363636363637
0.47363636363636363
0.5313636363636364
0.49863636363636366
0.39909090909090916
0.37227272727272726
0.40045454545454545
0.43727272727272726
0.475
0.4563636363636363
0.48227272727272724
0.39045454545454544
0.32045454545454544
0.5740909090909091
0.46181818181818185
0.43681818181818177
0.46136363636363636
0.5377272727272727
0.4090909090909091
0.39045454545454544
0.2640909090909091
0.40090909090909094
0.32863636363636367
0.49090909090909096
0.39181818181818184
0.2590909090909091
0.4318181818181818
0.2540909090909091
0.5254545454545455
0.45
0.3331818181818182
0.365
0.26136363636363635
0.3140909090909091
0.1922727272727273
0.23956521739130435
0.32608695652173914
0.29347826086956524
0.2682608695652174
0.20739130434782607
0.3173913043478261
0.3547826086956522
0.17304347826086958
0.21347826086956523
0.26565217391304347
0.21913043478260869
0.3952173913043478
0.29260869565217396
0.22608695652173913
0.2543478260869565
0.24695652173913044
0.3160869565217391
0.3343478260869565
0.26260869565217393
0.3591304347826087
0.27999999999999997
0.15391304347826087
0.3126086956521739
0.22304347826086957
0.2756521739130435
0.2526086956521739
0.30913043478260865
0.29043478260869565
0.2617391304347826
0.358695652173913
0.2634782608695652
