temperature
3.6908695652173913
3.657391304347826
3.2995652173913044
3.608695652173913
3.8134782608695654
4.239130434782608
3.3517391304347828
3.891739130434783
4.193478260869566
4.138260869565218
3.7143478260869567
3.1321739130434785
2.8256521739130434
3.066086956521739
3.53695652173913
3.7230434782608692
3.112173913043478
2.5830434782608696
3.295217391304348
3.3156521739130436
3.9352173913043473
4.2495652173913046
3.9452173913043476
4.0117391304347825
3.5482608695652176
3.3682608695652174
3.1004347826086955
3.0965217391304347
3.3521739130434782
3.2469565217391305
3.016086956521739
3.035217391304348
3.5704347826086957
3.8921739130434783
4.096521739130435
4.350434782608696
4.6121739130434785
4.610869565217391
4.254347826086956
3.6634782608695655
3.2056521739130437
2.8865217391304347
2.9695652173913043
2.808695652173913
2.398695652173913
2.1
2.180869565217391
2.8260869565217392
2.9743478260869565
3.1286956521739127
3.111739130434782
3.5617391304347827
4.06391304347826
4.073913043478261
4.291739130434783
3.6534782608695653
4.0260869565217385
3.8817391304347826
4.074782608695652
4.433913043478261
4.693478260869566
4.800869565217392
4.781739130434783
5.111304347826087
5.302608695652173
5.711304347826087
5.7956521739130435
5.583913043478261
5.845652173913043
6.091739130434783
5.811739130434782
5.78
5.541739130434783
5.601304347826088
5.242608695652174
5.869565217391305
5.977826086956522
5.964347826086957
5.788695652173913
6.041739130434783
5.814782608695652
5.657826086956521
5.955652173913043
6.431739130434783
6.006086956521739
6.203043478260869
5.957826086956522
6.026521739130436
6.257826086956522
6.254782608695653
7.196521739130435
6.909130434782608
5.733478260869566
5.700869565217391
5.935217391304348
6.108695652173913
6.340869565217392
6.158695652173913
6.226521739130435
6.852608695652174
7.199565217391305
7.811739130434783
7.226521739130435
7.469565217391305
7.906086956521739
8.000869565217391
7.778695652173913
7.789565217391305
8.51391304347826
8.477826086956522
8.336086956521738
8.789130434782608
8.209130434782608
7.686521739130434
7.703913043478261
7.703913043478261
7.67608695652174
7.788695652173914
8.232173913043479
8.63304347826087
8.718695652173913
8.30090909090909
8.797727272727274
8.92
9.067727272727273
9.366818181818182
9.737727272727271
10.575909090909091
10.110454545454546
10.004545454545454
10.168181818181818
9.991818181818182
10.983181818181817
10.352272727272727
10.681818181818182
10.766363636363637
10.49
10.758636363636363
10.902272727272727
11.639999999999999
11.46409090909091
11.30090909090909
11.612727272727271
11.530909090909091
11.750454545454545
11.991363636363637
11.787272727272727
11.495
11.704545454545455
11.713636363636363
12.014545454545454
12.594090909090909
12.594545454545454
12.69909090909091
12.551363636363636
12.712727272727273
12.915
12.799545454545456
12.825
12.862272727272726
12.958636363636362
12.927272727272726
13.163181818181819
13.361818181818181
13.655909090909091
13.188181818181818
13.526363636363635
13.811818181818182
13.427727272727275
14.147272727272728
14.05181818181818
13.77909090909091
13.900454545454545
13.802272727272726
14.045
14.613636363636363
14.860909090909091
14.523636363636363
14.500454545454545
14.664090909090909
14.908636363636363
15.32409090909091
15.491363636363637
15.144545454545455
15.442727272727273
15.883636363636363
15.986363636363636
16.067272727272726
16.396818181818183
15.975909090909092
16.072272727272725
16.307727272727274
15.66909090909091
16.084545454545456
16.112727272727273
16.41090909090909
15.860909090909091
15.758636363636363
15.564090909090908
15.727272727272727
16.324545454545454
15.641363636363637
15.716363636363637
15.813181818181818
15.566363636363635
15.793636363636365
16.237727272727273
16.37
16.76863636363636
16.914545454545454
16.78090909090909
16.652272727272727
16.279545454545453
16.46909090909091
16.57090909090909
16.31
16.225454545454543
16.41090909090909
15.577727272727271
16.092727272727274
16.097727272727273
15.989545454545453
16.017272727272726
16.12090909090909
16.424090909090907
16.899545454545457
17.182727272727274
16.333636363636362
15.789545454545454
15.717272727272727
15.822272727272725
16.19818181818182
16.141363636363636
15.829545454545455
14.95
15.350454545454545
15.324545454545454
15.387272727272727
14.860909090909091
15.426363636363636
15.784999999999998
15.361363636363636
14.461363636363636
15.313636363636363
14.807727272727272
14.886363636363637
14.622272727272728
14.47409090909091
14.19590909090909
14.27727272727273
14.523636363636363
14.373181818181818
14.299545454545454
13.657272727272726
13.687272727272727
13.410454545454543
13.18909090909091
13.200454545454544
13.56
13.94909090909091
13.58090909090909
12.937272727272727
13.275
13.168636363636363
12.874545454545455
13.239545454545453
12.751818181818182
12.27727272727273
12.398181818181818
12.40090909090909
12.540454545454544
12.526363636363635
12.641818181818183
12.188636363636364
11.999545454545455
11.908636363636363
11.911363636363637
11.634090909090908
11.481363636363637
11.272727272727273
10.93
11.590000000000002
11.347727272727273
10.851818181818182
10.72
10.41090909090909
9.67090909090909
9.771363636363636
9.520454545454545
9.34
9.654545454545454
9.969545454545456
9.664545454545454
8.867727272727272
9.112272727272726
9.205454545454545
9.577727272727273
9.227727272727272
9.187272727272727
9.368636363636364
8.892272727272728
8.21409090909091
8.485909090909091
8.835909090909091
8.548181818181819
8.510909090909092
8.501363636363637
7.633636363636364
7.508636363636364
6.864545454545455
7.4386363636363635
7.971818181818182
7.483181818181818
7.314545454545455
7.505909090909091
6.472727272727273
6.1468181818181815
5.604090909090909
6.000454545454545
6.0
5.719545454545455
6.1445454545454545
6.026818181818182
5.3140909090909085
4.902272727272727
5.554545454545455
5.977727272727273
5.833181818181817
5.778181818181818
5.190454545454545
4.76
4.3940909090909095
4.0640909090909085
3.955454545454545
4.733478260869566
5.063478260869565
5.28
5.554347826086956
5.564782608695652
4.982608695652174
4.497391304347826
4.229130434782609
4.115652173913043
3.8282608695652174
4.083913043478261
4.127391304347826
4.05304347826087
4.523478260869566
4.964782608695652
4.667826086956522
4.591304347826087
4.336521739130435
4.354782608695652
4.563478260869565
5.3047826086956515
4.6378260869565215
4.881304347826087
4.863913043478261
4.889130434782609
4.588260869565217
4.6573913043478266
4.834347826086956
4.753913043478261
3.783478260869565
3.4878260869565216
