pet
0.34913043478260875
0.24478260869565216
0.4439130434782609
0.3847826086956522
0.2426086956521739
0.3656521739130435
0.3378260869565217
0.20391304347826084
0.20782608695652174
0.3373913043478261
0.41739130434782606
0.3852173913043478
0.35043478260869565
0.3356521739130435
0.24217391304347827
0.28347826086956524
0.33
0.3234782608695652
0.3365217391304348
0.23043478260869565
0.3582608695652174
0.3639130434782608
0.28304347826086956
0.5352173913043479
0.3604347826086956
0.36086956521739133
0.34652173913043477
0.41043478260869565
0.3317391304347826
0.4026086956521739
0.47608695652173916
0.391304347826087
0.43913043478260866
0.23434782608695653
0.3865217391304348
0.4817391304347826
0.4295652173913044
0.5826086956521739
0.5208695652173914
0.4273913043478261
0.5217391304347826
0.43217391304347824
0.40956521739130436
0.6021739130434782
0.5843478260869565
0.5026086956521739
0.6134782608695651
0.4026086956521739
0.5121739130434783
0.5982608695652174
0.4865217391304348
0.5330434782608695
0.5552173913043478
0.6243478260869565
0.6491304347826087
0.5804347826086956
0.6195652173913043
0.7204347826086956
0.7139130434782609
0.7143478260869565
0.793913043478261
0.8882608695652173
0.8117391304347826
0.7543478260869566
0.7126086956521739
0.7621739130434783
0.7578260869565218
0.8526086956521739
0.7156521739130435
0.8326086956521739
0.8891304347826087
0.8569565217391305
0.9152173913043479
0.9139130434782609
0.8799999999999999
1.0730434782608695
0.9952173913043478
0.9256521739130434
0.9565217391304348
1.0430434782608695
1.2282608695652173
1.1278260869565218
1.098695652173913
1.3256521739130434
1.202608695652174
1.2143478260869565
1.296521739130435
1.238695652173913
1.251304347826087
1.2082608695652173
1.0763636363636364
1.1877272727272727
1.428181818181818
1.446818181818182
1.3813636363636363
1.5572727272727271
1.5468181818181819
1.4345454545454546
1.6372727272727274
1.5204545454545455
1.564090909090909
1.598181818181818
1.6918181818181817
2.057272727272727
1.893181818181818
1.9463636363636363
1.8254545454545452
1.6913636363636364
1.8181818181818181
1.9272727272727272
1.8936363636363636
2.0072727272727273
1.9859090909090908
2.2190909090909092
1.9945454545454546
1.9786363636363637
2.236818181818182
2.0527272727272727
1.9231818181818183
1.8227272727272728
2.0081818181818183
2.2613636363636362
2.1913636363636364
2.2186363636363637
2.1750000000000003
2.222272727272727
2.236818181818182
2.3354545454545454
2.1904545454545454
2.125
2.2736363636363635
2.330909090909091
2.4222727272727274
2.682272727272727
2.649090909090909
2.548636363636364
2.5722727272727273
2.6281818181818184
2.6604545454545456
2.682272727272727
2.4886363636363638
2.6004545454545456
2.4786363636363635
2.7859090909090907
2.516363636363636
2.644090909090909
2.7554545454545454
2.731818181818182
2.505909090909091
2.575454545454545
2.7813636363636363
2.619090909090909
2.5386363636363636
2.6931818181818183
2.7981818181818183
2.3954545454545455
2.5936363636363637
2.603181818181818
2.5118181818181817
2.727272727272727
2.599090909090909
2.5472727272727274
2.731363636363636
2.856818181818182
2.8322727272727275
3.0072727272727273
3.0
2.644090909090909
2.664090909090909
2.7945454545454544
3.1154545454545457
2.834090909090909
3.080909090909091
2.669090909090909
2.749090909090909
2.625
2.7804545454545457
2.6977272727272728
2.6395454545454546
2.8009090909090912
2.898181818181818
2.945909090909091
2.9695454545454543
3.4236363636363634
2.9518181818181817
3.0572727272727276
3.2963636363636364
3.166363636363636
2.88
2.8213636363636363
2.6522727272727273
2.8254545454545457
2.7254545454545456
2.8204545454545453
2.648181818181818
2.812272727272727
2.830909090909091
2.805454545454545
2.8313636363636365
2.605
2.7886363636363636
2.661363636363636
2.675909090909091
2.7236363636363636
2.5518181818181818
2.9650000000000003
2.814090909090909
2.7313636363636364
2.811818181818182
2.9686363636363637
2.637272727272727
2.4499999999999997
2.7604545454545453
2.627727272727273
2.605
2.6145454545454543
2.4013636363636364
2.364090909090909
2.3186363636363634
2.4263636363636363
2.370909090909091
2.5245454545454544
2.307727272727273
2.399090909090909
2.2486363636363635
2.0836363636363635
2.463636363636364
2.64
2.3863636363636362
2.087727272727273
2.2095454545454545
2.485
2.1931818181818183
2.255909090909091
2.1027272727272726
2.2072727272727275
2.0636363636363635
2.2022727272727276
2.2654545454545456
2.075454545454545
1.992727272727273
2.062727272727273
1.8940909090909093
1.7268181818181818
1.7799999999999998
1.9859090909090908
1.9259090909090908
1.8713636363636363
1.8399999999999999
1.8263636363636364
1.8045454545454547
1.745
1.7200000000000002
1.6831818181818183
1.6472727272727274
1.615
1.435
1.3972727272727272
1.3409090909090908
1.3813636363636363
1.2768181818181819
1.3986363636363637
1.4127272727272728
1.2390909090909092
1.3795454545454546
1.1654545454545455
1.1927272727272729
1.1145454545454545
1.0645454545454545
1.045
1.048181818181818
1.0654545454545454
1.0018181818181817
1.1869565217391305
1.0182608695652176
0.9769565217391304
0.971304347826087
0.908695652173913
0.9752173913043478
0.9804347826086957
0.9926086956521738
0.7860869565217391
0.7130434782608696
0.8960869565217391
0.778695652173913
0.7552173913043478
0.788695652173913
0.6343478260869565
0.7656521739130434
0.8173913043478261
0.7069565217391305
0.7295652173913044
0.6917391304347826
0.6943478260869566
0.6921739130434783
0.6034782608695652
0.6478260869565218
0.5591304347826087
0.5391304347826087
0.5269565217391304
0.5495652173913044
0.5795652173913044
0.4404347826086956
0.43043478260869567
0.3878260869565217
0.3847826086956522
0.5178260869565218
0.4782608695652174
0.468695652173913
0.45173913043478264
0.3752173913043478
0.3982608695652174
0.5656521739130435
0.44739130434782604
0.3782608695652174
0.44826086956521743
0.5317391304347826
0.3830434782608696
0.4752173913043478
0.2995652173913043
0.4608695652173913
0.3421739130434783
0.39999999999999997
0.3604347826086956
0.33695652173913043
0.5017391304347826
0.25217391304347825
0.42869565217391303
0.3773913043478261
0.30869565217391304
0.2491304347826087
0.29391304347826086
0.29347826086956524
0.14782608695652175
0.21608695652173912
0.26
0.2817391304347826
0.26913043478260873
0.18956521739130436
0.2643478260869565
0.2608695652173913
0.29347826086956524
0.28304347826086956
0.2604347826086957
0.3547826086956522
0.3208695652173913
0.29869565217391303
0.26304347826086955
0.23130434782608697
0.2647826086956522
0.3408695652173913
0.3604347826086956
0.2817391304347826
0.2695652173913043
0.2839130434782609
0.27304347826086955
0.3226086956521739
0.22478260869565217
0.24782608695652175
0.1956521739130435
0.3073913043478261
0.24000000000000002
0.26782608695652177
0.29347826086956524
0.21217391304347827
