temperature
3.9181818181818184
3.635
3.6018181818181816
3.462727272727273
4.174090909090909
4.0631818181818184
4.592727272727273
4.901363636363636
4.651363636363636
4.655
4.634545454545455
5.21
5.593636363636364
4.440454545454545
4.861363636363636
4.08409090909091
4.000454545454546
4.221818181818182
4.845
4.708181818181818
3.8268181818181817
3.83
3.899545454545455
3.73
4.2704545454545455
3.9668181818181822
4.021818181818182
3.727272727272727
4.128181818181819
3.6713636363636364
3.975454545454545
3.955909090909091
3.7827272727272727
4.034090909090909
4.9786363636363635
4.753636363636364
4.786818181818182
4.333181818181818
3.566363636363636
3.8150000000000004
4.151818181818182
4.735454545454545
5.359090909090909
4.542272727272728
4.151363636363636
4.695
4.496363636363636
4.278181818181818
4.316818181818181
3.8322727272727275
3.945909090909091
4.178181818181819
4.451818181818182
4.961818181818182
5.137272727272727
4.944090909090909
5.1486363636363635
5.1486363636363635
4.981363636363636
4.677727272727273
4.417272727272728
4.421818181818182
4.076818181818182
4.483636363636363
4.945
6.252272727272728
6.174545454545455
6.303181818181819
6.2713636363636365
5.890454545454546
5.659545454545455
5.344545454545455
5.903181818181818
6.585909090909092
6.927272727272728
7.287727272727273
6.488636363636363
5.802272727272728
5.791818181818182
6.03590909090909
6.287727272727273
6.465454545454546
6.364090909090908
6.947272727272727
6.457727272727272
5.958636363636364
6.489545454545455
6.861818181818182
7.708181818181817
8.019090909090908
8.035652173913043
7.863043478260869
7.555652173913043
7.2965217391304344
7.882608695652174
8.217391304347826
7.071739130434783
6.760869565217392
7.398260869565218
8.222608695652173
7.606086956521739
6.956521739130435
6.891304347826087
7.67
7.768260869565218
7.985652173913043
8.36608695652174
7.639130434782608
7.317391304347827
8.05695652173913
9.038695652173914
9.879130434782608
10.514782608695652
10.453043478260868
10.342608695652174
9.65
10.01
10.051739130434783
9.71391304347826
9.54391304347826
9.92
9.754347826086956
9.997826086956522
10.037826086956523
10.243478260869566
10.519130434782609
10.534347826086956
10.374782608695652
10.628695652173914
10.673043478260869
10.681304347826087
10.351304347826087
10.029130434782608
10.191739130434783
10.783478260869567
11.182608695652174
11.182608695652174
11.458695652173914
11.454782608695652
11.674347826086956
11.369565217391305
11.499565217391305
12.064782608695653
12.112173913043478
12.064347826086957
12.001739130434784
11.911739130434784
12.26608695652174
12.274782608695652
12.396521739130435
12.851304347826087
13.15913043478261
13.489565217391304
13.14913043478261
12.57521739130435
12.976086956521739
13.425652173913045
13.80782608695652
13.506086956521738
13.941304347826087
13.654347826086957
13.50391304347826
13.550869565217392
13.68
13.479130434782608
13.64695652173913
14.283913043478263
14.92086956521739
15.092608695652174
15.114347826086956
15.138260869565217
14.357826086956523
14.42086956521739
14.448695652173912
14.376086956521737
14.497391304347826
14.771739130434783
15.12217391304348
15.365652173913045
15.385652173913044
15.28217391304348
15.475217391304348
15.958260869565219
16.03217391304348
16.19739130434783
15.607826086956523
15.79695652173913
15.869565217391305
15.514347826086956
15.520434782608694
15.715652173913043
15.760434782608696
15.989565217391304
15.690434782608696
16.256521739130438
16.35086956521739
16.424347826086954
16.01478260869565
16.344782608695652
16.779565217391305
16.731304347826086
16.30782608695652
16.10391304347826
16.84173913043478
16.83913043478261
16.448695652173914
16.636521739130433
17.180869565217392
17.072608695652175
17.277391304347827
16.85304347826087
16.704782608695652
17.264347826086954
17.093913043478263
17.17086956521739
16.790869565217392
17.10608695652174
17.060434782608695
16.743913043478262
16.444782608695654
16.54217391304348
16.398260869565217
16.977826086956522
16.363478260869567
16.213478260869568
16.385217391304348
16.783478260869565
16.340869565217393
16.39304347826087
16.506521739130434
16.79304347826087
16.680434782608696
16.426521739130436
15.962173913043477
15.845217391304347
15.195217391304348
15.353478260869565
15.10304347826087
14.859130434782609
14.644347826086957
14.963478260869566
14.832608695652173
14.842173913043478
14.820869565217391
15.038695652173912
15.070869565217391
14.855652173913043
14.997826086956522
14.855652173913043
14.710434782608695
14.745217391304347
14.380434782608695
14.540000000000001
14.81086956521739
14.448695652173912
13.623913043478263
13.63173913043478
13.095652173913043
13.063478260869564
12.797826086956523
13.201739130434783
13.53217391304348
13.810434782608695
13.675652173913042
13.311304347826086
12.993478260869566
12.696521739130434
12.455217391304348
12.474782608695653
12.688260869565216
13.035217391304348
13.10217391304348
13.09
13.223636363636365
12.52090909090909
12.211363636363636
11.34681818181818
11.270454545454545
11.459545454545456
11.114545454545455
11.688181818181818
11.864999999999998
11.708636363636366
11.438181818181818
11.22090909090909
11.033181818181818
10.921818181818182
10.565
10.212727272727273
10.200000000000001
9.524545454545454
9.743636363636362
9.076818181818181
10.064545454545454
10.305
10.025454545454545
10.135
10.212727272727273
10.208636363636364
10.153636363636364
9.542272727272728
8.847272727272726
9.389545454545454
9.456363636363635
9.06590909090909
8.723636363636365
9.014545454545454
8.259090909090908
8.334545454545454
7.8522727272727275
7.822272727272727
8.246818181818183
7.246363636363637
7.326818181818182
7.673636363636363
7.673636363636363
7.466363636363636
7.244545454545454
7.13909090909091
6.516363636363636
6.287272727272727
6.272272727272727
6.046818181818182
5.9818181818181815
5.923636363636363
5.446818181818181
5.444545454545454
5.8131818181818184
5.678636363636364
6.201818181818182
6.27
5.845
5.746818181818181
5.6431818181818185
5.52
5.279545454545455
5.100454545454546
5.067272727272727
5.006818181818182
4.8145454545454545
4.511818181818182
4.495454545454546
4.363636363636363
4.674545454545455
4.781818181818182
5.022272727272727
5.127727272727273
4.369545454545454
4.170909090909091
4.284090909090909
3.7568181818181823
3.527272727272727
3.5063636363636363
2.5072727272727273
3.208636363636364
3.977727272727273
4.7286363636363635
5.34409090909091
4.433636363636364
3.761818181818182
3.6159090909090907
3.025
2.674090909090909
3.5318181818181817
3.847727272727273
