pet
0.22363636363636363
0.2409090909090909
0.3281818181818182
0.27454545454545454
0.20863636363636362
0.21181818181818182
0.2877272727272727
0.24181818181818182
0.2890909090909091
0.3004545454545455
0.305
0.36954545454545457
0.27772727272727277
0.29227272727272724
0.3109090909090909
0.2427272727272727
0.2959090909090909
0.2618181818181818
0.31272727272727274
0.28545454545454546
0.27636363636363637
0.29636363636363633
0.24863636363636363
0.33136363636363636
0.3181818181818182
0.33
0.335
0.37772727272727274
0.29590909090909095
0.3481818181818182
0.3604545454545454
0.37454545454545457
0.3727272727272728
0.40363636363636357
0.3781818181818182
0.3609090909090909
0.42818181818181816
0.4027272727272727
0.455
0.43863636363636366
0.37227272727272726
0.3768181818181818
0.4190909090909091
0.4327272727272727
0.4227272727272728
0.5063636363636363
0.4977272727272728
0.38181818181818183
0.4327272727272727
0.5177272727272727
0.5568181818181818
0.5481818181818182
0.5990909090909091
0.5881818181818181
0.5431818181818182
0.6113636363636363
0.6231818181818182
0.6068181818181818
0.6213636363636363
0.6190909090909091
0.6577272727272727
0.5827272727272728
0.6863636363636364
0.7054545454545454
0.735909090909091
0.7486363636363635
0.7759090909090909
0.7890909090909091
0.8863636363636364
0.8436363636363636
0.8468181818181818
0.8504545454545455
0.8313636363636363
0.8568181818181819
0.8190909090909091
0.9227272727272727
0.9522727272727273
0.9868181818181818
0.924090909090909
0.9759090909090908
0.91
1.0113636363636365
0.9900000000000001
0.9990909090909091
1.071818181818182
1.0645454545454547
1.0827272727272728
1.1618181818181819
1.0518181818181818
1.2295454545454545
1.2634782608695652
1.3
1.1604347826086956
1.2360869565217392
1.3482608695652174
1.4186956521739131
1.3134782608695652
1.353913043478261
1.3395652173913044
1.5178260869565217
1.4152173913043478
1.4156521739130437
1.4169565217391302
1.482608695652174
1.5682608695652174
1.6456521739130436
1.6091304347826085
1.5286956521739128
1.6500000000000001
1.684782608695652
1.6630434782608696
1.5434782608695652
1.7626086956521738
1.693478260869565
1.6395652173913045
1.715217391304348
1.7634782608695654
1.8082608695652176
1.9773913043478262
1.89
2.0104347826086957
2.0256521739130435
2.16
2.0917391304347825
1.9143478260869566
2.01
2.1191304347826088
2.137391304347826
2.155217391304348
2.1
2.1891304347826086
2.201304347826087
2.187826086956522
2.2091304347826086
2.07695652173913
2.0178260869565214
2.01
2.137391304347826
2.1530434782608694
2.0786956521739133
2.258260869565217
2.3104347826086955
2.465217391304348
2.552608695652174
2.4765217391304346
2.4421739130434785
2.1652173913043478
2.323913043478261
2.3417391304347825
2.574782608695652
2.7021739130434783
2.5386956521739132
2.4082608695652175
2.4817391304347827
2.2756521739130435
2.4947826086956524
2.2908695652173914
2.617391304347826
2.562173913043478
2.606086956521739
2.59304347826087
2.5804347826086955
2.358695652173913
2.3017391304347825
2.411304347826087
2.3982608695652172
2.4878260869565216
2.5560869565217392
2.4843478260869567
2.5278260869565217
2.756521739130435
2.523913043478261
2.527391304347826
2.5847826086956522
2.5230434782608695
2.465217391304348
2.7243478260869565
2.536521739130435
2.7017391304347824
2.675217391304348
2.368695652173913
2.4765217391304346
2.381304347826087
2.449130434782609
2.3930434782608696
2.548695652173913
2.3330434782608696
2.407391304347826
2.488260869565217
2.692608695652174
2.4565217391304346
2.597391304347826
2.475217391304348
2.562173913043478
2.5543478260869565
2.586086956521739
2.6756521739130434
2.508695652173913
2.5921739130434784
2.3778260869565218
2.3734782608695655
2.371304347826087
2.531304347826087
2.464782608695652
2.477391304347826
2.4765217391304346
2.345652173913044
2.488260869565217
2.2508695652173913
2.200869565217391
2.393913043478261
2.170434782608696
2.1134782608695653
2.2913043478260873
2.34
2.1582608695652175
2.2756521739130435
2.1095652173913044
2.0426086956521736
2.1847826086956523
2.1365217391304347
1.93
1.9221739130434783
1.9508695652173913
1.942608695652174
1.8308695652173912
2.052173913043478
2.033913043478261
2.0226086956521736
1.7599999999999998
1.9482608695652175
1.8852173913043477
1.8930434782608696
2.002608695652174
1.7334782608695651
1.7960869565217392
1.6678260869565218
1.7791304347826087
1.7504347826086957
1.7195652173913043
1.7817391304347825
1.6217391304347826
1.6221739130434785
1.5495652173913044
1.5634782608695652
1.4660869565217391
1.6017391304347828
1.4608695652173913
1.430869565217391
1.5343478260869565
1.4339130434782608
1.4095652173913045
1.4291304347826086
1.321304347826087
1.3256521739130434
1.3752173913043477
1.307391304347826
1.247391304347826
1.2308695652173913
1.1756521739130434
1.1491304347826088
1.161304347826087
1.1434782608695653
1.1743478260869566
1.17
1.0608695652173912
1.0617391304347827
0.9443478260869564
0.9695652173913044
0.8904347826086957
0.908695652173913
0.8960869565217391
0.8913043478260869
0.9404545454545455
0.8131818181818182
0.8863636363636364
0.9145454545454546
0.8604545454545455
0.8777272727272728
0.8127272727272726
0.7336363636363636
0.7736363636363636
0.8031818181818182
0.6831818181818181
0.6113636363636363
0.5477272727272727
0.5422727272727272
0.5545454545454546
0.5386363636363636
0.5977272727272728
0.625
0.5727272727272728
0.5386363636363636
0.5263636363636364
0.4872727272727273
0.4722727272727273
0.5231818181818182
0.6140909090909091
0.5759090909090909
0.5754545454545454
0.5277272727272727
0.4518181818181818
0.4954545454545455
0.5072727272727273
0.4254545454545454
0.4145454545454545
0.41500000000000004
0.3654545454545454
0.36772727272727274
0.35409090909090907
0.3813636363636364
0.3559090909090909
0.3645454545454545
0.2781818181818182
0.3831818181818182
0.3336363636363636
0.32363636363636367
0.33545454545454545
0.22545454545454546
0.25227272727272726
0.28363636363636363
0.27636363636363637
0.2218181818181818
0.2809090909090909
0.26227272727272727
0.195
0.2381818181818182
0.2595454545454545
0.26545454545454544
0.24818181818181817
0.2559090909090909
0.23136363636363635
0.24363636363636365
0.2686363636363636
0.26045454545454544
0.21727272727272728
0.2863636363636364
0.22545454545454546
0.2809090909090909
0.26
0.3331818181818182
0.25727272727272726
0.2609090909090909
0.27090909090909093
0.18818181818181817
0.17545454545454545
0.19772727272727272
0.25681818181818183
0.2440909090909091
0.24954545454545454
0.22636363636363638
0.14454545454545453
0.1659090909090909
0.1740909090909091
0.21636363636363634
0.17272727272727273
0.1731818181818182
0.3095454545454545
0.22318181818181818
0.1859090909090909
0.18636363636363634
0.17954545454545456
0.195
0.18454545454545457
0.21045454545454545
