temperature
2.608181818181818
2.1940909090909093
2.171818181818182
1.9931818181818182
2.7972727272727274
2.584090909090909
3.002727272727273
2.735909090909091
3.015
3.2781818181818183
3.102272727272727
3.923636363636364
3.7954545454545454
3.223181818181818
3.5822727272727275
2.7554545454545454
2.7922727272727275
3.049090909090909
3.147272727272727
2.691818181818182
2.3759090909090905
2.4563636363636365
2.485
2.650909090909091
2.7027272727272726
2.5936363636363637
2.846818181818182
2.454090909090909
2.3277272727272726
2.1036363636363635
2.5295454545454543
2.807727272727273
2.5072727272727273
2.747727272727273
3.2490909090909095
3.115
3.0677272727272724
2.3572727272727274
2.0890909090909093
2.460909090909091
2.4945454545454546
3.3822727272727273
3.6168181818181817
3.0322727272727277
2.85
3.5286363636363633
2.9740909090909096
2.9349999999999996
2.545
2.515909090909091
2.501818181818182
2.6563636363636363
2.9295454545454547
3.5086363636363633
3.1904545454545454
3.4222727272727274
3.283181818181818
3.342727272727273
3.0727272727272723
2.6686363636363635
2.401818181818182
2.584090909090909
2.618181818181818
2.8668181818181817
3.4099999999999997
4.63
4.34909090909091
4.183181818181819
4.319545454545454
4.0190909090909095
3.744090909090909
3.6209090909090906
4.376363636363636
4.642272727272727
4.76
5.278181818181818
4.46
4.059090909090909
4.237727272727273
4.450909090909091
4.6890909090909085
4.973181818181818
4.795909090909091
5.172727272727273
4.916363636363636
4.551363636363636
4.875
4.995454545454546
5.550909090909091
5.918636363636364
6.118260869565217
5.877826086956522
5.738260869565217
5.368260869565217
5.875652173913043
5.995652173913044
5.406521739130435
5.235217391304348
6.061739130434783
6.51695652173913
5.828695652173913
5.503478260869565
5.330869565217391
6.153478260869565
6.212173913043478
6.176521739130435
6.409130434782608
5.606086956521739
5.6378260869565215
6.289999999999999
7.161304347826087
7.636956521739131
8.250869565217391
8.211304347826088
7.827826086956521
7.401304347826087
7.698695652173913
7.7791304347826085
7.835652173913044
7.799130434782609
7.9708695652173915
8.05
8.102173913043478
8.385652173913044
8.384782608695652
8.160869565217393
8.591304347826087
8.491304347826087
8.492608695652175
8.779130434782608
8.802173913043477
8.611304347826087
8.400434782608697
8.622608695652174
8.89913043478261
9.018695652173914
9.065217391304348
8.719565217391304
9.036521739130436
9.462173913043477
9.405217391304348
9.632608695652173
9.982173913043479
10.038260869565217
9.881739130434783
9.82304347826087
9.769130434782609
10.017826086956521
10.335652173913044
10.609565217391305
10.861304347826087
11.300434782608697
11.406086956521738
11.258695652173913
10.838695652173913
10.756521739130434
11.348695652173912
11.475217391304348
11.425652173913045
11.770869565217392
11.800869565217392
11.561739130434784
11.111304347826087
11.184782608695652
11.200434782608696
11.45695652173913
12.01695652173913
12.732173913043477
12.526086956521738
12.569565217391306
12.34913043478261
11.844782608695652
12.038260869565217
12.316521739130433
12.324782608695653
12.536521739130434
12.96913043478261
12.59695652173913
13.031304347826088
13.223478260869564
13.197826086956523
13.41304347826087
13.55913043478261
13.583478260869565
13.729565217391302
13.32913043478261
13.199565217391303
13.458260869565219
13.331739130434782
13.399565217391304
13.652608695652173
13.538260869565217
13.540000000000001
13.09086956521739
13.385652173913044
13.666086956521738
13.803478260869566
13.800869565217392
13.961304347826088
14.253478260869565
14.18
13.691304347826087
13.799565217391304
14.348260869565218
14.165217391304349
14.168260869565218
14.277391304347827
14.287826086956523
14.048695652173913
14.285652173913043
14.096521739130436
14.194347826086958
14.521739130434783
14.426521739130434
14.457391304347825
14.437391304347827
14.433043478260869
14.228695652173913
13.97391304347826
13.681304347826087
14.016521739130434
13.82304347826087
14.029565217391305
13.82
13.67782608695652
13.862173913043478
13.786956521739132
13.601739130434783
13.77913043478261
13.523478260869567
13.984347826086957
13.963043478260868
13.661739130434784
13.191304347826087
13.052608695652173
12.702173913043477
12.661304347826086
12.753043478260869
12.304347826086957
12.395652173913044
12.621304347826088
12.558260869565217
12.65608695652174
12.45304347826087
12.772608695652172
12.934782608695652
12.702173913043477
12.708260869565219
12.319565217391306
12.188695652173912
12.089565217391305
11.750869565217391
12.268695652173914
12.434782608695652
11.858695652173912
11.658695652173913
11.06608695652174
10.818260869565217
10.650869565217391
10.612608695652174
10.988260869565217
11.250434782608695
11.426521739130434
11.715652173913043
11.270869565217392
10.717391304347826
10.328695652173913
10.379130434782608
10.301739130434783
10.541304347826086
10.91304347826087
10.974347826086957
11.038695652173912
10.886363636363637
10.090454545454547
10.017727272727273
9.193181818181818
9.212272727272728
9.248636363636363
9.328636363636363
9.84
9.647727272727273
9.263636363636364
9.026818181818182
8.840454545454547
8.751363636363637
8.979545454545455
8.822272727272727
8.1
7.902727272727273
7.605
7.8122727272727275
7.223181818181818
7.880909090909091
7.984545454545454
7.804545454545454
7.981363636363636
8.110909090909091
8.191818181818181
8.074545454545456
7.661363636363637
7.000909090909091
7.673636363636363
7.748636363636364
7.23
6.686818181818182
6.9359090909090915
6.551363636363636
6.582272727272727
6.122272727272727
6.459545454545454
6.430909090909091
5.3500000000000005
5.713181818181818
6.075454545454545
6.076818181818182
5.831818181818182
5.8568181818181815
5.79
5.244545454545454
4.966363636363637
4.7263636363636365
4.423181818181818
4.670454545454546
4.513181818181818
3.8150000000000004
4.0
4.750454545454546
4.039090909090909
4.692727272727272
4.867727272727273
4.444090909090909
4.149090909090909
3.983636363636364
3.522727272727273
3.7595454545454543
3.7590909090909093
3.286363636363636
3.5209090909090905
3.4713636363636367
3.089090909090909
3.100454545454545
3.9518181818181817
4.240909090909091
3.497727272727273
2.9913636363636367
3.265909090909091
2.983636363636364
2.893181818181818
2.9536363636363636
2.6054545454545455
1.8686363636363637
1.6763636363636365
0.7722727272727272
1.9518181818181817
2.4872727272727273
3.4295454545454547
3.42
2.388181818181818
1.66
1.5118181818181817
1.0986363636363636
1.249090909090909
2.083181818181818
2.2677272727272726
