pet
0.27454545454545454
0.30363636363636365
0.36
0.3068181818181818
0.26272727272727275
0.24363636363636365
0.3654545454545454
0.31136363636363634
0.3018181818181818
0.33681818181818185
0.3731818181818182
0.3709090909090909
0.33136363636363636
0.35045454545454546
0.3290909090909091
0.28
0.3459090909090909
0.28954545454545455
0.35545454545454547
0.3390909090909091
0.2863636363636364
0.31772727272727275
0.2813636363636363
0.375
0.3868181818181818
0.40363636363636357
0.3845454545454545
0.4390909090909091
0.35045454545454546
0.3972727272727273
0.4177272727272727
0.4295454545454545
0.4036363636363637
0.4163636363636364
0.43454545454545457
0.4227272727272728
0.48772727272727273
0.4904545454545455
0.49863636363636366
0.4881818181818182
0.41590909090909095
0.41818181818181815
0.5113636363636364
0.5140909090909092
0.4772727272727273
0.5572727272727273
0.5581818181818181
0.45318181818181813
0.5359090909090909
0.6118181818181818
0.6718181818181818
0.6231818181818182
0.7045454545454546
0.63
0.5713636363636364
0.6795454545454546
0.7272727272727273
0.7159090909090909
0.6877272727272726
0.725
0.7563636363636363
0.6863636363636364
0.7695454545454545
0.7795454545454544
0.8072727272727274
0.8022727272727272
0.8459090909090908
0.859090909090909
0.9918181818181818
0.9186363636363637
0.9190909090909091
0.9040909090909092
0.9181818181818181
0.9186363636363637
0.8640909090909091
0.9904545454545454
1.035
1.0927272727272728
1.030909090909091
1.076818181818182
1.044090909090909
1.134090909090909
1.1304545454545456
1.0990909090909091
1.2263636363636363
1.1877272727272727
1.2277272727272728
1.3195454545454546
1.2195454545454547
1.3754545454545455
1.3630434782608696
1.4343478260869567
1.2713043478260868
1.367391304347826
1.3921739130434785
1.6108695652173912
1.4995652173913043
1.5508695652173914
1.4804347826086954
1.6317391304347826
1.5769565217391304
1.5330434782608695
1.5734782608695652
1.6147826086956523
1.702173913043478
1.8230434782608695
1.7443478260869567
1.838695652173913
1.8113043478260868
1.8452173913043477
1.8147826086956522
1.716521739130435
1.911304347826087
1.8113043478260868
1.8147826086956522
1.9065217391304348
1.9865217391304346
2.043913043478261
2.123913043478261
2.092608695652174
2.2943478260869563
2.3299999999999996
2.3843478260869566
2.3182608695652176
2.0682608695652176
2.122608695652174
2.34
2.2656521739130433
2.339130434782609
2.0965217391304347
2.3243478260869566
2.512608695652174
2.347391304347826
2.3004347826086957
2.300869565217391
2.195217391304348
2.15695652173913
2.2769565217391308
2.393478260869565
2.19
2.3508695652173914
2.3547826086956523
2.5591304347826087
2.5765217391304347
2.6030434782608696
2.477826086956522
2.243913043478261
2.4947826086956524
2.494347826086957
2.825217391304348
2.957391304347826
2.7530434782608695
2.59
2.610869565217391
2.5356521739130433
2.7552173913043476
2.3969565217391304
2.8421739130434784
2.825217391304348
2.9034782608695653
2.7778260869565217
2.723913043478261
2.4434782608695653
2.4969565217391305
2.533913043478261
2.6913043478260867
2.7960869565217394
2.7295652173913045
2.674782608695652
2.686086956521739
2.9617391304347827
2.7247826086956524
2.759130434782609
2.8391304347826085
2.801304347826087
2.727826086956522
2.8769565217391304
2.699130434782609
2.861304347826087
2.9443478260869567
2.615217391304348
2.6617391304347824
2.5543478260869565
2.61695652173913
2.476086956521739
2.717391304347826
2.526086956521739
2.573913043478261
2.637391304347826
2.8495652173913046
2.732608695652174
2.847391304347826
2.7656521739130433
2.7395652173913043
2.8004347826086957
2.6669565217391304
2.9108695652173915
2.6908695652173913
2.787391304347826
2.732608695652174
2.572608695652174
2.5591304347826087
2.6356521739130434
2.6656521739130437
2.6847826086956523
2.8313043478260873
2.463478260869565
2.6008695652173914
2.523913043478261
2.3434782608695652
2.5856521739130436
2.3143478260869563
2.181304347826087
2.566521739130435
2.5030434782608695
2.1339130434782607
2.4895652173913043
2.234782608695652
2.2878260869565215
2.4478260869565216
2.427826086956522
2.15
2.2304347826086954
2.132608695652174
1.9695652173913043
2.007391304347826
2.2104347826086954
2.2269565217391305
2.1713043478260867
1.98
2.091304347826087
1.9856521739130435
1.9539130434782608
2.1930434782608694
1.8873913043478259
1.8817391304347826
1.8221739130434784
1.911304347826087
2.0460869565217394
1.8852173913043477
1.8204347826086955
1.7143478260869565
1.7569565217391303
1.7695652173913046
1.6595652173913045
1.5860869565217393
1.7695652173913041
1.5608695652173912
1.5617391304347827
1.7065217391304348
1.553478260869565
1.6117391304347826
1.624782608695652
1.4726086956521738
1.5008695652173913
1.571304347826087
1.46
1.3852173913043477
1.445217391304348
1.3643478260869564
1.3052173913043479
1.2695652173913043
1.2552173913043478
1.3469565217391304
1.248695652173913
1.21
1.2734782608695652
1.065217391304348
1.0447826086956522
1.0543478260869565
1.078695652173913
1.0439130434782609
1.0034782608695652
1.0672727272727274
0.9881818181818182
0.9804545454545455
1.0777272727272729
0.9577272727272728
0.9531818181818181
0.9031818181818182
0.8509090909090908
0.8677272727272727
0.8963636363636364
0.7977272727272727
0.7059090909090909
0.6413636363636364
0.6627272727272727
0.6436363636363637
0.6540909090909092
0.7604545454545455
0.7645454545454545
0.6881818181818182
0.6395454545454545
0.6586363636363637
0.6472727272727273
0.6268181818181818
0.6163636363636363
0.7195454545454546
0.6977272727272728
0.6922727272727273
0.6377272727272728
0.5522727272727272
0.585
0.6340909090909091
0.5031818181818182
0.49727272727272726
0.4890909090909091
0.4240909090909091
0.4681818181818182
0.4304545454545455
0.4668181818181818
0.4227272727272728
0.425
0.3477272727272727
0.4495454545454546
0.4068181818181818
0.4145454545454546
0.4072727272727273
0.2618181818181818
0.2859090909090909
0.33045454545454545
0.31363636363636366
0.2818181818181818
0.31681818181818183
0.28
0.23681818181818182
0.28363636363636363
0.29090909090909095
0.3063636363636364
0.30454545454545456
0.29545454545454547
0.31636363636363635
0.2931818181818182
0.305
0.3231818181818182
0.31636363636363635
0.35818181818181816
0.30272727272727273
0.36272727272727273
0.30727272727272725
0.45272727272727276
0.2859090909090909
0.3304545454545455
0.3190909090909091
0.24636363636363637
0.21
0.2372727272727273
0.2913636363636364
0.2636363636363636
0.31
0.2040909090909091
0.16227272727272726
0.1922727272727273
0.1990909090909091
0.23318181818181818
0.19772727272727272
0.21227272727272728
0.3727272727272727
0.2640909090909091
0.27090909090909093
0.2827272727272727
0.21227272727272728
0.25772727272727275
0.22863636363636364
0.27090909090909093
