temperature
4.543636363636364
4.0631818181818184
3.8518181818181816
3.752272727272727
4.8140909090909085
4.276818181818182
4.575
4.5190909090909095
4.453636363636363
4.892272727272727
4.982272727272727
5.637272727272727
5.385909090909091
4.863181818181818
5.402727272727272
4.776363636363636
4.779090909090909
4.760909090909091
4.8531818181818185
4.499545454545454
3.987727272727273
3.946363636363636
3.910909090909091
4.132272727272727
4.303636363636364
3.9404545454545454
4.026818181818182
3.8836363636363633
3.912272727272727
3.725454545454545
3.9013636363636364
4.182272727272728
3.941818181818182
3.955909090909091
4.846818181818182
4.881818181818182
4.673636363636363
4.2
3.7963636363636364
4.003636363636364
4.201818181818182
4.989090909090909
5.2286363636363635
4.702727272727272
3.9577272727272725
4.486363636363636
4.218636363636364
4.28
4.1486363636363635
4.361818181818181
3.975454545454545
4.068181818181818
4.547272727272728
4.699090909090909
4.709545454545455
4.896818181818182
4.872272727272727
4.746363636363636
4.415909090909091
4.193181818181818
3.834090909090909
3.9790909090909095
3.9259090909090912
4.194090909090909
4.959090909090909
5.707272727272727
5.768636363636364
5.627727272727273
5.72
5.412272727272728
5.13909090909091
4.626363636363636
5.298636363636363
5.88909090909091
5.784545454545455
6.216363636363636
5.5604545454545455
5.215
5.3977272727272725
5.755454545454546
5.959090909090909
6.337727272727273
6.409090909090909
6.77
6.382727272727272
5.888636363636365
6.116363636363636
6.458636363636364
6.699545454545455
6.968636363636364
7.176521739130435
7.162173913043477
6.818695652173914
6.528260869565218
6.613478260869566
7.0826086956521745
6.365652173913043
6.357391304347826
6.943913043478261
7.0486956521739135
6.739565217391304
6.702608695652174
6.686521739130434
7.198695652173913
7.221739130434782
7.322608695652173
7.571304347826087
7.059565217391304
6.851304347826088
7.373913043478261
8.173043478260869
8.539130434782608
9.019130434782609
9.013478260869565
8.948695652173912
8.800869565217392
8.839130434782609
8.961304347826088
8.938695652173914
9.005652173913044
9.257391304347825
9.505652173913044
9.408260869565217
9.418260869565218
9.393478260869566
9.21304347826087
9.702608695652174
9.686521739130436
9.613478260869567
9.90391304347826
10.36695652173913
10.101304347826087
9.81913043478261
9.752173913043478
10.095652173913043
10.201739130434783
10.060869565217391
9.82304347826087
10.150869565217391
10.27
10.358695652173912
10.599565217391303
11.03695652173913
11.09695652173913
10.863043478260868
10.773913043478261
10.996956521739131
10.994782608695653
11.24608695652174
11.709565217391305
11.843913043478262
12.058260869565219
12.48391304347826
12.27695652173913
11.945217391304348
11.874347826086957
12.200000000000001
12.159565217391306
12.179565217391303
12.547391304347828
12.599565217391305
12.373043478260868
12.03608695652174
12.054782608695652
12.415652173913044
12.548260869565217
13.010000000000002
13.452173913043477
13.350434782608696
13.47304347826087
13.114347826086956
12.626086956521737
12.888695652173913
13.10695652173913
13.177391304347825
13.601739130434781
13.802608695652173
13.549565217391304
13.91391304347826
14.328695652173913
14.26304347826087
14.302173913043477
14.212173913043477
14.204782608695652
14.19391304347826
13.94304347826087
13.734347826086957
13.990869565217393
14.10217391304348
14.153478260869564
14.82521739130435
14.435217391304347
14.445652173913043
14.167826086956522
14.35608695652174
14.503043478260869
14.660434782608695
14.417391304347827
14.938260869565216
15.299130434782608
14.925217391304347
14.526521739130436
14.6
15.042173913043479
14.96782608695652
15.252608695652174
15.145652173913044
15.11
14.960434782608695
15.10304347826087
14.892608695652173
14.819130434782608
15.228260869565217
15.250869565217391
15.291304347826086
15.226956521739131
15.394782608695651
15.071304347826086
14.92782608695652
14.731739130434782
15.068260869565217
14.99608695652174
15.30782608695652
14.833913043478262
14.416956521739133
14.634782608695653
14.541304347826086
14.423913043478262
14.691739130434783
14.55695652173913
14.804347826086957
14.895652173913044
14.569565217391306
14.576521739130435
14.433913043478261
13.863478260869567
13.915217391304349
14.292608695652175
13.664782608695653
13.477826086956522
13.506086956521738
13.62913043478261
13.786956521739132
13.462608695652174
13.63
14.045217391304348
13.678260869565218
13.655217391304348
13.488695652173913
13.393478260869566
13.213043478260868
13.110869565217392
13.505217391304347
13.628260869565217
12.95608695652174
12.931304347826087
12.32304347826087
12.11304347826087
11.919999999999998
12.013478260869565
12.566086956521739
12.824782608695651
12.787826086956523
12.761739130434782
12.405217391304348
12.14608695652174
11.854347826086956
11.654347826086957
11.76391304347826
11.861304347826087
12.343478260869563
12.365652173913043
12.631304347826086
12.541818181818183
11.603181818181817
11.482727272727272
10.638636363636364
10.668636363636365
10.878181818181817
10.689545454545454
11.42
11.248181818181818
11.044545454545455
10.856363636363637
10.56
10.197272727272727
10.233181818181817
10.39
10.118181818181817
9.699545454545454
9.368181818181817
9.504090909090909
8.943636363636363
9.620909090909091
9.582727272727272
9.636363636363637
9.769545454545455
9.632272727272728
9.82409090909091
9.934545454545455
9.307727272727274
9.074545454545454
9.587727272727273
9.445
8.67590909090909
8.489090909090908
8.557272727272727
8.232727272727272
8.656363636363636
8.167727272727273
7.9786363636363635
8.273181818181818
7.460454545454545
7.65090909090909
7.9804545454545455
7.83590909090909
7.8977272727272725
7.426363636363636
7.233181818181818
6.748181818181819
6.884090909090909
6.8109090909090915
6.211363636363637
6.279545454545455
6.055000000000001
5.782272727272727
5.732727272727273
6.558181818181819
6.0622727272727275
6.435
6.331818181818182
6.070909090909091
5.987272727272727
5.96
5.457272727272727
5.668636363636364
5.586818181818182
5.526363636363636
5.49
5.415454545454545
5.152727272727272
5.117727272727273
5.432272727272727
5.575909090909091
5.207727272727272
5.221818181818182
5.069999999999999
4.496818181818182
4.259090909090909
4.612727272727273
4.209545454545455
4.170454545454546
4.055000000000001
3.203181818181818
4.452272727272727
4.511363636363637
5.154545454545455
5.1886363636363635
4.331363636363637
3.9490909090909088
3.963181818181818
3.5072727272727273
3.6895454545454545
4.244545454545454
4.308636363636364
