pet
0.2072727272727273
0.25181818181818183
0.22681818181818184
0.26
0.2372727272727273
0.16772727272727272
0.3277272727272727
0.2972727272727273
0.2727272727272727
0.26272727272727275
0.30863636363636365
0.30363636363636365
0.33409090909090905
0.2677272727272727
0.26681818181818184
0.2381818181818182
0.22454545454545452
0.2686363636363636
0.26999999999999996
0.32545454545454544
0.2959090909090909
0.25727272727272726
0.26954545454545453
0.2818181818181818
0.31
0.3727272727272727
0.3331818181818182
0.43681818181818177
0.35045454545454546
0.3563636363636364
0.41409090909090907
0.3986363636363636
0.4254545454545454
0.37863636363636366
0.4731818181818182
0.4686363636363637
0.5104545454545455
0.5145454545454545
0.45954545454545453
0.48227272727272724
0.4686363636363637
0.4059090909090909
0.5027272727272728
0.545
0.51
0.56
0.6345454545454546
0.49318181818181817
0.5540909090909091
0.5813636363636363
0.649090909090909
0.6745454545454546
0.6954545454545454
0.6368181818181818
0.5581818181818181
0.6727272727272727
0.7918181818181818
0.764090909090909
0.6572727272727273
0.7536363636363635
0.8936363636363637
0.7772727272727273
0.8127272727272726
0.81
0.9386363636363636
0.8859090909090909
0.8327272727272728
0.9331818181818182
1.0304545454545455
0.9663636363636364
1.0568181818181819
1.0368181818181819
1.1109090909090908
1.0272727272727273
1.0595454545454546
0.9954545454545454
1.0718181818181818
1.1222727272727273
1.0531818181818182
1.1395454545454546
1.1836363636363636
1.145909090909091
1.1731818181818183
1.115909090909091
1.1977272727272728
1.2927272727272727
1.32
1.288181818181818
1.2613636363636365
1.5259090909090909
1.5247826086956522
1.624782608695652
1.5121739130434784
1.503913043478261
1.5304347826086957
1.8652173913043477
1.548695652173913
1.7808695652173914
1.5443478260869568
1.731304347826087
1.6469565217391307
1.6295652173913044
1.6391304347826088
1.7117391304347824
1.7317391304347824
1.857826086956522
1.9700000000000002
2.103913043478261
1.6482608695652172
1.827391304347826
2.0834782608695654
2.198695652173913
1.9982608695652175
1.9491304347826086
2.033478260869565
1.8673913043478263
2.170434782608696
2.1869565217391305
2.14
2.16
2.322173913043478
2.2843478260869565
2.4039130434782607
2.387391304347826
2.2456521739130433
2.4395652173913045
2.4060869565217393
2.287391304347826
2.4656521739130435
2.314782608695652
2.4786956521739127
2.5878260869565217
2.3908695652173915
2.292173913043478
2.559565217391304
2.3743478260869564
2.2304347826086954
2.453478260869565
2.6139130434782607
2.2726086956521736
2.3069565217391306
2.5991304347826087
2.8839130434782607
2.7291304347826086
2.7730434782608695
2.5869565217391304
2.317391304347826
2.5882608695652176
2.7708695652173914
2.783913043478261
3.0921739130434784
2.9613043478260868
2.6808695652173915
2.7856521739130438
2.5408695652173914
2.896086956521739
2.6078260869565217
2.9430434782608694
3.0269565217391308
2.9534782608695656
2.792173913043478
2.738260869565217
2.6365217391304347
2.717391304347826
2.688695652173913
2.933043478260869
2.896086956521739
2.933478260869565
3.1030434782608696
3.154347826086956
3.278695652173913
3.1365217391304347
3.0069565217391303
3.1821739130434783
3.1469565217391304
3.0217391304347827
3.143478260869565
3.040434782608696
3.137826086956522
3.2939130434782613
3.152173913043478
3.1191304347826083
2.9243478260869566
2.923478260869565
3.042608695652174
2.8413043478260867
2.9082608695652175
2.890434782608696
2.763478260869565
3.0760869565217392
3.0652173913043477
3.2530434782608695
3.03
2.7930434782608695
3.246086956521739
3.10695652173913
3.040434782608696
2.9404347826086954
3.210869565217391
3.217826086956522
3.1221739130434782
3.0304347826086957
3.1052173913043477
3.1008695652173914
3.2230434782608692
3.140434782608696
2.8308695652173914
2.8317391304347823
3.053478260869565
2.9852173913043476
3.09
2.86
2.7752173913043476
3.033478260869565
2.9878260869565216
2.6256521739130436
3.0643478260869568
2.826521739130435
2.7804347826086957
2.856086956521739
2.8817391304347826
2.5852173913043477
2.796521739130435
2.516086956521739
2.4943478260869565
2.4343478260869564
2.696521739130435
2.7399999999999998
2.567391304347826
2.488695652173913
2.5626086956521736
2.5191304347826087
2.4547826086956523
2.377391304347826
2.2113043478260868
2.088695652173913
2.022173913043478
1.9000000000000001
2.2578260869565216
2.2504347826086954
2.1617391304347824
1.9182608695652172
2.037391304347826
2.0582608695652174
2.0004347826086954
1.895217391304348
2.134782608695652
1.8826086956521737
1.8530434782608693
1.9373913043478261
1.8878260869565218
1.9117391304347826
1.8626086956521741
1.7195652173913043
1.7856521739130435
1.7395652173913043
1.6152173913043477
1.4886956521739132
1.6830434782608696
1.5826086956521739
1.4152173913043478
1.3347826086956522
1.3878260869565218
1.5286956521739128
1.3804347826086956
1.333913043478261
1.2826086956521738
1.1856521739130435
1.0978260869565217
1.102608695652174
1.1578260869565218
1.1060869565217393
1.103913043478261
1.0827272727272728
1.0586363636363636
1.055909090909091
1.0990909090909091
1.0336363636363637
0.995909090909091
0.9086363636363636
0.8004545454545454
0.8936363636363637
1.0131818181818182
0.8968181818181818
0.8327272727272728
0.65
0.6777272727272727
0.6604545454545454
0.63
0.8436363636363636
0.7681818181818181
0.7218181818181818
0.6472727272727273
0.6522727272727272
0.645
0.7000000000000001
0.6790909090909091
0.7163636363636363
0.6922727272727273
0.6786363636363636
0.5713636363636364
0.5022727272727273
0.5204545454545454
0.515
0.4731818181818182
0.4540909090909091
0.46090909090909093
0.37636363636363634
0.3572727272727273
0.4
0.3704545454545455
0.36363636363636365
0.3104545454545455
0.3022727272727273
0.3227272727272727
0.3009090909090909
0.2859090909090909
0.3809090909090909
0.20863636363636362
0.17181818181818184
0.2113636363636364
0.25363636363636366
0.20045454545454547
0.22636363636363638
0.20363636363636362
0.1981818181818182
0.28136363636363637
0.21363636363636365
0.2113636363636364
0.21909090909090911
0.1981818181818182
0.19454545454545455
0.18863636363636366
0.18727272727272729
0.225
0.23727272727272727
0.2981818181818182
0.24045454545454545
0.305
0.2645454545454546
0.32
0.17363636363636364
0.25045454545454543
0.19727272727272727
0.2127272727272727
0.1809090909090909
0.18454545454545454
0.30318181818181816
0.20727272727272725
0.20863636363636362
0.15
0.09636363636363637
0.08045454545454546
0.10863636363636364
0.18863636363636366
0.1859090909090909
0.19454545454545455
0.3059090909090909
0.24818181818181817
0.25863636363636366
0.24545454545454548
0.22999999999999998
0.1759090909090909
0.21045454545454545
0.18227272727272725
