temperature
4.584782608695653
4.609565217391304
4.5917391304347825
4.91
5.284782608695652
5.46695652173913
4.549130434782609
5.006521739130435
5.1286956521739135
4.662173913043477
4.38304347826087
3.609565217391304
3.3491304347826087
3.572608695652174
4.236521739130435
4.4021739130434785
3.968260869565217
3.5517391304347825
4.224782608695652
4.5865217391304345
4.995217391304348
5.053913043478261
5.307391304347826
5.055652173913043
4.709130434782609
4.49304347826087
4.583913043478261
4.706521739130435
4.352608695652174
3.787391304347826
3.672173913043478
4.210869565217391
4.556521739130434
4.770434782608696
4.685217391304348
5.129130434782609
5.336956521739131
5.363478260869565
4.802173913043478
4.31695652173913
3.7069565217391305
3.6926086956521735
4.031304347826087
3.7699999999999996
3.2039130434782606
2.885652173913044
2.9008695652173913
3.4608695652173918
3.582608695652174
3.7113043478260868
3.8708695652173915
4.324347826086957
4.615652173913043
4.876086956521739
4.679130434782609
3.756086956521739
4.306521739130434
4.839130434782609
4.969130434782609
5.28304347826087
5.5056521739130435
5.379565217391304
5.24304347826087
5.1408695652173915
5.563478260869565
6.036521739130435
5.622173913043478
5.86
6.036521739130435
6.291739130434783
5.826086956521739
6.051304347826087
5.898695652173912
6.156086956521739
5.767391304347826
6.164347826086956
5.9913043478260875
6.148695652173912
5.975217391304348
6.107391304347826
6.338695652173913
6.085652173913044
6.298260869565217
6.728260869565218
6.43608695652174
6.794347826086957
6.533478260869566
6.425217391304348
6.871739130434783
6.781304347826087
7.121818181818182
7.133181818181819
6.191818181818181
6.0227272727272725
6.131363636363636
6.330454545454546
6.917727272727273
6.895454545454545
6.832272727272727
7.078181818181818
7.415
7.855
8.034545454545453
8.025
8.145454545454545
8.52590909090909
7.95090909090909
7.780909090909091
8.632727272727273
8.370909090909091
8.357727272727272
9.146818181818182
9.088636363636363
8.585454545454546
8.47409090909091
8.128636363636362
8.500454545454545
8.415909090909091
8.503181818181817
8.601818181818182
9.034090909090908
8.767272727272728
9.278636363636364
9.440909090909091
9.602272727272727
9.904545454545454
9.831363636363635
10.283181818181818
10.111363636363636
10.011363636363637
10.527272727272727
10.474545454545455
10.906818181818181
11.134545454545455
11.128636363636364
10.853636363636364
11.263636363636364
11.472272727272726
11.509090909090908
12.206363636363637
12.016363636363637
11.796363636363635
11.997727272727273
12.162272727272727
12.524545454545455
12.366818181818182
12.441818181818183
11.80181818181818
12.122272727272728
12.138181818181819
12.306818181818182
12.362727272727273
12.55909090909091
12.966818181818182
12.603181818181817
12.67090909090909
12.576363636363636
12.57818181818182
12.827272727272726
13.30181818181818
12.860454545454546
13.156818181818181
13.335909090909091
13.153636363636364
13.590000000000002
13.668181818181818
13.909999999999998
13.84818181818182
13.539090909090909
14.185909090909092
14.394545454545455
14.393636363636364
14.543181818181818
14.27590909090909
14.25590909090909
14.614090909090908
14.80318181818182
14.692272727272728
14.575454545454546
14.817272727272728
15.075909090909091
14.911363636363637
15.149090909090908
15.192272727272728
15.885000000000002
16.597727272727273
16.270454545454545
16.192272727272726
16.37727272727273
16.214545454545455
16.184545454545454
16.197272727272725
16.201818181818183
16.410454545454545
16.02090909090909
16.364545454545453
15.93318181818182
15.55409090909091
15.715909090909092
15.82909090909091
16.43
16.215
15.92
15.883636363636363
15.829545454545455
15.964545454545453
16.41
16.402727272727272
16.669090909090908
16.668636363636363
16.855454545454545
16.511363636363637
15.982272727272727
16.032272727272726
16.52318181818182
15.839545454545457
15.883636363636363
15.798181818181819
15.632727272727273
15.755454545454546
16.166363636363638
16.005454545454544
15.857727272727272
16.03409090909091
16.054545454545455
16.335454545454546
16.657272727272726
16.006363636363634
15.70909090909091
15.596363636363636
15.82909090909091
16.13590909090909
16.089545454545455
16.235454545454544
15.3
15.619545454545454
15.686363636363637
15.81
15.59590909090909
15.510909090909092
15.356818181818182
15.093636363636364
14.914545454545454
15.039090909090909
14.819090909090908
14.658636363636363
14.285909090909092
14.462727272727273
14.265909090909092
14.430454545454545
14.618181818181819
14.55318181818182
14.228636363636362
13.760909090909092
13.890454545454544
13.57318181818182
13.113181818181818
13.638636363636364
13.637272727272727
13.763636363636364
13.486818181818183
13.33090909090909
13.034090909090908
13.200454545454544
12.720454545454546
13.034090909090908
12.898636363636363
12.967727272727274
12.616363636363637
12.694090909090908
12.706818181818182
12.495454545454544
12.552272727272726
12.360434782608696
11.89608695652174
12.07391304347826
12.14391304347826
11.87217391304348
11.454782608695652
11.564347826086957
10.984782608695653
11.597826086956522
11.639565217391304
11.04695652173913
10.981304347826086
10.624347826086955
10.255217391304347
10.522608695652174
10.028260869565218
9.722173913043477
10.058260869565217
10.547391304347826
10.024782608695652
9.739565217391304
9.44304347826087
9.459565217391305
9.672608695652174
9.604782608695652
10.02913043478261
9.797391304347826
9.44304347826087
9.020434782608696
9.370434782608696
9.754347826086956
9.703478260869565
9.67695652173913
8.83695652173913
8.201739130434783
7.872173913043478
7.623913043478261
8.524347826086956
8.833043478260869
8.296086956521739
8.266521739130434
8.376521739130435
7.325652173913044
6.791739130434783
6.623913043478261
6.732173913043479
6.74
6.945652173913044
7.544347826086957
7.066521739130435
6.302173913043478
6.091739130434783
6.254347826086956
6.660869565217391
6.810434782608695
6.48391304347826
5.950869565217391
5.714782608695652
5.446521739130435
5.07
5.331739130434783
5.846521739130435
5.914347826086956
6.253043478260869
6.225652173913043
6.20695652173913
5.999130434782608
6.306086956521739
5.354347826086957
4.837826086956522
4.5834782608695654
5.185652173913043
5.3621739130434785
5.311739130434782
5.774782608695652
6.149565217391304
5.673913043478261
5.782608695652174
5.466521739130435
5.229130434782609
5.570434782608696
6.226086956521739
5.424782608695652
5.877391304347826
5.960434782608695
5.753913043478261
5.774347826086957
5.74304347826087
5.290434782608696
5.421739130434783
4.666956521739131
4.445217391304348
