temperature
3.0176470588235293
2.9376470588235293
2.0741176470588236
2.0488235294117647
2.6523529411764706
2.440588235294118
2.0070588235294116
2.061176470588235
2.8376470588235296
2.688823529411765
2.434705882352941
2.5552941176470587
2.324705882352941
2.7958823529411765
2.9158823529411766
2.758235294117647
2.402941176470588
2.3305882352941176
2.5341176470588236
2.2811764705882354
2.425294117647059
2.287058823529412
1.8129411764705883
2.0070588235294116
1.0258823529411765
0.9747058823529412
1.0641176470588236
1.345294117647059
1.6105882352941177
1.931764705882353
1.6841176470588235
1.8970588235294117
2.427647058823529
2.9770588235294118
3.2005882352941173
3.2270588235294118
3.438823529411765
1.8570588235294119
1.8223529411764705
1.9864705882352942
1.6888235294117646
1.7276470588235295
2.03
1.6894117647058824
2.001764705882353
2.0729411764705885
1.7429411764705882
1.8735294117647059
2.2305882352941175
2.3358823529411765
2.2194117647058826
1.9870588235294118
2.61
2.7041176470588235
2.473529411764706
2.34
2.0347058823529416
2.5182352941176473
2.4970588235294118
2.3405882352941174
2.2535294117647062
2.216470588235294
2.8058823529411767
3.4705882352941178
3.984705882352941
4.296470588235294
3.6658823529411766
3.697058823529412
4.098235294117647
3.984705882352941
4.214705882352941
4.561176470588236
4.1782352941176475
4.011176470588235
4.110588235294117
4.152352941176471
3.7841176470588236
3.5894117647058823
3.603529411764706
3.611764705882353
3.771176470588235
4.0452941176470585
3.835882352941176
3.937058823529412
3.905882352941177
3.891764705882353
3.9488235294117646
4.341764705882353
4.968823529411765
5.173529411764706
5.263529411764706
4.410588235294118
3.605294117647059
3.7600000000000002
4.4799999999999995
4.758235294117647
4.9805882352941175
4.6364705882352935
5.14
5.180588235294117
5.1129411764705885
5.1129411764705885
4.405882352941177
4.382941176470588
4.962941176470588
5.14
5.4417647058823535
5.081764705882353
5.232941176470588
5.409411764705882
6.068235294117647
6.161764705882353
6.552352941176471
6.605882352941176
6.577647058823529
6.704705882352941
7.3217647058823525
7.070588235294117
7.232941176470589
7.829411764705882
7.712941176470588
7.892941176470589
7.786470588235295
7.984117647058823
7.551764705882353
7.347058823529412
7.816470588235294
7.60764705882353
7.074705882352941
7.090588235294117
7.7
7.617647058823529
7.842941176470587
8.228823529411764
8.603529411764706
8.298823529411763
8.315882352941177
8.334375
8.305625
8.56625
8.963125
8.79375
9.654375
10.08125
9.745000000000001
9.428125
9.15875
8.915
9.543125
10.0225
10.0675
10.026875
9.53
9.694375
9.548125
9.30625
9.7
10.264375
10.158125
10.81375
10.71875
10.495625
10.318125
10.313125
10.408125
10.5875
10.861875
11.388125
11.23125
11.7225
12.13625
11.48375
11.4675
10.966875
11.330625
11.593125
11.9875
12.41375
12.5175
12.445
12.271875
11.83
11.588125
12.008750000000001
12.828125
12.646875
12.86
13.17875
13.025625
12.570625
12.820625
13.4525
13.136875
12.975625
13.135625
13.044375
12.725
12.419375
12.858125
13.429375
14.135625
13.645
13.43875
13.57
13.50125
13.910625
13.5775
13.506875
13.23125
13.531875000000001
13.198125
13.075
12.939375
13.29
13.10625
12.636875
12.683125
12.919375
12.879375
13.04375
13.384375
13.165625
13.03875
12.836875000000001
12.694375
12.70875
12.861875
12.88
12.836875
12.653125
13.684375
13.904375
13.489375
13.08
12.29875
12.365
12.170625
12.11375
11.80125
12.058125
12.18
11.98625
11.885
12.153125
11.64125
11.974375
11.29875
11.011875
10.625
10.728125
11.065625
10.953125
10.435
10.44
9.91875
9.81875
9.978125
9.696875
9.959375
10.1425
10.261875
10.0525
10.626875
10.6575
10.12375
10.053125
9.819375
9.113125
8.89375
9.2275
9.756874999999999
10.293125
9.833125
9.79875
9.398125
9.055
9.3225
9.091875
9.15375
8.7975
8.506875
9.0625
8.643125
8.00375
8.306875
8.1725
8.692499999999999
8.183125
7.843125000000001
7.429375
7.268125
6.97625
7.0600000000000005
7.260625
6.7675
6.831875
6.608125
6.66875
6.83625
6.383125
6.08625
5.545624999999999
5.7675
6.085
5.980625
5.64875
5.55625
5.4087499999999995
5.430625
5.1
5.940625
5.77125
5.55375
5.320625
5.22875
5.355
5.004375
4.89
4.80875
4.775
4.0875
4.45625
3.850625
3.285
3.19
2.7356249999999998
3.133125
4.12375
3.9725
3.898125
3.5237499999999997
3.56625
3.40375
3.626875
4.10625
4.44625
4.6375
3.1775
3.000625
2.826875
2.398125
2.693125
2.955
3.013125
3.07125
3.2
2.91125
2.7487500000000002
2.99
3.814375
3.953125
3.2575
3.325
2.16375
2.659375
2.650625
3.066875
3.569375
3.031875
2.323125
1.5675000000000001
2.105625
1.9112500000000001
2.303125
2.4856249999999998
