temperature
2.5808695652173914
2.5565217391304347
2.2343478260869567
2.537826086956522
2.9347826086956523
3.104347826086957
2.2069565217391305
2.739130434782609
3.039565217391304
2.75
2.3956521739130436
1.7208695652173913
1.296521739130435
1.6008695652173912
2.2795652173913044
2.447391304347826
1.7704347826086957
1.413913043478261
2.178695652173913
2.23
2.862173913043478
3.0208695652173914
2.7543478260869567
2.8578260869565217
2.5378260869565215
2.2243478260869565
1.9869565217391305
1.961304347826087
2.1900000000000004
1.8673913043478263
1.7630434782608695
1.9060869565217389
2.546521739130435
2.9008695652173913
2.9321739130434783
3.0843478260869563
3.3391304347826085
3.3013043478260866
2.9930434782608697
2.4456521739130435
1.9873913043478262
1.603913043478261
1.7908695652173912
1.6765217391304348
1.184782608695652
0.8747826086956522
0.9104347826086957
1.5121739130434784
1.6569565217391304
1.8534782608695652
1.8126086956521739
2.3778260869565218
2.8108695652173914
2.879565217391304
3.0160869565217387
2.2882608695652173
2.7578260869565216
2.7595652173913043
2.9182608695652177
3.2721739130434786
3.502608695652174
3.5482608695652176
3.4730434782608692
3.7191304347826084
4.1091304347826085
4.433913043478261
4.418695652173913
4.135217391304348
4.475652173913043
4.677391304347826
4.468695652173913
4.522173913043478
4.204782608695653
4.306086956521739
3.962608695652174
4.500869565217391
4.55608695652174
4.507391304347826
4.357391304347826
4.495217391304348
4.39304347826087
4.326521739130435
4.56
5.0456521739130435
4.608695652173913
4.875652173913044
4.731739130434782
4.8334782608695654
5.232608695652174
5.072608695652174
5.836818181818182
5.390454545454546
4.430909090909091
4.532272727272727
4.756818181818182
4.875909090909091
5.089090909090909
4.88909090909091
5.045
5.4390909090909085
5.9409090909090905
6.550909090909091
6.180909090909091
6.388636363636365
6.737272727272727
6.944090909090909
6.501363636363636
6.574545454545454
7.130909090909091
6.977727272727273
7.083636363636364
7.5986363636363645
7.145
6.656818181818181
6.758181818181819
6.699090909090909
6.6445454545454545
6.543181818181818
6.927727272727273
7.201818181818182
7.310454545454546
7.121363636363636
7.664090909090908
7.904545454545455
8.08090909090909
8.32090909090909
8.647727272727273
9.27818181818182
8.638181818181819
8.616818181818182
9.168636363636365
8.888181818181819
9.640454545454546
9.416363636363636
9.678636363636365
9.59
9.516363636363637
9.834545454545456
9.754090909090909
10.521363636363636
10.421818181818182
10.203636363636363
10.545
10.756818181818183
10.849545454545455
10.841818181818182
10.791818181818183
10.27818181818182
10.512727272727274
10.504090909090909
10.787727272727274
11.330454545454545
11.297272727272727
11.488181818181818
11.364545454545455
11.42909090909091
11.385909090909092
11.490454545454545
11.614090909090908
11.721363636363636
11.668181818181818
11.618636363636364
11.889090909090909
11.826818181818181
12.082727272727272
11.94681818181818
12.441818181818183
12.538181818181817
12.140909090909092
12.925454545454546
12.913636363636364
12.700454545454546
12.718181818181819
12.625454545454545
12.643636363636364
13.187272727272727
13.340454545454547
13.127727272727272
13.088636363636363
13.302727272727275
13.614090909090908
13.83409090909091
13.910454545454547
14.011363636363637
14.425454545454546
14.835909090909091
14.825454545454546
14.864090909090908
15.183636363636365
14.751818181818182
14.783181818181818
14.973636363636365
14.583636363636362
14.95590909090909
14.691363636363635
14.991818181818182
14.638636363636364
14.317727272727273
14.088181818181818
14.385909090909092
14.84818181818182
14.488636363636363
14.431818181818182
14.417272727272728
14.293181818181818
14.700454545454546
14.970454545454546
15.154545454545454
15.241818181818182
15.43409090909091
15.313181818181818
14.889090909090909
14.532727272727273
14.833636363636362
15.014999999999999
14.567272727272728
14.666818181818183
14.735454545454546
14.063636363636363
14.385000000000002
14.67681818181818
14.385909090909092
14.453636363636365
14.644545454545455
14.862272727272726
15.114999999999998
15.331363636363637
14.6
14.218181818181819
14.135454545454547
14.297272727272729
14.725
14.579545454545455
14.587272727272728
13.677727272727275
14.12590909090909
14.135454545454547
14.142272727272728
13.623181818181818
13.917272727272728
14.128636363636362
13.76909090909091
13.086818181818181
13.702727272727271
13.227727272727272
13.233181818181817
12.978181818181817
12.976363636363637
12.67181818181818
12.712727272727273
13.050454545454546
12.747727272727273
12.51909090909091
12.032727272727271
12.174090909090909
11.758636363636363
11.52909090909091
11.638181818181819
12.019545454545455
12.207727272727272
11.885454545454547
11.27590909090909
11.576363636363636
11.524545454545454
11.17909090909091
11.643636363636364
11.263181818181819
10.725454545454546
10.732272727272727
10.643636363636363
10.992727272727272
11.015454545454546
10.921818181818182
10.632173913043477
10.47
10.335217391304349
10.482173913043479
10.03608695652174
9.890869565217391
9.717391304347826
9.315652173913042
9.975217391304348
9.787826086956523
9.308260869565217
9.28695652173913
8.752608695652174
8.289130434782608
8.377391304347826
8.06
7.881304347826087
8.112608695652174
8.460434782608695
8.077391304347826
7.4339130434782605
7.520434782608696
7.685217391304348
7.990434782608696
7.89304347826087
7.782173913043478
7.73391304347826
7.418260869565217
6.9052173913043475
7.348260869565217
7.65304347826087
7.294347826086957
7.3326086956521745
7.078260869565218
6.466956521739131
6.13391304347826
5.496956521739131
6.130869565217391
6.587391304347825
6.2
6.1213043478260865
6.263478260869565
5.304782608695652
4.696521739130435
4.153043478260869
4.572608695652174
4.52695652173913
4.380869565217392
4.893913043478261
4.649130434782609
3.8073913043478256
3.63
4.123913043478261
4.691739130434782
4.678695652173913
4.6234782608695655
3.9769565217391305
3.5147826086956524
3.34304347826087
2.976086956521739
2.9113043478260865
3.3773913043478263
3.778695652173913
3.997391304347826
4.202608695652174
4.126956521739131
3.6908695652173913
3.35
2.758695652173913
2.6221739130434782
2.5056521739130435
2.789565217391304
2.8460869565217393
2.829565217391304
3.4395652173913045
3.9065217391304343
3.5500000000000003
3.3413043478260867
3.068695652173913
3.13
3.281304347826087
3.9804347826086954
3.233913043478261
3.638260869565218
3.635652173913044
3.6743478260869566
3.582173913043478
3.4400000000000004
3.5504347826086957
3.467826086956522
2.678260869565217
2.437826086956522
