pet
0.223
0.264
0.35050000000000003
0.3115
0.23900000000000002
0.227
0.344
0.266
0.2905
0.31
0.3415
0.384
0.28500000000000003
0.305
0.3185
0.23450000000000001
0.2625
0.26
0.30300000000000005
0.317
0.2645
0.257
0.2285
0.332
0.34950000000000003
0.3155
0.3335
0.40049999999999997
0.3565
0.3285
0.40199999999999997
0.40499999999999997
0.4085
0.42400000000000004
0.433
0.414
0.4665
0.46849999999999997
0.5165
0.48550000000000004
0.4535
0.42000000000000004
0.43
0.4755
0.4385
0.522
0.5405
0.4255
0.4955
0.5505
0.621
0.617
0.7055
0.6755
0.613
0.6825
0.7384999999999999
0.709
0.7230000000000001
0.7285
0.773
0.6745
0.751
0.808
0.807
0.8480000000000001
0.8895
0.8779999999999999
0.9425000000000001
0.9644999999999999
0.9445
0.9109999999999999
0.9695
0.924
0.8885
0.974
1.067
1.0779999999999998
0.994
1.101
1.061
1.1099999999999999
1.0085
1.0405
1.183
1.1595
1.253
1.2254999999999998
1.2235
1.3845
1.3865
1.3675000000000002
1.3050000000000002
1.334
1.49
1.578
1.496
1.6019999999999999
1.5155
1.629
1.566
1.5074999999999998
1.4895
1.5595
1.6309999999999998
1.816
1.7375
1.7715
1.6875
1.8265
1.846
1.7864999999999998
1.9105
1.8465
1.8315000000000001
1.793
1.9485
1.9024999999999999
2.0715
1.9255
2.1785
2.16
2.288
2.191
2.053
2.105
2.2815000000000003
2.205
2.2649999999999997
2.216
2.2800000000000002
2.3415
2.25
2.2885
2.3015
2.2165
2.2295000000000003
2.3440000000000003
2.3525
2.2285
2.4505
2.4705
2.663
2.709
2.7135000000000002
2.604
2.317
2.484
2.5065
2.734
2.9475000000000002
2.8165
2.6134999999999997
2.7335000000000003
2.3914999999999997
2.6035
2.3449999999999998
2.712
2.6725000000000003
2.822
2.8075
2.844
2.5145
2.3585000000000003
2.478
2.553
2.7495000000000003
2.777
2.7024999999999997
2.691
3.043
2.7725
2.572
2.7125
2.686
2.6544999999999996
2.8745
2.4785
2.682
2.6905
2.4495
2.5735
2.613
2.624
2.5955
2.6915
2.52
2.5524999999999998
2.6109999999999998
2.7875
2.656
2.8715
2.674
2.684
2.87
2.8525
2.9175
2.649
2.8085
2.603
2.499
2.591
2.6175
2.616
2.742
2.584
2.4739999999999998
2.696
2.494
2.351
2.5454999999999997
2.336
2.164
2.442
2.561
2.2335000000000003
2.457
2.3215
2.2765
2.3795
2.4045
2.002
2.1260000000000003
2.1134999999999997
1.9965
1.9654999999999998
2.2765
2.2325
2.2185
1.95
2.119
2.0305
1.9945
2.1925
1.8844999999999998
1.9004999999999999
1.7600000000000002
1.8695
1.9120000000000001
1.845
1.9945
1.7740000000000002
1.7710000000000001
1.7719999999999998
1.7329999999999999
1.6320000000000001
1.823
1.6504999999999999
1.6184999999999998
1.7425000000000002
1.6280000000000001
1.627
1.645
1.4825
1.5515
1.585
1.519
1.3980000000000001
1.3679999999999999
1.3345
1.2635
1.2705
1.2745000000000002
1.333
1.2994999999999999
1.1835
1.1804999999999999
1.025
1.049
0.9175000000000001
1.0625
1.032
0.998
1.0626315789473686
0.9621052631578948
1.0026315789473685
1.016842105263158
0.9552631578947368
0.9663157894736841
0.9105263157894737
0.7552631578947369
0.8531578947368421
0.9189473684210526
0.8173684210526315
0.7221052631578948
0.601578947368421
0.5863157894736842
0.5952631578947368
0.5847368421052631
0.6763157894736842
0.6526315789473685
0.6452631578947369
0.6231578947368421
0.5510526315789473
0.58
0.521578947368421
0.5473684210526316
0.646842105263158
0.6784210526315789
0.6473684210526316
0.6247368421052631
0.5257894736842106
0.5789473684210527
0.5647368421052632
0.46473684210526317
0.4431578947368421
0.4863157894736842
0.41210526315789475
0.4278947368421053
0.40578947368421053
0.43052631578947365
0.4031578947368421
0.4052631578947368
0.31526315789473686
0.4247368421052632
0.3589473684210526
0.3731578947368421
0.33789473684210525
0.20789473684210527
0.22947368421052633
0.25526315789473686
0.27421052631578946
0.23349999999999999
0.284
0.25949999999999995
0.2085
0.259
0.2705
0.2805
0.273
0.2705
0.2535
0.22200000000000003
0.296
0.26
0.2325
0.27349999999999997
0.22549999999999998
0.29250000000000004
0.2465
0.308
0.231
0.22000000000000003
0.2625
0.17250000000000001
0.137
0.21949999999999997
0.267
0.2475
0.253
0.2165
0.1325
0.1315
0.1735
0.2225
0.195
0.1915
0.3375
0.2605
0.20049999999999998
0.2165
0.21000000000000002
0.1675
0.178
0.21549999999999997
