temperature
3.4655
2.9859999999999998
2.9799999999999995
2.7285
3.5100000000000002
3.3034999999999997
3.7440000000000007
3.6285
3.6004999999999994
3.8265000000000002
3.8939999999999997
4.6579999999999995
4.5405
3.563
4.2315000000000005
3.342
3.5265
3.7310000000000003
4.024
3.5345
2.773
2.8665
2.9915
3.061
3.4405
3.2344999999999997
3.4745000000000004
3.1175
2.9105
2.674
3.0755
3.1425
3.1475
3.3175
3.816
3.6160000000000005
3.5564999999999998
2.988
2.7775000000000003
3.182
3.2555
3.995
4.3495
3.8034999999999997
3.535
4.256
3.7090000000000005
3.6885
3.3615000000000004
3.186
3.2255000000000003
3.5854999999999997
3.8994999999999997
4.4905
4.235
4.279999999999999
4.2535
4.006
3.6245
3.4745
3.154
3.3805
3.2935000000000003
3.4365
4.064
5.37
5.0815
5.0655
5.0615000000000006
4.6495
4.524
4.0600000000000005
4.886
5.593999999999999
5.792
6.3035
5.3825
4.968500000000001
5.077
5.3295
5.3805
5.4464999999999995
5.4335
5.914
5.637
5.467499999999999
5.74
5.9425
6.4795
6.648999999999999
6.829000000000001
6.6975
6.597499999999999
6.3305
6.766500000000001
6.7700000000000005
5.9535
6.051
6.9415000000000004
7.155499999999999
6.5525
6.122
5.9665
6.975
7.0005
6.9155
7.086499999999999
6.544
6.274
7.073
8.120999999999999
8.681000000000001
9.1105
9.107
8.8915
8.265
8.567
8.558
8.392
8.2105
8.644
8.625499999999999
8.7745
8.992999999999999
9.0
8.807500000000001
9.261500000000002
9.306999999999999
9.391499999999999
9.632
9.639
9.4175
9.292
9.533
10.15
10.331999999999999
10.176
10.0725
10.2895
10.711
10.348
10.4145
10.75
10.8495
10.833499999999999
10.893
10.796
10.9715
11.2265
11.456999999999999
11.8395
12.2365
12.369
12.179
11.659
11.743
12.0715
12.2985
12.3925
12.7375
12.5885
12.427
12.134
12.250499999999999
12.24
12.558499999999999
13.138499999999999
13.7285
13.649000000000001
13.6005
13.2945
12.847999999999999
12.9585
13.357499999999998
13.159
13.4005
13.7225
13.27
13.601499999999998
13.876
13.889500000000002
14.313999999999998
14.5785
14.4215
14.556000000000001
14.352500000000001
14.161000000000001
14.342000000000002
14.1035
14.334999999999999
14.629
14.299000000000001
14.406
14.0965
14.395
14.568999999999999
14.741
14.618500000000001
14.977
15.208000000000002
14.905000000000001
14.606
14.749
15.1995
15.0445
14.9325
15.0795
15.2225
15.0485
15.1815
14.930000000000001
14.8655
15.23
15.1065
15.200999999999999
15.1845
15.479
15.402000000000001
15.004
14.7845
15.065999999999999
14.897
15.0715
14.8375
14.8085
15.013
14.867500000000001
14.584
14.837
14.426499999999999
14.8105
14.764500000000002
14.41
14.122499999999999
14.108500000000001
13.7595
13.560999999999998
13.782499999999999
13.3595
13.4095
13.519
13.456999999999999
13.506
13.203999999999999
13.7
14.027000000000001
13.8125
13.972
13.537
13.178
13.018
12.6635
13.247499999999999
13.4405
13.096
12.5695
12.162
11.841
11.6765
11.549
11.9885
12.18
12.330499999999999
12.4505
11.9875
11.649
11.2575
11.3515
11.282
11.6715
12.303999999999998
12.11
12.084
11.943684210526316
10.885263157894736
11.034210526315789
10.118947368421052
10.145263157894737
9.993157894736843
9.782105263157893
10.415263157894737
10.263157894736842
10.112105263157895
10.01736842105263
9.618421052631579
9.608421052631579
9.896842105263158
9.719473684210525
9.250526315789473
8.921052631578947
8.617894736842105
8.66157894736842
7.833157894736841
8.906842105263157
8.870526315789473
8.563684210526317
8.755789473684212
9.052105263157895
9.08736842105263
9.15421052631579
8.638421052631578
7.942105263157895
8.48263157894737
8.42578947368421
7.957894736842104
7.690526315789474
7.871052631578948
7.116315789473685
7.436315789473684
6.830526315789474
6.957368421052632
6.988421052631579
5.869473684210526
6.392631578947369
6.733684210526316
6.556842105263158
6.351578947368421
6.199473684210527
6.316315789473684
5.9457894736842105
5.954210526315789
5.578947368421052
4.953
5.246
5.203
4.457
4.6325
5.553
4.6805
5.253
5.518
5.246
5.0555
4.8205
4.1405
4.1005
3.8854999999999995
3.8235
4.0625
3.9435000000000002
3.6635
3.5454999999999997
4.1445
4.3495
3.7395000000000005
3.5370000000000004
3.9550000000000005
3.867
3.554
3.5244999999999997
2.9314999999999998
2.275
2.0585
1.392
2.7825
3.3805
4.3475
4.3549999999999995
3.2285000000000004
2.545
2.372
1.6239999999999999
1.6375
2.633
3.0669999999999997
