pet
0.31826086956521743
0.33826086956521734
0.4069565217391304
0.33043478260869563
0.22869565217391302
0.2782608695652174
0.2873913043478261
0.28347826086956524
0.2360869565217391
0.3521739130434782
0.43521739130434783
0.4165217391304348
0.3243478260869565
0.3726086956521739
0.23260869565217393
0.24869565217391304
0.30043478260869566
0.32
0.34608695652173915
0.27043478260869563
0.3552173913043478
0.3391304347826087
0.3173913043478261
0.43782608695652175
0.32304347826086954
0.33043478260869563
0.3382608695652174
0.30869565217391304
0.31
0.32
0.43173913043478257
0.36434782608695654
0.3860869565217391
0.28782608695652173
0.3830434782608696
0.42043478260869566
0.4191304347826087
0.548695652173913
0.46956521739130436
0.3852173913043478
0.4726086956521739
0.42260869565217396
0.42565217391304344
0.518695652173913
0.4969565217391304
0.44347826086956527
0.4404347826086957
0.3660869565217391
0.43260869565217386
0.5143478260869565
0.43130434782608695
0.4652173913043478
0.5626086956521739
0.5295652173913044
0.548695652173913
0.5230434782608695
0.5347826086956522
0.5904347826086956
0.6660869565217391
0.6291304347826088
0.6756521739130434
0.7691304347826088
0.72
0.658695652173913
0.7121739130434782
0.6660869565217391
0.6995652173913044
0.7908695652173914
0.6421739130434783
0.7086956521739131
0.8708695652173913
0.7791304347826088
0.788695652173913
0.8347826086956521
0.8539130434782609
0.9352173913043479
0.8904347826086957
0.9030434782608695
0.9569565217391305
0.9978260869565218
1.0730434782608695
1.067391304347826
1.1134782608695653
1.1869565217391305
1.1030434782608696
1.1882608695652175
1.232608695652174
1.202173913043478
1.203478260869565
1.0708695652173912
1.0750000000000002
1.1013636363636363
1.255
1.3427272727272728
1.3227272727272728
1.375909090909091
1.410909090909091
1.2913636363636363
1.4445454545454546
1.366818181818182
1.363181818181818
1.4563636363636363
1.5590909090909089
1.7799999999999998
1.714090909090909
1.7359090909090908
1.7268181818181818
1.5768181818181817
1.5909090909090908
1.714090909090909
1.679090909090909
1.7309090909090907
1.8804545454545454
1.96
1.9050000000000002
1.9986363636363635
2.1281818181818184
1.8940909090909093
1.7827272727272727
1.7886363636363638
2.0009090909090905
2.0518181818181818
2.095
2.1827272727272726
2.178181818181818
2.179090909090909
2.065909090909091
2.1422727272727276
2.0595454545454546
1.9872727272727273
2.227272727272727
2.173636363636364
2.3313636363636365
2.637272727272727
2.5086363636363633
2.64
2.4577272727272725
2.440909090909091
2.6504545454545454
2.5472727272727274
2.4272727272727272
2.57
2.3468181818181817
2.6645454545454546
2.4413636363636364
2.553181818181818
2.6363636363636362
2.6436363636363636
2.4995454545454545
2.5422727272727275
2.5995454545454546
2.6627272727272726
2.449090909090909
2.6363636363636362
2.795909090909091
2.400909090909091
2.416363636363636
2.5563636363636366
2.544545454545455
2.5045454545454544
2.548636363636364
2.3459090909090907
2.5663636363636364
2.5690909090909093
2.74
2.8140909090909094
2.630909090909091
2.6045454545454545
2.4845454545454544
2.6954545454545453
2.998181818181818
2.687727272727273
2.8831818181818183
2.5827272727272725
2.536818181818182
2.528181818181818
2.6095454545454544
2.68
2.6004545454545456
2.7677272727272726
2.710909090909091
2.5895454545454544
2.8113636363636365
3.1259090909090905
2.8445454545454543
2.9045454545454543
3.1454545454545455
2.9904545454545457
2.6645454545454546
2.666363636363636
2.4431818181818183
2.7304545454545455
2.6913636363636364
2.5727272727272728
2.4777272727272726
2.5127272727272727
2.6931818181818183
2.6345454545454547
2.6054545454545455
2.515
2.619090909090909
2.600909090909091
2.4386363636363635
2.4995454545454545
2.4227272727272724
2.673636363636364
2.5772727272727276
2.6131818181818183
2.4227272727272724
2.6931818181818183
2.434090909090909
2.1795454545454547
2.4686363636363637
2.3836363636363633
2.387272727272727
2.3109090909090906
2.2677272727272726
2.1609090909090907
2.0513636363636363
2.099090909090909
2.118181818181818
2.248181818181818
2.101818181818182
2.2068181818181816
2.1463636363636365
1.9495454545454545
2.150909090909091
2.3468181818181817
2.307727272727273
2.0081818181818183
1.9840909090909091
2.147727272727273
2.0377272727272726
2.0822727272727275
1.9386363636363635
2.065
1.8590909090909091
1.9836363636363636
1.9604545454545457
1.8395454545454546
1.725
1.8163636363636364
1.731818181818182
1.715
1.765
1.6795454545454547
1.6418181818181816
1.7077272727272728
1.7127272727272727
1.4677272727272728
1.5772727272727274
1.5681818181818181
1.515
1.4886363636363635
1.4654545454545456
1.481818181818182
1.363181818181818
1.2927272727272727
1.2668181818181818
1.2504545454545455
1.270909090909091
1.3381818181818181
1.2845454545454544
1.1718181818181819
1.1577272727272727
1.0722727272727273
1.200909090909091
1.0222727272727272
0.9004545454545454
0.8740909090909091
0.9277272727272727
1.0286363636363636
0.9145454545454546
1.048695652173913
0.9430434782608696
0.9352173913043479
0.8986956521739131
0.8660869565217392
0.9234782608695652
0.9534782608695652
0.918695652173913
0.6917391304347826
0.7782608695652173
0.8139130434782608
0.7239130434782608
0.6478260869565218
0.6891304347826087
0.4995652173913044
0.5930434782608696
0.7760869565217392
0.657391304347826
0.6652173913043479
0.6169565217391304
0.6173913043478261
0.6504347826086956
0.6121739130434782
0.5147826086956522
0.5108695652173914
0.44608695652173913
0.4852173913043478
0.4543478260869565
0.578695652173913
0.38130434782608696
0.46260869565217394
0.4082608695652174
0.3934782608695652
0.46608695652173915
0.4621739130434782
0.44652173913043475
0.46565217391304353
0.33
0.42869565217391303
0.532608695652174
0.44739130434782604
0.44608695652173913
0.42043478260869566
0.5460869565217391
0.3178260869565217
0.43217391304347824
0.2821739130434783
0.39739130434782605
0.32565217391304346
0.42391304347826086
0.3308695652173913
0.2482608695652174
0.44173913043478263
0.2360869565217391
0.45086956521739124
0.3378260869565218
0.2991304347826087
0.2365217391304348
0.28956521739130436
0.3173913043478261
0.19347826086956524
0.21999999999999997
0.23304347826086957
0.2639130434782609
0.3347826086956522
0.18956521739130436
0.31043478260869567
0.3065217391304348
0.18217391304347827
0.21521739130434783
0.22260869565217392
0.31217391304347825
0.2826086956521739
0.27695652173913043
0.22217391304347828
0.24695652173913044
0.2752173913043478
0.34347826086956523
0.3482608695652174
0.27695652173913043
0.29130434782608694
0.18739130434782608
0.21086956521739128
0.26869565217391306
0.2165217391304348
0.26869565217391306
0.16956521739130434
0.2843478260869565
0.25521739130434784
0.2604347826086957
0.3852173913043478
0.2234782608695652
