temperature
2.7036363636363636
2.2981818181818183
2.901363636363637
2.611818181818182
2.858636363636364
2.6763636363636363
2.889090909090909
2.4213636363636364
3.155
2.9354545454545455
3.0386363636363636
3.857727272727273
3.5450000000000004
3.2713636363636365
3.6931818181818183
2.721363636363636
2.700909090909091
3.1577272727272727
3.0213636363636365
2.4677272727272728
3.0790909090909087
3.200909090909091
3.0072727272727273
2.8790909090909094
2.7063636363636365
2.916363636363636
3.213181818181818
2.9472727272727273
2.550909090909091
2.4072727272727272
2.658181818181818
2.8095454545454546
2.485909090909091
3.1704545454545454
3.130909090909091
3.1204545454545456
3.2245454545454546
2.084090909090909
2.4104545454545456
2.6995454545454547
2.5090909090909093
3.3540909090909095
3.257727272727273
3.0381818181818185
3.5399999999999996
4.075909090909091
3.6036363636363635
3.5063636363636363
2.895
2.477272727272727
2.800909090909091
2.868181818181818
2.7027272727272726
3.8286363636363636
2.988181818181818
3.2572727272727273
3.034090909090909
3.0731818181818182
3.108636363636364
2.5836363636363635
2.4145454545454546
2.5563636363636366
2.9536363636363636
3.1118181818181814
3.6245454545454545
4.865454545454546
4.177272727272728
3.869545454545454
4.033636363636364
4.102727272727273
3.924545454545455
4.383181818181819
4.638636363636364
4.395909090909091
4.8149999999999995
5.375
4.4359090909090915
4.118636363636363
4.217272727272728
4.338636363636364
4.703181818181818
4.591363636363637
4.3127272727272725
4.625454545454545
4.675454545454546
4.715
4.773181818181818
4.722727272727273
5.370454545454546
5.754545454545454
5.856086956521739
5.484782608695652
5.179130434782609
5.133913043478261
6.01608695652174
5.808260869565218
5.439130434782609
5.386086956521739
6.259130434782609
6.981304347826087
6.086086956521739
5.487391304347827
5.193478260869566
6.024347826086957
6.1243478260869555
6.19695652173913
5.968260869565218
5.354782608695652
5.408695652173913
6.0291304347826085
7.036086956521738
7.343913043478261
7.783043478260869
7.764347826086957
7.245217391304347
6.872608695652174
7.209565217391304
7.349565217391304
7.306956521739131
7.263913043478261
7.184782608695652
7.293913043478261
7.274347826086957
7.8960869565217395
8.078695652173913
7.694347826086957
7.921739130434782
7.936521739130434
7.958695652173914
8.246086956521738
7.911304347826087
7.685217391304348
7.763913043478261
8.032608695652174
8.208260869565219
8.361304347826087
8.394347826086957
8.241304347826087
8.363478260869567
8.83695652173913
8.960869565217392
9.07391304347826
9.352173913043478
9.275652173913043
9.27391304347826
9.304347826086957
9.145652173913044
9.435652173913043
9.62
9.848695652173914
9.946521739130436
10.653478260869566
10.497826086956522
10.534347826086956
10.259565217391303
10.110434782608696
10.716086956521739
10.921304347826087
11.04782608695652
10.97304347826087
11.049565217391304
10.965217391304348
10.435217391304347
10.419565217391305
10.291739130434783
10.71
11.102173913043478
11.77608695652174
11.588695652173914
11.485652173913044
11.536521739130434
11.364782608695652
11.301739130434783
11.505217391304347
11.458695652173914
11.559565217391304
12.038260869565217
11.992608695652173
12.433043478260869
12.377391304347826
12.386521739130433
12.729565217391302
12.887391304347824
12.88304347826087
13.040000000000001
12.551304347826088
12.683043478260869
12.64913043478261
12.741304347826087
12.835217391304347
12.571739130434782
12.854782608695654
12.580869565217393
12.268695652173914
12.462608695652174
13.053043478260872
13.092608695652174
13.52695652173913
13.120434782608696
13.14391304347826
13.515217391304349
13.201739130434783
13.254782608695653
13.743913043478262
13.54695652173913
13.289130434782608
13.570434782608697
13.610434782608696
13.476086956521739
13.56913043478261
13.334782608695651
13.56391304347826
13.805652173913044
13.802173913043477
13.805217391304348
14.155217391304348
13.82521739130435
13.593478260869563
13.29304347826087
12.88304347826087
13.045217391304348
13.00695652173913
12.863913043478261
13.208695652173914
13.427391304347825
13.419565217391304
13.225652173913044
13.233478260869566
13.277826086956521
12.86826086956522
13.417391304347827
13.340434782608694
13.163478260869566
12.169565217391304
12.199130434782608
12.292608695652175
12.138260869565217
11.98304347826087
11.725217391304348
12.162608695652175
12.332608695652173
12.254347826086958
12.341739130434783
12.222173913043479
12.56
12.437826086956521
12.465217391304348
12.39782608695652
11.937391304347827
11.65
11.67608695652174
11.428260869565218
11.978260869565217
12.07391304347826
11.541739130434781
11.365652173913045
10.667826086956522
10.522608695652174
10.47
10.433478260869565
10.45217391304348
10.64304347826087
10.868260869565217
11.610434782608696
11.245652173913042
10.52
10.131739130434783
10.336086956521738
9.978260869565217
10.190434782608696
10.367391304347825
10.304782608695652
10.322173913043478
9.937727272727273
9.757727272727273
9.655454545454544
8.861363636363636
9.130454545454546
9.169545454545455
9.266818181818183
9.46409090909091
9.312727272727273
8.84590909090909
8.504090909090909
8.450454545454546
8.65409090909091
9.264090909090909
8.684545454545455
7.6863636363636365
7.524090909090909
7.375909090909091
7.453636363636363
7.145
7.5609090909090915
7.704999999999999
7.427727272727273
7.649545454545454
7.782727272727272
7.693181818181818
7.334090909090909
7.369999999999999
6.768636363636364
7.337272727272728
7.450454545454545
6.996818181818182
6.433636363636364
6.694090909090909
6.577272727272727
6.038181818181818
5.829999999999999
6.54
6.1872727272727275
5.285
5.536363636363636
5.74
5.886363636363637
5.367727272727273
6.069545454545454
6.037272727272727
5.723636363636364
4.856363636363636
4.460909090909091
4.715454545454545
5.248181818181819
5.162272727272727
4.03090909090909
4.450909090909091
4.757727272727273
4.085
4.844090909090909
5.112272727272727
4.851818181818182
4.158181818181817
4.108181818181818
3.502272727272727
3.8
3.9481818181818182
3.1336363636363633
3.450454545454545
3.1900000000000004
2.6854545454545455
3.475454545454546
4.598181818181818
4.805909090909091
3.675
2.6122727272727273
3.3150000000000004
3.675
3.6286363636363634
2.807272727272727
2.840909090909091
1.6386363636363634
1.4154545454545453
1.1059090909090907
1.8659090909090912
2.1122727272727273
3.3595454545454544
3.1627272727272726
2.0031818181818184
1.1036363636363637
0.9122727272727272
0.5845454545454545
0.6890909090909092
1.7345454545454544
2.1331818181818183
