pet
0.22318181818181818
0.285
0.3431818181818182
0.33136363636363636
0.3113636363636364
0.2604545454545455
0.39454545454545453
0.3559090909090909
0.37136363636363634
0.34545454545454546
0.37863636363636366
0.3704545454545455
0.3836363636363636
0.3427272727272727
0.3309090909090909
0.25863636363636366
0.29772727272727273
0.3172727272727273
0.32545454545454544
0.4090909090909091
0.3154545454545455
0.3281818181818182
0.29772727272727273
0.3727272727272727
0.38181818181818183
0.4540909090909091
0.4068181818181818
0.48227272727272724
0.4522727272727273
0.385
0.46136363636363636
0.48272727272727267
0.5072727272727273
0.48272727272727267
0.5663636363636364
0.5481818181818182
0.5804545454545456
0.5968181818181818
0.5740909090909091
0.5763636363636363
0.5463636363636364
0.5068181818181818
0.5754545454545454
0.5981818181818181
0.5181818181818182
0.6486363636363636
0.6913636363636364
0.520909090909091
0.5709090909090909
0.6227272727272728
0.7490909090909091
0.73
0.8195454545454546
0.6927272727272727
0.6395454545454545
0.715
0.7940909090909091
0.8131818181818182
0.7172727272727273
0.7722727272727273
0.9418181818181818
0.8336363636363636
0.84
0.8309090909090909
0.9913636363636364
1.0168181818181818
0.9177272727272728
0.9986363636363635
1.0904545454545453
1.075
1.1686363636363637
1.1018181818181818
1.1663636363636363
1.0454545454545454
1.1204545454545454
1.1181818181818182
1.1027272727272726
1.1059090909090907
1.0413636363636363
1.2154545454545453
1.21
1.1404545454545454
1.1368181818181817
1.1845454545454546
1.199090909090909
1.2913636363636363
1.26
1.326818181818182
1.2904545454545455
1.5740909090909092
1.570434782608696
1.6882608695652173
1.5343478260869565
1.5165217391304349
1.6130434782608696
1.9373913043478261
1.5426086956521738
1.7534782608695652
1.5052173913043476
1.7465217391304348
1.6891304347826088
1.557391304347826
1.6669565217391307
1.8017391304347825
1.7069565217391303
1.8673913043478263
1.982608695652174
1.9343478260869567
1.6356521739130434
1.787391304347826
2.154347826086956
2.3082608695652174
2.217391304347826
2.0269565217391303
2.1091304347826085
1.827391304347826
2.245217391304348
2.1282608695652177
2.1743478260869566
2.11
2.1695652173913045
2.175217391304348
2.3778260869565218
2.4165217391304346
2.285217391304348
2.5582608695652174
2.4147826086956523
2.327391304347826
2.5808695652173914
2.462608695652174
2.432608695652174
2.5669565217391304
2.4034782608695653
2.276521739130435
2.555217391304348
2.5017391304347827
2.362173913043478
2.6052173913043477
2.7195652173913043
2.3334782608695654
2.4143478260869564
2.573913043478261
2.9800000000000004
2.6913043478260867
2.8369565217391304
2.7043478260869565
2.4282608695652175
2.7517391304347827
2.758260869565217
2.646086956521739
2.967826086956522
2.9526086956521738
2.595217391304348
2.864782608695652
2.5295652173913044
2.8721739130434782
2.6069565217391304
2.896521739130435
2.887391304347826
2.9404347826086954
2.746521739130435
2.786521739130435
2.8421739130434784
2.6782608695652175
2.6243478260869564
2.9130434782608696
2.853478260869565
3.0043478260869563
3.1182608695652174
3.141739130434783
3.3143478260869568
3.246521739130435
3.0147826086956524
3.0460869565217394
3.0095652173913043
2.8378260869565217
3.0547826086956524
3.0356521739130433
3.143478260869565
3.2621739130434784
3.1660869565217387
3.1843478260869564
3.0891304347826085
2.933478260869565
3.2334782608695654
2.93
3.044782608695652
3.0008695652173913
2.780869565217391
2.9669565217391303
3.076521739130435
3.281739130434783
2.968260869565217
2.821304347826087
3.154347826086956
3.173478260869565
3.0791304347826083
2.8691304347826083
3.3078260869565215
3.205217391304348
3.0556521739130433
3.0886956521739126
3.181739130434783
3.1508695652173913
3.260869565217391
2.9795652173913045
3.0
2.9
3.0269565217391308
2.9895652173913048
3.0500000000000003
2.903913043478261
2.8130434782608695
3.0869565217391304
3.15
2.8530434782608696
3.069130434782609
2.9156521739130437
2.6917391304347826
2.726086956521739
2.866521739130435
2.575217391304348
2.8417391304347825
2.44
2.63
2.485217391304348
2.8282608695652174
2.8969565217391304
2.8152173913043477
2.6208695652173915
2.6869565217391305
2.5604347826086955
2.5830434782608696
2.385217391304348
2.2552173913043476
2.09
2.1513043478260867
1.8847826086956523
2.3382608695652176
2.364782608695652
2.4747826086956524
1.9830434782608695
2.036521739130435
2.1408695652173915
2.073913043478261
1.9165217391304348
2.1652173913043478
1.9686956521739132
1.8769565217391304
2.0078260869565216
1.934782608695652
1.951304347826087
1.893913043478261
1.8234782608695652
1.8252173913043477
1.7404347826086957
1.7652173913043478
1.5104347826086957
1.7560869565217392
1.602608695652174
1.5008695652173913
1.5134782608695654
1.547826086956522
1.6300000000000001
1.5608695652173912
1.4221739130434783
1.2669565217391305
1.222608695652174
1.1852173913043478
1.1252173913043477
1.2634782608695654
1.1856521739130435
1.2291304347826086
1.1986363636363637
1.2913636363636363
1.1977272727272728
1.2518181818181817
1.1981818181818182
1.1081818181818182
1.0322727272727272
0.9068181818181817
1.0213636363636363
1.1031818181818183
0.9740909090909091
0.8727272727272727
0.6745454545454546
0.7427272727272727
0.6945454545454545
0.745
0.9481818181818181
0.9081818181818182
0.8386363636363636
0.8222727272727273
0.6490909090909092
0.7654545454545455
0.7622727272727272
0.7422727272727272
0.8209090909090908
0.7909090909090909
0.8004545454545454
0.6768181818181819
0.5295454545454545
0.5913636363636363
0.6018181818181818
0.5499999999999999
0.5413636363636364
0.5586363636363637
0.47954545454545455
0.3963636363636364
0.505909090909091
0.38227272727272726
0.41590909090909095
0.4018181818181818
0.33590909090909093
0.37545454545454543
0.3640909090909091
0.36818181818181817
0.44909090909090915
0.285
0.225
0.27
0.3318181818181818
0.2681818181818182
0.3336363636363636
0.30318181818181816
0.2590909090909091
0.33136363636363636
0.27181818181818185
0.29227272727272724
0.2681818181818182
0.24136363636363634
0.21227272727272728
0.21363636363636365
0.27136363636363636
0.315
0.25681818181818183
0.34454545454545454
0.29045454545454547
0.38636363636363635
0.3759090909090909
0.3663636363636364
0.24863636363636363
0.34
0.25045454545454543
0.25227272727272726
0.23590909090909093
0.22045454545454543
0.41818181818181815
0.3145454545454545
0.29363636363636364
0.2609090909090909
0.14818181818181816
0.14818181818181816
0.18181818181818182
0.27136363636363636
0.2681818181818182
0.27045454545454545
0.3604545454545454
0.31272727272727274
0.3331818181818182
0.32045454545454544
0.32545454545454544
0.2040909090909091
0.29045454545454547
0.23090909090909092
