temperature
4.3605
4.275
3.693
3.7405
4.153499999999999
4.477
3.432
3.8649999999999998
4.232
3.9555
3.7135
3.2975000000000003
2.8560000000000003
2.884
3.2560000000000002
3.653
3.117
2.4415
3.2384999999999997
3.622
4.397
4.476
3.782
3.75
3.5
3.2485
3.0545
2.93
3.4810000000000003
3.5534999999999997
3.5394999999999994
3.5005
3.4955
3.8425
4.1585
4.669
4.8215
4.5995
4.0969999999999995
3.5935
3.0919999999999996
2.5934999999999997
2.7600000000000002
2.6895
2.1574999999999998
2.0309999999999997
1.94
2.8255
2.9555
2.8375
2.6294999999999997
2.9370000000000003
3.6365000000000003
3.943
4.3740000000000006
3.622
4.204
4.5435
4.63
4.818
5.0840000000000005
5.299
5.1735
5.869
6.129
6.443333333333333
6.433333333333333
5.793809523809524
6.315714285714286
6.528095238095238
6.153333333333333
6.1276190476190475
6.075238095238095
5.831428571428571
5.332380952380952
5.863333333333333
5.917619047619048
5.7995238095238095
5.591428571428572
5.867619047619048
5.858095238095238
5.822380952380953
5.825238095238095
6.555714285714286
6.029999999999999
6.237619047619048
6.21047619047619
6.325238095238096
6.614761904761904
6.54047619047619
7.4
6.818095238095238
5.673333333333334
5.673333333333334
5.860476190476191
6.089047619047619
6.41047619047619
6.232857142857144
6.463809523809524
7.062380952380953
7.443333333333333
8.225714285714286
7.408095238095238
7.477619047619048
7.92
8.134285714285713
7.934285714285714
7.664285714285714
8.746190476190478
8.725714285714286
8.757619047619048
9.13904761904762
8.620000000000001
8.17047619047619
8.066190476190476
8.414285714285715
8.37095238095238
8.488095238095237
9.017619047619048
9.122857142857143
9.032380952380953
8.542857142857143
9.08904761904762
8.926190476190476
9.120000000000001
9.464761904761904
9.778095238095238
10.587142857142858
10.048095238095238
9.926190476190476
10.404761904761905
10.322857142857142
11.193333333333333
10.857142857142858
11.036666666666667
11.130476190476191
10.918571428571429
11.004761904761905
11.020000000000001
11.611904761904762
11.543809523809525
11.366666666666665
11.704761904761906
11.63952380952381
11.796190476190477
11.855238095238096
11.620476190476191
11.430952380952382
11.853809523809524
11.752380952380953
12.192380952380953
13.05857142857143
13.048571428571428
13.16
12.926666666666666
13.142857142857142
13.417619047619047
13.264285714285714
13.117142857142856
13.221904761904764
13.411904761904761
13.27190476190476
13.406190476190474
13.673333333333332
14.107142857142858
13.424761904761905
13.779523809523809
14.184761904761904
13.783333333333333
14.423809523809522
14.561428571428573
14.082380952380953
14.137142857142857
13.86095238095238
14.173809523809522
14.775714285714287
14.972380952380954
14.89809523809524
14.932380952380951
15.13190476190476
15.16
15.326666666666668
15.523333333333333
15.63857142857143
15.974285714285717
15.944285714285714
16.03
16.347619047619048
16.71666666666667
16.16
16.112380952380953
16.42047619047619
16.00952380952381
16.388571428571428
16.307142857142857
16.578095238095237
16.26142857142857
16.063809523809525
15.792857142857141
15.899999999999999
16.571428571428573
15.883809523809523
16.13857142857143
16.345714285714287
15.959047619047618
16.070476190476192
16.55047619047619
16.998571428571427
17.226666666666667
17.342380952380953
16.974285714285713
16.78333333333333
16.437142857142856
16.59095238095238
17.030952380952378
16.775714285714287
16.596666666666664
16.48047619047619
15.825714285714284
16.227142857142855
16.048571428571428
15.976190476190476
16.293809523809525
16.226666666666667
16.27047619047619
16.802380952380954
17.176190476190477
16.40142857142857
15.720476190476191
15.878571428571428
16.164285714285715
16.531904761904762
16.392857142857142
16.014761904761905
15.035714285714286
15.206190476190475
15.325238095238095
15.365714285714287
14.914285714285715
15.290952380952382
15.807619047619047
15.569047619047618
14.442857142857143
15.331904761904761
14.873333333333331
14.633809523809523
14.310476190476189
14.284285714285716
13.952380952380953
14.032857142857143
14.495238095238093
14.445714285714287
14.595714285714285
13.99952380952381
13.886666666666667
13.616190476190477
13.19095238095238
13.09047619047619
13.34047619047619
13.686190476190477
13.559999999999999
12.87952380952381
13.38857142857143
13.451904761904762
12.991428571428571
13.252857142857144
12.878095238095238
12.435714285714285
12.435714285714285
12.569523809523808
12.657142857142858
12.703333333333333
12.654285714285715
12.346666666666666
12.134285714285713
11.709999999999999
11.626190476190477
11.542380952380952
11.540000000000001
11.337619047619048
10.766666666666666
11.48952380952381
11.338095238095239
10.67142857142857
10.75047619047619
10.59952380952381
9.865238095238096
9.791904761904762
9.310952380952381
9.214761904761904
9.531428571428572
9.790952380952382
9.741904761904761
9.016190476190477
9.234285714285713
9.115238095238096
9.287619047619048
9.273809523809524
9.337619047619048
9.312857142857142
8.859047619047619
8.423809523809524
8.814761904761905
8.950952380952382
8.473809523809523
8.218571428571428
8.347142857142856
7.633333333333334
7.729523809523809
7.156190476190476
7.546190476190477
7.993333333333334
7.781428571428571
7.704285714285714
7.965238095238096
6.78047619047619
6.356666666666667
6.053333333333334
6.482380952380952
6.144285714285714
6.120952380952381
6.695714285714287
6.698571428571428
5.865238095238095
5.156190476190476
5.756190476190476
6.198571428571428
5.854761904761905
6.148095238095239
5.730952380952381
5.157619047619048
4.652380952380953
4.308095238095238
4.355714285714286
5.320952380952381
5.696190476190476
5.838571428571429
5.851428571428571
5.5390476190476186
5.007142857142857
4.707142857142857
4.55
4.4780952380952375
4.166666666666667
4.349523809523809
4.35
3.93
4.154761904761905
4.624761904761905
4.494761904761905
4.735714285714286
4.5200000000000005
4.5445
4.335
5.26
4.7985
5.212
5.362
5.1495
4.835
4.6594999999999995
4.953
4.788
3.9755000000000003
4.045
