pet
0.37
0.3
0.4686666666666667
0.3126666666666667
0.23466666666666666
0.21533333333333332
0.22266666666666665
0.32599999999999996
0.2853333333333333
0.27266666666666667
0.308
0.39666666666666667
0.33399999999999996
0.536
0.25866666666666666
0.2773333333333333
0.41800000000000004
0.3153333333333333
0.4246666666666667
0.268
0.34266666666666673
0.4653333333333334
0.37466666666666665
0.38
0.23866666666666667
0.24133333333333334
0.24333333333333335
0.30666666666666664
0.24666666666666667
0.30866666666666664
0.266
0.39066666666666666
0.4766666666666667
0.5253333333333333
0.5446666666666666
0.5966666666666666
0.5686666666666668
0.4713333333333333
0.45933333333333337
0.5946666666666667
0.504
0.452
0.478
0.5026666666666667
0.596
0.6226666666666667
0.644
0.526
0.5
0.6566666666666666
0.6266666666666667
0.6793333333333333
0.7286666666666667
0.7306666666666667
0.6080000000000001
0.6413333333333334
0.6206666666666667
0.5559999999999999
0.752
0.6746666666666666
0.7626666666666666
0.676
0.8186666666666667
0.74
0.8073333333333333
0.8173333333333334
0.7253333333333334
0.8646666666666667
0.786
0.9406666666666667
0.9446666666666667
0.9526666666666668
0.8480000000000001
1.0253333333333332
0.9166666666666666
0.9266666666666666
1.1133333333333333
1.1520000000000001
1.0213333333333334
1.0873333333333333
0.9386666666666666
1.0013333333333334
1.1693333333333333
1.19
1.0986666666666667
1.1873333333333334
1.3073333333333332
1.34
1.1239999999999999
1.1426666666666667
1.2046666666666668
1.2433333333333332
1.1340000000000001
1.1826666666666668
1.2426666666666668
1.28
1.232
1.1633333333333333
1.288
1.5886666666666664
1.3453333333333333
1.4140000000000001
1.3433333333333333
1.454
1.6193333333333333
1.462
1.5373333333333332
1.3166666666666667
1.558
1.6826666666666668
1.478
1.3893333333333333
1.6753333333333333
1.6633333333333333
1.7113333333333334
1.6686666666666667
1.782
1.948
2.024
1.892
2.329333333333333
2.167333333333333
2.2199999999999998
2.0813333333333333
2.062666666666667
2.1926666666666668
2.012
2.1273333333333335
2.0913333333333335
2.278
2.0833333333333335
1.9546666666666668
2.1053333333333333
2.3280000000000003
2.457333333333333
2.4286666666666665
2.1
2.298
2.3146666666666667
2.268666666666667
2.2946666666666666
2.5319999999999996
2.6453333333333333
2.6959999999999997
2.5906666666666665
2.7819999999999996
2.4186666666666667
2.517333333333333
2.2640000000000002
2.497333333333333
2.2053333333333334
2.3833333333333333
2.050666666666667
2.212
2.4466666666666668
2.4366666666666665
2.058
2.5853333333333333
2.6573333333333333
2.491333333333334
2.2453333333333334
2.46
2.457333333333333
2.568
2.9426666666666668
2.688
2.881333333333333
2.7640000000000002
2.546666666666667
2.7546666666666666
2.805333333333333
2.5846666666666667
2.746666666666667
2.6940000000000004
2.739333333333333
2.6806666666666668
2.68
2.719333333333333
2.8306666666666667
2.8026666666666666
2.308
2.2853333333333334
2.1893333333333334
2.4033333333333333
2.5233333333333334
2.765333333333333
2.6533333333333333
2.5686666666666667
2.5386666666666664
2.6646666666666667
2.3473333333333333
2.7426666666666666
2.396
2.521333333333333
2.529333333333333
2.3953333333333333
2.5893333333333337
2.564
2.5580000000000003
2.4646666666666666
2.622666666666667
2.7520000000000002
2.614
2.5286666666666666
2.3113333333333332
2.666
2.469333333333333
2.6286666666666667
2.2906666666666666
2.3453333333333335
2.336
2.3579999999999997
2.58
2.5
2.314
2.3826666666666667
2.417333333333333
2.1686666666666667
2.1053333333333333
2.226
1.9406666666666665
2.1026666666666665
2.0446666666666666
1.9793333333333332
1.9720000000000002
1.9839999999999998
2.062666666666667
2.252666666666667
2.0573333333333332
1.9366666666666668
1.9393333333333334
1.9093333333333333
2.0586666666666664
1.9246666666666667
1.6413333333333333
1.8866666666666667
1.606
1.7366666666666668
1.7600000000000002
1.722
1.5986666666666667
1.694
1.6013333333333333
1.5866666666666667
1.5613333333333335
1.4606666666666668
1.6973333333333334
1.5206666666666666
1.442
1.464
1.5339999999999998
1.5013333333333334
1.4806666666666668
1.312
1.194
1.3886666666666665
1.498
1.3546666666666667
1.308
1.3146666666666667
1.3606666666666667
1.3973333333333333
1.154
1.244
1.0846666666666667
1.1046666666666667
1.0919999999999999
0.9353333333333332
0.8919999999999999
0.8793333333333333
0.77
0.9386666666666666
0.8913333333333334
0.9653333333333334
0.834
0.8286666666666667
0.9546666666666667
0.8206666666666667
0.8166666666666667
0.8053333333333333
0.7473333333333333
0.744
0.7986666666666667
0.692
0.68
0.5286666666666666
0.6373333333333334
0.554
0.5713333333333334
0.7140000000000001
0.6386666666666667
0.7066666666666667
0.574
0.6193333333333333
0.508
0.43333333333333335
0.5393333333333333
0.6266666666666667
0.5426666666666667
0.4233333333333333
0.36733333333333335
0.442
0.516
0.34600000000000003
0.414
0.4646666666666667
0.42400000000000004
0.478
0.306
0.31933333333333336
0.31133333333333335
0.314
0.37
0.2806666666666667
0.2753333333333333
0.30933333333333335
0.25466666666666665
0.336
0.27066666666666667
0.2506666666666667
0.39785714285714285
0.34500000000000003
0.2571428571428571
0.34214285714285714
0.23214285714285715
0.19357142857142856
0.28785714285714287
0.2942857142857143
0.27214285714285713
0.3114285714285714
0.16
0.20428571428571426
0.16642857142857143
0.27714285714285714
0.21285714285714286
0.305
0.20428571428571432
0.2814285714285714
0.2507142857142857
0.34285714285714286
0.25357142857142856
0.28785714285714287
0.1792857142857143
0.16142857142857142
0.11714285714285715
0.25999999999999995
0.21071428571428572
0.15928571428571428
0.28071428571428575
0.33428571428571424
0.3314285714285714
0.33571428571428574
0.25
0.19
0.2007142857142857
0.16714285714285712
0.28785714285714287
0.28785714285714287
0.3678571428571429
0.1907142857142857
0.24714285714285714
0.15214285714285714
0.21785714285714283
0.22428571428571428
0.24
