date	precipitation	temperature	discharge_spec
19990805	0.0	12.65	0.24
19990806	0.0	12.4	0.22
19990807	0.0	12.55	0.22
19990808	0.0	11.1	0.21
19990809	0.18	10.16	0.2
19990810	0.0	9.88	0.2
19990811	0.0	9.17	0.19
19990812	9.88	8.94	0.23
19990813	4.63	12.62	0.41
19990814	0.0	11.89	0.33
19990815	3.12	12.02	0.29
19990816	0.0	11.82	0.26
19990817	0.0	12.24	0.23
19990818	0.0	12.58	0.22
19990819	0.09	11.29	0.21
19990820	0.0	9.89	0.19
19990821	0.0	10.58	0.19
19990822	0.0	10.86	0.19
19990823	0.0	11.02	0.18
19990824	0.0	10.99	0.17
19990825	6.29	12.11	0.19
19990826	2.34	13.93	0.23
19990827	0.09	13.62	0.2
19990828	0.0	14.95	0.19
19990829	11.82	12.54	0.28
19990830	2.87	11.02	0.92
19990831	0.71	13.1	0.79
19990901	3.8	15.98	0.97
19990902	0.77	16.31	0.84
19990903	0.0	14.25	0.56
19990904	0.0	12.23	0.38
19990905	11.01	17.41	0.33
19990906	12.76	12.04	4.17
19990907	0.09	10.87	4.2
19990908	8.8	11.06	5.11
19990909	0.0	11.98	3.11
19990910	1.07	12.86	1.29
19990911	7.28	12.52	3.56
19990912	0.09	10.5	3.92
19990913	0.09	10.66	1.73
19990914	0.0	10.29	1.11
19990915	0.18	11.51	0.82
19990916	20.0	12.41	3.6
19990917	0.0	10.5	6.82
19990918	0.09	12.28	2.01
19990919	0.15	13.52	1.3
19990920	8.09	12.94	1.69
19990921	0.0	13.36	3.91
19990922	0.07	11.87	1.93
19990923	0.67	12.21	1.42
19990924	0.09	12.77	1.15
19990925	0.22	11.85	0.99
19990926	0.0	10.55	0.88
19990927	1.17	9.94	0.76
19990928	1.29	9.88	0.74
19990929	0.46	8.69	0.69
19990930	3.06	8.21	0.73
19991001	2.54	8.02	1.03
19991002	7.68	7.33	1.43
19991003	3.48	8.23	2.47
19991004	0.68	6.74	1.82
19991005	0.98	6.69	1.2
19991006	4.38	8.71	1.27
19991007	1.2	8.06	1.8
19991008	1.9	7.36	1.55
19991009	8.13	7.78	2.16
19991010	2.47	10.44	5.16
19991011	3.6	8.13	3.76
19991012	7.66	9.01	3.8
19991013	0.76	10.62	4.41
19991014	0.0	10.89	2.69
19991015	0.27	10.26	1.94
19991016	0.0	9.42	1.53
19991017	0.0	10.53	1.25
19991018	0.0	8.98	1.06
19991019	0.55	8.56	0.95
19991020	2.71	8.0	0.89
19991021	3.19	7.69	0.86
19991022	8.25	9.4	1.57
19991023	2.68	10.49	5.6
19991024	2.43	10.67	3.01
19991025	0.88	10.41	2.86
19991026	3.68	7.76	2.32
19991027	5.85	9.74	5.65
19991028	1.96	8.16	5.02
19991029	0.0	9.41	3.0
19991030	0.22	11.85	2.02
19991031	0.73	9.5	1.65
19991101	8.95	8.76	1.62
19991102	4.44	6.62	2.85
19991103	6.07	10.29	2.89
19991104	6.26	7.89	5.14
19991105	3.7	6.42	6.35
19991106	0.27	5.72	3.42
19991107	2.88	7.5	2.38
19991108	1.39	8.09	2.33
19991109	0.06	8.84	1.94
19991110	0.19	7.97	1.45
19991111	0.1	8.1	1.25
19991112	0.0	9.46	1.11
19991113	3.16	9.5	1.08
19991114	3.24	7.91	1.21
19991115	6.86	5.82	1.83
19991116	5.44	3.26	6.13
19991117	1.0	1.97	3.6
19991118	0.11	3.93	2.95
19991119	0.55	4.27	2.04
19991120	0.75	5.88	1.76
19991121	2.97	7.11	1.85
19991122	1.82	5.58	2.68
19991123	8.84	9.05	2.68
19991124	7.25	6.2	4.59
19991125	6.93	5.12	6.3
19991126	1.13	7.83	4.98
19991127	12.0	4.29	6.59
19991128	11.6	5.21	10.13
19991129	9.14	1.97	7.58
19991130	5.39	6.84	8.85
19991201	7.42	2.01	5.39
19991202	3.29	1.88	6.33
19991203	7.43	0.42	3.77
19991204	10.45	1.08	7.05
19991205	12.54	2.53	11.21
19991206	6.89	7.94	12.95
19991207	16.52	3.96	11.17
19991208	7.13	4.89	15.17
19991209	4.68	4.09	8.85
19991210	3.29	0.19	5.98
19991211	0.91	1.95	3.92
19991212	1.58	1.22	2.81
19991213	2.57	1.65	2.46
19991214	0.51	2.28	2.75
19991215	7.29	2.87	4.22
19991216	11.17	4.74	8.17
19991217	1.7	1.74	8.64
19991218	3.29	-1.62	3.11
19991219	1.62	0.24	2.15
19991220	1.36	1.22	1.72
19991221	5.11	3.68	5.47
19991222	11.16	4.75	10.48
19991223	1.05	4.15	6.95
19991224	7.98	5.47	3.58
19991225	4.2	3.56	6.84
19991226	7.69	2.45	6.47
19991227	4.32	2.32	5.65
19991228	2.65	2.02	4.58
19991229	2.12	2.48	3.76
19991230	0.03	3.77	2.98
19991231	11.31	4.69	6.14
20000101	10.38	5.57	6.48
20000102	0.96	4.47	6.14
20000103	4.97	4.93	3.56
20000104	6.73	2.08	5.15
20000105	8.28	5.14	6.34
20000106	1.29	3.89	5.12
20000107	6.14	6.46	4.27
20000108	5.12	3.97	3.92
20000109	1.5	1.97	3.27
20000110	3.91	4.6	2.9
20000111	9.66	4.41	5.72
20000112	3.73	2.5	5.68
20000113	5.52	2.79	5.59
20000114	2.2	2.57	3.49
20000115	0.4	4.79	2.83
20000116	0.2	7.49	2.32
20000117	1.38	8.06	2.04
20000118	0.99	6.58	1.94
20000119	1.9	5.46	1.84
20000120	0.61	5.82	2.24
20000121	3.74	5.78	2.03
20000122	0.31	3.72	1.99
20000123	1.06	4.04	1.61
20000124	0.0	4.03	1.41
20000125	1.22	3.28	1.28
20000126	2.18	4.85	1.38
20000127	9.0	4.08	1.97
20000128	14.07	5.08	8.55
20000129	3.82	4.04	9.91
20000130	10.85	2.36	8.23
20000131	5.24	3.46	5.26
20000201	11.3	4.45	7.86
20000202	3.43	2.58	8.15
20000203	5.04	4.53	5.22
20000204	1.2	9.5	6.48
20000205	3.15	9.32	4.07
20000206	1.07	6.04	3.14
20000207	1.93	4.0	2.63
20000208	10.89	4.45	6.37
20000209	5.58	5.98	5.76
20000210	10.1	4.65	4.77
20000211	2.01	5.82	5.72
20000212	9.88	1.74	4.39
20000213	0.36	1.85	4.19
20000214	8.66	3.21	4.56
20000215	6.11	1.96	5.32
20000216	3.18	0.94	3.84
20000217	1.19	0.81	2.61
20000218	1.17	2.83	2.35
20000219	0.21	1.48	2.33
20000220	2.39	1.22	1.97
20000221	1.07	3.45	2.28
20000222	0.12	3.22	1.73
20000223	5.94	5.57	1.76
20000224	11.6	1.86	3.29
20000225	1.7	3.81	5.85
20000226	2.4	5.56	3.0
20000227	6.4	4.64	2.38
20000228	9.67	2.66	6.27
20000229	3.36	3.77	5.69
20000301	3.88	1.64	3.78
20000302	5.45	2.28	4.91
20000303	2.17	0.93	3.39
20000304	1.39	-0.82	2.15
20000305	6.35	4.49	7.36
20000306	10.88	7.0	7.37
20000307	11.09	2.17	10.03
20000308	7.19	7.61	10.38
20000309	5.33	4.11	7.07
20000310	7.73	6.67	11.02
20000311	1.66	6.07	5.91
20000312	1.47	8.29	4.02
20000313	5.01	5.68	3.42
20000314	3.15	2.02	3.65
20000315	0.44	6.8	3.64
20000316	0.24	8.43	2.55
20000317	0.11	7.31	1.9
20000318	0.0	5.49	1.49
20000319	0.39	9.01	1.26
20000320	8.98	7.72	1.44
20000321	3.23	4.6	2.49
20000322	1.42	2.11	2.31
20000323	4.24	2.51	1.7
20000324	0.76	4.92	2.38
20000325	0.0	4.99	1.8
20000326	0.11	4.3	1.29
20000327	0.2	4.44	1.04
20000328	0.0	4.72	0.93
20000329	0.0	6.61	0.84
20000330	1.56	6.63	0.81
20000331	16.62	5.88	2.35
20000401	9.31	2.62	9.08
20000402	5.58	1.34	4.29
20000403	1.83	0.72	3.07
20000404	3.25	2.12	3.53
20000405	0.27	4.83	3.88
20000406	0.0	6.29	2.06
20000407	3.92	6.01	1.74
20000408	0.0	6.85	1.6
20000409	0.45	6.75	1.22
20000410	3.61	5.47	1.12
20000411	11.48	3.73	2.08
20000412	3.2	4.42	5.66
20000413	1.48	3.93	2.48
20000414	0.0	3.14	1.76
20000415	0.51	4.04	1.31
20000416	0.28	3.74	1.08
20000417	9.11	3.53	1.27
20000418	0.28	5.34	2.42
20000419	4.06	5.39	1.6
20000420	0.0	8.69	1.66
20000421	0.18	8.91	1.18
20000422	0.0	7.8	0.96
20000423	6.02	6.24	0.85
20000424	2.51	3.33	1.7
20000425	0.66	4.62	1.25
20000426	6.8	5.4	1.0
20000427	0.22	7.33	1.94
20000428	1.12	6.93	1.46
20000429	0.11	7.61	1.21
20000430	0.0	9.27	0.99
20000501	0.0	7.08	0.85
20000502	0.0	7.34	0.77
20000503	0.0	8.61	0.7
20000504	0.09	8.69	0.66
20000505	0.0	8.39	0.6
20000506	0.0	7.93	0.56
20000507	0.0	9.48	0.54
20000508	0.0	10.22	0.49
20000509	0.0	7.66	0.49
20000510	0.0	9.0	0.46
20000511	0.0	7.72	0.43
20000512	0.0	9.44	0.4
20000513	0.0	11.66	0.37
20000514	0.0	13.55	0.36
20000515	0.13	13.31	0.35
20000516	0.1	10.37	0.35
20000517	6.76	8.33	0.38
20000518	3.29	8.34	0.4
20000519	3.9	6.34	0.39
20000520	0.4	8.44	0.35
20000521	2.89	8.75	0.36
20000522	2.41	8.62	0.37
20000523	2.29	8.3	0.37
20000524	0.62	8.28	0.32
20000525	1.37	7.58	0.35
20000526	1.05	7.7	0.42
20000527	2.95	7.07	0.39
20000528	0.09	8.01	0.37
20000529	3.5	7.08	0.33
20000530	2.07	7.6	0.33
20000531	1.77	8.07	0.31
20000601	9.32	10.87	1.41
20000602	0.08	8.58	1.34
20000603	0.0	8.3	0.65
20000604	0.0	7.68	0.45
20000605	0.0	8.2	0.35
20000606	0.88	8.69	0.3
20000607	0.0	10.36	0.28
20000608	4.08	9.58	0.31
20000609	0.28	11.63	0.28
20000610	1.18	11.73	0.25
20000611	1.72	11.05	0.25
20000612	5.14	11.44	0.31
20000613	0.4	10.74	0.3
20000614	1.23	10.08	0.26
20000615	0.0	9.21	0.25
20000616	0.0	8.42	0.22
20000617	1.13	12.04	0.23
20000618	3.31	12.51	0.23
20000619	0.0	12.32	0.24
20000620	0.53	12.08	0.22
20000621	13.76	12.57	0.66
20000622	12.38	10.71	3.28
20000623	1.64	9.78	4.06
20000624	0.05	8.84	2.19
20000625	0.13	7.44	1.11
20000626	0.0	9.2	0.71
20000627	0.04	8.29	0.51
20000628	0.0	8.81	0.41
20000629	0.1	8.7	0.35
20000630	0.29	9.65	0.33
20000701	0.2	10.38	0.32
20000702	0.2	11.55	0.3
20000703	0.5	11.17	0.29
20000704	0.0	10.05	0.28
20000705	0.21	9.23	0.26
20000706	3.86	9.45	0.25
20000707	2.19	10.68	0.3
20000708	1.91	10.69	0.31
20000709	3.09	10.75	0.35
20000710	0.01	10.05	0.36
20000711	0.0	9.24	0.29
20000712	4.49	10.48	0.25
20000713	0.29	11.43	0.28
20000714	0.08	10.24	0.26
20000715	0.0	9.45	0.23
20000716	0.0	9.23	0.2
20000717	0.31	10.08	0.19
20000718	2.22	13.5	0.19
20000719	0.29	13.08	0.2
20000720	0.0	13.08	0.19
20000721	0.0	13.64	0.17
20000722	0.0	13.13	0.15
20000723	0.0	11.08	0.15
20000724	2.02	10.78	0.15
20000725	2.36	11.27	0.19
20000726	0.0	12.6	0.16
20000727	0.1	12.9	0.15
20000728	0.33	12.36	0.15
20000729	0.0	12.33	0.15
20000730	0.0	11.81	0.14
20000731	5.67	12.35	0.14
20000801	10.73	12.87	0.41
20000802	0.52	12.47	2.04
20000803	0.6	11.34	1.0
20000804	0.4	13.0	0.65
20000805	3.82	14.98	0.66
20000806	0.12	12.22	0.71
20000807	0.0	11.19	0.46
20000808	0.62	10.43	0.33
20000809	4.08	13.88	0.3
20000810	0.2	13.12	0.37
20000811	0.0	12.1	0.33
20000812	0.47	14.71	0.27
20000813	7.51	13.69	0.23
20000814	0.19	13.13	0.52
20000815	0.2	13.16	0.48
20000816	0.28	12.24	0.33
20000817	0.0	11.36	0.26
20000818	5.57	11.13	0.84
20000819	0.19	11.97	0.55
20000820	0.0	11.15	0.33
20000821	0.0	10.23	0.27
20000822	0.0	9.79	0.23
20000823	5.31	11.06	0.24
20000824	0.53	14.09	0.36
20000825	1.43	13.68	0.33
20000826	27.05	13.99	0.44
20000827	0.05	12.77	7.58
20000828	0.0	11.65	2.26
20000829	0.0	10.79	1.09
20000830	0.0	11.12	0.69
20000831	0.2	12.83	0.52
20000901	0.25	12.5	0.43
20000902	0.0	11.06	0.35
20000903	0.0	9.98	0.29
20000904	6.29	10.39	0.26
20000905	0.96	13.01	0.31
20000906	8.25	11.93	0.3
20000907	0.85	12.24	0.59
20000908	2.39	12.27	0.54
20000909	1.05	11.92	0.39
20000910	0.47	11.6	0.31
20000911	1.42	10.2	0.28
20000912	0.0	10.14	0.26
20000913	4.13	11.41	0.27
20000914	3.26	11.25	0.41
20000915	0.74	10.95	0.55
20000916	1.28	12.2	0.51
20000917	11.95	11.74	0.85
20000918	1.67	10.49	2.49
20000919	4.44	10.33	1.43
20000920	1.67	12.19	1.67
20000921	6.66	12.44	1.34
20000922	1.56	12.58	2.84
20000923	0.14	12.03	1.39
20000924	0.0	12.91	0.91
20000925	0.0	11.83	0.69
20000926	3.41	12.03	0.57
20000927	2.23	12.14	0.8
20000928	0.11	9.92	0.91
20000929	0.0	11.04	0.67
20000930	0.11	11.49	0.56
20001001	0.0	10.39	0.5
20001002	1.85	10.57	0.46
20001003	5.61	11.45	0.64
20001004	2.29	10.48	1.49
20001005	1.04	7.03	1.17
20001006	0.0	7.05	0.78
20001007	4.73	8.82	0.92
20001008	0.55	8.29	1.29
20001009	10.72	7.97	1.04
20001010	11.47	9.71	4.09
20001011	6.42	9.22	6.63
20001012	10.05	9.85	7.64
20001013	1.39	10.03	6.25
20001014	0.37	10.11	3.01
20001015	0.11	11.08	2.09
20001016	5.05	9.99	2.09
20001017	6.55	8.8	2.92
20001018	0.0	9.98	3.7
20001019	1.38	8.07	2.17
20001020	0.36	9.32	1.61
20001021	0.84	8.79	1.35
20001022	3.34	7.45	1.15
20001023	4.54	9.83	1.34
20001024	9.2	9.1	2.28
20001025	5.73	9.26	7.4
20001026	1.21	7.53	3.58
20001027	8.13	8.08	5.74
20001028	10.19	8.66	4.95
20001029	2.94	7.84	5.54
20001030	2.78	7.87	3.23
20001031	13.79	6.43	3.27
20001101	3.61	4.19	7.89
20001102	4.21	4.08	4.2
20001103	4.76	6.04	6.47
20001104	2.39	5.46	4.44
20001105	0.89	4.35	3.51
20001106	1.55	4.75	2.82
20001107	7.34	8.45	2.29
20001108	9.6	7.63	7.42
20001109	1.44	7.47	8.85
20001110	5.16	5.16	3.95
20001111	7.82	5.66	4.99
20001112	6.88	3.85	8.93
20001113	2.77	4.19	7.23
20001114	1.94	5.35	4.84
20001115	3.55	4.97	3.53
20001116	1.78	5.06	3.41
20001117	13.61	2.67	4.28
20001118	10.79	3.28	9.32
20001119	13.24	4.26	9.1
20001120	5.68	5.45	8.83
20001121	8.92	4.96	7.42
20001122	8.43	6.24	8.07
20001123	1.74	6.01	5.51
20001124	3.48	4.39	3.69
20001125	7.96	5.38	4.68
20001126	6.29	5.85	7.7
20001127	0.07	3.55	4.52
20001128	1.41	6.5	3.03
20001129	4.36	9.9	2.82
20001130	3.05	7.57	2.97
20001201	0.61	9.01	2.94
20001202	1.21	8.8	2.34
20001203	3.56	7.26	1.97
20001204	5.05	8.31	3.38
20001205	1.45	9.38	3.73
20001206	0.32	7.7	2.48
20001207	0.12	6.45	1.92
20001208	16.28	7.69	4.43
20001209	0.82	8.05	6.18
20001210	8.29	6.09	4.72
20001211	0.33	5.51	3.53
20001212	17.92	6.17	3.78
20001213	14.09	5.88	12.39
20001214	2.54	4.87	10.94
20001215	0.31	2.06	4.4
20001216	0.09	1.63	2.79
20001217	0.13	2.12	2.07
20001218	0.0	4.16	1.71
20001219	0.86	6.29	1.44
20001220	3.64	6.94	1.64
20001221	0.42	5.65	1.64
20001222	1.38	4.44	1.47
20001223	1.11	3.52	1.8
20001224	0.62	1.88	1.53
20001225	4.52	0.37	1.34
20001226	5.26	-0.91	1.24
20001227	0.0	-3.77	1.1
20001228	0.11	0.29	0.98
20001229	1.82	1.65	0.97
20001230	10.2	0.35	1.1
20001231	6.36	1.92	4.04
20010101	1.2	4.3	8.49
20010102	7.4	6.08	4.17
20010103	0.85	3.98	5.5
20010104	1.99	3.67	3.19
20010105	2.64	0.98	2.74
20010106	1.57	1.95	2.73
20010107	1.1	2.66	2.27
20010108	5.21	3.26	2.53
20010109	2.71	-0.09	2.68
20010110	0.26	1.1	2.06
20010111	0.0	0.28	1.73
20010112	0.11	0.79	1.46
20010113	0.0	0.31	1.28
20010114	0.11	-0.16	1.09
20010115	0.0	1.73	0.99
20010116	0.29	-1.09	0.93
20010117	0.0	0.77	0.86
20010118	0.72	1.1	0.84
20010119	0.47	1.03	0.82
20010120	0.9	1.43	0.83
20010121	4.13	3.24	1.03
20010122	5.24	4.14	1.45
20010123	11.91	6.13	2.87
20010124	4.51	5.63	8.18
20010125	2.44	4.43	3.51
20010126	4.28	3.91	2.61
20010127	3.68	3.06	4.54
20010128	1.26	1.66	3.05
20010129	0.16	2.59	2.25
20010130	0.12	0.42	1.67
20010131	0.14	2.24	1.34
20010201	6.22	3.48	2.67
20010202	15.07	4.04	6.91
20010203	4.93	-0.1	4.71
20010204	3.16	-0.71	2.28
20010205	3.57	-0.71	1.61
20010206	0.27	-0.61	1.42
20010207	4.05	-0.29	1.17
20010208	1.3	-0.11	1.06
20010209	0.24	-1.93	0.93
20010210	5.63	2.53	4.56
20010211	2.87	5.43	9.98
20010212	0.0	5.72	4.63
20010213	0.0	6.61	2.54
20010214	0.0	4.22	1.72
20010215	5.08	5.28	1.76
20010216	0.3	4.19	1.82
20010217	0.18	5.06	1.38
20010218	3.02	3.79	1.25
20010219	0.39	4.73	1.34
20010220	1.08	6.76	1.19
20010221	3.16	3.94	1.11
20010222	4.86	1.6	1.27
20010223	3.78	1.07	1.91
20010224	6.71	0.13	1.64
20010225	4.11	-0.15	1.22
20010226	1.07	-1.39	0.99
20010227	1.71	-0.03	1.15
20010228	0.71	-1.86	1.03
20010301	0.0	-2.12	0.89
20010302	0.0	-3.49	0.77
20010303	0.67	-3.21	0.69
20010304	1.27	0.09	0.73
20010305	1.02	4.62	8.58
20010306	0.87	3.47	6.02
20010307	0.0	5.75	3.73
20010308	0.0	6.92	2.29
20010309	2.26	6.37	1.71
20010310	3.74	6.44	1.46
20010311	1.48	6.17	1.41
20010312	0.7	3.53	1.23
20010313	1.6	5.02	1.09
20010314	2.04	3.38	1.0
20010315	4.57	0.61	1.49
20010316	0.06	1.54	1.52
20010317	0.0	2.38	1.22
20010318	6.05	2.44	1.02
20010319	0.05	1.37	1.05
20010320	0.0	0.44	0.84
20010321	0.51	1.78	0.74
20010322	0.81	2.75	0.69
20010323	1.17	3.09	0.63
20010324	0.14	3.02	0.58
20010325	1.24	2.27	0.53
20010326	0.16	2.33	0.5
20010327	0.92	3.56	0.47
20010328	7.7	4.11	0.62
20010329	2.05	4.08	1.98
20010330	8.18	5.01	1.66
20010331	0.54	6.46	4.03
20010401	0.76	7.29	1.78
20010402	0.08	7.68	1.15
20010403	0.16	5.88	0.86
20010404	1.25	5.3	0.74
20010405	0.0	4.92	0.64
20010406	0.46	3.8	0.57
20010407	1.07	4.6	0.53
20010408	0.18	4.97	0.48
20010409	0.8	6.82	0.47
20010410	2.56	5.57	0.45
20010411	0.33	4.4	0.44
20010412	0.0	2.2	0.39
20010413	9.01	4.22	0.56
20010414	2.21	8.12	1.53
20010415	0.46	4.34	1.31
20010416	3.41	4.68	0.89
20010417	4.06	3.62	1.29
20010418	1.94	2.85	1.47
20010419	0.27	4.15	1.09
20010420	1.03	4.87	0.81
20010421	0.47	7.61	0.68
20010422	0.18	6.76	0.57
20010423	0.0	6.44	0.5
20010424	0.0	6.37	0.45
20010425	0.0	5.91	0.42
20010426	0.64	6.02	0.41
20010427	5.06	6.88	0.41
20010428	6.82	6.29	0.71
20010429	0.88	6.8	1.4
20010430	0.0	6.72	0.91
20010501	0.0	7.43	0.64
20010502	2.35	8.89	0.56
20010503	0.52	6.1	0.51
20010504	0.0	4.6	0.43
20010505	0.0	6.59	0.39
20010506	0.0	8.75	0.37
20010507	0.1	7.69	0.33
20010508	0.0	7.06	0.32
20010509	0.0	8.1	0.3
20010510	0.0	7.72	0.28
20010511	0.0	7.52	0.26
20010512	0.0	10.27	0.26
20010513	0.0	7.04	0.25
20010514	0.0	7.74	0.24
20010515	0.35	7.32	0.24
20010516	0.28	7.59	0.24
20010517	0.4	7.82	0.23
20010518	3.84	8.0	0.25
20010519	0.14	8.29	0.24
20010520	0.5	9.51	0.22
20010521	0.0	11.4	0.21
20010522	0.0	11.71	0.19
20010523	0.0	11.87	0.19
20010524	0.0	10.17	0.18
20010525	0.27	11.78	0.17
20010526	0.83	12.68	0.18
20010527	9.4	13.68	0.24
20010528	7.78	12.67	0.27
20010529	1.32	10.06	0.29
20010530	0.28	9.83	0.24
20010531	2.41	9.96	0.22
20010601	3.73	9.15	0.33
20010602	0.54	7.1	0.32
20010603	3.54	8.73	0.31
20010604	0.26	10.38	0.5
20010605	4.11	10.67	0.67
20010606	1.4	8.36	0.81
20010607	2.0	6.37	0.53
20010608	0.09	6.66	0.39
20010609	0.0	7.4	0.29
20010610	0.55	8.29	0.25
20010611	0.0	8.95	0.23
20010612	0.14	9.74	0.2
20010613	0.93	8.98	0.19
20010614	0.64	8.71	0.19
20010615	0.19	8.81	0.18
20010616	0.45	9.31	0.17
20010617	0.1	8.31	0.17
20010618	2.56	8.8	0.15
20010619	6.27	11.99	0.25
20010620	5.18	10.73	0.34
20010621	0.23	9.93	0.49
20010622	0.27	10.54	0.39
20010623	0.0	10.73	0.3
20010624	0.83	11.0	0.24
20010625	0.0	13.48	0.19
20010626	1.18	12.18	0.18
20010627	13.96	11.49	1.89
20010628	0.61	13.37	1.69
20010629	1.83	13.76	0.96
20010630	0.91	13.88	0.69
20010701	1.52	12.64	0.56
20010702	5.18	16.84	0.56
20010703	2.31	13.86	0.73
20010704	0.26	14.19	0.91
20010705	0.0	12.24	0.63
20010706	0.08	10.78	0.46
20010707	9.92	11.12	0.47
20010708	0.54	11.03	1.87
20010709	0.17	12.32	1.15
20010710	4.8	12.83	0.72
20010711	14.17	11.15	3.45
20010712	0.72	10.8	5.76
20010713	1.96	9.2	1.95
20010714	0.04	8.63	1.14
20010715	0.0	9.32	0.75
20010716	0.0	9.93	0.56
20010717	0.0	11.15	0.45
20010718	0.0	10.65	0.4
20010719	0.11	10.34	0.35
20010720	0.0	10.85	0.31
20010721	1.59	12.04	0.29
20010722	0.42	13.16	0.28
20010723	8.51	12.65	0.33
20010724	0.21	13.66	0.31
20010725	0.0	13.01	0.26
20010726	2.14	13.02	0.25
20010727	0.0	13.31	0.24
20010728	1.57	14.79	0.23
20010729	1.02	15.68	0.22
20010730	0.84	12.98	0.23
20010731	0.07	12.14	0.21
20010801	0.38	12.97	0.19
20010802	5.03	13.96	0.22
20010803	0.26	12.69	0.2
20010804	0.0	12.52	0.18
20010805	1.26	11.28	0.18
20010806	0.47	11.35	0.19
20010807	0.0	10.7	0.18
20010808	1.0	11.06	0.17
20010809	2.96	10.42	0.2
20010810	1.01	11.31	0.19
20010811	13.76	11.94	0.97
20010812	0.53	13.74	1.46
20010813	1.76	15.08	0.83
20010814	3.06	14.57	0.61
20010815	2.03	14.03	1.31
20010816	2.0	13.07	1.06
20010817	0.0	12.82	1.41
20010818	0.83	11.8	0.76
20010819	13.71	12.97	1.85
20010820	0.0	13.54	3.87
20010821	2.32	13.75	1.5
20010822	0.0	13.87	0.98
20010823	0.0	13.34	0.65
20010824	0.0	13.22	0.49
20010825	5.89	13.66	0.42
20010826	2.43	12.06	0.45
20010827	0.0	11.27	0.41
20010828	0.0	12.35	0.35
20010829	8.59	13.77	0.41
20010830	6.44	12.52	1.08
20010831	0.0	11.87	1.29
20010901	14.5	11.28	3.42
20010902	3.33	12.64	3.98
20010903	1.57	10.68	2.92
20010904	2.27	9.84	1.68
20010905	1.91	11.27	1.26
20010906	4.58	10.42	1.67
20010907	9.23	8.38	3.95
20010908	4.51	8.42	3.61
20010909	0.52	9.85	3.34
20010910	0.5	10.22	1.82
20010911	2.43	13.3	1.32
20010912	8.18	11.49	4.4
20010913	0.11	10.38	2.44
20010914	6.08	10.98	1.79
20010915	2.42	9.77	2.58
20010916	0.72	8.93	1.82
20010917	0.0	8.82	1.29
20010918	0.0	8.87	1.06
20010919	0.0	10.01	0.93
20010920	0.72	9.96	0.85
20010921	0.47	10.15	0.81
20010922	0.12	10.14	0.76
20010923	0.0	9.72	0.7
20010924	0.0	11.44	0.63
20010925	0.2	10.9	0.58
20010926	0.78	8.56	0.55
20010927	0.0	8.64	0.52
20010928	3.48	11.07	0.55
20010929	5.67	12.01	1.64
20010930	15.66	12.42	3.61
20011001	0.39	11.89	10.21
20011002	7.17	12.04	3.33
20011003	3.98	10.95	4.83
20011004	0.51	10.37	3.08
20011005	1.5	12.97	2.03
20011006	0.05	12.9	1.53
20011007	14.01	12.22	1.49
20011008	3.82	11.68	7.88
20011009	2.47	10.51	4.48
20011010	1.11	9.87	3.09
20011011	6.38	11.22	3.84
20011012	0.26	11.75	3.08
20011013	0.27	9.8	1.9
20011014	17.38	10.66	4.2
20011015	1.61	11.73	6.35
20011016	0.09	10.04	2.72
20011017	0.0	12.23	1.89
20011018	2.64	11.66	1.55
20011019	0.08	10.37	1.82
20011020	6.57	11.32	1.63
20011021	2.79	11.49	4.28
20011022	3.89	10.75	2.95
20011023	5.83	11.24	5.27
20011024	0.64	11.56	3.65
20011025	3.23	10.56	2.88
20011026	2.67	10.53	2.42
20011027	2.34	9.53	2.42
20011028	13.23	8.28	4.88
20011029	9.18	10.76	8.85
20011030	20.11	7.99	10.38
20011031	5.69	5.76	9.76
20011101	2.77	9.07	6.52
20011102	3.64	11.64	3.91
20011103	9.28	8.15	4.85
20011104	3.36	5.51	5.79
20011105	12.03	4.08	7.86
20011106	2.06	5.23	7.22
20011107	10.85	2.28	4.99
20011108	3.73	2.01	4.29
20011109	0.7	4.38	4.85
20011110	2.82	9.3	4.2
20011111	6.88	6.68	3.37
20011112	1.01	3.03	3.37
20011113	6.47	3.23	3.03
20011114	3.1	5.6	3.07
20011115	1.75	9.54	3.54
20011116	4.63	10.02	2.81
20011117	2.23	9.47	4.78
20011118	0.73	7.88	3.76
20011119	1.06	5.79	3.44
20011120	9.12	7.27	4.24
20011121	4.55	5.89	8.25
20011122	1.47	2.58	3.76
20011123	5.51	6.13	4.01
20011124	3.08	9.89	4.24
20011125	4.42	6.42	5.1
20011126	5.89	3.77	3.76
20011127	9.8	3.98	6.23
20011128	6.21	4.27	7.14
20011129	0.47	4.53	5.44
20011130	5.97	8.54	3.68
20011201	7.76	3.59	6.94
20011202	0.0	4.81	4.39
20011203	1.25	7.15	2.57
20011204	1.9	5.16	2.12
20011205	2.8	-0.41	2.3
20011206	5.69	2.57	2.84
20011207	4.23	9.25	4.29
20011208	6.79	8.24	6.14
20011209	0.0	7.65	3.65
20011210	0.23	3.22	2.25
20011211	0.0	4.57	1.71
20011212	0.18	0.29	1.39
20011213	0.0	1.57	1.23
20011214	0.19	5.71	1.14
20011215	0.37	3.94	1.02
20011216	1.95	2.54	0.95
20011217	0.41	1.94	0.97
20011218	2.63	2.41	1.04
20011219	2.83	3.68	1.2
20011220	3.16	4.55	1.62
20011221	2.13	2.29	1.93
20011222	6.23	0.91	1.53
20011223	5.87	4.68	4.2
20011224	8.23	4.55	7.2
20011225	1.52	0.63	4.65
20011226	0.04	-1.03	2.17
20011227	12.62	-1.0	2.63
20011228	6.14	-0.26	5.3
20011229	3.03	-1.61	2.5
20011230	3.92	0.08	1.73
20011231	2.69	0.95	3.3
20020101	0.0	3.62	12.05
20020102	0.0	1.65	3.86
20020103	0.13	4.07	2.16
20020104	4.18	4.34	1.71
20020105	0.17	5.07	1.98
20020106	0.0	5.24	1.55
20020107	0.21	7.36	1.24
20020108	0.08	5.98	1.06
20020109	0.0	6.25	0.93
20020110	0.45	4.45	0.84
20020111	1.98	5.56	0.81
20020112	0.0	8.54	0.8
20020113	0.21	7.77	0.72
20020114	0.65	7.54	0.7
20020115	4.81	4.53	1.0
20020116	3.38	6.59	2.64
20020117	2.36	4.84	2.01
20020118	3.83	4.05	2.08
20020119	14.44	5.4	4.41
20020120	3.97	6.34	8.08
20020121	3.76	5.78	4.46
20020122	8.87	6.7	6.85
20020123	13.84	2.99	7.92
20020124	2.6	1.0	4.8
20020125	18.86	-0.31	5.65
20020126	0.94	2.91	9.67
20020127	2.85	3.98	4.68
20020128	11.4	4.12	8.57
20020129	12.52	0.58	5.37
20020130	6.76	5.47	10.37
20020131	4.46	4.71	5.76
20020201	11.61	5.13	9.4
20020202	0.44	5.64	5.3
20020203	2.57	3.28	2.92
20020204	5.54	3.97	2.64
20020205	0.0	4.32	2.92
20020206	2.14	2.16	1.95
20020207	8.51	4.51	3.72
20020208	5.03	6.9	4.28
20020209	9.93	5.19	4.04
20020210	8.18	2.61	6.23
20020211	1.19	3.35	6.99
20020212	2.7	2.24	3.15
20020213	0.0	1.65	2.28
20020214	1.19	3.34	1.84
20020215	0.0	5.27	1.56
20020216	4.17	7.19	1.41
20020217	3.0	4.3	1.83
20020218	2.79	1.19	2.4
20020219	9.42	0.14	2.86
20020220	2.25	1.24	5.95
20020221	11.08	3.43	7.02
20020222	8.92	2.18	7.39
20020223	4.24	-1.07	3.47
20020224	0.65	-3.38	2.19
20020225	30.83	0.8	12.22
20020226	20.21	4.26	12.02
20020227	4.13	2.41	12.99
20020228	6.76	2.53	5.37
20020301	4.37	2.81	4.67
20020302	2.65	3.1	3.91
20020303	1.23	6.4	3.56
20020304	9.71	5.26	3.22
20020305	33.33	4.56	12.87
20020306	9.28	5.35	12.0
20020307	7.54	4.24	9.08
20020308	4.31	5.58	5.51
20020309	5.35	1.87	4.89
20020310	6.01	1.95	6.95
20020311	7.64	3.36	5.29
20020312	2.01	2.35	4.24
20020313	0.1	3.85	2.94
20020314	0.04	3.88	2.06
20020315	0.04	4.55	1.5
20020316	2.15	5.52	1.31
20020317	0.5	6.52	1.23
20020318	5.7	3.96	2.0
20020319	3.04	2.41	2.2
20020320	0.37	2.12	1.7
20020321	0.0	2.09	1.26
20020322	0.0	3.34	1.01
20020323	0.0	5.26	0.86
20020324	2.41	7.44	0.84
20020325	0.9	6.03	0.79
20020326	0.18	5.78	0.67
20020327	0.0	9.66	0.59
20020328	0.0	8.53	0.53
20020329	0.03	6.98	0.51
20020330	0.0	5.99	0.47
20020331	0.41	8.34	0.45
20020401	2.03	9.72	0.47
20020402	0.03	6.6	0.43
20020403	0.0	8.95	0.37
20020404	0.0	7.47	0.37
20020405	0.0	6.81	0.33
20020406	0.0	5.91	0.32
20020407	0.37	4.27	0.32
20020408	0.0	5.75	0.32
20020409	0.46	6.29	0.3
20020410	1.93	8.88	0.3
20020411	3.68	7.02	0.41
20020412	0.65	4.51	0.37
20020413	1.0	3.93	0.33
20020414	1.23	5.08	0.35
20020415	0.09	4.71	0.31
20020416	0.0	7.27	0.28
20020417	0.0	7.36	0.26
20020418	0.0	6.78	0.26
20020419	0.0	7.04	0.24
20020420	0.91	9.16	0.23
20020421	1.57	11.5	0.25
20020422	6.5	11.07	0.31
20020423	0.3	11.63	0.32
20020424	0.78	12.24	0.28
20020425	3.75	9.02	0.26
20020426	2.95	5.86	0.37
20020427	0.56	3.35	0.35
20020428	18.29	4.67	2.11
20020429	0.19	6.18	3.55
20020430	0.8	6.33	1.27
20020501	2.66	6.71	0.79
20020502	0.8	7.27	0.75
20020503	0.0	5.45	0.6
20020504	0.0	6.94	0.47
20020505	0.0	7.87	0.39
20020506	0.0	7.28	0.33
20020507	0.0	8.94	0.32
20020508	0.0	9.08	0.3
20020509	0.0	8.89	0.29
20020510	1.98	8.4	0.29
20020511	0.55	8.32	0.28
20020512	1.03	7.54	0.26
20020513	0.44	8.33	0.26
20020514	0.22	11.44	0.24
20020515	0.1	10.22	0.23
20020516	0.0	9.6	0.23
20020517	0.0	9.42	0.22
20020518	2.24	8.62	0.22
20020519	0.21	10.76	0.24
20020520	0.26	11.25	0.22
20020521	7.13	11.81	0.22
20020522	0.99	11.88	0.27
20020523	0.28	13.23	0.22
20020524	1.92	10.22	0.22
20020525	0.85	10.55	0.23
20020526	0.43	10.36	0.21
20020527	0.82	10.24	0.21
20020528	2.63	10.37	0.2
20020529	0.65	10.79	0.21
20020530	4.73	10.08	0.23
20020531	2.37	10.71	0.21
20020601	4.21	11.77	0.22
20020602	6.7	12.48	0.29
20020603	0.87	10.52	0.79
20020604	0.25	11.34	0.56
20020605	1.33	10.24	0.4
20020606	0.0	13.03	0.31
20020607	0.0	13.93	0.24
20020608	0.0	12.75	0.2
20020609	0.78	12.87	0.19
20020610	0.09	12.4	0.18
20020611	0.0	12.32	0.17
20020612	0.08	11.09	0.16
20020613	0.0	9.96	0.16
20020614	5.12	10.88	0.18
20020615	0.63	12.83	0.19
20020616	5.32	13.35	0.18
20020617	0.0	15.61	0.19
20020618	0.46	14.09	0.16
20020619	0.0	12.78	0.15
20020620	0.08	12.4	0.14
20020621	0.53	12.48	0.14
20020622	1.49	11.78	0.15
20020623	0.18	12.36	0.14
20020624	1.9	11.62	0.14
20020625	7.02	11.93	0.15
20020626	1.76	10.96	0.19
20020627	1.76	9.64	0.17
20020628	3.55	10.93	0.15
20020629	1.1	11.48	0.19
20020630	9.04	10.29	0.3
20020701	2.92	11.15	1.12
20020702	1.1	11.86	0.68
20020703	0.93	10.81	0.46
20020704	1.22	10.5	0.32
20020705	0.04	9.13	0.25
20020706	3.0	10.83	0.21
20020707	3.14	11.91	0.19
20020708	3.06	13.0	0.26
20020709	0.0	13.1	0.25
20020710	0.0	12.76	0.2
20020711	0.0	10.79	0.17
20020712	3.17	11.98	0.15
20020713	0.0	12.74	0.14
20020714	0.0	14.54	0.13
20020715	0.0	14.03	0.13
20020716	0.09	13.05	0.12
20020717	0.08	12.11	0.12
20020718	0.13	12.46	0.11
20020719	0.04	12.33	0.11
20020720	0.0	12.59	0.11
20020721	1.46	12.11	0.11
20020722	6.24	12.35	0.12
20020723	1.56	11.91	0.15
20020724	3.36	11.89	0.14
20020725	14.27	12.84	0.96
20020726	0.0	13.77	1.38
20020727	5.21	15.81	0.54
20020728	4.47	14.34	0.96
20020729	29.56	11.94	2.96
20020730	1.56	14.09	13.64
20020731	0.0	14.47	2.84
20020801	0.0	13.11	1.3
20020802	0.0	12.9	0.8
20020803	0.0	14.13	0.59
20020804	0.04	15.83	0.45
20020805	0.0	15.67	0.37
20020806	1.19	14.56	0.31
20020807	1.55	14.55	0.31
20020808	6.87	11.88	0.6
20020809	0.12	11.23	0.64
20020810	0.0	12.29	0.45
20020811	0.41	12.37	0.36
20020812	0.0	13.37	0.3
20020813	0.15	14.34	0.26
20020814	1.87	13.77	0.24
20020815	0.0	15.79	0.22
20020816	0.04	13.63	0.21
20020817	0.09	14.88	0.19
20020818	6.92	14.87	0.22
20020819	0.0	13.12	0.22
20020820	0.0	12.51	0.21
20020821	0.0	11.66	0.19
20020822	0.64	11.21	0.19
20020823	2.18	13.52	0.2
20020824	0.09	12.69	0.22
20020825	0.0	11.75	0.22
20020826	0.69	13.29	0.2
20020827	0.09	12.91	0.2
20020828	0.62	14.88	0.19
20020829	2.99	13.78	0.2
20020830	7.4	11.62	0.22
20020831	0.59	10.79	0.29
20020901	0.62	11.25	0.3
20020902	0.0	14.59	0.26
20020903	0.0	12.83	0.22
20020904	0.66	12.79	0.21
20020905	4.82	11.73	0.22
20020906	0.0	11.22	0.22
20020907	2.74	10.71	0.39
20020908	0.0	12.3	0.6
20020909	0.0	14.82	0.5
20020910	0.0	14.68	0.35
20020911	0.0	13.76	0.27
20020912	0.04	13.27	0.23
20020913	0.0	12.6	0.22
20020914	0.21	11.68	0.21
20020915	0.09	11.18	0.21
20020916	1.02	12.06	0.21
20020917	0.2	10.37	0.2
20020918	1.65	10.58	0.2
20020919	1.09	10.68	0.21
20020920	6.52	11.27	0.22
20020921	0.53	11.69	0.52
20020922	0.0	9.79	0.52
20020923	0.0	8.73	0.36
20020924	0.0	9.91	0.29
20020925	6.5	9.8	0.42
20020926	0.27	11.27	0.52
20020927	0.0	12.41	0.41
20020928	0.0	12.35	0.32
20020929	1.19	12.15	0.28
20020930	0.33	13.17	0.26
20021001	0.0	12.01	0.25
20021002	1.37	13.43	0.23
20021003	4.86	11.52	0.26
20021004	5.13	10.62	0.56
20021005	0.11	11.15	1.09
20021006	0.0	8.28	0.67
20021007	0.2	9.75	0.45
20021008	1.1	11.35	0.37
20021009	1.21	11.02	0.35
20021010	1.82	10.84	0.33
20021011	7.88	10.32	0.43
20021012	11.94	9.58	3.54
20021013	6.58	9.03	3.21
20021014	0.91	7.29	2.54
20021015	3.21	5.67	2.08
20021016	2.54	5.96	1.5
20021017	7.69	6.7	1.64
20021018	6.29	4.07	3.32
20021019	4.15	2.73	4.87
20021020	2.93	1.94	3.61
20021021	0.64	3.91	2.37
20021022	12.54	5.66	4.47
20021023	1.94	5.07	4.16
20021024	0.55	2.93	2.31
20021025	2.75	3.39	1.76
20021026	0.2	4.01	1.63
20021027	1.96	3.59	1.27
20021028	11.63	4.29	2.52
20021029	6.35	4.26	4.95
20021030	4.26	6.32	6.06
20021031	0.0	6.54	3.55
20021101	5.99	7.76	3.18
20021102	18.26	8.8	5.02
20021103	0.92	9.69	12.93
20021104	1.76	9.34	4.28
20021105	7.31	10.13	3.56
20021106	10.1	8.29	5.21
20021107	18.32	5.45	9.95
20021108	0.31	6.29	11.55
20021109	2.43	3.32	4.14
20021110	6.68	7.07	5.96
20021111	2.89	7.53	4.24
20021112	1.18	5.36	3.01
20021113	4.81	5.9	3.38
20021114	0.41	5.96	3.05
20021115	21.47	5.09	6.15
20021116	0.37	5.73	7.52
20021117	0.63	1.57	3.12
20021118	0.09	2.48	2.23
20021119	5.74	6.88	1.79
20021120	12.3	7.2	6.09
20021121	14.3	6.5	6.98
20021122	6.04	8.51	7.83
20021123	4.6	8.43	7.17
20021124	0.77	8.3	4.01
20021125	0.09	5.73	2.62
20021126	0.09	7.75	1.95
20021127	1.27	9.1	1.6
20021128	1.19	8.82	1.47
20021129	0.6	7.59	1.38
20021130	3.29	7.58	1.35
20021201	5.77	7.74	2.66
20021202	4.13	7.84	2.59
20021203	5.99	8.27	2.11
20021204	3.0	6.93	3.88
20021205	1.25	6.21	2.39
20021206	2.34	6.38	1.8
20021207	0.91	5.19	1.9
20021208	0.32	4.72	1.64
20021209	0.0	5.47	1.27
20021210	0.28	3.18	1.05
20021211	1.12	3.68	0.94
20021212	1.0	3.6	0.89
20021213	2.62	4.68	0.89
20021214	1.06	4.96	1.01
20021215	3.35	2.44	1.17
20021216	1.33	2.41	2.1
20021217	3.11	2.69	2.39
20021218	0.03	3.7	2.12
20021219	0.09	-0.04	1.42
20021220	0.0	2.85	1.17
20021221	1.72	3.15	1.03
20021222	0.57	6.96	1.34
20021223	7.71	7.6	3.02
20021224	1.98	8.55	4.67
20021225	1.49	5.83	2.43
20021226	0.68	6.31	1.8
20021227	0.3	6.69	1.53
20021228	0.0	6.6	1.38
20021229	1.41	5.27	1.15
20021230	1.32	3.52	1.18
20021231	0.02	1.68	1.03
20030101	2.39	2.79	1.0
20030102	6.06	1.67	1.19
20030103	3.75	0.96	1.0
20030104	5.92	1.32	1.56
20030105	0.03	1.81	2.03
20030106	0.1	-2.29	1.34
20030107	0.11	-2.6	0.98
20030108	0.39	0.36	0.89
20030109	1.46	3.16	1.95
20030110	1.38	2.63	2.48
20030111	1.31	4.01	2.17
20030112	9.3	6.04	2.15
20030113	1.5	9.26	4.47
20030114	13.53	7.89	6.54
20030115	8.64	6.44	5.07
20030116	0.76	6.94	4.46
20030117	3.78	6.23	3.04
20030118	3.55	4.31	2.73
20030119	1.0	4.34	2.45
20030120	13.7	2.72	4.15
20030121	6.97	4.88	7.18
20030122	0.1	4.32	6.47
20030123	4.91	3.25	3.07
20030124	13.38	9.47	6.9
20030125	9.22	7.0	6.51
20030126	1.51	9.14	6.48
20030127	8.31	7.14	4.14
20030128	6.37	4.65	6.13
20030129	4.24	1.77	4.81
20030130	1.03	-1.43	2.55
20030131	6.89	0.49	2.53
20030201	8.39	2.11	5.91
20030202	5.67	0.62	6.04
20030203	6.7	1.09	4.28
20030204	1.54	0.49	4.4
20030205	0.65	0.84	2.71
20030206	1.04	4.01	6.33
20030207	0.39	6.15	4.98
20030208	0.6	7.01	2.46
20030209	0.07	3.13	1.73
20030210	7.5	3.83	3.2
20030211	0.0	5.05	2.59
20030212	0.11	2.59	1.65
20030213	0.0	3.0	1.31
20030214	0.0	1.93	1.08
20030215	0.09	0.6	0.92
20030216	0.0	3.39	0.81
20030217	0.0	4.54	0.72
20030218	0.0	3.81	0.64
20030219	0.0	3.73	0.57
20030220	0.0	4.61	0.54
20030221	0.0	3.41	0.5
20030222	0.0	3.52	0.46
20030223	0.0	5.61	0.43
20030224	0.09	4.81	0.41
20030225	0.0	5.1	0.37
20030226	0.0	5.47	0.35
20030227	0.0	5.02	0.33
20030228	4.51	6.18	0.32
20030301	11.78	6.73	0.75
20030302	0.22	5.47	4.22
20030303	2.07	4.61	1.62
20030304	1.04	6.88	1.76
20030305	0.0	7.09	1.34
20030306	1.73	5.84	0.94
20030307	2.4	6.16	0.78
20030308	6.25	6.25	0.75
20030309	2.0	7.93	1.91
20030310	0.27	6.64	1.44
20030311	4.46	5.73	1.44
20030312	0.0	4.67	1.19
20030313	0.0	3.81	0.85
20030314	0.0	3.64	0.69
20030315	0.08	4.86	0.6
20030316	0.0	3.66	0.53
20030317	0.08	3.48	0.48
20030318	0.1	2.42	0.45
20030319	1.68	3.67	0.41
20030320	0.89	5.47	0.45
20030321	0.0	8.25	0.4
20030322	0.0	7.88	0.36
20030323	0.06	6.98	0.34
20030324	0.0	6.07	0.32
20030325	0.0	8.27	0.3
20030326	0.4	9.24	0.29
20030327	0.19	7.38	0.28
20030328	2.38	8.11	0.3
20030329	0.62	7.08	0.3
20030330	0.0	5.56	0.27
20030331	9.04	6.52	0.29
20030401	2.15	5.91	0.56
20030402	0.3	4.25	0.45
20030403	0.63	7.4	0.38
20030404	0.11	8.77	0.35
20030405	0.99	8.16	0.32
20030406	0.0	6.48	0.29
20030407	0.0	6.26	0.27
20030408	0.0	6.46	0.25
20030409	0.0	5.74	0.23
20030410	2.16	5.68	0.23
20030411	0.8	6.22	0.24
20030412	0.0	6.85	0.23
20030413	0.09	6.86	0.19
20030414	1.6	8.58	0.2
20030415	0.0	9.65	0.18
20030416	0.0	9.61	0.18
20030417	0.0	10.41	0.16
20030418	0.0	9.87	0.15
20030419	0.0	7.51	0.15
20030420	0.0	6.98	0.15
20030421	0.24	8.0	0.15
20030422	0.94	8.51	0.15
20030423	0.0	7.92	0.15
20030424	0.0	6.88	0.15
20030425	4.96	7.67	0.15
20030426	0.0	10.03	0.19
20030427	3.55	9.83	0.19
20030428	17.01	8.85	0.26
20030429	4.58	7.23	3.31
20030430	4.41	6.77	1.65
20030501	0.74	5.13	1.43
20030502	2.63	4.92	1.0
20030503	4.13	6.53	0.79
20030504	0.77	10.16	0.96
20030505	0.84	8.88	0.64
20030506	1.17	7.77	0.5
20030507	6.67	8.27	0.56
20030508	0.38	8.75	1.02
20030509	5.65	7.1	0.81
20030510	3.17	7.94	0.91
20030511	1.27	8.22	0.68
20030512	10.76	7.15	1.27
20030513	4.94	7.61	3.36
20030514	0.42	6.13	2.68
20030515	0.0	5.84	1.23
20030516	8.28	6.88	0.81
20030517	2.97	8.67	1.66
20030518	1.25	10.98	1.88
20030519	0.0	10.3	1.19
20030520	0.48	9.99	0.82
20030521	0.0	10.34	0.64
20030522	5.86	10.11	0.83
20030523	5.77	10.35	1.63
20030524	1.04	9.67	1.83
20030525	0.0	10.65	1.14
20030526	0.23	10.38	0.75
20030527	0.23	10.74	0.58
20030528	0.0	14.0	0.51
20030529	1.0	13.04	0.46
20030530	0.0	11.92	0.41
20030531	0.0	12.7	0.37
20030601	0.0	13.85	0.34
20030602	0.0	13.91	0.32
20030603	0.18	12.8	0.3
20030604	2.42	13.38	0.31
20030605	1.27	12.69	0.3
20030606	0.09	13.47	0.28
20030607	0.49	12.54	0.27
20030608	4.08	12.32	0.28
20030609	8.06	12.87	0.29
20030610	0.56	12.54	0.44
20030611	1.0	12.86	0.35
20030612	3.71	10.97	0.3
20030613	0.15	12.24	0.36
20030614	6.34	12.66	0.33
20030615	0.0	12.33	0.41
20030616	0.0	12.49	0.34
20030617	2.52	13.27	0.3
20030618	5.08	12.78	0.36
20030619	2.62	11.76	0.37
20030620	2.78	11.29	0.37
20030621	0.0	11.61	0.36
20030622	9.73	10.96	1.01
20030623	0.0	11.69	1.65
20030624	0.0	12.79	0.77
20030625	0.0	14.18	0.44
20030626	0.0	13.75	0.31
20030627	0.0	13.56	0.25
20030628	0.0	13.06	0.23
20030629	0.24	11.99	0.22
20030630	0.3	12.51	0.22
20030701	0.0	12.75	0.2
20030702	0.63	12.03	0.2
20030703	0.06	11.51	0.21
20030704	0.69	11.43	0.2
20030705	0.0	11.41	0.19
20030706	1.53	11.87	0.19
20030707	4.28	12.67	0.22
20030708	0.01	13.44	0.2
20030709	0.0	14.28	0.18
20030710	6.25	15.8	0.2
20030711	2.8	13.62	0.2
20030712	0.0	14.17	0.2
20030713	0.1	15.51	0.17
20030714	0.06	14.71	0.16
20030715	0.1	16.05	0.15
20030716	0.0	16.66	0.15
20030717	0.03	17.0	0.14
20030718	0.0	16.14	0.14
20030719	1.05	16.2	0.14
20030720	0.0	16.45	0.14
20030721	12.99	14.85	0.2
20030722	0.0	14.85	0.17
20030723	0.1	15.48	0.15
20030724	0.0	16.28	0.15
20030725	0.26	15.07	0.15
20030726	0.74	14.45	0.15
20030727	0.93	14.43	0.15
20030728	7.25	14.83	0.17
20030729	6.29	15.43	0.19
20030730	0.01	14.46	0.2
20030731	3.85	15.34	0.18
20030801	0.2	15.16	0.22
20030802	0.11	13.82	0.2
20030803	0.24	14.56	0.2
20030804	0.0	15.33	0.2
20030805	0.19	15.89	0.19
20030806	0.0	17.55	0.19
20030807	0.08	14.85	0.19
20030808	0.0	15.83	0.18
20030809	0.11	17.56	0.18
20030810	2.08	14.55	0.2
20030811	0.0	13.73	0.19
20030812	2.29	14.48	0.19
20030813	10.54	13.4	0.26
20030814	0.08	13.09	0.25
20030815	0.49	13.23	0.21
20030816	0.0	14.46	0.2
20030817	3.48	15.01	0.2
20030818	10.32	14.93	0.24
20030819	2.4	13.35	0.4
20030820	14.17	13.29	0.64
20030821	2.52	14.29	2.0
20030822	0.46	14.26	1.42
20030823	0.24	14.02	0.91
20030824	0.0	13.07	0.64
20030825	0.62	12.66	0.48
20030826	0.71	13.06	0.38
20030827	0.55	10.88	0.33
20030828	1.95	11.71	0.29
20030829	1.32	10.97	0.3
20030830	0.96	10.43	0.28
20030831	0.0	10.69	0.25
20030901	1.03	11.65	0.24
20030902	0.58	13.16	0.24
20030903	0.0	14.35	0.22
20030904	0.0	14.47	0.21
20030905	1.26	14.35	0.22
20030906	0.09	12.57	0.21
20030907	11.92	11.84	0.22
20030908	0.87	12.28	0.58
20030909	1.3	11.02	0.57
20030910	0.09	10.67	0.42
20030911	3.34	12.22	0.37
20030912	6.33	13.09	0.38
20030913	2.12	14.87	0.82
20030914	0.0	15.13	0.78
20030915	2.53	13.69	0.55
20030916	7.43	12.91	0.8
20030917	0.41	15.84	1.37
20030918	1.81	12.95	0.93
20030919	8.41	11.99	1.86
20030920	3.02	12.08	3.74
20030921	1.4	11.51	2.88
20030922	3.8	7.85	1.52
20030923	6.3	5.7	1.24
20030924	13.24	10.61	3.66
20030925	3.83	11.86	7.29
20030926	0.55	8.45	4.19
20030927	0.98	7.32	2.01
20030928	0.08	8.22	1.43
20030929	1.31	10.16	1.16
20030930	0.11	8.59	1.3
20031001	0.1	8.29	1.07
20031002	4.41	9.57	1.06
20031003	1.86	8.38	1.29
20031004	1.47	4.9	1.03
20031005	7.45	7.33	0.99
20031006	5.45	6.84	3.46
20031007	2.55	6.98	2.72
20031008	3.36	8.85	1.98
20031009	6.22	10.05	2.4
20031010	1.51	8.74	4.13
20031011	0.08	6.52	2.12
20031012	0.0	9.26	1.45
20031013	0.1	11.11	1.13
20031014	0.0	11.32	0.93
20031015	0.0	9.77	0.81
20031016	0.09	8.37	0.74
20031017	0.05	6.64	0.7
20031018	2.75	8.13	0.67
20031019	2.33	6.2	0.63
20031020	8.63	3.0	1.13
20031021	0.26	3.32	2.11
20031022	0.6	2.92	1.43
20031023	2.61	4.23	1.08
20031024	0.18	5.32	1.05
20031025	2.18	6.29	0.99
20031026	1.1	6.54	1.15
20031027	1.06	10.39	1.29
20031028	1.71	7.16	1.14
20031029	0.32	4.47	1.02
20031030	3.6	5.9	0.9
20031031	7.4	6.81	1.98
20031101	4.46	4.41	2.69
20031102	0.31	7.13	2.79
20031103	1.78	6.08	2.03
20031104	1.78	7.38	1.67
20031105	0.62	12.56	1.56
20031106	0.0	10.62	1.25
20031107	0.09	10.42	1.04
20031108	1.06	8.99	0.91
20031109	3.87	8.67	1.44
20031110	0.0	9.28	1.39
20031111	5.98	9.03	1.19
20031112	0.1	8.43	2.55
20031113	0.19	6.33	1.67
20031114	3.36	8.52	1.92
20031115	4.29	6.26	2.55
20031116	5.31	6.12	3.1
20031117	9.58	7.59	4.58
20031118	9.24	9.52	5.44
20031119	0.4	7.31	5.16
20031120	0.51	6.27	2.94
20031121	0.09	3.89	2.11
20031122	0.0	2.73	1.69
20031123	0.21	0.58	1.41
20031124	3.56	4.31	1.56
20031125	9.95	4.99	2.14
20031126	3.91	5.33	3.4
20031127	4.06	4.32	3.34
20031128	0.0	4.61	2.45
20031129	20.86	8.38	5.65
20031130	0.0	3.63	9.04
20031201	0.94	1.65	3.48
20031202	0.29	5.37	2.53
20031203	0.0	5.53	2.03
20031204	3.23	8.48	1.9
20031205	1.3	9.85	2.74
20031206	0.6	3.12	2.34
20031207	0.0	3.84	1.86
20031208	0.11	1.19	1.57
20031209	1.7	4.74	1.38
20031210	4.37	5.79	1.8
20031211	1.63	1.93	2.07
20031212	9.25	4.42	4.95
20031213	5.45	6.97	4.24
20031214	0.12	2.81	3.02
20031215	0.11	3.43	2.03
20031216	2.31	6.06	1.83
20031217	0.25	8.61	1.75
20031218	4.96	7.55	2.32
20031219	5.04	3.99	2.25
20031220	8.35	3.02	3.22
20031221	3.0	2.43	3.83
20031222	7.86	1.59	3.88
20031223	8.25	5.73	7.56
20031224	3.16	7.66	6.3
20031225	1.85	5.0	4.52
20031226	9.59	4.02	4.2
20031227	5.04	3.4	5.94
20031228	3.88	2.51	4.91
20031229	2.64	-0.15	3.37
20031230	0.0	-4.94	2.31
20031231	11.6	1.83	6.71
20040101	2.97	3.89	9.08
20040102	1.73	2.69	4.18
20040103	1.05	4.54	3.48
20040104	4.39	2.99	2.95
20040105	6.66	7.06	4.63
20040106	1.99	5.09	3.91
20040107	2.02	5.98	2.88
20040108	8.76	7.53	4.17
20040109	0.91	5.12	4.51
20040110	2.52	5.39	3.12
20040111	4.44	4.53	2.98
20040112	7.72	3.43	8.41
20040113	12.03	2.69	6.91
20040114	4.53	2.23	6.82
20040115	0.49	1.78	5.84
20040116	0.84	2.06	3.61
20040117	1.75	-0.26	2.67
20040118	6.81	4.44	3.35
20040119	2.06	3.72	4.44
20040120	6.57	5.32	4.11
20040121	5.77	7.16	4.9
20040122	0.24	7.24	4.79
20040123	7.27	5.8	4.23
20040124	4.39	4.41	3.89
20040125	3.71	2.9	4.02
20040126	1.18	1.58	3.33
20040127	5.31	0.28	2.56
20040128	3.25	-0.46	2.01
20040129	5.69	0.42	1.72
20040130	1.35	-0.78	1.53
20040131	1.27	-3.58	1.35
20040201	4.31	0.42	1.91
20040202	7.92	5.61	12.09
20040203	1.2	8.61	7.75
20040204	14.11	7.59	4.68
20040205	5.15	7.31	7.63
20040206	2.06	5.63	5.33
20040207	7.05	1.58	3.9
20040208	1.32	1.04	4.04
20040209	14.06	2.26	3.59
20040210	3.7	7.6	10.17
20040211	0.0	8.61	4.99
20040212	0.0	4.48	3.01
20040213	0.0	5.12	2.26
20040214	0.0	5.32	1.83
20040215	0.0	4.68	1.55
20040216	0.0	5.15	1.35
20040217	0.09	5.0	1.19
20040218	0.0	5.5	1.08
20040219	0.0	2.1	0.97
20040220	4.92	1.01	0.93
20040221	0.52	3.18	1.07
20040222	2.67	0.45	0.93
20040223	2.28	3.79	1.57
20040224	2.7	0.08	1.64
20040225	2.95	-0.11	1.18
20040226	3.24	0.25	1.02
20040227	0.87	0.64	1.03
20040228	1.24	0.89	1.11
20040229	0.49	1.99	2.28
20040301	0.0	4.26	3.44
20040302	0.02	1.78	1.74
20040303	2.37	5.55	1.35
20040304	0.0	5.32	1.3
20040305	1.11	5.29	1.1
20040306	1.56	4.46	1.04
20040307	0.0	5.63	0.93
20040308	0.0	3.74	0.82
20040309	0.0	3.34	0.74
20040310	0.69	3.77	0.67
20040311	4.48	3.85	0.65
20040312	3.09	3.91	0.96
20040313	0.08	5.16	1.08
20040314	4.83	5.7	1.17
20040315	3.67	8.0	1.97
20040316	4.93	9.94	2.21
20040317	0.81	7.25	2.31
20040318	4.38	6.43	1.74
20040319	2.49	4.01	2.12
20040320	5.64	3.51	2.26
20040321	2.79	4.03	3.03
20040322	2.31	3.54	2.21
20040323	0.54	4.38	1.9
20040324	3.17	4.64	1.67
20040325	3.61	5.37	2.03
20040326	1.37	7.64	2.94
20040327	1.37	7.05	2.19
20040328	0.0	7.3	1.62
20040329	0.08	6.93	1.26
20040330	0.0	6.1	1.05
20040331	0.0	6.92	0.91
20040401	1.03	7.2	0.81
20040402	5.14	6.79	1.05
20040403	0.7	7.68	1.25
20040404	1.2	6.76	0.99
20040405	0.83	5.46	0.83
20040406	2.07	4.34	0.75
20040407	1.17	4.85	0.71
20040408	6.52	6.12	1.62
20040409	0.1	7.3	2.01
20040410	1.12	5.03	1.22
20040411	0.08	8.99	1.08
20040412	1.75	8.19	0.9
20040413	7.54	8.69	1.76
20040414	0.09	9.29	2.27
20040415	1.12	7.5	1.42
20040416	0.0	6.07	1.05
20040417	0.45	5.9	0.87
20040418	13.19	6.04	1.76
20040419	1.18	7.74	3.91
20040420	2.47	8.42	1.84
20040421	0.5	8.74	1.49
20040422	1.17	9.1	1.21
20040423	3.03	8.76	1.13
20040424	7.52	12.22	1.22
20040425	0.0	10.69	1.6
20040426	2.72	9.22	1.17
20040427	0.56	8.83	1.03
20040428	3.35	6.79	1.03
20040429	1.32	7.16	1.16
20040430	0.0	7.78	1.01
20040501	1.27	8.93	0.87
20040502	1.25	8.24	0.8
20040503	7.17	6.87	0.79
20040504	10.78	6.58	2.98
20040505	0.0	8.25	3.02
20040506	0.0	8.91	1.54
20040507	2.72	8.0	1.25
20040508	0.0	10.41	1.11
20040509	0.1	11.57	0.92
20040510	0.0	8.97	0.82
20040511	0.0	8.74	0.73
20040512	0.34	8.66	0.66
20040513	1.36	9.2	0.61
20040514	2.59	10.37	0.65
20040515	0.46	12.43	0.65
20040516	0.0	13.24	0.6
20040517	0.4	10.94	0.53
20040518	1.91	10.24	0.53
20040519	0.1	8.7	0.51
20040520	1.64	6.76	0.45
20040521	0.88	6.51	0.44
20040522	0.16	8.61	0.41
20040523	1.0	10.0	0.39
20040524	0.33	8.48	0.37
20040525	0.0	7.5	0.34
20040526	0.0	7.82	0.32
20040527	0.0	8.46	0.3
20040528	0.0	10.54	0.28
20040529	0.26	11.39	0.28
20040530	0.0	10.7	0.27
20040531	0.14	10.63	0.27
20040601	0.9	10.63	0.28
20040602	1.5	11.55	0.26
20040603	6.01	11.31	0.35
20040604	1.12	10.66	0.32
20040605	4.43	12.01	0.41
20040606	1.64	11.46	0.49
20040607	0.0	11.42	0.45
20040608	1.85	9.94	0.36
20040609	1.36	12.38	0.41
20040610	8.05	12.71	0.9
20040611	0.25	12.09	1.11
20040612	0.0	12.26	0.62
20040613	9.85	13.79	0.59
20040614	11.4	13.7	6.3
20040615	0.57	10.68	6.66
20040616	7.97	9.83	3.11
20040617	1.22	8.81	4.65
20040618	4.81	8.22	1.99
20040619	3.32	7.43	2.13
20040620	0.1	9.27	1.65
20040621	0.76	9.93	1.14
20040622	2.49	10.55	0.98
20040623	0.84	11.23	0.79
20040624	0.63	10.04	0.73
20040625	0.08	10.28	0.6
20040626	1.99	9.9	0.53
20040627	0.55	12.49	0.52
20040628	0.08	12.81	0.45
20040629	3.13	12.78	0.42
20040630	7.32	12.85	0.56
20040701	0.0	12.62	0.57
20040702	0.08	12.72	0.47
20040703	13.35	11.67	2.64
20040704	0.1	10.44	2.07
20040705	0.73	10.82	0.97
20040706	0.1	10.66	0.65
20040707	0.0	10.54	0.5
20040708	0.04	10.23	0.42
20040709	2.41	11.29	0.39
20040710	0.19	10.5	0.41
20040711	0.4	10.78	0.37
20040712	0.0	11.31	0.34
20040713	6.3	11.65	0.33
20040714	1.14	11.88	0.42
20040715	0.1	12.11	0.36
20040716	0.99	12.43	0.32
20040717	6.02	12.81	0.41
20040718	0.53	12.66	0.39
20040719	0.41	12.76	0.33
20040720	1.43	13.38	0.3
20040721	0.0	15.3	0.29
20040722	0.0	14.36	0.26
20040723	0.86	14.15	0.26
20040724	12.06	11.87	0.58
20040725	1.0	12.12	0.8
20040726	1.7	12.78	0.62
20040727	1.99	13.77	0.75
20040728	0.0	14.87	0.66
20040729	0.08	15.37	0.47
20040730	0.0	13.71	0.39
20040731	0.0	13.17	0.34
20040801	0.0	12.19	0.3
20040802	0.0	14.1	0.28
20040803	10.27	15.29	0.28
20040804	1.11	13.54	0.96
20040805	0.18	13.74	0.76
20040806	0.0	15.59	0.49
20040807	0.1	14.37	0.38
20040808	0.0	15.37	0.33
20040809	0.0	17.15	0.29
20040810	0.0	17.41	0.26
20040811	0.0	16.02	0.25
20040812	0.0	14.29	0.25
20040813	0.08	13.68	0.24
20040814	0.0	13.81	0.22
20040815	0.0	13.19	0.23
20040816	7.34	13.98	0.24
20040817	0.88	12.81	0.37
20040818	11.58	13.12	0.67
20040819	4.04	12.54	2.08
20040820	0.38	11.2	1.26
20040821	0.46	9.16	0.71
20040822	0.0	9.23	0.5
20040823	0.0	12.82	0.41
20040824	0.08	13.34	0.35
20040825	0.0	12.26	0.32
20040826	17.38	10.96	0.52
20040827	8.46	11.57	5.77
20040828	3.55	12.04	3.81
20040829	2.31	12.46	1.82
20040830	0.02	12.03	1.21
20040831	0.0	10.38	0.79
20040901	1.19	9.85	0.6
20040902	1.8	13.06	0.53
20040903	5.06	14.1	0.54
20040904	1.2	16.05	0.6
20040905	0.12	13.58	0.54
20040906	0.03	11.03	0.45
20040907	0.16	11.14	0.4
20040908	0.03	12.04	0.37
20040909	0.0	12.37	0.34
20040910	1.07	11.04	0.33
20040911	4.76	14.32	0.37
20040912	23.2	12.92	1.27
20040913	0.35	10.32	9.93
20040914	3.22	8.56	2.89
20040915	1.4	8.45	1.62
20040916	3.55	12.7	1.35
20040917	3.03	13.21	1.44
20040918	8.15	12.42	1.32
20040919	15.24	11.37	4.03
20040920	3.44	11.84	8.17
20040921	12.41	9.78	6.65
20040922	2.86	9.98	6.76
20040923	1.42	9.57	3.89
20040924	5.88	8.89	2.55
20040925	1.04	10.95	3.61
20040926	0.16	12.86	2.47
20040927	0.0	10.45	1.61
20040928	0.63	8.61	1.27
20040929	0.0	8.82	1.08
20040930	7.53	11.66	1.39
20041001	2.64	10.74	1.86
20041002	0.4	10.16	1.75
20041003	6.33	9.59	1.73
20041004	8.53	9.38	4.84
20041005	0.72	9.63	3.63
20041006	6.99	8.61	2.73
20041007	0.77	9.04	4.91
20041008	0.28	7.95	2.68
20041009	1.08	7.5	1.86
20041010	1.15	7.79	1.54
20041011	0.74	8.87	1.3
20041012	1.43	9.69	1.1
20041013	4.11	10.8	1.21
20041014	4.18	11.07	1.91
20041015	1.79	10.25	2.27
20041016	3.11	8.98	1.75
20041017	1.96	8.74	1.6
20041018	0.46	6.52	1.41
20041019	8.6	8.28	2.75
20041020	2.97	5.52	3.46
20041021	27.07	9.34	8.0
20041022	4.38	8.91	14.34
20041023	1.33	7.74	5.83
20041024	8.95	7.29	4.27
20041025	0.62	7.03	5.92
20041026	0.81	4.1	3.31
20041027	1.59	8.18	2.45
20041028	2.17	9.41	2.03
20041029	0.68	10.05	1.88
20041030	0.62	9.39	1.64
20041031	2.88	9.15	1.63
20041101	0.18	9.98	2.24
20041102	1.05	7.92	1.67
20041103	2.49	8.8	1.48
20041104	6.42	6.86	2.33
20041105	0.35	7.09	2.31
20041106	2.86	8.84	1.79
20041107	1.27	10.31	2.35
20041108	2.24	7.92	2.29
20041109	4.57	7.81	2.84
20041110	4.15	6.42	3.18
20041111	6.72	11.01	5.55
20041112	4.11	5.41	6.8
20041113	3.07	5.16	3.64
20041114	8.43	10.18	4.57
20041115	1.37	6.23	6.55
20041116	0.82	2.64	3.14
20041117	4.49	4.26	3.24
20041118	4.8	1.5	2.86
20041119	1.88	0.58	2.12
20041120	2.28	-0.11	1.74
20041121	20.0	3.19	9.45
20041122	0.44	7.26	11.39
20041123	4.7	4.05	4.1
20041124	2.89	9.74	3.96
20041125	0.65	8.62	3.96
20041126	1.89	7.31	2.73
20041127	2.31	5.49	2.68
20041128	0.39	4.03	2.36
20041129	1.07	6.63	1.92
20041130	1.35	5.87	1.7
20041201	2.37	3.43	1.57
20041202	1.98	3.48	1.74
20041203	0.91	6.79	2.05
20041204	7.48	9.24	2.23
20041205	0.55	7.29	2.92
20041206	2.65	8.55	2.19
20041207	0.82	6.73	1.97
20041208	0.11	7.85	1.65
20041209	0.3	8.85	1.41
20041210	2.72	7.55	1.37
20041211	0.16	4.85	1.43
20041212	0.0	7.57	1.27
20041213	3.1	6.11	1.13
20041214	7.82	7.7	4.76
20041215	1.83	5.14	3.72
20041216	6.05	5.39	2.96
20041217	1.84	1.97	3.86
20041218	0.08	0.41	2.32
20041219	10.88	-0.35	2.26
20041220	3.68	2.38	5.13
20041221	13.95	4.38	7.18
20041222	7.91	7.38	8.18
20041223	5.51	4.18	6.24
20041224	8.28	0.6	3.34
20041225	7.68	0.84	3.08
20041226	5.54	2.52	6.03
20041227	9.07	5.91	12.6
20041228	9.11	0.74	7.84
20041229	3.03	6.77	7.8
20041230	1.01	5.75	4.63
20041231	4.81	3.31	3.86
20050101	8.09	3.72	4.18
20050102	4.86	0.93	4.76
20050103	8.16	6.44	9.08
20050104	1.52	5.22	7.43
20050105	5.52	3.71	4.55
20050106	11.64	6.37	6.24
20050107	2.88	6.79	6.49
20050108	5.13	3.01	4.42
20050109	12.43	4.34	8.74
20050110	3.89	7.23	7.03
20050111	8.97	6.39	4.56
20050112	2.69	3.96	6.21
20050113	0.1	0.98	3.48
20050114	1.75	4.07	2.47
20050115	7.05	8.2	2.65
20050116	5.83	6.45	3.82
20050117	2.18	2.55	4.28
20050118	5.23	0.48	2.89
20050119	12.17	2.89	8.73
20050120	5.38	3.06	9.64
20050121	1.02	3.07	5.11
20050122	2.64	0.97	3.08
20050123	0.11	2.98	2.47
20050124	4.74	2.91	1.99
20050125	2.26	6.06	3.05
20050126	1.27	6.13	2.53
20050127	0.17	5.72	2.23
20050128	0.83	6.21	1.83
20050129	0.8	7.38	1.64
20050130	6.42	7.57	1.6
20050131	1.14	6.04	3.56
20050201	2.19	6.53	2.54
20050202	2.21	6.99	2.43
20050203	2.85	7.0	2.52
20050204	8.64	5.23	4.13
20050205	3.42	4.38	5.09
20050206	2.74	4.83	4.97
20050207	0.03	3.8	3.12
20050208	1.31	5.35	2.12
20050209	8.72	5.6	2.59
20050210	4.62	1.51	3.18
20050211	1.46	2.61	3.22
20050212	5.11	2.61	2.99
20050213	2.22	3.3	3.54
20050214	0.6	2.96	2.54
20050215	0.1	2.64	1.93
20050216	0.44	5.61	1.64
20050217	3.2	5.06	1.52
20050218	2.45	3.62	1.6
20050219	2.39	0.45	1.39
20050220	2.73	1.56	1.4
20050221	0.9	1.89	1.66
20050222	4.1	1.03	1.61
20050223	0.83	0.39	1.63
20050224	0.0	1.92	1.41
20050225	0.7	1.38	1.27
20050226	0.21	4.4	1.29
20050227	2.46	3.45	1.19
20050228	15.55	2.48	2.84
20050301	5.33	1.95	6.18
20050302	3.88	1.31	4.72
20050303	3.16	2.56	5.76
20050304	1.27	2.42	4.69
20050305	1.44	3.58	2.68
20050306	1.47	3.32	2.01
20050307	0.67	4.75	1.75
20050308	0.77	5.78	1.54
20050309	1.83	4.49	1.58
20050310	5.33	5.52	1.98
20050311	3.04	2.06	2.67
20050312	2.32	2.03	2.56
20050313	6.64	-0.59	2.4
20050314	0.6	1.76	3.21
20050315	23.57	3.82	9.74
20050316	6.48	9.62	16.45
20050317	13.38	8.03	9.13
20050318	8.42	9.4	11.62
20050319	0.69	8.97	7.36
20050320	0.0	7.75	3.52
20050321	1.14	6.67	2.17
20050322	3.24	7.67	1.79
20050323	0.0	9.28	1.54
20050324	0.0	8.08	1.24
20050325	0.0	6.75	1.04
20050326	0.08	6.62	0.92
20050327	0.0	7.16	0.79
20050328	0.0	6.11	0.72
20050329	0.0	5.9	0.62
20050330	0.0	5.71	0.56
20050331	1.16	6.36	0.49
20050401	0.16	8.77	0.49
20050402	0.0	9.68	0.44
20050403	0.65	8.82	0.41
20050404	1.63	5.72	0.4
20050405	2.33	6.21	0.38
20050406	11.54	7.06	0.5
20050407	6.42	3.51	2.63
20050408	6.31	0.11	2.43
20050409	3.75	6.28	4.03
20050410	3.52	8.11	5.06
20050411	3.37	10.14	2.68
20050412	4.67	5.71	1.87
20050413	6.64	4.98	4.18
20050414	1.64	5.38	3.19
20050415	0.0	4.58	1.57
20050416	0.08	5.64	1.11
20050417	0.24	6.59	0.88
20050418	3.45	7.33	0.81
20050419	0.2	7.38	0.86
20050420	0.0	6.27	0.74
20050421	0.0	6.22	0.63
20050422	0.0	5.37	0.56
20050423	0.0	5.66	0.48
20050424	0.0	6.91	0.42
20050425	0.0	6.51	0.38
20050426	0.57	6.92	0.36
20050427	1.71	6.46	0.37
20050428	10.91	7.44	0.6
20050429	0.46	10.22	0.97
20050430	0.0	8.87	0.67
20050501	8.41	6.91	1.93
20050502	0.22	11.08	2.02
20050503	0.58	8.35	0.97
20050504	2.85	7.36	0.67
20050505	5.43	8.15	0.87
20050506	2.32	6.3	1.23
20050507	1.57	5.6	0.85
20050508	2.46	5.99	0.67
20050509	0.96	4.88	0.67
20050510	1.54	6.75	0.57
20050511	0.42	8.03	0.51
20050512	0.08	8.04	0.44
20050513	0.0	7.59	0.39
20050514	0.41	8.51	0.37
20050515	1.08	8.33	0.36
20050516	0.95	3.76	0.34
20050517	3.41	3.92	0.33
20050518	1.08	5.94	0.3
20050519	0.0	8.0	0.29
20050520	4.47	9.76	0.29
20050521	0.0	9.97	0.32
20050522	0.0	7.4	0.27
20050523	0.35	8.31	0.26
20050524	0.68	9.63	0.25
20050525	8.37	9.86	0.26
20050526	0.3	11.06	0.49
20050527	2.11	8.08	0.37
20050528	8.48	6.27	1.63
20050529	0.73	7.35	2.03
20050530	0.8	7.61	1.0
20050531	0.0	7.21	0.6
20050601	15.34	7.11	1.94
20050602	11.62	7.15	5.91
20050603	0.06	9.89	11.16
20050604	0.0	8.96	2.5
20050605	0.27	7.6	1.26
20050606	0.0	6.95	0.83
20050607	0.84	10.42	0.65
20050608	1.11	14.4	0.59
20050609	0.0	11.8	0.56
20050610	0.0	8.29	0.46
20050611	3.44	8.8	0.43
20050612	12.08	8.22	1.05
20050613	0.11	9.44	2.53
20050614	0.52	9.7	1.08
20050615	0.7	10.58	0.7
20050616	0.0	11.61	0.54
20050617	2.24	11.8	0.43
20050618	0.62	15.7	0.41
20050619	0.0	15.4	0.37
20050620	0.25	13.51	0.32
20050621	2.97	12.64	0.3
20050622	4.1	13.18	0.36
20050623	0.0	15.03	0.34
20050624	0.08	9.72	0.3
20050625	0.0	10.43	0.26
20050626	2.8	12.07	0.27
20050627	0.89	12.83	0.26
20050628	0.0	12.93	0.25
20050629	0.11	13.41	0.22
20050630	3.52	12.57	0.22
20050701	1.2	13.41	0.24
20050702	1.36	12.95	0.21
20050703	0.11	14.98	0.19
20050704	0.99	11.9	0.18
20050705	4.5	10.93	0.28
20050706	0.0	11.82	0.26
20050707	0.0	13.21	0.21
20050708	0.71	14.77	0.18
20050709	4.44	15.63	0.21
20050710	0.49	15.23	0.2
20050711	0.0	16.84	0.19
20050712	0.63	13.88	0.18
20050713	0.52	13.77	0.17
20050714	2.97	13.57	0.19
20050715	0.04	11.66	0.17
20050716	3.92	12.5	0.19
20050717	19.13	16.75	0.6
20050718	8.5	13.89	4.75
20050719	2.42	11.77	4.52
20050720	0.31	12.31	1.5
20050721	0.03	11.69	0.84
20050722	0.19	10.78	0.54
20050723	0.37	10.86	0.43
20050724	0.17	10.7	0.35
20050725	0.08	10.28	0.3
20050726	1.32	10.11	0.26
20050727	0.91	11.04	0.26
20050728	0.11	11.93	0.23
20050729	0.0	11.25	0.21
20050730	0.39	10.8	0.2
20050731	0.0	10.76	0.2
20050801	0.08	10.86	0.2
20050802	1.71	12.43	0.2
20050803	2.92	12.53	0.2
20050804	4.55	12.15	0.2
20050805	4.02	11.21	0.21
20050806	0.55	10.57	0.21
20050807	0.0	12.06	0.21
20050808	0.0	10.85	0.19
20050809	0.83	11.08	0.17
20050810	0.38	12.72	0.18
20050811	0.0	12.36	0.16
20050812	3.38	12.46	0.16
20050813	0.29	12.41	0.17
20050814	0.57	13.09	0.15
20050815	0.58	13.25	0.16
20050816	8.02	14.6	0.17
20050817	11.18	15.05	0.54
20050818	1.46	12.8	2.12
20050819	0.11	11.89	0.97
20050820	0.0	11.45	0.52
20050821	4.86	13.33	0.46
20050822	0.82	13.27	0.55
20050823	11.73	12.63	0.54
20050824	5.26	13.03	1.81
20050825	5.83	10.76	1.06
20050826	4.82	9.59	1.69
20050827	8.94	10.29	5.88
20050828	5.94	13.43	7.07
20050829	3.25	12.93	3.76
20050830	0.11	14.26	1.51
20050831	13.28	14.06	3.37
20050901	0.1	11.08	5.98
20050902	0.08	11.09	2.05
20050903	0.27	13.29	1.19
20050904	0.0	15.94	0.88
20050905	0.11	13.14	0.72
20050906	7.66	15.63	0.65
20050907	4.22	13.63	1.02
20050908	0.0	9.53	1.11
20050909	0.0	8.15	0.71
20050910	0.2	10.1	0.54
20050911	0.08	12.17	0.48
20050912	6.26	11.96	0.51
20050913	30.0	14.11	7.88
20050914	4.93	11.28	14.74
20050915	1.14	8.38	4.83
20050916	11.71	6.82	2.89
20050917	2.82	11.1	10.11
20050918	0.71	13.39	4.62
20050919	2.37	12.78	2.4
20050920	1.21	11.1	1.75
20050921	4.68	12.38	1.67
20050922	5.05	15.11	1.95
20050923	1.34	11.55	1.5
20050924	0.18	8.9	1.09
20050925	1.68	10.3	0.92
20050926	4.64	11.13	1.07
20050927	4.05	10.63	1.2
20050928	11.87	8.67	4.36
20050929	5.8	8.69	5.77
20050930	10.07	11.34	7.35
20051001	2.58	9.19	7.34
20051002	2.34	10.41	4.85
20051003	0.0	12.2	3.46
20051004	0.0	11.55	2.18
20051005	0.0	10.96	1.58
20051006	0.0	12.22	1.18
20051007	11.29	13.01	1.08
20051008	1.88	8.33	3.98
20051009	9.0	9.29	3.3
20051010	17.31	10.98	12.91
20051011	9.47	8.79	15.29
20051012	2.11	7.82	9.89
20051013	0.41	7.76	4.11
20051014	0.0	8.5	2.43
20051015	0.0	10.68	1.7
20051016	0.0	11.63	1.34
20051017	0.0	11.26	1.1
20051018	0.0	11.03	0.92
20051019	6.23	10.82	0.95
20051020	4.4	10.12	2.61
20051021	4.01	9.81	2.44
20051022	3.41	6.77	1.67
20051023	0.83	3.69	1.33
20051024	16.61	6.65	5.14
20051025	4.43	8.97	9.76
20051026	11.96	7.75	7.7
20051027	0.0	13.47	8.97
20051028	0.63	12.78	2.88
20051029	3.02	10.38	1.95
20051030	2.41	13.09	2.02
20051031	0.39	11.04	1.68
20051101	0.54	9.43	1.27
20051102	0.43	7.82	1.08
20051103	0.46	10.15	0.98
20051104	1.66	9.12	0.96
20051105	0.14	7.86	1.08
20051106	0.32	8.7	0.97
20051107	2.81	7.03	0.84
20051108	0.11	8.06	0.83
20051109	9.28	7.06	1.32
20051110	9.47	7.55	3.62
20051111	6.92	8.56	5.28
20051112	2.66	6.83	4.94
20051113	6.52	5.92	3.53
20051114	5.15	10.14	8.7
20051115	8.48	3.85	5.67
20051116	2.51	4.01	5.13
20051117	0.91	2.38	3.37
20051118	0.0	1.1	2.27
20051119	0.36	2.56	1.67
20051120	0.0	9.33	1.41
20051121	0.0	8.79	1.12
20051122	0.11	4.38	0.95
20051123	10.53	8.51	1.18
20051124	12.65	2.47	3.96
20051125	12.08	5.02	13.27
20051126	4.51	5.92	9.48
20051127	3.67	3.5	4.75
20051128	1.84	2.49	3.43
20051129	1.6	1.59	2.72
20051130	2.64	3.28	3.21
20051201	0.55	7.48	2.61
20051202	8.35	7.68	2.09
20051203	6.4	7.39	5.74
20051204	5.81	6.79	4.56
20051205	5.57	6.55	5.61
20051206	2.05	4.22	4.34
20051207	0.25	2.1	3.05
20051208	0.39	4.26	2.09
20051209	1.46	6.86	1.7
20051210	0.18	10.68	1.55
20051211	1.66	8.8	1.36
20051212	7.41	6.14	1.21
20051213	1.02	7.43	3.85
20051214	1.67	8.83	2.17
20051215	9.17	7.09	4.01
20051216	1.05	1.45	3.58
20051217	0.98	1.02	1.84
20051218	7.97	3.37	4.03
20051219	1.68	5.84	3.76
20051220	1.78	7.16	2.46
20051221	3.52	6.16	2.74
20051222	2.65	5.57	2.43
20051223	1.88	8.54	2.28
20051224	0.08	5.95	1.85
20051225	3.13	4.85	1.55
20051226	0.2	5.47	1.94
20051227	1.24	2.15	1.48
20051228	4.11	1.09	1.38
20051229	1.99	0.72	1.3
20051230	6.76	3.77	3.79
20051231	0.87	3.18	2.92
20060101	0.15	3.61	1.81
20060102	4.35	5.11	1.87
20060103	0.25	4.74	2.5
20060104	0.0	3.6	1.58
20060105	2.14	5.38	1.28
20060106	2.45	4.37	1.54
20060107	0.28	5.13	1.54
20060108	0.0	2.48	1.21
20060109	4.3	3.83	1.29
20060110	3.62	6.29	1.82
20060111	1.97	5.26	1.75
20060112	2.32	7.08	1.56
20060113	0.29	7.9	1.35
20060114	0.0	4.15	1.13
20060115	2.59	5.69	1.03
20060116	4.2	4.98	1.11
20060117	2.7	1.51	1.88
20060118	4.08	4.8	2.62
20060119	5.23	9.72	3.45
20060120	1.99	4.55	4.21
20060121	0.18	5.42	2.44
20060122	1.07	7.17	1.7
20060123	1.75	7.08	1.41
20060124	0.0	5.46	1.35
20060125	0.0	2.9	1.15
20060126	0.0	4.01	0.99
20060127	0.44	4.11	0.89
20060128	0.03	4.44	0.82
20060129	0.0	2.42	0.74
20060130	0.0	2.15	0.67
20060131	0.03	0.41	0.61
20060201	0.0	-0.75	0.61
20060202	0.2	-0.17	0.58
20060203	0.23	4.48	0.57
20060204	1.29	7.61	0.59
20060205	1.5	7.77	0.6
20060206	10.22	9.44	0.95
20060207	4.09	6.73	5.37
20060208	1.0	1.93	2.19
20060209	0.48	1.27	1.26
20060210	0.11	0.36	0.96
20060211	2.22	3.9	1.04
20060212	0.36	4.88	1.04
20060213	5.17	5.57	1.28
20060214	9.56	7.12	4.95
20060215	0.03	5.37	3.84
20060216	2.79	4.46	1.88
20060217	3.41	4.37	1.9
20060218	2.46	3.07	3.31
20060219	1.06	3.42	1.97
20060220	0.0	4.23	1.32
20060221	0.14	3.19	1.04
20060222	0.0	2.04	0.89
20060223	0.0	5.59	0.78
20060224	1.69	5.08	0.73
20060225	0.08	3.57	0.68
20060226	3.2	3.49	0.64
20060227	2.52	3.01	0.72
20060228	4.63	0.16	0.69
20060301	4.43	0.12	0.65
20060302	2.31	-1.18	0.62
20060303	10.16	-0.83	0.6
20060304	3.89	-1.03	0.62
20060305	1.74	0.14	0.62
20060306	3.29	-0.05	0.66
20060307	0.08	3.01	1.53
20060308	0.18	3.96	9.82
20060309	0.84	4.0	7.33
20060310	0.89	2.94	4.49
20060311	0.0	1.95	2.02
20060312	1.49	2.58	1.6
20060313	2.03	4.23	1.88
20060314	0.31	4.24	1.49
20060315	0.14	3.46	1.07
20060316	0.0	2.59	0.85
20060317	0.0	4.03	0.74
20060318	0.22	4.68	0.68
20060319	0.46	5.26	0.62
20060320	0.31	1.61	0.57
20060321	0.69	-1.03	0.54
20060322	2.21	-1.56	0.52
20060323	0.31	1.57	0.51
20060324	6.72	4.86	0.48
20060325	20.71	3.5	5.79
20060326	5.77	4.93	4.58
20060327	4.7	6.54	7.23
20060328	0.0	6.05	2.67
20060329	0.39	4.65	1.44
20060330	0.7	4.19	1.06
20060331	2.65	4.26	0.85
20060401	11.47	4.16	3.29
20060402	0.61	3.46	3.23
20060403	5.39	2.2	2.09
20060404	8.32	2.76	2.56
20060405	8.79	5.07	8.23
20060406	9.62	3.42	5.51
20060407	0.58	2.2	6.01
20060408	4.28	2.45	2.81
20060409	1.19	2.77	1.97
20060410	5.21	3.96	1.62
20060411	3.24	6.24	2.86
20060412	13.39	6.75	4.54
20060413	2.95	5.97	9.14
20060414	0.74	5.69	2.81
20060415	4.78	6.83	1.92
20060416	7.12	5.7	1.88
20060417	1.5	5.26	2.43
20060418	0.31	4.98	1.53
20060419	0.78	4.11	1.16
20060420	1.81	5.41	1.14
20060421	0.0	7.21	0.99
20060422	1.71	8.4	0.89
20060423	0.15	7.39	0.76
20060424	1.55	7.83	0.65
20060425	2.35	9.0	0.64
20060426	1.68	6.96	0.6
20060427	0.68	6.9	0.58
20060428	0.0	7.15	0.52
20060429	0.0	6.12	0.48
20060430	0.1	6.74	0.44
20060501	2.14	5.78	0.44
20060502	0.58	6.78	0.41
20060503	0.44	10.02	0.37
20060504	0.0	10.37	0.35
20060505	2.32	10.44	0.38
20060506	0.0	8.67	0.35
20060507	0.0	9.56	0.33
20060508	0.0	10.47	0.31
20060509	0.0	10.0	0.3
20060510	0.0	12.03	0.3
20060511	2.2	7.34	0.3
20060512	1.07	4.99	0.31
20060513	1.58	5.38	0.3
20060514	5.89	5.62	0.29
20060515	0.89	6.03	0.42
20060516	3.34	6.87	0.39
20060517	7.27	8.1	0.46
20060518	7.09	11.07	2.39
20060519	0.17	9.44	1.46
20060520	0.57	7.43	0.78
20060521	0.0	5.86	0.52
20060522	0.19	5.46	0.41
20060523	1.68	6.29	0.36
20060524	0.25	7.2	0.34
20060525	0.33	7.19	0.31
20060526	7.01	6.74	0.37
20060527	3.26	9.91	0.45
20060528	1.6	8.59	0.48
20060529	1.58	6.59	0.42
20060530	0.0	6.98	0.36
20060531	5.32	7.56	0.34
20060601	1.23	10.16	0.72
20060602	3.09	11.55	1.37
20060603	0.57	9.86	1.34
20060604	0.0	10.09	0.74
20060605	0.0	10.46	0.52
20060606	0.25	12.93	0.4
20060607	0.0	11.48	0.34
20060608	0.0	11.51	0.31
20060609	0.0	10.6	0.27
20060610	0.0	11.4	0.26
20060611	1.23	14.71	0.25
20060612	0.42	13.7	0.26
20060613	0.0	12.59	0.24
20060614	0.0	11.08	0.23
20060615	0.96	12.99	0.23
20060616	3.04	12.64	0.25
20060617	3.37	12.51	0.29
20060618	4.7	12.1	0.28
20060619	1.83	9.87	0.38
20060620	7.66	11.31	0.52
20060621	0.35	10.84	0.71
20060622	0.0	11.14	0.46
20060623	4.91	11.03	0.38
20060624	0.13	10.83	0.41
20060625	0.0	10.31	0.33
20060626	0.0	9.33	0.28
20060627	0.0	11.69	0.25
20060628	0.39	12.51	0.22
20060629	2.12	15.79	0.22
20060630	0.01	14.52	0.22
20060701	0.0	15.24	0.2
20060702	0.0	13.24	0.2
20060703	0.0	12.06	0.2
20060704	0.0	12.45	0.19
20060705	0.0	12.36	0.19
20060706	2.73	15.43	0.19
20060707	1.7	13.67	0.19
20060708	0.74	12.41	0.18
20060709	0.0	13.06	0.19
20060710	2.34	13.7	0.18
20060711	0.41	13.18	0.18
20060712	0.29	13.3	0.17
20060713	0.0	12.64	0.17
20060714	0.0	12.59	0.16
20060715	0.0	15.35	0.16
20060716	6.0	16.71	0.16
20060717	2.43	15.71	0.21
20060718	0.0	16.28	0.19
20060719	0.17	15.03	0.17
20060720	0.34	14.24	0.17
20060721	1.14	15.88	0.17
20060722	0.01	13.93	0.17
20060723	0.0	15.35	0.17
20060724	0.38	16.12	0.16
20060725	13.21	17.84	0.17
20060726	0.07	16.1	0.19
20060727	0.0	15.46	0.19
20060728	0.19	14.69	0.18
20060729	2.25	15.86	0.18
20060730	0.25	15.39	0.19
20060731	0.04	14.9	0.18
20060801	11.21	13.69	0.24
20060802	0.38	12.68	0.25
20060803	0.25	12.72	0.22
20060804	0.09	13.9	0.21
20060805	4.15	17.98	0.21
20060806	0.63	15.9	0.22
20060807	1.93	13.06	0.22
20060808	6.59	12.6	0.24
20060809	4.19	11.76	0.33
20060810	1.97	12.25	0.48
20060811	0.16	12.01	0.45
20060812	0.42	11.84	0.34
20060813	0.12	11.49	0.31
20060814	0.0	11.51	0.28
20060815	1.31	11.41	0.26
20060816	0.26	12.47	0.26
20060817	0.07	13.26	0.25
20060818	0.0	13.79	0.24
20060819	0.11	13.27	0.23
20060820	0.0	13.41	0.23
20060821	0.0	13.11	0.23
20060822	0.58	13.48	0.22
20060823	0.53	13.58	0.23
20060824	4.12	11.61	0.25
20060825	0.0	12.22	0.25
20060826	1.78	13.65	0.24
20060827	1.94	12.06	0.29
20060828	2.43	11.61	0.31
20060829	0.12	11.44	0.38
20060830	0.0	11.96	0.33
20060831	1.44	13.45	0.29
20060901	1.76	13.32	0.27
20060902	0.0	12.59	0.25
20060903	1.14	12.68	0.24
20060904	0.06	11.56	0.23
20060905	3.37	10.5	0.24
20060906	2.67	12.39	0.41
20060907	0.0	11.18	1.27
20060908	0.0	12.14	0.64
20060909	0.0	11.26	0.42
20060910	0.0	12.9	0.33
20060911	2.63	16.06	0.29
20060912	0.53	15.23	0.29
20060913	0.28	15.17	0.26
20060914	8.37	14.2	0.34
20060915	0.13	12.3	0.51
20060916	0.0	12.57	0.47
20060917	1.06	14.06	0.39
20060918	6.82	12.73	0.38
20060919	3.26	11.98	0.94
20060920	3.46	13.92	0.9
20060921	0.93	14.63	1.08
20060922	7.29	14.52	0.96
20060923	0.0	13.55	1.51
20060924	2.71	12.64	0.99
20060925	0.0	13.11	0.98
20060926	0.3	12.65	0.75
20060927	4.35	13.02	0.66
20060928	0.33	13.09	0.71
20060929	0.69	11.88	0.6
20060930	0.0	11.12	0.52
20061001	16.49	10.06	1.08
20061002	0.44	11.43	3.74
20061003	6.08	9.82	1.52
20061004	0.01	7.36	1.3
20061005	1.29	9.73	0.97
20061006	5.52	11.69	3.42
20061007	4.68	10.35	4.89
20061008	0.98	11.89	2.7
20061009	0.1	11.62	1.62
20061010	0.43	10.85	1.08
20061011	22.65	13.36	2.89
20061012	0.0	12.06	10.06
20061013	0.0	11.34	2.75
20061014	0.0	11.67	1.6
20061015	0.0	9.26	1.15
20061016	0.0	8.04	0.93
20061017	6.75	8.95	0.82
20061018	12.15	8.67	2.79
20061019	13.29	9.92	11.96
20061020	10.65	11.72	10.13
20061021	11.85	11.13	11.56
20061022	1.54	10.01	9.5
20061023	2.09	9.17	4.05
20061024	0.03	7.86	3.09
20061025	31.9	7.28	4.13
20061026	50.48	7.97	22.66
20061027	7.5	6.79	12.58
20061028	3.61	9.81	8.04
20061029	21.61	9.33	6.18
20061030	26.68	10.56	12.7
20061031	4.44	6.53	12.48
20061101	6.53	4.96	7.31
20061102	0.72	6.86	6.42
20061103	3.0	7.91	4.82
20061104	2.66	9.4	4.35
20061105	0.64	10.99	3.72
20061106	3.27	10.85	2.97
20061107	0.33	7.52	2.83
20061108	5.59	4.69	2.73
20061109	0.98	5.09	2.62
20061110	8.66	7.15	2.62
20061111	4.13	4.77	3.85
20061112	14.44	6.06	4.0
20061113	11.45	7.58	7.66
20061114	2.06	4.79	8.38
20061115	6.69	5.44	4.88
20061116	4.61	5.22	6.55
20061117	11.84	5.01	6.35
20061118	0.31	3.86	5.82
20061119	7.68	4.48	4.47
20061120	9.44	5.75	5.12
20061121	6.2	7.11	7.29
20061122	2.32	4.73	6.68
20061123	9.66	5.9	4.63
20061124	3.57	7.13	6.84
20061125	2.89	7.24	5.0
20061126	2.02	5.52	4.67
20061127	0.3	9.43	4.05
20061128	0.0	8.39	3.05
20061129	6.53	6.91	2.8
20061130	13.11	10.39	3.36
20061201	2.14	8.03	6.53
20061202	1.13	6.27	3.8
20061203	6.41	7.33	3.08
20061204	4.7	7.37	4.67
20061205	6.51	6.09	4.55
20061206	5.36	3.6	4.6
20061207	5.84	4.39	5.87
20061208	8.95	4.72	5.75
20061209	5.81	3.98	5.95
20061210	8.99	7.87	7.13
20061211	9.51	4.75	8.44
20061212	7.58	5.23	7.48
20061213	19.43	6.88	9.36
20061214	4.08	7.08	7.33
20061215	6.4	4.22	4.53
20061216	7.16	2.74	4.69
20061217	0.36	2.92	4.58
20061218	0.26	1.62	3.26
20061219	0.11	7.83	2.69
20061220	0.0	4.68	2.18
20061221	0.17	5.56	1.83
20061222	0.2	8.45	1.61
20061223	0.0	6.91	1.41
20061224	0.0	1.85	1.23
20061225	0.28	1.59	1.11
20061226	0.0	4.65	1.02
20061227	0.0	3.93	0.93
20061228	0.0	3.79	0.84
20061229	1.58	7.93	0.81
20061230	2.97	6.34	0.87
20061231	9.89	4.64	1.93
20070101	4.71	4.15	3.62
20070102	5.82	3.54	3.22
20070103	16.19	7.94	6.25
20070104	5.83	6.01	7.42
20070105	2.29	6.56	5.0
20070106	3.53	5.42	3.64
20070107	3.57	5.09	3.21
20070108	9.47	4.1	3.81
20070109	19.66	5.41	6.32
20070110	4.89	2.23	8.0
20070111	8.52	4.88	8.27
20070112	11.62	6.65	7.97
20070113	13.28	4.47	9.46
20070114	9.15	4.3	7.2
20070115	4.73	6.18	6.44
20070116	3.45	2.83	4.68
20070117	6.06	3.38	5.12
20070118	2.35	3.43	4.08
20070119	7.52	3.91	3.84
20070120	9.7	3.53	6.14
20070121	3.4	3.37	5.2
20070122	1.86	1.82	3.52
20070123	5.1	1.37	3.44
20070124	0.33	3.44	3.4
20070125	1.09	4.52	2.69
20070126	0.94	4.68	2.17
20070127	5.9	5.1	2.13
20070128	0.8	7.72	3.06
20070129	0.82	7.82	2.41
20070130	5.96	7.81	2.68
20070131	3.83	8.56	3.76
20070201	4.88	9.93	3.79
20070202	0.2	6.79	3.91
20070203	1.22	7.5	2.53
20070204	3.27	4.53	2.14
20070205	5.57	2.04	2.04
20070206	2.41	2.56	2.51
20070207	2.58	-0.72	2.23
20070208	3.58	0.76	1.9
20070209	0.89	2.6	2.1
20070210	3.08	2.43	1.96
20070211	22.67	3.1	6.1
20070212	13.76	5.57	11.57
20070213	0.99	5.45	7.73
20070214	0.25	4.62	4.05
20070215	1.49	7.2	2.91
20070216	0.12	7.58	2.33
20070217	0.06	5.32	1.85
20070218	0.04	3.9	1.53
20070219	4.06	5.75	1.33
20070220	0.69	7.19	2.05
20070221	1.35	5.29	1.72
20070222	18.14	6.2	5.66
20070223	2.03	6.8	5.52
20070224	3.01	6.76	3.94
20070225	5.46	5.57	3.41
20070226	0.79	2.98	3.83
20070227	11.94	3.34	5.85
20070228	5.46	6.32	5.3
20070301	1.83	3.67	4.49
20070302	0.06	2.76	2.99
20070303	0.33	5.31	2.24
20070304	9.06	5.08	2.74
20070305	0.21	7.0	3.08
20070306	0.0	7.68	2.0
20070307	1.84	6.39	1.56
20070308	4.7	6.93	1.47
20070309	5.93	4.72	2.03
20070310	9.35	9.75	4.84
20070311	0.64	8.89	4.78
20070312	3.13	6.29	2.86
20070313	0.4	7.13	2.37
20070314	2.61	9.06	1.97
20070315	5.19	6.86	2.19
20070316	5.89	4.93	4.38
20070317	14.96	6.03	6.2
20070318	2.91	3.05	5.21
20070319	3.58	1.69	4.48
20070320	0.46	0.65	3.33
20070321	10.35	2.69	3.92
20070322	0.11	6.11	4.2
20070323	0.0	4.18	2.57
20070324	0.0	6.02	1.91
20070325	0.11	6.31	1.54
20070326	0.08	6.9	1.3
20070327	0.0	6.0	1.14
20070328	0.0	5.93	1.02
20070329	0.0	6.62	0.91
20070330	0.08	6.21	0.81
20070331	0.0	4.08	0.74
20070401	0.16	4.76	0.68
20070402	0.2	7.26	0.65
20070403	0.14	7.16	0.6
20070404	0.53	8.82	0.58
20070405	5.15	7.86	0.6
20070406	7.1	6.26	0.78
20070407	10.28	8.65	5.46
20070408	2.18	9.53	3.9
20070409	0.4	8.64	2.71
20070410	2.5	9.49	2.07
20070411	0.0	11.36	1.81
20070412	0.0	11.74	1.3
20070413	0.0	8.58	0.98
20070414	0.0	10.48	0.83
20070415	1.45	11.74	0.77
20070416	2.7	8.0	0.71
20070417	2.61	5.95	0.7
20070418	9.47	7.75	1.15
20070419	0.0	4.28	2.2
20070420	2.72	4.56	1.24
20070421	4.27	9.55	1.34
20070422	0.07	13.73	1.51
20070423	1.33	12.57	1.11
20070424	9.23	12.52	0.99
20070425	1.1	11.44	3.18
20070426	0.0	9.55	1.77
20070427	0.0	8.93	1.09
20070428	0.0	8.77	0.83
20070429	0.0	8.17	0.71
20070430	0.0	8.37	0.63
20070501	0.0	8.1	0.58
20070502	0.0	7.89	0.54
20070503	0.08	7.68	0.51
20070504	0.03	7.8	0.49
20070505	9.0	10.56	0.53
20070506	5.09	9.37	0.94
20070507	1.21	8.35	0.93
20070508	1.31	7.58	0.74
20070509	0.65	6.55	0.6
20070510	0.37	6.51	0.52
20070511	8.05	5.53	0.47
20070512	6.96	6.07	4.33
20070513	0.15	6.1	2.4
20070514	2.06	4.81	1.26
20070515	0.6	5.24	0.93
20070516	0.0	6.35	0.73
20070517	3.45	9.71	0.66
20070518	0.25	10.38	0.65
20070519	0.79	9.4	0.59
20070520	0.0	10.42	0.52
20070521	4.9	10.19	0.47
20070522	4.87	8.44	0.47
20070523	5.93	10.6	0.59
20070524	5.19	9.29	1.68
20070525	5.24	7.64	1.89
20070526	0.62	6.59	2.43
20070527	0.57	6.16	1.26
20070528	0.5	8.02	0.81
20070529	10.31	9.06	0.82
20070530	8.68	9.13	5.23
20070531	0.13	10.57	3.14
20070601	0.0	11.25	1.54
20070602	2.2	11.31	1.0
20070603	4.22	11.1	0.94
20070604	0.14	11.85	0.92
20070605	0.0	9.92	0.76
20070606	0.0	10.28	0.66
20070607	0.0	10.47	0.55
20070608	2.15	10.37	0.51
20070609	0.0	12.59	0.45
20070610	0.0	12.04	0.4
20070611	0.0	11.94	0.35
20070612	0.44	8.95	0.34
20070613	0.04	8.95	0.31
20070614	0.0	8.71	0.29
20070615	0.0	9.43	0.26
20070616	3.5	10.06	0.26
20070617	0.17	10.2	0.26
20070618	0.0	11.4	0.23
20070619	0.0	11.45	0.22
20070620	2.47	10.6	0.22
20070621	0.0	11.7	0.22
20070622	0.18	11.2	0.21
20070623	0.0	9.82	0.19
20070624	0.67	10.85	0.18
20070625	0.08	9.28	0.18
20070626	0.39	9.0	0.17
20070627	1.43	8.31	0.17
20070628	0.06	10.06	0.16
20070629	0.0	11.17	0.15
20070630	1.06	11.7	0.14
20070701	10.45	11.25	0.26
20070702	0.28	12.62	0.26
20070703	1.73	12.19	0.22
20070704	0.0	12.4	0.21
20070705	0.21	13.33	0.19
20070706	17.8	13.2	0.22
20070707	39.96	11.39	7.29
20070708	0.37	11.62	15.77
20070709	1.2	12.91	5.27
20070710	0.73	11.39	2.72
20070711	0.0	11.1	1.89
20070712	2.8	11.11	1.42
20070713	10.03	13.29	1.33
20070714	11.18	11.3	6.31
20070715	0.0	12.61	5.44
20070716	7.65	10.91	3.39
20070717	3.23	12.06	4.33
20070718	0.0	10.87	3.2
20070719	0.0	9.93	2.01
20070720	0.0	9.07	1.44
20070721	4.29	10.44	1.19
20070722	1.4	12.01	1.22
20070723	0.66	12.34	1.03
20070724	0.06	12.62	0.89
20070725	5.49	12.21	0.91
20070726	0.82	13.16	1.04
20070727	2.21	12.92	0.88
20070728	5.87	11.03	1.04
20070729	0.93	10.03	1.56
20070730	1.36	10.73	1.04
20070731	7.1	12.75	1.45
20070801	3.73	13.75	2.17
20070802	0.21	12.15	1.97
20070803	10.4	12.53	2.05
20070804	0.0	15.78	2.57
20070805	28.18	14.12	1.57
20070806	5.99	11.07	13.14
20070807	1.09	11.3	5.97
20070808	0.0	11.57	2.91
20070809	0.1	11.38	1.88
20070810	0.35	12.78	1.42
20070811	4.87	13.45	1.22
20070812	4.1	13.04	1.77
20070813	1.74	11.88	1.59
20070814	0.0	12.77	1.23
20070815	3.05	11.53	1.05
20070816	6.59	10.46	2.26
20070817	0.0	9.99	2.23
20070818	2.61	9.15	1.46
20070819	0.0	10.21	1.18
20070820	0.94	11.13	1.03
20070821	0.0	12.19	0.94
20070822	0.0	11.61	0.81
20070823	0.0	11.99	0.74
20070824	0.2	14.04	0.69
20070825	1.34	12.21	0.63
20070826	10.24	11.74	0.74
20070827	0.0	10.0	1.57
20070828	0.35	8.88	1.0
20070829	8.81	10.39	1.45
20070830	4.13	12.28	3.35
20070831	2.16	11.89	2.86
20070901	4.43	13.05	3.0
20070902	0.77	10.66	2.69
