temperature
3.95625
3.2675
4.7
3.65375
4.46375
3.755
4.608750000000001
3.83625
3.7487500000000002
4.24
4.415
4.873749999999999
4.52125
4.07375
4.9175
4.53125
3.385
3.64875
4.55875
4.09625
4.8375
4.51
4.205
4.54375
3.8475
4.65125
4.18375
4.1775
3.3775
2.94625
2.79125
3.9125
4.0125
4.54875
4.77625
4.4087499999999995
4.2575
3.22
3.41625
3.0125
3.19
4.73375
3.72875
4.06875
4.09
4.125
4.813750000000001
4.3075
3.46375
2.725
3.4775
3.4725
2.5300000000000002
3.46875
2.1574999999999998
2.49625
3.1275
2.81
2.42
2.365
1.73375
2.3625
3.1475
3.9362500000000002
4.42375
5.22
5.4025
5.0912500000000005
5.08625
4.825
3.92125
4.45625
4.6
3.9850000000000003
5.3325
6.1049999999999995
5.06375
4.41125
3.8825
3.96
4.3525
4.50125
5.2975
5.33625
5.77
6.53
6.29125
5.91625
5.77625
6.09375
6.67625
6.09375
6.0675
5.904999999999999
5.98875
5.4025
5.015
5.016249999999999
6.188750000000001
6.967499999999999
6.985
6.3100000000000005
5.89375
6.99375
6.785
6.555
6.125
6.12375
5.73125
6.2975
8.4
8.936250000000001
8.56375
8.46875
8.1375
7.58125
7.12125
7.41625
7.305
7.32125
7.13875
7.855
7.46375
7.83875
8.47
8.0975
8.15625
8.30125
8.26875
8.5725
7.86625
7.5649999999999995
7.51875
8.13875
8.3625
8.348749999999999
8.90625
9.2825
9.34625
9.175
9.34625
8.7825
9.735
9.31
9.30375
9.11125
9.29125
9.43125
9.43
9.252500000000001
9.62625
10.248750000000001
10.625
10.37875
10.70125
9.99
10.65375
10.67
11.223749999999999
10.95625
11.12125
11.7525
10.72625
10.7325
10.78375
11.34375
11.16875
11.24375
11.965
11.7475
11.19875
11.31875
11.4125
11.49
10.9775
11.06125
10.62625
10.8275
11.705
12.4025
12.11875
12.3675
12.817499999999999
12.46
11.96375
11.23625
11.7475
11.76
12.18625
12.7775
12.96875
12.15375
11.9075
12.3675
12.3025
12.6425
12.665
13.305
12.8975
12.719999999999999
12.66875
12.93375
13.2525
13.26
13.3125
12.9875
13.0
13.54375
13.535
13.4275
13.26875
13.235
13.1325
12.875
13.21625
14.0175
13.926666666666668
13.568888888888889
12.986666666666666
12.272222222222222
12.154444444444444
12.97888888888889
12.84
12.887777777777778
13.357777777777777
13.117777777777778
13.133333333333333
12.984444444444444
13.274444444444445
12.676666666666668
12.261111111111111
12.192222222222222
12.362222222222222
11.994444444444445
12.124444444444444
12.503333333333334
12.533333333333333
12.584444444444445
11.775555555555556
12.461111111111112
12.167777777777777
11.926666666666668
12.11111111111111
12.313333333333334
12.598888888888888
12.775
12.61375
13.105
12.6075
11.19625
11.13875
11.42375
11.965
12.83375
12.5075
12.60625
11.911249999999999
10.83
10.6375
11.94875
11.96875
11.73375
11.62125
12.21875
11.4375
10.502500000000001
10.98375
11.2025
10.67375
10.85625
10.73375
10.26375
10.58875
10.32625
10.6675
10.22875
9.0725
9.83625
9.6625
9.50375
9.665
9.56375
9.64875
9.48
9.69625
9.9
10.145
9.81875
9.348749999999999
9.41
8.76
8.1375
7.80625
7.773750000000001
7.955
7.53125
7.82
7.91125
7.60625
8.1425
8.3425
8.335
9.2
7.93
7.49625
7.880000000000001
8.03375
7.9350000000000005
8.045
7.606249999999999
6.72375
7.11125
6.61375
7.95
7.03125
6.98
5.965
6.53375
6.44125
5.695
4.46125
4.4625
4.50875
5.8175
5.57875
4.5825
6.5125
6.045
6.08125
6.265
5.9725
5.35375
5.1875
7.09875
5.4925
5.78625
6.046250000000001
6.2325
6.04625
5.5625
5.6225000000000005
5.15
6.04125
5.97875
4.915
3.9074999999999998
5.365
5.4575
4.57
3.3925
3.2424999999999997
2.64
3.26375
3.6775
4.07375
4.7825
6.17875
5.21625
2.9925
2.885
2.3875
2.23625
1.9587499999999998
2.62
2.88375
