temperature
3.993913043478261
4.068695652173913
3.9373913043478264
4.238695652173913
4.656086956521739
4.549565217391304
3.7656521739130433
4.202173913043478
4.410869565217391
3.87
3.501304347826087
3.029130434782609
2.650434782608696
2.8708695652173915
3.569565217391304
3.6856521739130432
3.1226086956521737
2.9378260869565214
3.550869565217391
3.773913043478261
4.282608695652174
4.2239130434782615
4.196521739130435
4.240434782608696
4.03304347826087
3.739565217391304
3.676521739130435
3.667391304347826
3.511304347826087
2.9969565217391305
3.0095652173913043
3.3360869565217395
3.8660869565217393
4.118260869565217
4.060869565217391
4.21
4.3417391304347825
4.450869565217391
4.058695652173913
3.617826086956522
3.106521739130435
2.8765217391304345
3.193913043478261
2.958260869565217
2.5095652173913043
2.1917391304347826
2.2286956521739127
2.696086956521739
2.7130434782608694
2.9091304347826084
2.933478260869565
3.4008695652173913
3.7026086956521738
3.970869565217391
3.8943478260869564
3.1608695652173915
3.6447826086956523
4.001739130434783
4.09304347826087
4.28304347826087
4.5486956521739135
4.394347826086956
4.28
4.354347826086957
4.877391304347826
5.117826086956521
4.815652173913044
4.827826086956522
5.083043478260869
5.31695652173913
5.005217391304348
5.220434782608695
4.9308695652173915
5.13304347826087
4.763913043478261
5.124347826086956
5.04304347826087
5.0826086956521745
4.915652173913044
5.085652173913044
5.145652173913043
5.07695652173913
5.192608695652174
5.623913043478261
5.4226086956521735
5.65304347826087
5.434347826086956
5.441739130434782
5.976521739130435
5.838260869565217
6.178181818181818
5.862727272727272
5.084090909090909
5.138636363636364
5.367727272727273
5.565909090909091
5.859999999999999
5.632272727272727
5.747272727272727
6.010909090909092
6.376818181818181
6.96409090909091
6.982272727272728
7.012727272727273
7.129090909090909
7.517727272727272
7.05
6.941818181818181
7.555909090909091
7.274545454545454
7.505000000000001
8.009090909090908
7.935454545454545
7.528181818181818
7.465
7.250909090909091
7.456818181818182
7.265000000000001
7.498181818181819
7.636818181818182
7.795454545454546
7.656363636363636
8.152272727272727
8.41090909090909
8.58181818181818
8.79590909090909
8.80090909090909
9.212727272727273
8.756818181818183
8.690454545454545
9.361818181818181
9.352727272727272
9.754090909090909
9.992272727272727
9.938636363636364
9.747272727272728
10.081818181818182
10.377727272727272
10.219545454545456
10.949545454545454
10.863181818181818
10.645454545454545
10.861818181818181
11.100909090909092
11.23409090909091
11.055454545454545
11.198636363636364
10.648181818181818
10.946818181818182
10.859545454545454
11.034090909090908
11.218636363636364
11.328181818181818
11.702272727272726
11.56409090909091
11.486818181818181
11.30590909090909
11.395
11.626363636363637
11.957727272727272
11.716363636363637
11.835
12.107727272727272
11.80409090909091
11.977727272727272
12.194090909090908
12.664090909090909
12.510000000000002
12.349545454545455
12.928636363636365
13.08090909090909
13.010909090909092
13.04681818181818
12.97181818181818
12.695454545454545
13.215909090909092
13.3
13.191363636363635
13.137727272727272
13.419090909090908
13.67
13.610909090909091
13.684545454545455
14.143181818181818
14.547272727272729
15.031818181818181
14.767727272727273
14.77818181818182
15.09681818181818
14.751363636363635
14.805909090909092
14.908181818181818
14.92
15.064545454545454
14.582272727272727
14.886818181818182
14.634545454545453
14.295
14.117272727272727
14.402727272727274
14.850909090909092
14.795
14.588181818181818
14.511363636363637
14.514545454545454
14.77590909090909
14.987727272727273
15.067272727272728
15.14409090909091
15.262272727272727
15.382272727272728
14.69590909090909
14.313181818181818
14.666363636363638
15.02
14.416363636363638
14.561818181818182
14.502727272727272
14.188181818181818
14.27090909090909
14.758636363636363
14.328636363636365
14.453636363636365
14.710454545454546
14.735909090909091
14.835909090909091
15.145
14.493181818181819
14.268636363636363
14.22409090909091
14.493636363636364
14.805000000000001
14.793181818181818
15.05318181818182
14.20318181818182
14.443181818181818
14.510454545454547
14.494545454545454
14.203636363636365
14.202727272727275
14.195
13.952272727272726
13.65227272727273
13.878181818181817
13.600909090909092
13.52909090909091
13.200454545454546
13.271363636363638
13.151818181818184
13.201818181818181
13.568181818181818
13.216818181818182
12.90227272727273
12.555909090909092
12.659090909090908
12.306818181818182
12.081818181818182
12.362727272727273
12.533181818181818
12.47318181818182
12.24590909090909
11.868181818181819
11.94681818181818
11.94909090909091
11.620454545454546
12.07818181818182
11.882272727272728
11.577727272727273
11.417272727272728
11.343636363636364
11.719999999999999
11.513636363636364
11.402727272727274
11.221739130434784
10.935652173913043
11.063478260869566
11.158260869565217
10.680434782608696
10.595217391304347
10.694347826086956
10.180434782608696
10.630869565217392
10.550434782608695
9.944347826086956
10.061739130434784
9.551304347826088
9.338260869565218
9.348695652173914
9.113478260869567
8.795217391304348
9.011304347826087
9.45695652173913
9.099565217391303
8.639565217391304
8.540869565217392
8.679130434782609
8.82391304347826
8.79
8.954347826086956
8.696521739130436
8.548695652173913
8.14304347826087
8.545217391304348
8.837826086956522
8.558695652173913
8.591304347826087
8.011739130434782
7.661304347826087
7.229565217391304
6.840869565217392
7.666086956521739
7.893913043478261
7.402608695652174
7.459999999999999
7.488695652173914
6.614347826086957
6.005217391304348
5.822608695652175
5.995217391304347
5.933478260869565
6.0252173913043485
6.560434782608695
6.133478260869565
5.412608695652174
5.217826086956522
5.501739130434783
5.986086956521739
6.049565217391305
5.869130434782609
5.338260869565217
5.027391304347826
4.885217391304348
4.489130434782608
4.710869565217391
5.020869565217391
5.181739130434782
5.381304347826087
5.490869565217392
5.38
5.204782608695653
5.249130434782609
4.404347826086957
4.0404347826086955
4.002608695652174
4.398260869565218
4.576086956521739
4.638260869565218
5.0456521739130435
5.4860869565217385
5.043478260869565
4.874347826086956
4.579565217391305
4.567391304347826
4.807391304347826
5.352608695652174
4.463913043478261
5.019130434782609
5.055652173913043
4.985652173913044
5.085652173913044
4.879565217391304
4.692608695652174
4.733478260869566
4.158695652173913
3.9882608695652175
