pet
0.331304347826087
0.21608695652173915
0.4256521739130435
0.348695652173913
0.20434782608695654
0.34913043478260875
0.29739130434782607
0.17347826086956522
0.18956521739130436
0.2995652173913043
0.37
0.3456521739130435
0.32565217391304346
0.30782608695652175
0.2360869565217391
0.26
0.3086956521739131
0.28695652173913044
0.3069565217391304
0.20695652173913043
0.3134782608695652
0.32304347826086954
0.27043478260869563
0.5026086956521739
0.31478260869565217
0.3317391304347826
0.33
0.3647826086956522
0.30478260869565216
0.3765217391304348
0.44347826086956527
0.3704347826086956
0.41086956521739126
0.21956521739130433
0.3517391304347826
0.46173913043478265
0.4091304347826087
0.54
0.49521739130434783
0.3973913043478261
0.5113043478260869
0.41695652173913045
0.3791304347826087
0.5608695652173913
0.5439130434782609
0.47782608695652173
0.5856521739130435
0.3769565217391304
0.47652173913043483
0.5817391304347826
0.47695652173913045
0.5139130434782608
0.5378260869565218
0.6095652173913043
0.6234782608695653
0.54
0.6086956521739131
0.6947826086956522
0.6808695652173913
0.6960869565217392
0.7756521739130434
0.8752173913043478
0.7878260869565218
0.7382608695652174
0.6882608695652174
0.738695652173913
0.7682608695652174
0.82
0.7056521739130435
0.812608695652174
0.8765217391304347
0.8530434782608696
0.9139130434782609
0.9034782608695653
0.8460869565217392
1.05
1.0065217391304346
0.918695652173913
0.9413043478260869
1.0356521739130435
1.212608695652174
1.1130434782608696
1.0973913043478263
1.3013043478260868
1.1708695652173913
1.1904347826086956
1.2847826086956522
1.2343478260869565
1.2391304347826086
1.1986956521739132
1.0840909090909092
1.1954545454545455
1.4386363636363635
1.4563636363636363
1.37
1.545909090909091
1.5413636363636363
1.4472727272727273
1.6295454545454546
1.5409090909090908
1.5722727272727275
1.6245454545454547
1.6859090909090908
2.066818181818182
1.9009090909090909
1.9395454545454547
1.7981818181818183
1.6940909090909093
1.8118181818181818
1.915
1.8918181818181816
2.0086363636363633
1.968181818181818
2.1972727272727273
1.9963636363636363
1.9736363636363636
2.1963636363636363
2.0586363636363636
1.906818181818182
1.8427272727272728
2.0004545454545455
2.3068181818181817
2.1895454545454545
2.2236363636363636
2.164090909090909
2.2104545454545454
2.2504545454545455
2.3654545454545453
2.1818181818181817
2.190909090909091
2.260909090909091
2.3645454545454543
2.4518181818181817
2.680454545454545
2.699090909090909
2.5522727272727272
2.5740909090909088
2.6336363636363633
2.6731818181818183
2.679090909090909
2.4822727272727274
2.5945454545454543
2.475909090909091
2.7590909090909093
2.549090909090909
2.673636363636364
2.756818181818182
2.7618181818181817
2.5404545454545455
2.6081818181818184
2.7713636363636365
2.641363636363636
2.554090909090909
2.7072727272727275
2.833636363636364
2.381818181818182
2.5986363636363636
2.6368181818181817
2.545
2.7809090909090908
2.6113636363636363
2.575909090909091
2.71
2.9004545454545454
2.8886363636363637
3.0327272727272727
3.0545454545454547
2.625909090909091
2.7427272727272727
2.796818181818182
3.122727272727273
2.857727272727273
3.126818181818182
2.710909090909091
2.8231818181818182
2.649090909090909
2.8249999999999997
2.7445454545454546
2.6686363636363635
2.850909090909091
2.9600000000000004
3.0063636363636363
2.975454545454545
3.453181818181818
2.983181818181818
3.097727272727273
3.3590909090909093
3.235
2.924090909090909
2.895
2.7354545454545454
2.9145454545454546
2.7554545454545454
2.8963636363636365
2.727272727272727
2.835909090909091
2.869090909090909
2.838636363636364
2.877727272727273
2.6331818181818183
2.8295454545454546
2.669545454545455
2.695
2.730909090909091
2.5463636363636364
3.0236363636363635
2.8368181818181815
2.731818181818182
2.830909090909091
3.0263636363636364
2.658181818181818
2.5254545454545454
2.813181818181818
2.7036363636363636
2.6136363636363638
2.685
2.4431818181818183
2.4086363636363637
2.3268181818181817
2.492272727272727
2.4231818181818183
2.5645454545454545
2.38
2.4154545454545455
2.2754545454545454
2.138181818181818
2.524090909090909
2.694545454545455
2.380909090909091
2.076363636363636
2.2445454545454546
2.527727272727273
2.234545454545455
2.3036363636363637
2.139090909090909
2.180454545454545
2.0904545454545453
2.2199999999999998
2.276818181818182
2.0986363636363636
1.999090909090909
2.0681818181818183
1.8990909090909092
1.76
1.7977272727272726
2.027727272727273
1.9736363636363636
1.8709090909090909
1.8550000000000002
1.8550000000000002
1.8154545454545454
1.739090909090909
1.7363636363636366
1.7018181818181817
1.6681818181818182
1.614090909090909
1.4268181818181818
1.4004545454545454
1.3527272727272728
1.3704545454545454
1.27
1.3636363636363635
1.4031818181818183
1.2259090909090908
1.3718181818181818
1.16
1.1495454545454544
1.0981818181818181
1.0681818181818181
1.0454545454545454
1.030909090909091
1.02
0.9722727272727273
1.1669565217391304
1.0269565217391305
0.9356521739130435
0.9334782608695652
0.8782608695652173
0.9404347826086956
0.9469565217391305
0.964782608695652
0.7691304347826088
0.6891304347826087
0.8708695652173913
0.7304347826086957
0.7460869565217392
0.7434782608695653
0.6456521739130434
0.7408695652173912
0.7578260869565218
0.681304347826087
0.7030434782608697
0.6630434782608695
0.6504347826086956
0.6760869565217391
0.5573913043478261
0.6169565217391305
0.5308695652173914
0.4943478260869565
0.5043478260869565
0.527391304347826
0.5421739130434783
0.41695652173913045
0.4047826086956522
0.3617391304347826
0.35130434782608694
0.4826086956521739
0.42913043478260876
0.43086956521739134
0.4134782608695652
0.3547826086956522
0.3456521739130435
0.5304347826086956
0.42
0.3365217391304348
0.41391304347826086
0.4856521739130435
0.3517391304347826
0.43869565217391304
0.25608695652173913
0.43217391304347824
0.2952173913043478
0.3721739130434783
0.31478260869565217
0.2982608695652174
0.45478260869565224
0.22826086956521738
0.3939130434782609
0.3691304347826087
0.2617391304347826
0.2082608695652174
0.24043478260869566
0.24130434782608695
0.12913043478260872
0.1865217391304348
0.23782608695652172
0.25521739130434784
0.21521739130434783
0.1782608695652174
0.22260869565217392
0.23695652173913045
0.25521739130434784
0.24608695652173915
0.22391304347826088
0.30434782608695654
0.29217391304347823
0.26782608695652177
0.23956521739130435
0.20130434782608694
0.24304347826086956
0.3134782608695652
0.3178260869565217
0.2473913043478261
0.25956521739130434
0.2734782608695652
0.2365217391304348
0.3056521739130435
0.1956521739130435
0.2165217391304348
0.1817391304347826
0.27869565217391307
0.21739130434782608
0.25
0.2452173913043478
0.18869565217391304
