temperature
4.053478260869565
4.100869565217391
4.041304347826087
4.303913043478261
4.681304347826087
4.986086956521739
3.9365217391304346
4.397826086956522
4.665217391304347
4.265652173913043
3.9817391304347827
3.0782608695652174
2.8004347826086957
3.0221739130434786
3.7943478260869563
3.9908695652173916
3.496521739130435
3.0621739130434777
3.7169565217391303
4.014782608695652
4.484782608695652
4.6
4.842173913043479
4.6039130434782605
4.229565217391304
4.038695652173913
3.9956521739130437
4.13
3.91
3.281304347826087
3.2143478260869567
3.7343478260869567
4.045217391304348
4.341304347826087
4.231304347826087
4.684347826086956
5.008695652173913
4.9073913043478266
4.427391304347826
3.9269565217391302
3.2934782608695654
3.1978260869565216
3.5204347826086955
3.3065217391304347
2.6404347826086956
2.4117391304347824
2.4617391304347827
3.002173913043478
3.1608695652173915
3.3108695652173914
3.367391304347826
3.9391304347826086
4.259130434782608
4.444347826086957
4.322173913043478
3.364347826086956
3.8943478260869564
4.282173913043478
4.533478260869565
4.927826086956522
5.15695652173913
5.081304347826087
4.89304347826087
4.850869565217391
5.151739130434782
5.69695652173913
5.421739130434783
5.4882608695652175
5.796956521739131
6.09695652173913
5.6295652173913036
5.816521739130435
5.7004347826086965
5.890434782608695
5.49
5.988695652173914
5.916086956521739
6.102173913043478
5.841739130434783
5.948695652173913
6.144347826086956
5.858695652173913
6.149130434782609
6.5804347826086955
6.180000000000001
6.579565217391305
6.349130434782609
6.25
6.625217391304347
6.502173913043479
7.1481818181818175
7.115
6.144090909090909
5.944090909090909
6.027272727272727
6.165909090909091
6.766363636363636
6.754545454545454
6.6877272727272725
6.961818181818182
7.34
7.799090909090908
7.8127272727272725
7.885909090909092
8.072727272727272
8.452727272727273
7.784090909090909
7.671818181818182
8.459545454545454
8.305454545454545
8.249090909090908
9.153636363636364
8.955
8.376818181818182
8.354545454545455
8.033636363636363
8.338636363636363
8.22
8.340909090909092
8.524090909090908
9.040454545454544
8.801363636363636
9.183636363636364
9.382272727272728
9.606363636363637
9.920454545454545
9.950000000000001
10.475909090909092
10.141818181818183
10.120454545454546
10.609545454545454
10.492727272727272
11.04590909090909
11.154545454545454
11.24909090909091
11.002727272727272
11.321363636363635
11.375454545454545
11.555454545454545
12.214090909090908
11.94
11.73
12.072727272727274
12.171363636363635
12.460909090909091
12.440454545454545
12.44090909090909
11.80409090909091
12.076363636363636
12.22409090909091
12.34909090909091
12.588181818181818
12.689090909090908
13.04
12.715909090909092
12.65227272727273
12.689545454545454
12.728181818181817
12.997727272727273
13.386818181818182
13.02
13.209545454545456
13.35409090909091
13.300454545454546
13.770454545454545
13.713636363636363
13.955454545454545
13.946363636363635
13.488636363636363
14.268181818181818
14.41590909090909
14.396818181818183
14.551363636363636
14.331818181818182
14.331363636363637
14.610909090909091
14.942272727272728
14.8
14.674545454545454
14.93
15.191818181818183
15.135909090909092
15.270454545454545
15.329545454545455
15.957272727272727
16.761363636363637
16.549545454545456
16.39727272727273
16.611363636363635
16.375
16.353181818181817
16.39
16.21318181818182
16.586818181818185
16.21818181818182
16.55090909090909
16.040454545454544
15.708181818181817
15.811363636363637
15.920454545454545
16.476363636363637
16.215454545454545
16.077272727272728
16.028181818181817
15.84681818181818
16.082272727272727
16.541818181818183
16.513636363636365
16.749545454545455
16.819090909090907
16.951818181818183
16.73590909090909
16.165454545454544
16.170909090909092
16.629545454545454
16.105
16.064545454545456
15.942727272727273
15.697272727272725
16.01181818181818
16.39363636363636
16.22
15.977727272727272
16.134999999999998
16.186363636363637
16.607727272727274
16.878636363636364
16.189090909090908
15.821363636363635
15.696363636363635
15.93409090909091
16.259545454545453
16.217727272727274
16.31681818181818
15.244545454545454
15.55
15.625454545454545
15.80409090909091
15.404545454545454
15.509090909090908
15.456818181818182
15.211363636363638
14.844545454545454
15.107272727272727
14.846363636363636
14.677272727272726
14.34909090909091
14.431363636363637
14.164090909090909
14.349545454545455
14.515909090909092
14.474545454545455
14.218636363636364
13.714090909090908
13.886818181818182
13.400454545454545
12.914545454545454
13.453636363636365
13.495454545454544
13.698636363636364
13.408181818181818
13.166363636363638
12.971363636363636
13.117272727272727
12.687272727272727
12.983181818181817
12.833181818181817
12.81
12.55
12.59772727272727
12.549545454545456
12.376818181818182
12.47318181818182
12.240434782608697
11.811739130434784
11.856521739130434
12.001739130434784
11.667826086956522
11.281739130434783
11.269130434782609
10.751304347826087
11.48782608695652
11.522608695652172
10.922608695652174
10.857391304347827
10.5
9.944347826086956
10.198695652173912
9.667826086956522
9.45
9.867391304347827
10.337391304347825
9.754782608695653
9.405217391304348
9.117391304347825
9.120434782608696
9.417826086956522
9.314347826086957
9.62782608695652
9.51304347826087
9.084782608695651
8.528695652173912
8.944782608695652
9.449565217391305
9.32695652173913
9.264347826086956
8.631739130434783
7.790000000000001
7.521739130434782
7.118695652173913
8.002608695652174
8.48
7.988695652173914
7.859565217391305
8.035217391304348
6.92608695652174
6.358260869565218
6.033043478260869
6.2247826086956515
6.260434782608696
6.337826086956523
6.97304347826087
6.563478260869566
5.716956521739131
5.506521739130435
5.73304347826087
6.219565217391305
6.278695652173913
6.057391304347826
5.396521739130435
5.138695652173913
4.866086956521739
4.434347826086956
4.613913043478261
5.238260869565217
5.4173913043478255
5.76695652173913
5.748695652173913
5.756086956521739
5.4
5.623913043478261
4.789565217391305
4.345652173913043
4.01608695652174
4.502173913043478
4.588260869565217
4.550434782608695
5.063478260869566
5.586956521739131
5.145652173913043
5.274782608695652
4.974347826086956
4.716086956521739
5.01
5.738260869565217
5.002173913043478
5.346521739130435
5.383913043478261
5.252173913043478
5.214347826086956
5.294782608695653
4.922173913043478
5.015652173913043
4.142173913043478
3.8373913043478263
