temperature
3.563913043478261
3.640434782608696
3.323478260869565
3.572173913043478
3.6904347826086954
4.320434782608696
3.215217391304348
3.683478260869565
4.109565217391304
4.138260869565218
3.7399999999999998
2.86
2.783478260869565
2.9213043478260867
3.4113043478260865
3.6565217391304343
3.0778260869565215
2.4091304347826084
3.0643478260869568
3.2726086956521736
3.8378260869565217
4.141739130434783
4.263478260869565
4.013478260869565
3.5491304347826085
3.536521739130435
3.1978260869565216
3.3256521739130434
3.387391304347826
3.0813043478260873
2.993913043478261
3.1982608695652175
3.3530434782608696
3.6852173913043482
3.763913043478261
4.294347826086956
4.678695652173913
4.415652173913044
4.046086956521739
3.5808695652173914
2.9526086956521738
2.760869565217391
3.0600000000000005
2.71
2.1030434782608696
1.951304347826087
2.0430434782608695
2.5817391304347828
2.856956521739131
2.9395652173913045
2.926086956521739
3.5256521739130435
3.9904347826086957
4.082173913043478
4.098260869565217
3.4026086956521735
3.7643478260869565
3.756086956521739
3.9956521739130437
4.532608695652174
4.7760869565217385
4.8652173913043475
4.664782608695653
4.903913043478261
5.022608695652174
5.538260869565217
5.608260869565218
5.5343478260869565
5.849565217391304
6.24304347826087
5.80913043478261
5.792608695652174
5.642608695652174
5.671304347826087
5.353478260869565
6.067826086956522
6.219130434782608
6.2730434782608695
6.033913043478261
6.1673913043478255
6.122608695652174
5.799130434782609
6.290869565217391
6.632608695652174
6.180000000000001
6.600869565217391
6.15391304347826
6.130869565217391
6.332173913043477
6.36695652173913
7.547727272727273
7.449090909090909
6.273636363636364
5.905
5.927727272727273
6.1
6.749545454545455
6.608181818181818
6.540909090909091
7.116363636363636
7.445454545454546
7.854545454545455
7.498181818181819
7.668181818181818
8.073636363636364
8.264090909090909
7.6431818181818185
7.694999999999999
8.389545454545454
8.416363636363636
8.211818181818181
9.085454545454546
8.534999999999998
7.859999999999999
7.970454545454545
7.883636363636364
7.870454545454546
8.055
8.328181818181818
8.742727272727272
9.134090909090908
8.952272727272726
9.19409090909091
9.17818181818182
9.525
9.877272727272727
10.061363636363636
11.000454545454545
10.611363636363636
10.533181818181818
10.53590909090909
10.581363636363635
11.448636363636364
10.990454545454545
11.437272727272727
11.395
11.224545454545455
11.157272727272728
11.704545454545455
12.245454545454544
11.985909090909091
11.765454545454544
12.148636363636363
12.049545454545454
12.250454545454545
12.507272727272728
12.260000000000002
11.965454545454547
12.125
12.329545454545455
12.643181818181818
13.22090909090909
13.109090909090908
13.238181818181818
13.121818181818183
13.069545454545453
13.266818181818183
13.247272727272728
13.395454545454545
13.510909090909092
13.400454545454545
13.487272727272728
13.551363636363636
13.951363636363636
14.371818181818183
13.889999999999999
13.991363636363637
14.229545454545455
13.683636363636365
14.451363636363636
14.533636363636363
14.43909090909091
14.556363636363637
14.395
14.594545454545454
14.928636363636365
15.309545454545455
15.057272727272727
15.033636363636363
15.219545454545454
15.561818181818182
15.742272727272727
15.92818181818182
15.399090909090908
15.843636363636364
16.80727272727273
16.907272727272726
16.84318181818182
17.13090909090909
16.814545454545456
16.61318181818182
16.907727272727275
16.18136363636364
16.68045454545455
16.865909090909092
16.991363636363637
16.37818181818182
16.329545454545453
16.292272727272728
16.24909090909091
16.942272727272726
16.364545454545453
16.398636363636363
16.497272727272726
16.05727272727273
16.33590909090909
16.907272727272726
16.901363636363637
17.23818181818182
17.46181818181818
17.58
17.595909090909092
17.03409090909091
16.875
17.114545454545453
17.132272727272728
16.797727272727272
16.792272727272728
16.277727272727272
16.86318181818182
16.994545454545456
16.95590909090909
16.71818181818182
16.694090909090907
16.921363636363637
17.725454545454543
17.921363636363637
17.10636363636364
16.461363636363636
16.456363636363637
16.674090909090907
16.878636363636364
16.88090909090909
16.593636363636364
15.575909090909091
15.722272727272726
15.87409090909091
16.081363636363637
15.428636363636365
15.929545454545455
16.276818181818182
15.961818181818183
15.091818181818182
15.753181818181817
15.498181818181818
15.390909090909092
15.04
14.984090909090908
14.643181818181818
14.771363636363638
14.960909090909091
14.931363636363637
14.913181818181817
14.260909090909092
14.340000000000002
13.72181818181818
13.32
13.79409090909091
13.854090909090907
14.346363636363636
14.005
13.52727272727273
13.491818181818182
13.649545454545454
13.368636363636364
13.44909090909091
13.081363636363637
12.905000000000001
12.974545454545455
12.97909090909091
12.869545454545454
12.960909090909091
13.02818181818182
12.62782608695652
12.257391304347827
12.109130434782609
12.260434782608696
12.135652173913044
11.727391304347828
11.343913043478262
11.029565217391305
11.77
11.831304347826087
11.299999999999999
11.128695652173914
11.083478260869565
10.0
10.27695652173913
9.748260869565218
9.67695652173913
10.090434782608696
10.441304347826087
9.751739130434782
9.107826086956521
9.268260869565218
9.203043478260868
9.74391304347826
9.407391304347826
9.47
9.630434782608695
9.113043478260868
8.60086956521739
8.712173913043477
9.247391304347826
9.04
8.901739130434782
8.68608695652174
7.532173913043478
7.4543478260869565
6.904347826086957
7.527391304347826
8.105652173913043
7.7156521739130435
7.468260869565218
7.829130434782608
6.538260869565217
6.11
5.568260869565217
5.825652173913044
5.9943478260869565
5.869130434782609
6.366086956521738
6.1808695652173915
5.321304347826087
4.973478260869565
5.437391304347826
5.98391304347826
5.877826086956522
5.806956521739131
5.098695652173913
4.786521739130435
4.38304347826087
3.9400000000000004
3.997391304347826
4.708260869565217
4.892608695652174
5.340434782608695
5.418260869565217
5.576521739130435
4.864782608695652
4.727391304347826
4.394782608695652
4.14695652173913
3.68304347826087
3.8795652173913044
3.9482608695652175
3.9243478260869566
4.335217391304348
4.765652173913043
4.602173913043478
4.548260869565217
4.498260869565217
4.317391304347826
4.61
5.338260869565217
4.724347826086956
4.825217391304348
4.820434782608696
4.935217391304348
4.521739130434782
4.772608695652174
4.670434782608695
4.65
3.4930434782608697
3.2195652173913043
