pet
0.20454545454545456
0.22227272727272726
0.315
0.26545454545454544
0.1918181818181818
0.19772727272727275
0.27545454545454545
0.21909090909090911
0.27181818181818185
0.2959090909090909
0.2831818181818182
0.3563636363636364
0.2659090909090909
0.2827272727272727
0.3018181818181818
0.22863636363636364
0.27499999999999997
0.24454545454545454
0.2990909090909091
0.2786363636363636
0.2727272727272727
0.28545454545454546
0.24863636363636363
0.3245454545454545
0.30363636363636365
0.32
0.34
0.3690909090909091
0.3040909090909091
0.34454545454545454
0.355
0.37000000000000005
0.38227272727272726
0.3981818181818182
0.3895454545454546
0.3686363636363636
0.4168181818181818
0.39909090909090905
0.46136363636363636
0.44727272727272727
0.36954545454545457
0.37863636363636366
0.4168181818181818
0.42136363636363633
0.4290909090909091
0.5159090909090909
0.49863636363636366
0.385
0.42181818181818187
0.5172727272727272
0.5522727272727272
0.5613636363636364
0.6040909090909091
0.6072727272727273
0.5586363636363636
0.6163636363636363
0.6327272727272727
0.6195454545454546
0.6363636363636364
0.6322727272727273
0.6872727272727273
0.5977272727272728
0.7045454545454546
0.7263636363636364
0.7636363636363637
0.7818181818181817
0.805
0.8159090909090909
0.8977272727272727
0.875
0.8822727272727273
0.890909090909091
0.8622727272727272
0.8809090909090909
0.8472727272727273
0.95
0.9836363636363636
1.0318181818181817
0.9422727272727273
1.011818181818182
0.9431818181818182
1.0318181818181817
0.9854545454545455
1.0004545454545453
1.0813636363636363
1.079090909090909
1.106818181818182
1.1795454545454545
1.0863636363636362
1.2486363636363635
1.2891304347826087
1.3208695652173912
1.1591304347826088
1.2508695652173913
1.4039130434782607
1.452173913043478
1.3356521739130434
1.3930434782608696
1.3621739130434782
1.5621739130434782
1.4295652173913045
1.432608695652174
1.423913043478261
1.5095652173913043
1.5569565217391306
1.666086956521739
1.624782608695652
1.5334782608695654
1.5934782608695652
1.6765217391304348
1.6882608695652173
1.5569565217391306
1.7682608695652176
1.7191304347826086
1.6369565217391304
1.7091304347826088
1.7621739130434784
1.7517391304347825
1.9700000000000002
1.8626086956521741
1.9617391304347824
2.02
2.158695652173913
2.0982608695652174
1.9317391304347826
2.0530434782608693
2.115217391304348
2.1221739130434782
2.1365217391304347
2.1034782608695655
2.15695652173913
2.134782608695652
2.1095652173913044
2.1847826086956523
2.0404347826086955
2.023913043478261
2.022173913043478
2.2095652173913045
2.1691304347826086
2.0843478260869563
2.2713043478260873
2.339565217391304
2.5213043478260873
2.5965217391304347
2.510869565217391
2.470869565217391
2.1817391304347824
2.3504347826086955
2.3352173913043477
2.5404347826086955
2.716086956521739
2.5182608695652173
2.4017391304347826
2.5095652173913043
2.255652173913043
2.4586956521739127
2.3004347826086957
2.606521739130435
2.5478260869565217
2.573478260869565
2.5882608695652176
2.594782608695652
2.3882608695652174
2.3208695652173916
2.4339130434782605
2.4095652173913042
2.4995652173913046
2.582173913043478
2.5460869565217394
2.5630434782608695
2.8152173913043477
2.5856521739130436
2.513913043478261
2.59695652173913
2.5395652173913046
2.4321739130434783
2.737391304347826
2.5491304347826085
2.7617391304347825
2.7095652173913045
2.393913043478261
2.509130434782609
2.4456521739130435
2.496521739130435
2.4408695652173913
2.5591304347826087
2.3460869565217393
2.449130434782609
2.4982608695652173
2.72
2.4682608695652175
2.6230434782608696
2.5052173913043476
2.5852173913043477
2.6208695652173915
2.6656521739130437
2.732608695652174
2.553913043478261
2.6082608695652176
2.3995652173913045
2.426086956521739
2.4439130434782608
2.597391304347826
2.512608695652174
2.55
2.47
2.432608695652174
2.5765217391304347
2.3308695652173914
2.2804347826086957
2.433478260869565
2.25
2.17
2.3369565217391304
2.4391304347826086
2.2491304347826087
2.3130434782608695
2.186086956521739
2.0804347826086955
2.2169565217391303
2.2021739130434783
1.9473913043478261
1.9604347826086959
1.9882608695652173
2.028695652173913
1.8591304347826085
2.1691304347826086
2.1091304347826085
2.106521739130435
1.822608695652174
2.0252173913043476
1.9830434782608695
1.9821739130434783
2.0704347826086957
1.7904347826086957
1.8317391304347828
1.7156521739130435
1.818695652173913
1.8017391304347825
1.7760869565217392
1.8886956521739129
1.693913043478261
1.6352173913043477
1.643478260869565
1.6539130434782607
1.5091304347826087
1.666086956521739
1.5339130434782609
1.4660869565217391
1.568695652173913
1.4917391304347827
1.4495652173913045
1.4791304347826089
1.3708695652173915
1.3734782608695653
1.3943478260869566
1.358695652173913
1.2839130434782609
1.261304347826087
1.2186956521739132
1.1765217391304348
1.183913043478261
1.17
1.1991304347826086
1.2182608695652173
1.0969565217391304
1.0521739130434782
0.9808695652173912
1.0156521739130435
0.8969565217391304
0.9434782608695652
0.9126086956521738
0.9173913043478261
0.9481818181818181
0.8322727272727274
0.9159090909090909
0.9381818181818182
0.9
0.8913636363636364
0.8495454545454546
0.7604545454545455
0.7877272727272726
0.8313636363636363
0.7104545454545454
0.6395454545454545
0.56
0.5359090909090909
0.5377272727272727
0.5413636363636364
0.5945454545454546
0.6240909090909091
0.5781818181818182
0.5472727272727272
0.5181818181818182
0.4768181818181818
0.4668181818181818
0.5154545454545455
0.6054545454545455
0.5772727272727273
0.5690909090909091
0.5159090909090909
0.4418181818181818
0.48454545454545456
0.4872727272727273
0.44090909090909086
0.405
0.4163636363636364
0.35000000000000003
0.34590909090909094
0.34181818181818185
0.3613636363636364
0.3331818181818182
0.34545454545454546
0.2559090909090909
0.3440909090909091
0.3059090909090909
0.31272727272727274
0.3290909090909091
0.2259090909090909
0.24636363636363637
0.2645454545454546
0.27954545454545454
0.2
0.2590909090909091
0.245
0.17545454545454545
0.2290909090909091
0.2409090909090909
0.24227272727272728
0.23136363636363635
0.23318181818181818
0.20863636363636362
0.22045454545454543
0.25227272727272726
0.23636363636363636
0.18545454545454546
0.25772727272727275
0.20454545454545456
0.2690909090909091
0.25681818181818183
0.29090909090909095
0.23272727272727273
0.23954545454545453
0.2559090909090909
0.17227272727272727
0.16363636363636364
0.18363636363636363
0.255
0.2459090909090909
0.2318181818181818
0.23363636363636367
0.1322727272727273
0.1459090909090909
0.16863636363636364
0.21409090909090908
0.16818181818181818
0.16545454545454547
0.2913636363636364
0.22090909090909092
0.17727272727272728
0.17500000000000002
0.17045454545454544
0.16318181818181818
0.1690909090909091
0.1922727272727273
