pet
0.39384615384615385
0.4238461538461538
0.3515384615384616
0.29538461538461536
0.31153846153846154
0.30846153846153845
0.4776923076923077
0.3423076923076923
0.35923076923076924
0.3738461538461539
0.4346153846153846
0.30230769230769233
0.33615384615384614
0.3915384615384615
0.5084615384615385
0.34769230769230763
0.37307692307692303
0.30692307692307697
0.3046153846153846
0.43615384615384617
0.3523076923076923
0.30692307692307697
0.35461538461538467
0.34769230769230763
0.4238461538461538
0.44307692307692303
0.48384615384615387
0.6515384615384616
0.5415384615384615
0.4676923076923077
0.556923076923077
0.573076923076923
0.48615384615384616
0.4046153846153846
0.5784615384615385
0.5346153846153846
0.5107692307692308
0.5546153846153846
0.6161538461538462
0.4584615384615385
0.4030769230769231
0.5107692307692308
0.5846153846153846
0.573076923076923
0.6184615384615384
0.6115384615384616
0.5315384615384615
0.5584615384615385
0.6223076923076923
0.6676923076923077
0.6799999999999999
0.8084615384615385
0.74
0.6353846153846153
0.6415384615384615
0.7138461538461538
0.8607692307692307
0.696923076923077
0.7861538461538462
0.8153846153846154
0.8546153846153846
0.8953846153846154
0.9092307692307693
0.9223076923076923
0.9276923076923077
0.9184615384615384
1.0715384615384616
1.0769230769230769
1.1115384615384616
0.9530769230769232
0.9492307692307692
1.0338461538461539
1.0176923076923077
0.9815384615384615
0.9061538461538462
1.1407692307692308
1.1753846153846153
1.3069230769230769
1.3146153846153845
1.133846153846154
1.3253846153846154
1.436923076923077
1.2569230769230768
1.4553846153846155
1.4661538461538461
1.3653846153846154
1.2684615384615383
1.2484615384615385
1.4546153846153846
1.6023076923076924
1.533076923076923
1.7769230769230768
1.4838461538461538
1.6746153846153846
1.5084615384615385
1.6707692307692308
1.7676923076923077
2.022307692307692
1.8176923076923077
1.8253846153846154
1.8053846153846154
1.8476923076923077
1.6446153846153846
1.81
1.7823076923076924
2.2176923076923076
2.083846153846154
2.5646153846153847
2.1684615384615387
2.1076923076923078
2.1546153846153846
1.9076923076923078
2.0461538461538464
1.7284615384615383
1.8253846153846154
1.9346153846153844
2.1361538461538463
2.086153846153846
1.9407692307692308
1.9153846153846152
2.080769230769231
2.1569230769230767
2.289230769230769
2.169230769230769
2.0907692307692307
1.9353846153846155
2.3223076923076924
2.023076923076923
2.186923076923077
1.8784615384615384
2.396153846153846
2.520769230769231
2.37
2.3146153846153847
2.1923076923076925
2.243076923076923
2.249230769230769
2.2357142857142858
2.290714285714286
2.245
2.3464285714285715
2.5235714285714286
2.6885714285714286
2.7128571428571426
2.579285714285714
2.5092857142857143
2.498571428571428
2.4857142857142853
2.4899999999999998
2.91
2.897142857142857
2.5685714285714285
2.642857142857143
2.9785714285714286
3.037142857142857
2.765
2.644285714285714
2.837857142857143
3.235
3.1807142857142856
2.8521428571428573
2.7478571428571428
2.5450000000000004
2.792857142857143
2.887857142857143
2.8278571428571433
2.982142857142857
2.6607142857142856
2.690714285714286
2.781428571428571
3.0028571428571427
2.762857142857143
2.6792857142857143
3.1421428571428573
3.0335714285714284
2.7835714285714284
2.882142857142857
2.6550000000000002
2.6335714285714285
2.8842857142857143
2.637857142857143
2.7792857142857144
2.565
2.8207142857142857
2.63
2.3407142857142857
2.6550000000000002
2.6714285714285713
2.4957142857142856
2.915
2.6092857142857144
2.9985714285714287
2.682142857142857
2.7857142857142856
3.1078571428571427
2.6671428571428573
2.529285714285714
2.85
2.7064285714285714
2.7049999999999996
2.5864285714285713
2.9057142857142857
2.527142857142857
2.5435714285714286
2.7035714285714287
2.9828571428571427
2.3964285714285714
2.459285714285714
2.5
2.2835714285714284
2.373571428571428
2.087857142857143
2.1064285714285713
2.7607142857142857
2.710714285714286
2.0507142857142857
2.3528571428571428
2.2035714285714287
2.585
2.7857142857142856
2.415
2.0814285714285714
2.5007142857142854
2.43
1.977857142857143
1.9100000000000001
2.2478571428571428
2.3042857142857143
1.9542857142857142
1.8871428571428572
1.9535714285714285
1.9642857142857142
1.9542857142857142
2.1392857142857142
2.0342857142857143
1.967857142857143
1.82
1.787857142857143
2.047142857142857
1.9785714285714284
1.8164285714285715
1.6185714285714285
2.0385714285714287
2.097857142857143
1.9007142857142856
1.8499999999999999
1.8578571428571429
1.5385714285714285
1.7850000000000001
1.932142857142857
1.7
1.7814285714285716
1.8085714285714285
1.5728571428571427
1.7607142857142857
1.6135714285714287
1.6821428571428572
1.6914285714285715
1.750714285714286
1.6171428571428572
1.412857142857143
1.4414285714285715
1.3078571428571428
1.47
1.3900000000000001
1.342857142857143
1.4057142857142857
1.397142857142857
1.1828571428571428
1.1921428571428572
1.1764285714285714
1.2100000000000002
1.1364285714285713
1.0676923076923077
1.0515384615384615
1.0415384615384615
1.116153846153846
1.0184615384615385
1.0876923076923077
1.07
0.9976923076923078
0.8776923076923077
0.9684615384615385
0.9138461538461538
0.8607692307692307
0.6984615384615385
0.7546153846153847
0.8153846153846154
0.7615384615384616
0.893846153846154
0.8461538461538461
0.943076923076923
0.8200000000000001
0.8338461538461538
0.83
0.7984615384615386
0.5884615384615385
0.7576923076923077
0.7669230769230769
0.6984615384615385
0.63
0.6069230769230769
0.4553846153846154
0.49769230769230777
0.5953846153846154
0.5915384615384616
0.6984615384615385
0.5223076923076924
0.4969230769230769
0.4523076923076923
0.6107692307692307
0.5692307692307692
0.47692307692307695
0.46076923076923076
0.5661538461538462
0.4730769230769231
0.46307692307692305
0.6192307692307691
0.3346153846153846
0.33615384615384614
0.32769230769230767
0.4146153846153846
0.4269230769230769
0.34076923076923077
0.34076923076923077
0.33999999999999997
0.38769230769230767
0.35076923076923083
0.39384615384615385
0.3830769230769231
0.29846153846153844
0.39384615384615385
0.3861538461538462
0.3438461538461538
0.3930769230769231
0.4846153846153846
0.42615384615384616
0.31923076923076926
0.5230769230769231
0.33076923076923076
0.5469230769230768
0.44
0.29692307692307696
0.37461538461538463
0.24769230769230768
0.22307692307692312
0.33999999999999997
0.3807692307692308
0.26692307692307693
0.2492307692307692
0.2723076923076923
0.35076923076923083
0.25461538461538463
0.29615384615384616
0.19846153846153847
0.25
0.2530769230769231
0.3353846153846154
0.2023076923076923
0.2776923076923077
0.48307692307692307
0.3284615384615384
0.3038461538461539
0.22307692307692306
0.38923076923076927
