temperature
6.688461538461539
5.583076923076923
5.576923076923077
4.853076923076923
5.636153846153846
5.101538461538462
5.833846153846154
5.688461538461539
5.7784615384615385
6.69076923076923
6.036153846153846
6.7700000000000005
6.298461538461538
5.796923076923077
7.356923076923077
6.59076923076923
6.478461538461539
6.398461538461539
6.229230769230769
5.916153846153846
5.533076923076923
5.453846153846154
4.817692307692308
5.017692307692308
5.346923076923076
5.177692307692308
5.110769230769231
5.103076923076923
4.735384615384616
4.148461538461539
4.352307692307692
4.751538461538461
4.492307692307692
4.443846153846154
5.403846153846154
5.643846153846154
5.009230769230769
5.105384615384616
4.7
4.550769230769231
4.753076923076923
5.223846153846154
5.524615384615384
5.696923076923077
5.26
5.432307692307693
4.937692307692307
5.343076923076923
5.235384615384616
5.077692307692308
4.659230769230769
5.0407692307692304
5.443076923076924
5.602307692307692
5.840769230769231
5.724615384615385
5.723076923076923
5.381538461538461
5.331538461538462
4.944615384615385
4.586923076923076
4.659230769230769
4.984615384615385
5.003846153846154
5.6692307692307695
6.254615384615385
6.766153846153847
6.945384615384616
6.586153846153847
6.055384615384615
6.032307692307692
5.423076923076923
5.822307692307692
7.1184615384615375
6.93076923076923
7.44923076923077
6.554615384615384
6.177692307692308
6.662307692307692
6.858461538461539
6.916153846153846
6.916153846153846
6.8961538461538465
7.6
7.794615384615384
7.226153846153846
7.363076923076923
7.80076923076923
8.008461538461539
8.042307692307691
8.134615384615385
8.664615384615384
7.740769230769231
7.532307692307692
7.3853846153846145
7.9653846153846155
7.265384615384615
7.2869230769230775
7.506153846153846
7.822307692307692
7.886923076923077
8.30076923076923
8.685384615384615
9.31
9.257692307692308
9.421538461538463
9.076923076923077
9.127692307692307
8.24
8.646923076923077
9.467692307692307
9.692307692307692
9.971538461538461
10.033846153846154
10.176923076923078
9.88076923076923
9.778461538461539
9.785384615384617
9.566923076923077
9.62923076923077
9.876923076923077
10.233846153846153
10.052307692307693
10.243846153846153
10.39076923076923
10.364615384615385
10.665384615384616
10.353846153846153
10.304615384615385
10.542307692307693
11.01076923076923
10.617692307692307
10.399230769230769
10.176923076923078
10.333846153846155
10.612307692307693
10.96923076923077
11.147857142857143
11.100714285714286
11.147857142857143
11.41642857142857
11.40857142857143
11.475714285714286
11.751428571428573
11.962142857142856
11.796428571428573
11.765
11.663571428571428
12.077142857142857
12.650714285714287
12.582857142857142
12.745000000000001
13.747857142857143
13.750714285714285
13.349285714285715
13.098571428571429
13.142142857142858
12.949285714285713
13.710714285714285
13.555714285714286
13.682142857142859
13.732142857142858
13.492142857142856
13.185714285714285
13.740714285714287
13.823571428571428
14.026428571428571
14.272857142857143
14.19357142857143
14.167142857142858
13.665000000000001
13.625714285714285
14.042857142857143
14.167142857142858
13.929285714285713
14.377142857142857
14.607142857142858
14.537142857142856
14.59142857142857
14.969285714285714
15.122142857142858
15.242142857142856
14.889285714285714
15.069285714285714
14.905714285714286
14.395714285714286
14.210714285714285
14.630714285714285
14.724285714285713
14.874285714285715
15.489285714285714
15.192142857142857
15.24
15.554285714285713
15.995000000000001
16.06142857142857
15.889285714285714
15.723571428571429
16.000714285714285
16.09357142857143
15.562857142857142
15.642142857142858
15.429285714285715
15.562857142857142
15.727857142857143
16.517142857142858
16.197857142857142
15.884285714285713
15.917857142857143
15.647857142857143
15.070714285714287
15.047857142857142
15.607142857142858
15.804285714285713
16.004285714285714
16.084285714285716
16.45357142857143
15.707142857142857
15.641428571428571
15.671428571428573
15.827142857142858
15.775
15.890714285714285
15.78857142857143
15.361428571428572
15.308571428571428
15.254285714285714
15.207857142857142
15.359285714285715
15.179285714285713
14.875714285714285
15.125714285714285
15.157857142857143
15.660714285714286
15.235
14.752857142857142
14.800714285714287
15.295
14.997142857142858
14.88642857142857
14.51
14.623571428571427
14.67357142857143
14.087857142857143
14.297142857142857
15.035714285714286
14.763571428571428
14.977857142857143
14.959285714285715
14.357857142857142
14.257142857142856
14.522857142857143
15.221428571428572
15.015
14.655714285714286
14.512142857142857
13.99
13.610714285714286
13.27
13.229285714285714
13.312142857142858
13.872142857142858
14.097142857142858
14.154285714285715
13.635
13.312142857142858
12.752857142857142
12.43857142857143
12.71642857142857
12.772142857142857
13.375
13.367857142857144
13.680714285714286
13.833076923076922
13.165384615384616
12.95923076923077
11.953076923076924
12.125384615384615
12.7
12.014615384615384
12.623846153846156
12.577692307692306
12.62076923076923
12.44846153846154
12.005384615384616
11.263846153846155
11.237692307692308
11.32076923076923
11.603846153846153
10.774615384615384
10.806923076923077
10.432307692307692
10.208461538461538
10.720769230769232
10.535384615384617
10.843846153846155
11.103076923076923
10.766153846153847
11.336923076923076
11.168461538461539
10.659230769230769
10.826923076923077
11.216923076923077
10.953076923076923
9.936153846153845
9.94
9.673846153846155
9.318461538461538
9.816153846153846
9.425384615384615
8.787692307692307
9.457692307692309
8.94923076923077
9.567692307692308
10.141538461538461
9.078461538461537
9.669230769230769
8.911538461538461
8.502307692307692
8.01923076923077
8.53076923076923
8.683076923076923
8.206153846153846
8.511538461538462
8.277692307692307
7.6646153846153835
7.079999999999999
7.056153846153847
6.658461538461538
6.945384615384616
7.063846153846153
7.0976923076923075
6.785384615384615
6.166153846153846
5.967692307692308
6.165384615384615
6.083076923076923
6.681538461538461
6.79
6.343076923076923
5.74
6.03
6.047692307692307
5.994615384615385
5.690769230769231
5.796153846153846
5.635384615384615
5.861538461538462
6.3161538461538465
5.791538461538462
5.188461538461539
5.133846153846154
4.871538461538462
5.394615384615384
6.058461538461539
5.739230769230769
6.9861538461538455
6.735384615384616
5.943846153846153
5.718461538461539
6.076923076923077
5.222307692307693
5.849230769230768
6.746153846153846
6.842307692307693
