temperature
5.1409090909090915
4.463636363636364
4.338636363636364
4.412272727272727
4.88
4.834545454545455
4.790909090909091
5.115454545454545
4.776818181818182
4.976818181818182
5.039090909090909
5.381818181818182
5.95
4.987727272727273
5.557272727272727
5.039090909090909
5.01
4.996363636363636
5.54090909090909
4.913181818181818
4.795909090909091
4.700454545454545
4.665909090909091
4.098636363636364
4.215454545454545
4.0249999999999995
3.803636363636364
4.1431818181818185
4.307272727272728
3.99
3.9622727272727274
4.099090909090909
3.92
4.137727272727273
5.443181818181818
5.2713636363636365
5.21909090909091
4.541818181818182
4.2695454545454545
4.02
4.656818181818182
5.006818181818182
5.455454545454545
4.695909090909091
4.128636363636364
4.6013636363636365
4.999090909090909
4.785454545454545
4.867727272727273
4.598636363636364
4.240454545454545
4.6068181818181815
4.648181818181818
5.109090909090909
5.662272727272727
5.544090909090909
5.537272727272727
5.357272727272727
5.250454545454546
5.262272727272727
4.816818181818181
4.76409090909091
4.736818181818181
4.930000000000001
5.334545454545455
6.1827272727272735
6.473181818181818
6.516363636363637
6.19
6.058636363636364
6.0627272727272725
5.862272727272727
5.904090909090908
7.029545454545455
7.145454545454545
7.198181818181817
6.765454545454546
5.940454545454545
5.984090909090909
6.138181818181818
6.495909090909091
6.776818181818182
7.01409090909091
7.117727272727273
6.855
6.7272727272727275
6.789545454545455
7.466818181818183
7.8568181818181815
8.134545454545455
8.408181818181818
8.553636363636365
8.176363636363636
7.965909090909091
7.578636363636363
8.120000000000001
7.168181818181818
7.1859090909090915
7.384545454545455
8.17681818181818
8.014545454545454
7.705454545454546
7.639545454545455
8.06909090909091
8.316363636363636
8.425454545454546
8.578181818181818
8.274090909090908
7.765000000000001
8.414090909090909
9.307727272727274
10.029545454545454
10.18818181818182
10.418181818181818
10.447727272727272
10.28590909090909
10.246363636363636
10.47181818181818
10.332272727272727
10.357727272727272
10.467272727272727
10.601818181818182
10.531363636363636
10.240454545454545
10.55409090909091
10.844545454545454
11.269090909090908
11.223181818181818
11.18
11.782272727272726
11.714090909090908
11.285
11.165909090909091
11.106363636363637
11.178181818181818
11.826818181818181
11.777826086956521
11.408260869565217
11.741304347826087
11.919130434782607
11.845652173913043
11.938260869565216
12.53
12.837391304347825
12.91
12.744347826086956
12.455217391304348
12.431304347826087
12.55782608695652
13.079565217391304
13.289130434782608
13.368695652173914
14.005217391304347
13.538260869565217
13.141304347826088
13.61826086956522
13.85217391304348
14.201304347826087
13.982608695652175
14.224347826086955
14.166521739130435
13.822173913043477
14.110434782608696
14.118695652173914
14.419565217391304
14.213043478260868
14.699565217391303
15.101739130434783
15.249130434782609
15.394782608695651
15.31
14.87782608695652
14.581739130434782
14.97086956521739
15.258695652173913
15.286521739130434
15.63304347826087
15.87782608695652
15.827826086956522
16.190434782608694
15.99608695652174
16.15478260869565
16.24434782608696
16.28086956521739
16.36173913043478
15.922608695652174
15.87217391304348
15.882608695652175
15.851304347826087
16.171304347826087
16.097391304347827
16.30260869565217
15.996956521739131
15.98217391304348
16.630434782608695
16.943478260869565
17.04478260869565
16.648695652173913
16.62782608695652
17.25565217391304
17.151304347826088
17.127391304347828
16.864347826086956
17.240434782608695
17.562173913043477
17.436521739130434
17.146521739130435
17.69173913043478
17.810434782608695
17.810434782608695
17.343913043478263
17.200869565217392
17.634347826086955
17.528695652173912
17.43565217391304
17.36
17.768260869565218
17.741304347826087
17.65434782608696
17.338695652173914
17.45826086956522
17.418260869565216
17.594782608695652
17.289130434782606
16.711739130434783
16.726086956521737
17.09565217391304
16.78217391304348
16.81478260869565
17.238260869565217
17.288695652173914
17.102608695652176
16.95304347826087
16.76086956521739
16.65
16.028695652173916
16.13826086956522
16.476956521739133
15.71913043478261
15.123478260869565
15.092173913043478
15.51608695652174
15.714347826086957
15.22391304347826
15.449130434782608
15.733478260869566
15.549130434782608
15.549565217391304
15.614347826086956
15.414347826086955
15.376086956521737
15.250434782608695
15.28217391304348
15.29391304347826
15.107391304347827
14.078260869565218
13.994782608695653
13.657391304347826
13.784347826086957
13.26086956521739
13.743478260869566
14.123913043478263
14.150434782608695
14.089130434782609
13.88304347826087
13.71782608695652
13.607826086956523
13.088260869565216
13.197826086956523
13.561739130434784
13.620434782608696
13.627391304347826
13.842608695652174
14.060454545454546
13.208636363636362
12.69681818181818
12.210909090909091
11.832727272727272
12.47272727272727
11.606363636363637
12.572727272727274
12.872272727272728
12.77818181818182
12.464545454545457
11.86909090909091
11.866818181818182
11.410454545454545
11.188636363636364
10.948636363636364
11.075000000000001
10.017727272727273
10.443636363636363
10.231363636363637
10.957272727272727
11.161818181818182
11.105
11.108181818181817
11.07318181818182
11.04590909090909
11.018181818181818
10.487727272727273
10.234545454545454
10.405
10.327272727272726
9.613636363636363
9.464545454545455
9.877272727272727
9.09681818181818
9.139545454545454
8.799545454545454
8.731363636363637
8.957272727272727
8.181363636363637
8.272272727272728
8.719545454545456
8.523636363636363
8.422727272727274
7.774545454545454
7.4359090909090915
6.881818181818182
6.796818181818182
6.942727272727273
6.914545454545455
6.726363636363636
6.504090909090909
6.841363636363636
6.339545454545455
6.568636363636363
6.923181818181818
6.882272727272727
6.967727272727273
6.920454545454546
6.925454545454545
6.468636363636364
6.46090909090909
6.049090909090908
5.906363636363636
5.990454545454545
5.467727272727273
5.281363636363636
5.489545454545454
5.484090909090909
5.342272727272728
4.858181818181818
5.380909090909091
5.471363636363637
5.443181818181818
4.555
4.53
4.309090909090909
3.9990909090909086
4.589545454545455
4.3127272727272725
3.7181818181818183
4.753181818181818
5.053636363636364
5.6059090909090905
6.115
5.204545454545454
4.612272727272727
4.411818181818182
3.9745454545454546
3.8886363636363637
4.542727272727273
4.716818181818182
