temperature
4.167727272727273
4.098181818181818
3.7631818181818177
4.102727272727273
4.474545454545455
4.483181818181818
3.5399999999999996
3.8886363636363637
4.140454545454546
3.9795454545454545
3.8954545454545455
3.308181818181818
2.8572727272727274
3.1854545454545455
3.7068181818181816
3.8840909090909093
3.175
2.658181818181818
3.407272727272727
3.5318181818181817
4.165909090909091
4.3963636363636365
4.0195454545454545
4.115909090909091
3.6845454545454546
3.494090909090909
3.2513636363636365
3.200454545454545
3.542272727272727
3.4322727272727276
3.200454545454545
3.2818181818181817
3.9345454545454546
4.196818181818181
4.27
4.590909090909091
4.841818181818182
4.708636363636364
4.374545454545454
3.755909090909091
3.330909090909091
2.9540909090909087
3.0109090909090908
2.9518181818181817
2.5427272727272725
2.255909090909091
2.4422727272727274
3.0827272727272725
3.1286363636363634
3.2395454545454543
3.1559090909090908
3.655
4.213636363636364
4.278636363636363
4.432727272727273
3.7413636363636367
4.2304545454545455
4.233181818181818
4.4390909090909085
4.782272727272727
4.962727272727273
5.13909090909091
5.204090909090909
5.552727272727273
5.837272727272727
6.127272727272726
6.0672727272727265
5.635909090909092
6.117272727272726
6.216363636363636
5.939545454545454
5.887727272727273
5.6486363636363635
5.767272727272727
5.495
6.081818181818182
6.066818181818181
5.94
5.843636363636364
6.071818181818182
5.911363636363637
5.828636363636363
5.9390909090909085
6.500909090909091
6.113181818181818
6.335454545454545
6.082727272727272
6.151363636363637
6.577272727272727
6.556363636363637
7.386818181818182
6.943636363636363
5.867272727272728
5.928181818181819
6.201818181818182
6.326818181818182
6.492727272727273
6.322272727272727
6.464545454545455
7.033636363636364
7.375
8.082272727272727
7.450454545454545
7.746818181818182
8.175454545454546
8.353636363636364
8.158636363636363
8.043181818181818
8.663636363636364
8.531818181818181
8.501363636363637
8.870000000000001
8.395
8.002727272727272
8.100909090909092
8.23409090909091
8.149090909090908
8.095454545454546
8.538181818181819
8.899545454545454
8.932727272727274
8.517727272727273
8.990454545454545
9.094090909090909
9.256363636363638
9.450454545454546
9.81
10.53590909090909
10.044545454545455
9.957727272727272
10.376363636363637
10.114090909090908
10.912272727272727
10.574545454545456
10.847727272727273
10.960909090909091
10.954545454545455
11.168636363636365
11.135454545454545
11.739999999999998
11.695454545454545
11.53
11.94818181818182
12.073636363636364
12.19
12.199545454545454
12.063181818181818
11.73
12.018181818181818
11.898181818181818
12.133636363636363
12.795652173913044
12.787391304347826
12.900434782608695
12.80695652173913
12.987391304347826
13.093478260869563
13.110869565217392
13.19304347826087
13.293478260869565
13.283478260869565
13.178260869565218
13.327391304347826
13.313478260869564
13.563478260869568
13.296086956521739
13.80608695652174
14.045217391304348
13.69217391304348
14.362173913043478
14.264347826086956
13.929565217391303
14.085652173913045
13.91391304347826
14.035217391304348
14.632608695652175
14.946521739130434
14.651304347826088
14.610434782608696
14.785217391304348
15.128260869565217
15.433913043478261
15.565652173913042
15.580869565217393
15.910434782608695
15.975652173913044
16.076521739130435
16.209565217391305
16.55391304347826
15.967391304347826
15.973478260869564
16.218260869565217
15.741739130434782
16.14782608695652
16.14304347826087
16.493478260869566
16.18565217391304
15.847826086956522
15.54304347826087
15.792173913043479
16.29695652173913
15.760000000000002
15.80695652173913
16.002608695652174
15.737826086956522
15.963478260869566
16.288695652173914
16.574782608695653
16.849565217391305
17.018260869565218
16.757391304347827
16.43913043478261
16.187272727272727
16.472727272727273
16.588636363636365
16.207272727272727
16.240909090909092
16.389545454545456
15.614999999999998
16.006363636363634
16.134545454545453
15.950909090909091
16.01863636363636
16.167727272727273
16.458636363636362
16.775909090909092
17.017272727272726
16.241818181818182
15.777727272727274
15.711818181818183
15.81590909090909
16.24
16.115454545454547
15.937727272727273
15.109090909090908
15.569545454545455
15.540454545454544
15.549545454545454
15.05
15.455
15.747272727272728
15.316363636363635
14.532727272727271
15.286818181818182
14.769545454545455
14.827272727272726
14.584545454545456
14.507727272727273
14.212272727272728
14.267272727272728
14.56409090909091
14.32909090909091
14.15318181818182
13.608181818181817
13.675454545454546
13.376363636363635
13.155454545454546
13.19681818181818
13.580454545454545
13.90227272727273
13.532272727272726
12.872272727272728
13.234090909090908
13.13090909090909
12.77909090909091
13.225
12.77
12.219999999999999
12.298181818181819
12.249545454545455
12.534999999999998
12.577727272727271
12.549090909090909
12.180454545454547
12.078636363636365
11.930454545454545
11.958636363636362
11.585
11.499090909090908
11.305454545454545
10.941363636363636
11.649545454545455
11.364090909090908
10.841363636363637
10.693636363636363
10.236818181818181
9.700000000000001
9.802272727272728
9.56
9.392727272727273
9.623636363636363
9.93909090909091
9.70409090909091
8.970454545454546
9.105909090909092
9.236818181818181
9.532727272727273
9.304545454545455
9.267272727272728
9.344090909090909
8.89090909090909
8.264545454545454
8.601818181818182
8.90409090909091
8.606363636363637
8.613636363636363
8.529545454545454
7.838636363636363
7.588636363636363
6.98
7.573181818181817
8.05590909090909
7.599545454545455
7.450454545454545
7.615909090909091
6.6877272727272725
6.252727272727273
5.707272727272727
6.160454545454545
6.108181818181818
5.8122727272727275
6.272272727272727
6.091363636363636
5.3500000000000005
5.049090909090909
5.667272727272728
6.094090909090909
5.979090909090909
5.901818181818182
5.373636363636364
4.8568181818181815
4.557727272727273
4.3
4.172272727272727
4.756363636363637
5.120454545454546
5.357727272727273
5.617727272727273
5.574545454545454
5.091818181818182
4.654090909090909
4.259090909090909
4.219545454545455
4.008636363636364
4.173181818181818
4.235454545454545
4.2295454545454545
4.914090909090909
5.319545454545454
4.892727272727273
4.63909090909091
4.308636363636364
4.362272727272727
4.6454545454545455
5.535454545454545
4.8522727272727275
5.111818181818181
5.225909090909091
5.278181818181818
5.090454545454545
5.028181818181818
5.167727272727273
4.992272727272727
4.143636363636364
3.973181818181818
