temperature
5.565
4.864545454545454
4.757272727272727
4.828181818181818
5.291363636363636
5.236818181818181
5.181363636363636
5.494090909090909
5.15590909090909
5.38
5.451818181818182
5.786818181818182
6.337727272727273
5.389545454545455
5.976363636363636
5.457272727272727
5.432272727272728
5.416818181818182
5.946818181818181
5.288181818181818
5.207272727272727
5.115454545454546
5.06
4.493636363636363
4.600454545454546
4.417272727272728
4.172272727272728
4.5636363636363635
4.697727272727273
4.370909090909091
4.344090909090909
4.502272727272727
4.309090909090909
4.521818181818182
5.831818181818182
5.670454545454546
5.613636363636363
4.928181818181819
4.676818181818182
4.411818181818182
5.04
5.396818181818182
5.842272727272728
5.1018181818181825
4.5209090909090905
4.984090909090909
5.380909090909091
5.17
5.262727272727273
5.013181818181819
4.628181818181818
5.003181818181818
5.055909090909091
5.517272727272727
6.06
5.9340909090909095
5.906818181818181
5.733181818181818
5.631363636363637
5.633181818181819
5.176818181818182
5.1463636363636365
5.122727272727273
5.3
5.7263636363636365
6.557272727272727
6.845909090909092
6.883636363636364
6.570454545454546
6.443636363636363
6.4359090909090915
6.254090909090909
6.265909090909091
7.407727272727272
7.494545454545454
7.558636363636364
7.141363636363637
6.3172727272727265
6.349545454545455
6.528181818181818
6.885
7.16
7.388181818181818
7.488636363636363
7.249545454545455
7.128636363636363
7.180909090909091
7.845909090909092
8.208181818181819
8.480909090909092
8.697391304347827
8.76086956521739
8.410434782608695
8.297391304347826
7.9452173913043485
8.543478260869565
7.504782608695653
7.63304347826087
7.773913043478261
8.458695652173914
8.432608695652174
8.095652173913043
8.029130434782608
8.40391304347826
8.691304347826087
8.757391304347825
9.043478260869565
8.762608695652174
8.288695652173912
8.957391304347826
9.758695652173913
10.321304347826086
10.541739130434783
10.73913043478261
10.784782608695652
10.686521739130434
10.723478260869564
10.863913043478261
10.834782608695651
10.907826086956522
11.02304347826087
10.984347826086957
10.844782608695652
10.516521739130434
10.83695652173913
11.064782608695653
11.52
11.558695652173913
11.538260869565217
12.254347826086958
12.319565217391306
11.780434782608696
11.530434782608696
11.520869565217392
11.410869565217391
12.156956521739131
12.130869565217392
11.749130434782609
12.091304347826087
12.25695652173913
12.209999999999999
12.310434782608695
12.899565217391304
13.197826086956523
13.290434782608695
13.098695652173912
12.808695652173913
12.760000000000002
12.911304347826086
13.465652173913043
13.640434782608697
13.721739130434784
14.371739130434783
13.920000000000002
13.52608695652174
13.965217391304348
14.209565217391305
14.522173913043478
14.324347826086955
14.565652173913042
14.53
14.168695652173913
14.448695652173912
14.466956521739132
14.798260869565217
14.583913043478262
15.065652173913042
15.450434782608696
15.579565217391304
15.737391304347826
15.64304347826087
15.215652173913043
14.924347826086956
15.31
15.614347826086956
15.662173913043478
15.97391304347826
16.215217391304346
16.175652173913043
16.53739130434783
16.350434782608694
16.527391304347827
16.559565217391306
16.614347826086956
16.65434782608696
16.23913043478261
16.196521739130436
16.223478260869566
16.206521739130434
16.535652173913043
16.46391304347826
16.646521739130435
16.33304347826087
16.32391304347826
16.964347826086957
17.27695652173913
17.377391304347828
17.011739130434783
16.960869565217394
17.584347826086958
17.479565217391304
17.475652173913044
17.208695652173912
17.565652173913044
17.87608695652174
17.77565217391304
17.48782608695652
18.022173913043478
18.14260869565217
18.11173913043478
17.66
17.51391304347826
17.93565217391304
17.85
17.750434782608696
17.711739130434783
18.11608695652174
18.054782608695653
17.992173913043477
17.67478260869565
17.80217391304348
17.74304347826087
17.916521739130435
17.63478260869565
17.04391304347826
17.049565217391304
17.411304347826086
17.11130434782609
17.143043478260868
17.549565217391304
17.612608695652174
17.430869565217392
17.26304347826087
17.09391304347826
16.973478260869566
16.37086956521739
16.485217391304346
16.864782608695652
16.082173913043476
15.473478260869564
15.432608695652174
15.87217391304348
16.07695652173913
15.564782608695653
15.784782608695652
16.096521739130434
15.897391304347826
15.874347826086957
15.957826086956521
15.76391304347826
15.715217391304348
15.592608695652174
15.629565217391304
15.644782608695651
15.44086956521739
14.438260869565216
14.337391304347825
14.004347826086958
14.138260869565217
13.609130434782609
14.092608695652174
14.476086956521739
14.487391304347826
14.421739130434782
14.232173913043477
14.063913043478262
13.968260869565217
13.435217391304347
13.555652173913042
13.924347826086956
13.975652173913044
13.977826086956522
14.214782608695652
14.426363636363636
13.568636363636363
13.067727272727273
12.585454545454546
12.194090909090908
12.84772727272727
11.981818181818182
12.959545454545456
13.245
13.15227272727273
12.84909090909091
12.231818181818182
12.236363636363636
11.767272727272728
11.560454545454546
11.326363636363636
11.446363636363635
10.390454545454546
10.819090909090908
10.63
11.34681818181818
11.541363636363636
11.479545454545455
11.490454545454545
11.459545454545456
11.441818181818181
11.396818181818182
10.873636363636363
10.63090909090909
10.799999999999999
10.72090909090909
10.0
9.839545454545455
10.251363636363637
9.47090909090909
9.519545454545455
9.189545454545454
9.11909090909091
9.353181818181818
8.586363636363636
8.669545454545455
9.13
8.91909090909091
8.816818181818181
8.168181818181818
7.810454545454546
7.284545454545454
7.211818181818182
7.359090909090909
7.314545454545454
7.139545454545455
6.905
7.263636363636365
6.73
6.976363636363636
7.331818181818182
7.283181818181817
7.370454545454546
7.334090909090909
7.336363636363637
6.869545454545454
6.860454545454545
6.45090909090909
6.300909090909091
6.40409090909091
5.865909090909091
5.677272727272728
5.8968181818181815
5.880454545454546
5.73
5.232727272727273
5.758636363636364
5.847727272727273
5.831363636363636
4.959545454545455
4.923181818181818
4.699090909090909
4.392727272727273
4.999090909090909
4.703181818181818
4.114545454545454
5.181363636363636
5.456818181818182
6.012272727272728
6.500454545454545
5.594545454545455
4.995909090909091
4.8145454545454545
4.371363636363636
4.307727272727273
4.953636363636364
5.133181818181818
