pet
0.27149999999999996
0.27149999999999996
0.39649999999999996
0.286
0.2525
0.2505
0.2725
0.227
0.3215
0.313
0.339
0.446
0.24100000000000002
0.2835
0.3815
0.2815
0.266
0.3095
0.2955
0.3085
0.3005
0.302
0.2535
0.3275
0.3195
0.2695
0.277
0.3365
0.325
0.341
0.35350000000000004
0.39649999999999996
0.37
0.42250000000000004
0.3695
0.324
0.41600000000000004
0.41500000000000004
0.46749999999999997
0.41150000000000003
0.40499999999999997
0.3905
0.34049999999999997
0.40049999999999997
0.3785
0.48149999999999993
0.5165
0.422
0.4655
0.5385
0.5015
0.513
0.628
0.5605
0.5805
0.6455
0.637
0.604
0.612
0.623
0.6395
0.5740000000000001
0.6765
0.7035
0.693
0.674
0.748
0.7384999999999999
0.8029999999999999
0.8150000000000001
0.7925
0.799
0.8045
0.8230000000000001
0.7785
0.8765000000000001
0.9295
0.967
0.9045
0.9254999999999999
0.845
1.02
1.0265
0.9789999999999999
1.0865
1.0645
1.093
1.0795
1.0565
1.1895
1.2505000000000002
1.2395
1.1735
1.1695
1.3275000000000001
1.2545
1.3005
1.284
1.3195000000000001
1.475
1.3155
1.441
1.381
1.405
1.6219999999999999
1.6580000000000001
1.706
1.557
1.8544999999999998
1.719
1.609
1.5635
1.7114999999999998
1.572
1.6019999999999999
1.626
1.6435
1.6704999999999999
1.935
1.8719999999999999
2.0035
1.984
2.0185
1.943
1.7875
1.8965
2.0645
2.18
2.169
2.15
2.1005
2.027
2.3385000000000002
2.2385
1.9100000000000001
1.9780000000000002
1.8925
1.9009999999999998
1.8975000000000002
1.9164999999999999
2.1864999999999997
2.306
2.2095
2.4050000000000002
2.228
2.348
2.0645
2.2030000000000003
2.1375
2.502
2.529
2.3825
2.3165
2.467
2.1745
2.261
2.3489999999999998
2.371
2.369
2.4695
2.4705
2.396
2.086
1.9565000000000001
2.351
2.1485
2.237
2.439
2.0745
2.205
2.3434999999999997
2.173
2.1350000000000002
2.1665
2.215
2.2965
2.436
2.1995
2.1995
2.1355
1.998
2.229
2.1035
2.2765
2.223
2.3305
1.986
2.167
2.378
2.4305
2.0755
2.364
2.061
2.291
2.232
2.3920000000000003
2.3075
2.3605
2.3635
2.0695
2.197
2.15
2.4285
2.152
2.3009999999999997
2.1895
2.1405000000000003
2.2035
1.8405
1.9505
2.051
1.8820000000000001
1.9245
1.8504999999999998
1.955
2.0789999999999997
2.0555
1.8775
1.9155000000000002
1.983
1.9085
1.6785
1.5325
1.7015
1.783
1.65
1.8059999999999998
1.7734999999999999
1.693
1.533
1.722
1.61
1.675
1.866
1.591
1.8515000000000001
1.5675000000000001
1.707
1.4
1.5
1.6235
1.5045
1.5505
1.26
1.3855
1.4285
1.4455
1.3535
1.3375
1.4455
1.448
1.4565
1.471
1.2185000000000001
1.2255
1.2570000000000001
1.185
1.1720000000000002
1.111
1.0995000000000001
1.0615
1.122
1.116
1.081
1.145
1.0245
1.0725
0.9720000000000001
0.9685
0.8234999999999999
0.841
0.86
0.8564999999999999
0.9326315789473684
0.8157894736842105
0.8978947368421052
0.8636842105263158
0.8173684210526315
0.8726315789473683
0.7968421052631579
0.6894736842105263
0.8084210526315789
0.8157894736842105
0.6747368421052632
0.6094736842105263
0.5447368421052632
0.601578947368421
0.5768421052631578
0.5905263157894737
0.5805263157894737
0.5952631578947368
0.5621052631578948
0.5563157894736842
0.528421052631579
0.5152631578947368
0.4826315789473684
0.5126315789473684
0.5626315789473684
0.5247368421052632
0.5868421052631579
0.5847368421052631
0.4889473684210527
0.5121052631578947
0.5057894736842105
0.41105263157894734
0.43105263157894735
0.44947368421052636
0.4194736842105263
0.4105263157894737
0.45210526315789473
0.4342105263157895
0.44157894736842107
0.42105263157894735
0.3642105263157895
0.47368421052631576
0.4005263157894737
0.34157894736842104
0.34157894736842104
0.28210526315789475
0.2915
0.2835
0.2815
0.286
0.364
0.341
0.3245
0.2555
0.3245
0.3625
0.303
0.335
0.238
0.223
0.3085
0.27599999999999997
0.2455
0.279
0.22149999999999997
0.24450000000000002
0.2355
0.2975
0.29300000000000004
0.262
0.3135
0.24500000000000002
0.16599999999999998
0.2345
0.309
0.3085
0.2945
0.2855
0.16999999999999998
0.17650000000000002
0.22549999999999998
0.2765
0.1905
0.23349999999999999
0.301
0.20249999999999999
0.152
0.1665
0.181
0.18
0.184
0.23149999999999998
