pet
0.209375
0.21
0.343125
0.220625
0.235625
0.226875
0.25125
0.1875
0.254375
0.304375
0.30375
0.39375
0.208125
0.196875
0.343125
0.258125
0.2075
0.269375
0.24375
0.2925
0.26875
0.265625
0.196875
0.26
0.294375
0.261875
0.304375
0.33937500000000004
0.32
0.365
0.411875
0.39
0.346875
0.38875
0.3225
0.263125
0.30874999999999997
0.338125
0.415
0.334375
0.33
0.339375
0.266875
0.3075
0.329375
0.401875
0.40625
0.33687500000000004
0.35000000000000003
0.405625
0.415625
0.47250000000000003
0.51
0.485
0.519375
0.564375
0.594375
0.53375
0.56625
0.569375
0.563125
0.49125
0.618125
0.6825
0.700625
0.7025
0.7425
0.73375
0.7893749999999999
0.7875
0.820625
0.7875
0.7725
0.841875
0.765625
0.88375
0.861875
0.944375
0.88125
0.99
0.908125
1.059375
0.926875
0.905
0.9506249999999999
1.00375
1.005
1.00625
0.96375
1.16875
1.16875
1.211875
1.164375
1.231875
1.433125
1.2625
1.28125
1.3287499999999999
1.284375
1.425
1.329375
1.445625
1.3825
1.415625
1.6
1.7125
1.7237500000000001
1.510625
1.72375
1.675625
1.63875
1.60625
1.646875
1.635
1.5425
1.663125
1.598125
1.566875
1.82375
1.8018750000000001
1.723125
1.909375
1.894375
1.8925
1.8287499999999999
2.03125
2.106875
2.25625
2.174375
2.150625
2.126875
1.9837500000000001
2.301875
2.23
1.9025
1.91625
1.855625
1.9941176470588236
1.9288235294117646
2.1129411764705885
2.2411764705882353
2.3782352941176472
2.342941176470588
2.451764705882353
2.258235294117647
2.385882352941177
2.1511764705882355
2.1129411764705885
2.1105882352941174
2.416470588235294
2.679411764705882
2.3458823529411768
2.307058823529412
2.417058823529412
2.017058823529412
2.0470588235294116
2.311176470588235
2.213529411764706
2.2358823529411764
2.3488235294117645
2.4705882352941178
2.4576470588235293
2.1335294117647057
1.9347058823529413
2.315294117647059
2.0694117647058823
2.094705882352941
2.28
2.071764705882353
2.304705882352941
2.3405882352941174
2.15
2.025294117647059
2.1094117647058823
2.123529411764706
2.2411764705882353
2.493529411764706
2.238235294117647
2.283529411764706
2.1523529411764706
2.107647058823529
2.3717647058823528
2.2905882352941176
2.35
2.255294117647059
2.3052941176470587
2.0058823529411764
2.1311764705882354
2.3458823529411768
2.4141176470588235
1.9852941176470589
2.2611764705882353
2.165294117647059
2.3129411764705883
2.178235294117647
2.504705882352941
2.348235294117647
2.3294117647058825
2.2011764705882353
1.961764705882353
2.1
2.09
2.4270588235294115
2.248823529411765
2.3541176470588234
2.104117647058824
2.213529411764706
2.2676470588235293
1.8711764705882352
1.9794117647058822
2.1135294117647057
1.96
1.911764705882353
1.8705882352941177
2.101764705882353
2.1494117647058824
1.9652941176470586
1.84
1.878235294117647
1.9241176470588235
1.9447058823529413
1.5911764705882354
1.5335294117647058
1.6488235294117648
1.8576470588235292
1.5805882352941174
1.8194117647058823
1.7441176470588236
1.7417647058823529
1.4270588235294117
1.6429411764705881
1.6723529411764706
1.7294117647058822
1.846470588235294
1.61
1.8105882352941176
1.6035294117647059
1.7058823529411764
1.4458823529411766
1.5152941176470587
1.738235294117647
1.4970588235294118
1.5394117647058825
1.305294117647059
1.543529411764706
1.4635294117647057
1.4794117647058822
1.4152941176470588
1.4329411764705882
1.3911764705882352
1.4317647058823528
1.4058823529411764
1.4594117647058822
1.1629411764705881
1.2305882352941178
1.1823529411764706
1.1382352941176472
1.1094117647058823
1.07
1.0070588235294118
0.9647058823529411
0.9876470588235293
1.0370588235294118
1.0011764705882353
1.171764705882353
1.0123529411764707
0.9435294117647058
0.9770588235294118
0.975294117647059
0.851764705882353
0.8164705882352942
0.7547058823529412
0.851764705882353
0.8
0.788125
0.89375
0.80125
0.791875
0.829375
0.8025
0.626875
0.76625
0.778125
0.61375
0.500625
0.494375
0.5237499999999999
0.510625
0.531875
0.495
0.52625
0.475625
0.47875
0.473125
0.395
0.40875
0.445625
0.47625
0.531875
0.5525
0.508125
0.455
0.465625
0.48375
0.390625
0.379375
0.381875
0.339375
0.36
0.408125
0.355625
0.415
0.32125
0.296875
0.443125
0.344375
0.27
0.29875
0.27
0.230625
0.2175
0.226875
0.24
0.29375
0.28625
0.21437499999999998
0.241875
0.254375
0.295
0.261875
0.335625
0.2175
0.1825
0.2675
0.225
0.17375000000000002
0.243125
0.183125
0.18687499999999999
0.234375
0.23375
0.22375
0.22312500000000002
0.311875
0.23750000000000002
0.153125
0.21937500000000001
0.289375
0.26
0.1825
0.19
0.1375
0.15562499999999999
0.1975
0.2575
0.193125
0.218125
0.296875
0.19
0.115
0.110625
0.181875
0.129375
0.1575
0.1575
