pet
0.21636363636363634
0.23636363636363636
0.21363636363636365
0.26
0.23954545454545453
0.1531818181818182
0.30318181818181816
0.28454545454545455
0.2490909090909091
0.22863636363636364
0.27772727272727277
0.28363636363636363
0.31681818181818183
0.255
0.2513636363636364
0.2509090909090909
0.21
0.26545454545454544
0.24636363636363637
0.32227272727272727
0.29636363636363633
0.26045454545454544
0.2772727272727273
0.27454545454545454
0.295
0.36
0.31
0.44727272727272727
0.33090909090909093
0.34863636363636363
0.39545454545454545
0.3695454545454545
0.3836363636363636
0.33454545454545453
0.44045454545454543
0.4327272727272727
0.4763636363636364
0.4563636363636364
0.4163636363636364
0.44
0.4309090909090909
0.3640909090909091
0.45454545454545453
0.509090909090909
0.5009090909090909
0.5277272727272727
0.6127272727272728
0.504090909090909
0.5440909090909091
0.5659090909090909
0.5986363636363636
0.6536363636363636
0.6568181818181817
0.6027272727272727
0.5427272727272727
0.6486363636363636
0.7677272727272727
0.7059090909090909
0.6172727272727273
0.7190909090909091
0.8440909090909091
0.745
0.7604545454545455
0.7972727272727272
0.9213636363636364
0.8063636363636363
0.7927272727272728
0.8972727272727272
0.9668181818181818
0.8918181818181818
1.0022727272727272
1.0004545454545455
1.055909090909091
0.9972727272727273
1.0272727272727273
0.9154545454545455
1.0368181818181819
1.1063636363636364
1.055
1.0968181818181817
1.1613636363636364
1.1286363636363637
1.1536363636363636
1.080909090909091
1.1536363636363636
1.2818181818181817
1.3140909090909092
1.259090909090909
1.2104545454545454
1.4359090909090908
1.46
1.5808695652173912
1.4669565217391305
1.4943478260869565
1.4878260869565216
1.7630434782608695
1.5447826086956522
1.7843478260869565
1.5395652173913046
1.6778260869565218
1.6482608695652174
1.662173913043478
1.6304347826086956
1.6691304347826088
1.7400000000000002
1.8308695652173912
1.9539130434782608
2.1656521739130437
1.6934782608695653
1.817826086956522
2.0756521739130434
2.1
1.8856521739130434
1.8643478260869566
1.9360869565217391
1.8313043478260869
2.12
2.1708695652173913
2.043913043478261
2.118695652173913
2.257391304347826
2.2908695652173914
2.3491304347826087
2.3134782608695654
2.195217391304348
2.3369565217391304
2.3221739130434784
2.2421739130434784
2.323478260869565
2.261739130434783
2.4443478260869567
2.5391304347826087
2.364782608695652
2.3065217391304347
2.496521739130435
2.3143478260869563
2.220869565217391
2.2891304347826087
2.5304347826086957
2.247391304347826
2.3086956521739133
2.5960869565217393
2.8347826086956522
2.6456521739130436
2.6917391304347826
2.549130434782609
2.2682608695652173
2.489130434782609
2.738260869565217
2.767391304347826
3.039130434782609
2.861739130434782
2.6365217391304347
2.7491304347826087
2.564782608695652
2.856521739130435
2.5843478260869563
2.8765217391304345
3.0356521739130433
2.8404347826086958
2.8130434782608695
2.6421739130434783
2.5056521739130435
2.7352173913043476
2.6930434782608694
2.9391304347826086
2.88
2.8791304347826085
3.0473913043478262
3.1713043478260867
3.1739130434782608
3.0604347826086955
2.9643478260869567
3.1647826086956523
3.2117391304347827
3.0560869565217392
3.100869565217391
3.042173913043478
3.072173913043478
3.260869565217391
3.1052173913043477
3.1156521739130434
2.830434782608696
2.9056521739130434
2.9082608695652175
2.7047826086956523
2.8230434782608698
2.778695652173913
2.736521739130435
3.0617391304347827
2.968695652173913
3.170434782608696
2.9134782608695655
2.695217391304348
3.138260869565218
2.996521739130435
2.9039130434782607
2.9078260869565216
3.097826086956522
3.1482608695652172
3.0782608695652174
3.070869565217391
3.0895652173913044
3.033913043478261
3.1604347826086956
3.1669565217391304
2.7082608695652173
2.716086956521739
2.9834782608695654
2.9052173913043475
2.999565217391304
2.7686956521739132
2.7082608695652173
2.9421739130434785
2.896086956521739
2.5634782608695654
3.0147826086956524
2.677391304347826
2.718695652173913
2.8521739130434782
2.795217391304348
2.503913043478261
2.6717391304347826
2.55
2.4391304347826086
2.340869565217391
2.5695652173913044
2.6104347826086958
2.4213043478260867
2.404782608695652
2.46
2.4613043478260868
2.3708695652173915
2.286086956521739
2.1069565217391304
2.0582608695652174
1.963913043478261
1.8956521739130436
2.1982608695652175
2.21
2.0682608695652176
1.8469565217391306
2.0378260869565215
2.002173913043478
1.9217391304347824
1.8673913043478263
2.087391304347826
1.8143478260869563
1.84
1.8647826086956523
1.836521739130435
1.8534782608695652
1.8239130434782609
1.64
1.7569565217391303
1.7082608695652173
1.5634782608695652
1.4869565217391305
1.6560869565217393
1.5539130434782609
1.382608695652174
1.2939130434782609
1.3478260869565217
1.462608695652174
1.3282608695652174
1.3191304347826087
1.2926086956521738
1.1991304347826088
1.0739130434782609
1.103913043478261
1.1104347826086955
1.0608695652173912
1.0221739130434782
1.0177272727272728
0.9836363636363636
1.0145454545454546
1.0240909090909092
0.9522727272727273
0.9822727272727273
0.88
0.7986363636363637
0.8572727272727273
0.9627272727272728
0.8681818181818183
0.8063636363636363
0.6336363636363637
0.6713636363636364
0.6677272727272727
0.6168181818181818
0.8386363636363636
0.7127272727272728
0.6859090909090909
0.645
0.67
0.6286363636363637
0.6990909090909091
0.6559090909090909
0.7072727272727273
0.66
0.6281818181818182
0.5377272727272727
0.4813636363636364
0.48227272727272724
0.4854545454545454
0.4668181818181818
0.4540909090909091
0.45772727272727276
0.3481818181818182
0.35500000000000004
0.39045454545454544
0.37636363636363634
0.3790909090909091
0.29863636363636364
0.3181818181818182
0.3240909090909091
0.30136363636363633
0.27136363636363636
0.3804545454545455
0.1981818181818182
0.17727272727272728
0.20863636363636362
0.24727272727272728
0.20863636363636362
0.2322727272727273
0.21409090909090908
0.21772727272727274
0.28545454545454546
0.2204545454545455
0.20636363636363636
0.23681818181818182
0.20772727272727273
0.20272727272727273
0.2113636363636364
0.19318181818181818
0.2290909090909091
0.2645454545454546
0.3090909090909091
0.23727272727272727
0.29863636363636364
0.2595454545454545
0.3277272727272727
0.15045454545454545
0.24954545454545454
0.18136363636363637
0.22363636363636363
0.18954545454545454
0.19409090909090906
0.30863636363636365
0.20863636363636362
0.20363636363636364
0.13363636363636364
0.1
0.07454545454545455
0.10545454545454547
0.18681818181818183
0.18
0.1890909090909091
0.3
0.25
0.2618181818181818
0.2618181818181818
0.22545454545454546
0.19136363636363637
0.21181818181818182
0.18772727272727271
