pet
0.36
0.27869565217391307
0.44826086956521743
0.3391304347826087
0.17565217391304347
0.38565217391304346
0.2873913043478261
0.1882608695652174
0.18304347826086956
0.2647826086956522
0.3239130434782609
0.34130434782608693
0.3360869565217391
0.29391304347826086
0.23173913043478261
0.2643478260869565
0.32565217391304346
0.2456521739130435
0.31652173913043474
0.19956521739130434
0.28130434782608693
0.30173913043478257
0.29608695652173916
0.4808695652173913
0.2578260869565217
0.3208695652173913
0.31999999999999995
0.28608695652173916
0.27956521739130435
0.35043478260869565
0.41173913043478266
0.3756521739130435
0.3817391304347826
0.25217391304347825
0.3443478260869565
0.45
0.3917391304347826
0.49086956521739133
0.47000000000000003
0.3860869565217392
0.5478260869565217
0.4273913043478261
0.34391304347826085
0.4847826086956522
0.4947826086956521
0.44434782608695655
0.5056521739130434
0.34391304347826085
0.41956521739130437
0.5395652173913044
0.4856521739130435
0.5091304347826088
0.5821739130434783
0.6021739130434782
0.5886956521739131
0.4739130434782609
0.6556521739130435
0.6347826086956522
0.6156521739130435
0.6978260869565218
0.7352173913043478
0.84
0.7665217391304348
0.768695652173913
0.7156521739130435
0.7230434782608696
0.8526086956521739
0.7973913043478261
0.7017391304347826
0.7795652173913044
0.9065217391304349
0.8517391304347826
0.9213043478260871
0.9130434782608695
0.7908695652173914
0.976086956521739
1.0734782608695652
0.9182608695652175
0.9382608695652174
1.077391304347826
1.1495652173913045
1.1430434782608696
1.1417391304347826
1.2452173913043478
1.1252173913043477
1.147391304347826
1.21
1.2582608695652175
1.1782608695652175
1.174782608695652
1.1436363636363636
1.2145454545454546
1.3895454545454546
1.3872727272727272
1.3040909090909092
1.4549999999999998
1.4577272727272728
1.4281818181818182
1.5754545454545452
1.5727272727272728
1.5690909090909093
1.6290909090909091
1.6654545454545455
1.9786363636363637
1.8177272727272729
1.8477272727272727
1.6549999999999998
1.653181818181818
1.721818181818182
1.8154545454545454
1.8018181818181818
1.950909090909091
1.8727272727272728
1.9604545454545457
1.9286363636363637
1.9663636363636363
1.95
1.9986363636363635
1.8136363636363635
1.8263636363636364
1.9527272727272729
2.3240909090909088
2.153181818181818
2.2395454545454543
2.085
2.1468181818181815
2.263181818181818
2.3677272727272727
2.1986363636363637
2.270909090909091
2.149090909090909
2.3868181818181817
2.5436363636363635
2.6263636363636365
2.7590909090909093
2.6395454545454546
2.5995454545454546
2.5204545454545455
2.6486363636363635
2.5454545454545454
2.4413636363636364
2.6072727272727274
2.4104545454545456
2.627727272727273
2.704090909090909
2.6686363636363635
2.6895454545454545
2.704090909090909
2.5804545454545456
2.565
2.728181818181818
2.64
2.5445454545454544
2.662272727272727
2.8527272727272726
2.3736363636363635
2.5427272727272725
2.7536363636363634
2.651818181818182
2.71
2.6154545454545453
2.5654545454545454
2.6313636363636363
2.9654545454545453
2.9349999999999996
2.9527272727272726
3.0254545454545454
2.58
2.852272727272727
2.659090909090909
2.9790909090909095
2.880909090909091
3.076363636363636
2.755909090909091
2.885
2.583181818181818
2.851818181818182
2.742272727272727
2.747727272727273
2.972727272727273
3.059090909090909
3.0704545454545453
2.8622727272727273
3.3845454545454547
3.0009090909090905
3.082727272727273
3.4327272727272726
3.3095454545454546
3.0577272727272726
3.0104545454545457
2.8545454545454545
3.095
2.7540909090909094
2.99
2.889090909090909
2.861818181818182
2.9204545454545454
2.9454545454545453
2.8563636363636364
2.6963636363636363
2.8395454545454544
2.7295454545454545
2.6654545454545455
2.6463636363636365
2.519090909090909
3.0763636363636366
2.756818181818182
2.7554545454545454
2.7795454545454543
3.0513636363636363
2.7245454545454546
2.710909090909091
2.8877272727272727
2.943636363636364
2.6609090909090907
2.8086363636363636
2.606818181818182
2.6495454545454544
2.338636363636364
2.604090909090909
2.4354545454545455
2.558181818181818
2.5395454545454546
2.466818181818182
2.4004545454545454
2.373181818181818
2.708181818181818
2.8322727272727275
2.3695454545454546
2.110909090909091
2.3345454545454545
2.6222727272727275
2.3813636363636363
2.411818181818182
2.2772727272727273
2.1627272727272726
2.105909090909091
2.2836363636363637
2.329090909090909
2.1304545454545454
2.0481818181818183
2.101818181818182
1.9213636363636362
1.91
1.9859090909090908
2.138181818181818
2.1072727272727274
1.9622727272727274
1.9340909090909089
1.893181818181818
1.9063636363636363
1.8477272727272727
1.8363636363636362
1.7954545454545454
1.7690909090909093
1.6600000000000001
1.4659090909090908
1.4645454545454546
1.468181818181818
1.3936363636363636
1.305
1.3022727272727272
1.4554545454545456
1.2613636363636365
1.3945454545454545
1.2095454545454545
1.1363636363636365
1.1090909090909091
1.0727272727272728
1.0918181818181818
1.0531818181818182
0.9777272727272727
0.9518181818181819
1.1378260869565218
1.112608695652174
0.9239130434782609
0.8926086956521739
0.9108695652173913
0.9578260869565218
0.9434782608695652
0.9569565217391305
0.7678260869565218
0.7165217391304348
0.8917391304347827
0.6834782608695652
0.788695652173913
0.6734782608695652
0.6895652173913043
0.7282608695652174
0.7130434782608696
0.6747826086956522
0.7156521739130435
0.6682608695652174
0.6365217391304349
0.6843478260869565
0.5504347826086956
0.6426086956521739
0.528695652173913
0.4208695652173913
0.5247826086956522
0.5021739130434782
0.5252173913043479
0.4221739130434783
0.3978260869565218
0.3521739130434782
0.33391304347826084
0.4608695652173913
0.42782608695652175
0.42826086956521736
0.4091304347826087
0.3595652173913043
0.2843478260869565
0.5373913043478261
0.40521739130434786
0.32304347826086954
0.40869565217391307
0.48217391304347823
0.3495652173913043
0.42173913043478256
0.22565217391304349
0.39956521739130435
0.25173913043478263
0.3817391304347826
0.2773913043478261
0.2726086956521739
0.4047826086956522
0.21086956521739128
0.43043478260869567
0.42826086956521736
0.27217391304347827
0.2082608695652174
0.2021739130434783
0.2234782608695652
0.12956521739130436
0.1891304347826087
0.2452173913043478
0.2639130434782609
0.20304347826086958
0.19
0.23695652173913045
0.2882608695652174
0.18695652173913044
0.21739130434782608
0.2126086956521739
0.21782608695652173
0.32304347826086954
0.2434782608695652
0.2360869565217391
0.18956521739130436
0.22565217391304349
0.32652173913043475
0.29130434782608694
0.23565217391304347
0.28956521739130436
0.2843478260869565
0.17130434782608694
0.31
0.20391304347826084
0.20913043478260868
0.19086956521739132
0.29391304347826086
0.2434782608695652
0.25956521739130434
0.21826086956521742
0.19043478260869565
