temperature
4.379090909090909
4.492272727272727
4.392272727272727
4.570454545454545
4.819545454545454
5.156363636363636
3.950454545454545
4.161363636363636
4.586818181818182
4.497727272727273
4.365
3.1563636363636363
3.058181818181818
3.433181818181818
4.03590909090909
4.157272727272727
3.623181818181818
3.001818181818182
3.5968181818181817
4.054090909090909
4.453636363636364
4.660454545454545
4.964090909090909
4.617272727272727
4.164090909090909
4.106363636363636
4.014545454545455
4.227727272727273
4.135
3.4913636363636367
3.3572727272727274
3.985909090909091
4.194545454545454
4.411818181818182
4.252727272727273
4.927272727272728
5.454545454545454
4.9750000000000005
4.557727272727273
4.056363636363636
3.311363636363636
3.2440909090909087
3.5349999999999997
3.27
2.5336363636363637
2.5090909090909093
2.7190909090909092
3.1140909090909092
3.319545454545455
3.3909090909090907
3.4009090909090904
4.012727272727273
4.445454545454545
4.671363636363636
4.5236363636363635
3.6122727272727273
4.046818181818182
4.382727272727273
4.739090909090909
5.291818181818182
5.417272727272728
5.497727272727273
5.320454545454545
5.372272727272727
5.494545454545454
6.218181818181819
5.840909090909091
5.692727272727272
6.23590909090909
6.453636363636363
5.999090909090909
6.003181818181818
6.08909090909091
6.193181818181818
5.8963636363636365
6.428636363636364
6.346818181818182
6.6036363636363635
6.210454545454545
6.342272727272728
6.6068181818181815
6.282272727272727
6.633636363636364
6.922727272727273
6.563181818181818
6.997272727272727
6.736818181818182
6.539090909090908
6.872272727272727
6.838636363636363
7.710454545454545
7.65
6.734545454545454
6.3968181818181815
6.4340909090909095
6.575909090909092
7.184545454545455
7.425909090909091
7.151363636363637
7.418636363636364
7.86
8.146363636363636
7.992272727272728
8.145909090909091
8.462272727272726
8.801818181818183
8.314545454545454
8.104090909090909
8.76
8.823636363636364
8.499090909090908
9.354545454545455
9.225454545454546
8.691363636363636
8.786363636363637
8.677727272727273
9.011818181818182
8.835
9.04590909090909
9.344545454545456
9.958181818181819
9.55909090909091
9.585
9.69590909090909
9.819545454545455
10.080454545454545
10.265454545454546
10.957272727272727
10.730454545454545
10.796363636363637
11.125
10.949545454545454
11.453181818181818
11.452727272727273
11.603181818181818
11.613181818181818
12.022272727272728
11.780000000000001
12.120454545454544
12.516363636363637
12.189545454545454
12.108181818181817
12.639545454545454
12.824545454545454
13.031363636363636
13.178636363636365
12.911818181818182
12.464090909090908
12.530909090909091
12.924545454545454
12.863636363636363
13.335
13.274545454545455
13.488636363636363
13.395454545454545
13.260454545454547
13.538181818181817
13.547727272727274
13.822727272727274
14.262727272727272
13.945
14.001363636363635
13.877272727272727
14.091363636363637
14.717272727272729
14.475
14.485454545454546
14.555
14.085909090909091
14.746818181818183
14.851363636363637
14.890454545454547
14.951363636363636
14.856363636363636
14.861363636363636
14.998181818181818
15.718181818181819
15.734090909090908
15.402727272727274
15.743636363636364
15.92909090909091
15.82409090909091
15.894545454545455
15.94590909090909
16.410454545454545
17.28818181818182
17.223181818181818
16.96909090909091
17.08590909090909
16.81681818181818
16.49318181818182
16.686363636363637
16.351363636363637
17.069090909090907
17.076818181818183
17.06090909090909
16.735454545454544
16.441363636363636
16.59090909090909
16.56090909090909
17.095454545454547
16.653636363636362
16.7
16.76590909090909
16.31090909090909
16.507272727272728
16.995454545454546
17.096818181818183
17.401363636363637
17.465454545454545
17.49318181818182
17.513636363636365
16.97681818181818
16.85727272727273
17.29409090909091
17.049545454545456
16.797272727272727
16.542272727272728
16.47590909090909
17.112727272727273
17.237727272727273
17.137272727272727
16.65909090909091
16.795454545454547
16.63681818181818
17.46590909090909
17.852272727272727
17.19727272727273
16.611363636363635
16.367272727272727
16.62090909090909
17.063636363636363
17.099090909090908
16.811818181818182
15.585
15.725909090909092
15.861818181818181
16.21
15.639090909090909
15.947727272727274
15.983181818181817
16.09318181818182
15.382272727272728
15.680454545454547
15.633181818181818
15.32318181818182
14.856818181818182
14.834545454545456
14.619545454545454
14.858636363636363
14.951818181818181
15.078636363636365
14.994545454545454
14.339545454545453
14.424090909090909
13.961818181818183
13.340454545454547
14.02727272727273
13.99909090909091
14.389090909090909
14.09590909090909
13.883636363636363
13.667727272727273
13.806363636363637
13.237727272727273
13.346363636363636
13.200454545454546
13.292272727272728
12.925454545454546
13.126818181818182
12.942727272727273
12.910909090909092
12.851363636363637
12.672727272727274
12.22909090909091
12.26909090909091
12.344545454545454
12.280909090909091
11.954545454545455
11.81090909090909
11.471363636363636
12.167727272727273
12.19590909090909
11.290454545454546
11.218181818181819
11.198181818181817
10.262272727272729
10.587272727272726
9.80590909090909
9.57090909090909
10.30181818181818
10.332272727272727
10.035
9.719090909090909
9.303181818181818
9.218181818181819
9.633636363636363
9.483181818181817
9.92909090909091
10.069545454545455
9.40090909090909
8.75
8.934545454545455
9.517727272727273
9.352272727272727
9.22409090909091
8.94909090909091
7.925909090909091
7.794090909090909
7.461818181818182
8.363809523809524
9.11047619047619
8.708571428571428
8.3
8.51952380952381
7.313333333333334
6.730476190476191
6.352380952380953
6.579047619047619
6.581428571428572
6.35952380952381
7.003809523809523
6.932857142857143
5.96047619047619
5.6938095238095245
6.12952380952381
6.630952380952381
6.31
6.059047619047619
5.241904761904761
4.871904761904762
4.509047619047619
4.3238095238095235
4.63952380952381
5.448095238095238
5.595714285714286
5.925238095238095
5.806666666666667
6.001904761904762
5.445714285714286
5.75
5.164285714285715
4.737619047619048
4.132380952380952
4.276666666666666
4.264285714285714
4.456190476190476
5.204090909090909
5.684090909090909
5.301363636363636
5.319090909090909
5.160454545454545
4.740909090909091
5.170454545454546
6.04909090909091
5.557727272727273
5.583636363636364
5.781363636363636
5.789090909090909
5.589090909090909
5.862727272727272
5.364090909090909
5.351818181818182
4.279545454545455
4.050454545454546
