pet
0.3443478260869565
0.24782608695652175
0.42608695652173917
0.32304347826086954
0.16434782608695653
0.35782608695652174
0.28
0.1760869565217391
0.18608695652173915
0.2682608695652174
0.3173913043478261
0.32782608695652177
0.31826086956521743
0.27956521739130435
0.22130434782608696
0.2534782608695652
0.3104347826086956
0.24869565217391304
0.29782608695652174
0.1891304347826087
0.2673913043478261
0.2917391304347826
0.28304347826086956
0.46173913043478265
0.2539130434782609
0.31869565217391305
0.3208695652173913
0.2956521739130435
0.26782608695652177
0.3443478260869565
0.3991304347826087
0.36
0.3634782608695652
0.22913043478260872
0.3291304347826087
0.4321739130434783
0.3765217391304348
0.4969565217391304
0.45608695652173914
0.3617391304347826
0.5039130434782608
0.3908695652173913
0.3365217391304348
0.48
0.478695652173913
0.42
0.4943478260869565
0.32608695652173914
0.3969565217391305
0.5156521739130434
0.45217391304347826
0.48217391304347823
0.542608695652174
0.5678260869565218
0.5604347826086957
0.4795652173913044
0.6126086956521739
0.6034782608695651
0.6130434782608696
0.6821739130434783
0.707391304347826
0.8160869565217391
0.7330434782608696
0.7104347826086956
0.6739130434782609
0.6843478260869565
0.7947826086956522
0.7808695652173914
0.6647826086956521
0.7473913043478262
0.8682608695652173
0.8104347826086957
0.8947826086956523
0.8895652173913043
0.7873913043478261
0.9565217391304348
1.0139130434782608
0.8991304347826087
0.9173913043478261
1.0221739130434782
1.1256521739130434
1.1013043478260869
1.103913043478261
1.2269565217391303
1.0965217391304347
1.1204347826086956
1.2078260869565218
1.2186956521739132
1.166086956521739
1.1382608695652174
1.113181818181818
1.1713636363636364
1.3572727272727272
1.3572727272727272
1.2813636363636363
1.4363636363636365
1.4527272727272729
1.3868181818181817
1.5404545454545455
1.518181818181818
1.5299999999999998
1.583181818181818
1.6268181818181817
1.9477272727272728
1.780909090909091
1.8168181818181817
1.6672727272727272
1.6154545454545455
1.7222727272727274
1.8036363636363637
1.7804545454545455
1.9277272727272725
1.8713636363636363
1.9768181818181818
1.9100000000000001
1.9036363636363638
1.9922727272727272
1.955909090909091
1.7909090909090908
1.791818181818182
1.935909090909091
2.2763636363636364
2.1286363636363634
2.194090909090909
2.083181818181818
2.1504545454545454
2.2172727272727273
2.32
2.15
2.189090909090909
2.161818181818182
2.3400000000000003
2.476818181818182
2.605
2.6818181818181817
2.561818181818182
2.5454545454545454
2.4954545454545456
2.622727272727273
2.534090909090909
2.402727272727273
2.5654545454545454
2.391363636363636
2.6322727272727273
2.6136363636363638
2.6354545454545453
2.6695454545454544
2.6672727272727275
2.5309090909090908
2.5536363636363637
2.7063636363636365
2.623181818181818
2.5177272727272726
2.6436363636363636
2.815
2.341818181818182
2.5345454545454547
2.68
2.6145454545454547
2.6922727272727274
2.6045454545454545
2.5318181818181817
2.6245454545454545
2.89
2.8604545454545454
2.933636363636364
2.9890909090909092
2.570909090909091
2.75
2.6995454545454547
3.019090909090909
2.8581818181818184
3.055454545454545
2.7236363636363636
2.8345454545454545
2.580454545454545
2.829090909090909
2.7304545454545455
2.69
2.92
2.9904545454545457
3.0154545454545456
2.849090909090909
3.3763636363636365
2.9718181818181817
3.05
3.3881818181818177
3.2368181818181814
2.9613636363636364
2.9495454545454547
2.791818181818182
3.0109090909090908
2.7495454545454545
2.928181818181818
2.807272727272727
2.8268181818181817
2.8713636363636366
2.872272727272727
2.846363636363636
2.666818181818182
2.8122727272727275
2.692727272727273
2.665
2.6463636363636365
2.489090909090909
3.0131818181818186
2.7545454545454544
2.7190909090909092
2.7413636363636367
3.0004545454545455
2.6577272727272727
2.6204545454545456
2.8145454545454545
2.811818181818182
2.605909090909091
2.725
2.5113636363636362
2.5327272727272727
2.2904545454545455
2.516363636363636
2.4063636363636363
2.5154545454545456
2.4363636363636365
2.3936363636363636
2.3318181818181816
2.255909090909091
2.571818181818182
2.7113636363636364
2.320909090909091
2.055454545454545
2.247272727272727
2.520909090909091
2.29
2.3186363636363634
2.171818181818182
2.1136363636363638
2.045
2.186818181818182
2.2386363636363638
2.053181818181818
1.964090909090909
2.0222727272727274
1.8613636363636366
1.8095454545454546
1.8872727272727274
2.0218181818181815
1.9895454545454547
1.867727272727273
1.8495454545454544
1.7977272727272726
1.7972727272727271
1.7463636363636363
1.75
1.6954545454545453
1.6786363636363637
1.579090909090909
1.4095454545454544
1.3949999999999998
1.3918181818181818
1.330909090909091
1.2354545454545454
1.2672727272727273
1.377727272727273
1.1854545454545453
1.3136363636363635
1.1422727272727273
1.1054545454545455
1.050909090909091
1.0250000000000001
1.018181818181818
0.9872727272727272
0.9645454545454545
0.9063636363636364
1.0808695652173912
1.046521739130435
0.8734782608695653
0.8417391304347825
0.8339130434782609
0.9121739130434783
0.8965217391304349
0.9043478260869565
0.7373913043478261
0.6791304347826087
0.8321739130434783
0.6547826086956522
0.7243478260869566
0.6482608695652174
0.6273913043478261
0.6891304347826087
0.6730434782608696
0.6404347826086957
0.6765217391304348
0.6295652173913043
0.587391304347826
0.6304347826086957
0.5008695652173912
0.587391304347826
0.4895652173913043
0.41086956521739126
0.4730434782608696
0.4673913043478261
0.4926086956521739
0.3852173913043478
0.3621739130434783
0.32869565217391306
0.3017391304347826
0.4330434782608696
0.39869565217391306
0.392608695652174
0.37
0.33869565217391306
0.28347826086956524
0.5130434782608696
0.3943478260869565
0.3034782608695652
0.3878260869565217
0.45652173913043476
0.31782608695652176
0.40521739130434786
0.21173913043478262
0.40739130434782606
0.2426086956521739
0.3630434782608695
0.25
0.26130434782608697
0.4043478260869566
0.20521739130434782
0.39304347826086955
0.3930434782608696
0.2504347826086956
0.1817391304347826
0.1852173913043478
0.21521739130434783
0.1282608695652174
0.16869565217391305
0.23826086956521741
0.2534782608695652
0.18869565217391304
0.18217391304347827
0.21956521739130433
0.26217391304347826
0.18739130434782608
0.20956521739130435
0.20043478260869566
0.2326086956521739
0.3034782608695652
0.23347826086956522
0.23217391304347826
0.1926086956521739
0.22391304347826088
0.31
0.28478260869565214
0.21913043478260869
0.271304347826087
0.2669565217391305
0.1765217391304348
0.2995652173913043
0.18782608695652175
0.2082608695652174
0.18
0.2760869565217391
0.2147826086956522
0.2491304347826087
0.2234782608695652
0.1826086956521739
