pet
0.24500000000000002
0.26227272727272727
0.23727272727272727
0.26636363636363636
0.2459090909090909
0.1690909090909091
0.3118181818181818
0.2990909090909091
0.25227272727272726
0.22727272727272727
0.3004545454545455
0.29045454545454547
0.32272727272727275
0.29454545454545455
0.2790909090909091
0.2740909090909091
0.22545454545454546
0.27772727272727277
0.25363636363636366
0.33090909090909093
0.31681818181818183
0.2690909090909091
0.2913636363636364
0.2872727272727273
0.31727272727272726
0.3995454545454545
0.3290909090909091
0.49227272727272725
0.34045454545454545
0.3654545454545455
0.41181818181818186
0.38409090909090904
0.3959090909090909
0.33636363636363636
0.45681818181818185
0.4486363636363636
0.46954545454545454
0.4627272727272727
0.44909090909090904
0.45454545454545453
0.43772727272727274
0.3868181818181818
0.49227272727272725
0.5304545454545454
0.5304545454545454
0.5495454545454546
0.6359090909090909
0.5313636363636364
0.585
0.5940909090909091
0.6236363636363637
0.6968181818181818
0.6786363636363636
0.634090909090909
0.5563636363636364
0.685
0.795
0.7122727272727273
0.6363636363636364
0.7554545454545455
0.8809090909090909
0.7495454545454546
0.7981818181818183
0.825909090909091
0.9404545454545455
0.8195454545454546
0.8177272727272729
0.9318181818181818
0.995
0.9290909090909092
1.0104545454545455
1.045909090909091
1.0627272727272727
1.0104545454545455
1.0572727272727274
0.9572727272727272
1.0663636363636364
1.1777272727272727
1.1122727272727273
1.1186363636363637
1.1700000000000002
1.1863636363636365
1.170909090909091
1.1136363636363635
1.2359090909090908
1.3154545454545454
1.3627272727272728
1.3195454545454546
1.2659090909090909
1.454090909090909
1.485217391304348
1.6069565217391304
1.461304347826087
1.5408695652173912
1.5143478260869565
1.7795652173913044
1.6143478260869566
1.8439130434782607
1.6173913043478263
1.7226086956521738
1.7026086956521738
1.7417391304347827
1.6904347826086958
1.69
1.796521739130435
1.8891304347826088
1.9508695652173913
2.2795652173913044
1.7734782608695652
1.857391304347826
2.1021739130434782
2.0482608695652176
1.8634782608695653
1.8678260869565217
1.9343478260869567
1.8743478260869566
2.152173913043478
2.227826086956522
2.072608695652174
2.1534782608695653
2.299130434782609
2.362173913043478
2.3856521739130434
2.3508695652173914
2.2308695652173913
2.2913043478260873
2.3243478260869566
2.2669565217391305
2.3291304347826087
2.220869565217391
2.457826086956522
2.5943478260869566
2.3730434782608696
2.356521739130435
2.509130434782609
2.2904347826086955
2.23
2.3017391304347825
2.503478260869565
2.2856521739130433
2.362173913043478
2.606521739130435
2.8391304347826085
2.65
2.6817391304347824
2.542608695652174
2.2856521739130433
2.493913043478261
2.7195652173913047
2.791739130434783
3.058695652173913
2.8634782608695653
2.6482608695652172
2.7960869565217394
2.6447826086956523
2.903913043478261
2.6143478260869566
2.9039130434782607
3.0904347826086958
2.8991304347826086
2.8578260869565217
2.6673913043478263
2.4656521739130435
2.763913043478261
2.7456521739130433
2.992608695652174
2.9404347826086954
2.853478260869565
3.03695652173913
3.1856521739130432
3.157391304347826
3.032173913043478
2.9499999999999997
3.1873913043478264
3.22
3.106086956521739
3.0934782608695657
3.034782608695652
3.07
3.251304347826087
3.145652173913043
3.1134782608695653
2.7856521739130433
2.9156521739130437
2.824347826086957
2.613913043478261
2.7908695652173914
2.7552173913043476
2.7804347826086957
3.068260869565217
2.9508695652173915
3.176086956521739
2.8865217391304347
2.69
3.097826086956522
2.922173913043478
2.864782608695652
2.9591304347826086
3.0543478260869565
3.1104347826086958
3.0908695652173916
3.1273913043478263
3.0626086956521736
2.9800000000000004
3.1269565217391304
3.1978260869565216
2.6456521739130436
2.6969565217391307
2.9669565217391303
2.820869565217391
2.9347826086956523
2.695217391304348
2.6421739130434783
2.8865217391304347
2.854782608695652
2.5030434782608695
2.959565217391304
2.579565217391304
2.695217391304348
2.8756521739130436
2.76
2.491304347826087
2.626521739130435
2.5717391304347825
2.413478260869565
2.313913043478261
2.5391304347826087
2.5869565217391304
2.35
2.318695652173913
2.4056521739130434
2.4317391304347824
2.3378260869565217
2.2913043478260873
2.052608695652174
2.0660869565217395
1.9713043478260872
1.9695652173913043
2.243913043478261
2.2273913043478264
2.057391304347826
1.8391304347826085
2.055217391304348
2.0208695652173914
1.91
1.854782608695652
2.097391304347826
1.8013043478260868
1.8704347826086958
1.8765217391304347
1.8508695652173912
1.8404347826086955
1.854782608695652
1.6304347826086956
1.7721739130434782
1.7400000000000002
1.5826086956521739
1.5365217391304349
1.7017391304347826
1.5991304347826087
1.4047826086956523
1.3491304347826087
1.3691304347826085
1.48
1.3478260869565217
1.353913043478261
1.3530434782608696
1.2460869565217392
1.0791304347826087
1.1317391304347826
1.1343478260869566
1.1056521739130434
1.03
1.030909090909091
1.0054545454545456
1.0631818181818182
1.0386363636363638
0.9654545454545456
1.0168181818181818
0.9277272727272727
0.8581818181818182
0.8972727272727272
0.989090909090909
0.9072727272727273
0.8340909090909091
0.660909090909091
0.714090909090909
0.6986363636363636
0.6481818181818182
0.8831818181818182
0.7568181818181817
0.7240909090909091
0.6754545454545454
0.7140909090909091
0.6554545454545454
0.739090909090909
0.6681818181818181
0.7418181818181818
0.6995454545454546
0.6731818181818182
0.5677272727272727
0.5159090909090909
0.5081818181818182
0.5204545454545454
0.5045454545454545
0.4813636363636364
0.48000000000000004
0.3836363636363636
0.3981818181818182
0.42227272727272724
0.3981818181818182
0.4
0.3422727272727273
0.33590909090909093
0.34863636363636363
0.3190909090909091
0.28454545454545455
0.41181818181818186
0.2131818181818182
0.21499999999999997
0.2381818181818182
0.2686363636363636
0.24363636363636365
0.2581818181818182
0.22954545454545452
0.23590909090909093
0.29636363636363633
0.2322727272727273
0.21500000000000002
0.26545454545454544
0.23136363636363635
0.23909090909090908
0.24727272727272728
0.21227272727272728
0.25863636363636366
0.3
0.3331818181818182
0.2609090909090909
0.32409090909090915
0.27136363636363636
0.3609090909090909
0.18045454545454545
0.255
0.19590909090909092
0.23454545454545456
0.2
0.20909090909090908
0.33045454545454545
0.2259090909090909
0.2127272727272727
0.13136363636363638
0.12181818181818183
0.08863636363636364
0.12409090909090909
0.18409090909090908
0.17727272727272728
0.20272727272727273
0.3118181818181818
0.24863636363636363
0.26681818181818184
0.28863636363636364
0.23681818181818182
0.21500000000000002
0.20590909090909093
0.21
