temperature
5.226818181818182
4.496363636363636
4.4377272727272725
4.4390909090909085
5.145
4.816818181818181
4.887272727272727
5.149545454545454
4.787727272727273
5.208181818181818
5.243636363636363
5.725454545454546
6.050909090909091
5.09909090909091
5.925454545454546
5.245454545454546
5.183636363636364
5.257272727272727
5.7272727272727275
5.079545454545454
4.876363636363636
4.749545454545454
4.623181818181818
4.234090909090909
4.427727272727273
4.13
3.9909090909090907
4.402272727272727
4.5204545454545455
4.215
4.127727272727273
4.3127272727272725
4.035454545454545
4.20909090909091
5.574090909090909
5.51409090909091
5.329090909090909
4.713181818181818
4.373181818181818
4.2309090909090905
4.824545454545454
5.320909090909091
5.762272727272727
5.002727272727273
4.260909090909091
4.741818181818181
5.030909090909091
4.905
4.983181818181818
4.889545454545455
4.34909090909091
4.745909090909091
4.929545454545455
5.400454545454545
5.794090909090909
5.669090909090909
5.623636363636364
5.4809090909090905
5.3122727272727275
5.192727272727273
4.707272727272727
4.715454545454545
4.8140909090909085
4.865454545454545
5.557727272727273
6.444999999999999
6.650454545454545
6.649545454545454
6.4359090909090915
6.303181818181818
6.134545454545455
5.916818181818181
5.971363636363637
7.1068181818181815
7.155909090909091
7.308636363636364
6.8568181818181815
6.114545454545455
6.119999999999999
6.484999999999999
6.8172727272727265
6.995454545454546
7.172272727272727
7.390909090909091
7.119545454545454
6.8968181818181815
7.03590909090909
7.63909090909091
7.930454545454546
8.266363636363637
8.36608695652174
8.459130434782608
8.025652173913043
7.961304347826087
7.706521739130435
8.422173913043478
7.2556521739130435
7.4021739130434785
7.650869565217391
8.207391304347826
8.027826086956521
7.771739130434782
7.8447826086956525
8.23695652173913
8.450869565217392
8.55
8.73913043478261
8.485652173913042
8.016521739130434
8.570434782608697
9.44
9.97
10.274347826086956
10.39
10.584782608695651
10.370434782608696
10.48391304347826
10.52913043478261
10.415652173913044
10.57913043478261
10.738695652173913
10.792173913043479
10.638695652173913
10.341739130434783
10.646521739130435
10.783043478260868
11.101739130434783
11.152608695652173
11.188695652173914
11.803043478260872
12.051304347826088
11.506086956521738
11.283478260869565
11.362608695652172
11.35391304347826
11.831739130434782
11.615217391304347
11.523478260869567
11.80913043478261
11.962173913043477
11.989565217391304
12.10478260869565
12.675652173913045
12.97304347826087
12.91
12.701739130434783
12.513478260869565
12.447826086956523
12.66695652173913
13.242173913043478
13.451304347826087
13.546521739130435
14.25
13.858260869565218
13.454782608695652
13.713043478260868
14.010434782608696
14.165217391304349
14.071304347826086
14.27304347826087
14.277391304347827
13.993478260869566
14.036521739130434
14.19086956521739
14.6
14.47
14.925652173913045
15.293478260869565
15.333913043478262
15.490869565217393
15.300869565217392
14.826521739130435
14.716521739130435
15.03086956521739
15.198695652173912
15.452173913043477
15.612173913043478
15.904347826086957
15.92086956521739
16.27695652173913
16.128260869565217
16.385217391304348
16.182173913043478
16.303478260869564
16.22478260869565
15.810434782608695
15.834782608695651
15.94217391304348
15.991304347826087
16.29826086956522
16.346521739130434
16.347391304347827
16.14
16.086521739130436
16.666086956521738
16.98391304347826
17.04
16.688695652173916
16.742608695652173
17.317391304347826
17.15478260869565
16.98304347826087
16.758260869565216
17.17391304347826
17.354347826086958
17.333913043478262
17.231739130434782
17.63434782608696
17.758695652173913
17.509565217391305
17.149565217391306
17.058260869565217
17.445217391304347
17.34913043478261
17.33608695652174
17.238260869565217
17.66695652173913
17.536521739130436
17.493478260869566
17.22826086956522
17.416521739130435
17.227391304347826
17.488260869565217
17.09086956521739
16.56086956521739
16.497826086956522
16.95130434782609
16.657391304347826
16.625652173913043
16.819130434782608
16.95782608695652
16.96608695652174
16.720434782608695
16.719565217391306
16.42608695652174
15.81
15.891304347826088
16.356521739130436
15.605652173913043
15.058260869565219
15.051304347826088
15.46782608695652
15.55913043478261
15.118695652173914
15.305217391304348
15.684782608695652
15.40608695652174
15.349130434782607
15.476086956521739
15.233478260869566
15.070869565217391
15.02304347826087
15.051304347826088
15.21608695652174
14.855652173913043
14.035217391304348
13.790434782608695
13.509565217391305
13.608695652173912
13.19304347826087
13.61304347826087
14.071304347826086
14.063478260869564
13.967391304347826
13.701304347826087
13.493913043478262
13.346521739130436
12.869130434782608
13.019565217391303
13.385217391304348
13.48521739130435
13.47086956521739
13.814347826086957
13.906818181818181
13.008181818181818
12.621818181818183
12.016363636363637
11.661363636363637
12.297727272727274
11.552727272727273
12.578636363636365
12.734090909090908
12.603636363636362
12.427727272727275
11.756818181818181
11.594545454545454
11.26
11.115909090909092
10.981818181818182
10.79590909090909
9.965454545454547
10.266363636363637
10.030909090909091
10.863181818181818
10.891818181818183
10.848181818181818
11.000454545454545
10.853636363636364
10.90318181818182
10.850000000000001
10.33909090909091
10.146363636363636
10.457272727272727
10.285
9.489545454545455
9.221363636363636
9.542272727272728
8.889090909090909
9.090909090909092
8.805
8.616818181818182
9.022727272727273
8.166363636363636
8.314545454545454
8.782272727272728
8.409545454545453
8.379090909090909
7.7272727272727275
7.277727272727273
6.911363636363637
6.941363636363636
7.095
6.816818181818181
6.796363636363637
6.539545454545455
6.752272727272728
6.24
6.702727272727273
6.856363636363636
6.9390909090909085
6.94
6.900454545454545
6.835454545454545
6.440454545454545
6.3945454545454545
6.100909090909091
5.935
6.076818181818182
5.66
5.397272727272727
5.483181818181818
5.496363636363636
5.302727272727273
4.922272727272727
5.200454545454545
5.387727272727273
5.5249999999999995
4.765
4.612727272727273
4.469090909090909
4.122727272727272
4.633181818181818
4.358636363636363
3.6563636363636363
4.888636363636364
4.907272727272727
5.541818181818182
6.040454545454545
5.050909090909091
4.457727272727273
4.405909090909091
4.0213636363636365
4.068636363636364
4.670909090909091
4.747272727272727
