temperature
3.2995652173913044
3.2565217391304344
2.9095652173913042
3.2282608695652173
3.573913043478261
3.8143478260869568
2.928695652173913
3.4669565217391303
3.766086956521739
3.544782608695652
3.182608695652174
2.516521739130435
2.108260869565217
2.4282608695652175
3.0278260869565217
3.1952173913043476
2.5321739130434784
2.1191304347826083
2.887826086956522
2.9321739130434783
3.5647826086956527
3.7730434782608695
3.476086956521739
3.5813043478260873
3.220869565217391
2.933913043478261
2.6886956521739127
2.662608695652174
2.925652173913043
2.6630434782608696
2.52
2.6252173913043477
3.253478260869565
3.603478260869565
3.672608695652174
3.857391304347826
4.117826086956521
4.078695652173913
3.752608695652174
3.1843478260869564
2.7313043478260868
2.3617391304347826
2.5169565217391305
2.3956521739130436
1.921304347826087
1.6139130434782607
1.6543478260869564
2.2830434782608697
2.4395652173913045
2.617391304347826
2.5882608695652176
3.1291304347826085
3.5895652173913044
3.632608695652174
3.8004347826086957
3.0947826086956525
3.5469565217391303
3.490869565217391
3.6552173913043475
4.01608695652174
4.254782608695652
4.335217391304347
4.271304347826087
4.552173913043478
4.896521739130435
5.2382608695652175
5.254347826086956
4.968260869565217
5.299130434782609
5.5
5.285217391304348
5.307391304347826
4.997391304347826
5.090869565217392
4.7495652173913046
5.320434782608696
5.385217391304348
5.336956521739131
5.18608695652174
5.348695652173913
5.215217391304348
5.124347826086956
5.373913043478261
5.866521739130435
5.413478260869565
5.6673913043478255
5.502173913043478
5.614347826086957
5.966521739130434
5.838260869565217
6.66409090909091
6.229545454545455
5.218181818181818
5.280454545454545
5.496818181818182
5.611818181818182
5.838636363636363
5.649090909090909
5.794090909090909
6.242727272727273
6.745454545454546
7.343181818181819
6.920454545454546
7.15
7.5231818181818175
7.662272727272727
7.252727272727273
7.350454545454546
7.930454545454546
7.787727272727273
7.849545454545455
8.360454545454546
7.825
7.345
7.4422727272727265
7.41409090909091
7.344090909090909
7.307272727272727
7.705454545454546
7.998636363636364
8.090909090909092
7.881363636363636
8.423636363636364
8.633181818181818
8.799090909090909
9.049545454545454
9.410454545454545
10.106818181818182
9.503636363636362
9.454545454545455
9.913636363636364
9.634545454545455
10.453636363636365
10.102727272727272
10.407272727272728
10.356818181818182
10.222272727272728
10.542272727272728
10.508636363636363
11.26909090909091
11.162272727272727
10.956363636363635
11.282727272727273
11.44
11.562727272727273
11.618636363636364
11.517272727272728
11.058636363636364
11.276818181818182
11.274545454545454
11.571818181818182
12.149090909090908
12.114545454545453
12.27818181818182
12.139999999999999
12.256818181818181
12.263636363636364
12.322272727272725
12.412727272727272
12.481363636363636
12.475454545454545
12.425454545454546
12.685
12.699545454545454
12.981363636363637
12.749545454545455
13.217272727272727
13.366363636363637
12.95590909090909
13.740454545454547
13.704545454545455
13.463636363636363
13.496363636363638
13.391363636363637
13.492272727272727
14.049090909090909
14.221363636363636
13.977727272727272
13.937272727272727
14.132272727272726
14.44
14.725454545454545
14.828636363636365
14.80090909090909
15.192727272727273
15.588636363636363
15.622272727272728
15.67681818181818
15.995
15.568181818181818
15.601818181818182
15.807727272727272
15.34681818181818
15.748636363636365
15.544090909090908
15.851818181818182
15.457727272727272
15.180909090909092
14.957727272727272
15.227727272727272
15.72090909090909
15.268181818181818
15.233181818181817
15.253181818181817
15.099545454545455
15.484545454545456
15.79090909090909
15.982272727272727
16.13681818181818
16.311363636363637
16.183636363636364
15.833181818181817
15.478636363636362
15.75590909090909
15.909999999999998
15.503636363636362
15.557727272727272
15.668181818181818
14.933636363636365
15.309545454545455
15.514999999999999
15.287272727272727
15.345454545454546
15.507727272727273
15.768636363636364
16.06681818181818
16.291363636363638
15.531818181818181
15.105
15.033181818181818
15.166363636363638
15.591818181818182
15.450454545454544
15.360909090909091
14.474545454545455
14.932272727272727
14.92590909090909
14.94590909090909
14.425454545454546
14.780909090909091
15.034090909090908
14.64409090909091
13.892272727272728
14.585
14.092272727272727
14.118636363636364
13.868636363636364
13.838636363636363
13.52909090909091
13.581363636363637
13.892272727272728
13.631818181818181
13.431818181818182
12.908636363636363
13.019545454545455
12.645454545454545
12.411818181818182
12.49409090909091
12.87590909090909
13.132727272727273
12.785454545454543
12.157272727272726
12.477272727272727
12.408181818181818
12.061818181818182
12.508181818181818
12.091363636363637
11.551818181818183
11.601818181818182
11.530909090909091
11.83409090909091
11.871363636363638
11.812272727272727
11.492608695652173
11.327826086956522
11.179130434782609
11.31086956521739
10.920434782608694
10.72304347826087
10.51
10.136956521739132
10.812173913043479
10.60608695652174
10.174347826086956
10.13304347826087
9.640434782608697
9.090434782608696
9.201739130434783
8.867826086956523
8.711739130434783
8.943913043478261
9.269565217391303
8.864347826086956
8.190434782608696
8.339565217391305
8.496086956521738
8.848695652173914
8.706521739130435
8.574347826086957
8.578695652173913
8.215217391304348
7.69695652173913
8.134347826086957
8.424782608695653
8.06304347826087
8.101739130434783
7.898695652173914
7.219130434782608
6.9286956521739125
6.268695652173913
6.870869565217391
7.337826086956523
6.9482608695652175
6.849565217391304
7.0200000000000005
6.029565217391305
5.476521739130434
4.901304347826087
5.326086956521739
5.29
5.128260869565217
5.62304347826087
5.416086956521739
4.590869565217392
4.377826086956522
4.889565217391304
5.4656521739130435
5.440434782608696
5.39695652173913
4.741304347826087
4.282173913043478
4.076521739130435
3.723913043478261
3.6130434782608694
4.1234782608695655
4.525652173913044
4.748695652173913
4.9769565217391305
4.916956521739131
4.444782608695652
4.043478260869565
3.528695652173913
3.4156521739130437
3.2691304347826087
3.532173913043478
3.6
3.5491304347826085
4.153043478260869
4.5978260869565215
4.259130434782608
4.074347826086957
3.808695652173913
3.867391304347826
4.031739130434783
4.740434782608696
4.020434782608696
4.380869565217392
4.372173913043478
4.416086956521739
4.267826086956521
4.163913043478261
4.308695652173912
4.222608695652174
3.385217391304348
3.132608695652174
