temperature
3.3886666666666665
3.4793333333333334
2.9253333333333336
2.898
3.880666666666667
3.906
3.4646666666666666
3.638
4.262
3.8026666666666666
3.158666666666667
3.8466666666666667
3.808666666666667
3.9506666666666663
4.0
3.614
3.3253333333333335
3.401333333333333
4.057333333333333
3.9
3.4746666666666663
3.1300000000000003
2.7046666666666668
3.19
2.4226666666666667
1.9713333333333334
2.0886666666666667
2.274
2.759333333333333
3.094666666666667
3.046
2.956
2.9006666666666665
3.7640000000000002
4.732666666666666
4.624666666666667
4.872
3.814
3.226
3.509333333333333
3.2760000000000002
3.162
3.5113333333333334
3.412
3.2373333333333334
3.69
3.183333333333333
3.37
3.8906666666666667
3.889333333333333
3.626
3.1906666666666665
3.5353333333333334
3.9986666666666664
4.029333333333333
3.298
3.5853333333333333
4.197333333333334
4.106
3.7766666666666664
3.6373333333333333
3.630666666666667
3.978666666666667
4.851333333333333
4.8566666666666665
5.585999999999999
5.322
4.862
5.454666666666666
5.6866666666666665
5.2026666666666666
5.898666666666667
6.049333333333333
6.125333333333333
5.994666666666666
6.756
6.264666666666667
5.652666666666667
5.54
6.03
6.210666666666667
6.1979999999999995
5.813999999999999
5.788
5.672666666666667
5.488666666666666
5.4959999999999996
5.911333333333333
6.465333333333334
6.578666666666667
6.918666666666667
6.066
5.148666666666667
5.054666666666666
5.606666666666667
6.026666666666667
6.017333333333334
6.042
6.734
7.102666666666666
6.7733333333333325
6.912
5.658
5.342666666666667
5.842
6.280666666666666
6.887333333333333
6.492
6.858666666666666
7.334666666666667
7.8853333333333335
8.35
8.226666666666667
8.363999999999999
8.023333333333333
8.133999999999999
8.72
8.581333333333333
9.132
9.366000000000001
9.814
9.723333333333333
9.762666666666666
9.572000000000001
9.437333333333333
9.1
9.664
9.912666666666667
9.482666666666667
8.955333333333334
9.046666666666665
8.883999999999999
9.618
10.224666666666668
10.639333333333333
10.050666666666666
9.663333333333332
9.800666666666666
10.058666666666666
10.304
10.576666666666666
10.481333333333334
11.215333333333335
11.238
10.915333333333333
10.908666666666667
10.825333333333333
10.612
11.283999999999999
11.596666666666666
11.696666666666665
11.994
11.244
11.367333333333333
10.712
10.681333333333333
11.708666666666666
11.956666666666667
11.455333333333334
12.343333333333334
12.309333333333333
11.714
12.033999999999999
12.618
12.760666666666667
12.660666666666666
13.439333333333334
13.719333333333333
13.585333333333333
14.108666666666666
13.961333333333334
12.918
13.062000000000001
12.691333333333334
13.239333333333333
13.870000000000001
14.139999999999999
14.181333333333333
14.418666666666667
14.525333333333332
14.080666666666668
13.957333333333334
13.775333333333332
14.156666666666666
14.584
14.438666666666668
14.892666666666665
14.856
14.988666666666667
14.348666666666666
14.901333333333334
15.382
14.984
14.925999999999998
15.150666666666666
15.427333333333333
15.216666666666667
14.544666666666666
14.843333333333334
15.774000000000001
16.591333333333335
15.645333333333333
15.430666666666665
15.792
15.427333333333333
15.240666666666666
14.945333333333334
15.631333333333334
15.658666666666667
15.898
15.621333333333332
15.752
15.792
16.149333333333335
16.02
15.091333333333333
15.065333333333333
15.639333333333333
15.206666666666667
15.388666666666666
15.474666666666668
15.475333333333333
15.620000000000001
15.168666666666667
15.063333333333333
14.999333333333334
15.212666666666667
14.981333333333334
15.010666666666667
14.741333333333333
15.472666666666667
15.738666666666665
15.126
14.877999999999998
14.026
13.868666666666666
14.115333333333332
14.031333333333333
13.527333333333333
13.68
14.086666666666668
13.581999999999999
13.392
14.016
13.906666666666666
13.754
12.974
12.999333333333334
12.883750000000001
13.055
13.26875
12.94375
12.914375
13.05625
12.431875
11.94375
11.74375
11.2975
11.9075
11.98625
12.508125
11.986666666666668
12.566
12.733333333333333
12.195333333333334
12.033999999999999
11.550666666666666
10.976666666666667
10.893333333333334
11.017999999999999
11.465333333333335
11.831999999999999
11.718666666666667
11.308
10.911333333333333
10.586
10.47
10.214
10.476666666666667
10.514666666666667
10.164666666666667
10.725333333333333
10.594
9.666
9.677333333333333
9.875333333333334
9.681999999999999
9.379999999999999
9.004666666666667
8.857333333333333
8.05
8.435333333333334
8.435333333333334
8.847333333333333
8.616666666666667
8.354000000000001
8.099333333333332
8.266666666666667
8.214
8.244
8.01
6.9319999999999995
7.158
7.117333333333334
7.220666666666667
6.4959999999999996
6.905333333333333
6.48
6.653333333333333
6.068666666666667
6.766
7.1659999999999995
6.5873333333333335
6.250666666666667
6.372
6.184666666666667
6.194
5.712666666666666
5.9766666666666675
5.558000000000001
4.689333333333334
4.969333333333334
4.932
4.035333333333333
3.8426666666666667
3.932666666666667
4.185333333333333
4.960666666666667
5.019333333333333
5.139333333333334
4.406000000000001
4.331333333333333
3.6426666666666665
4.365333333333334
4.9879999999999995
5.191333333333334
5.6033333333333335
4.426
3.8560000000000003
4.0553333333333335
3.2939999999999996
3.1940000000000004
3.216666666666667
3.6233333333333335
3.9166666666666665
4.178
3.7953333333333332
3.5446666666666666
3.6373333333333333
4.8053333333333335
5.431333333333333
4.447333333333333
4.354
2.9853333333333336
3.436
3.4806666666666666
3.9393333333333334
3.945333333333333
3.6686666666666667
3.284
2.546
2.982666666666667
3.2293333333333334
3.2946666666666666
3.219333333333333
