pet
0.23590909090909093
0.27545454545454545
0.2827272727272727
0.3118181818181818
0.2959090909090909
0.21545454545454545
0.3740909090909091
0.33272727272727276
0.33636363636363636
0.305
0.33636363636363636
0.3577272727272727
0.38272727272727275
0.3131818181818182
0.30727272727272725
0.27090909090909093
0.2590909090909091
0.31272727272727274
0.2872727272727273
0.3718181818181818
0.3077272727272727
0.30818181818181817
0.28954545454545455
0.32363636363636367
0.3427272727272727
0.42045454545454547
0.3859090909090909
0.47590909090909095
0.40772727272727277
0.3931818181818182
0.4531818181818182
0.4354545454545455
0.4813636363636364
0.455
0.5322727272727273
0.5327272727272727
0.5440909090909091
0.5645454545454546
0.5036363636363637
0.5422727272727272
0.51
0.44636363636363635
0.5404545454545455
0.5677272727272727
0.5254545454545455
0.6218181818181818
0.6931818181818182
0.5259090909090909
0.5572727272727273
0.5904545454545455
0.7004545454545454
0.6963636363636364
0.7522727272727273
0.6818181818181818
0.6227272727272727
0.6822727272727273
0.8259090909090908
0.7949999999999999
0.6736363636363637
0.7536363636363635
0.9104545454545455
0.8018181818181819
0.8368181818181818
0.8300000000000001
0.9709090909090908
0.9586363636363636
0.895
1.0154545454545454
1.035
1.029090909090909
1.1381818181818182
1.05
1.1472727272727272
1.044090909090909
1.143181818181818
1.0477272727272728
1.1027272727272728
1.0990909090909091
1.038181818181818
1.1618181818181819
1.208181818181818
1.1222727272727273
1.143181818181818
1.184090909090909
1.1704545454545454
1.2722727272727274
1.288181818181818
1.2781818181818183
1.2786363636363636
1.5372727272727273
1.5860869565217393
1.691304347826087
1.556086956521739
1.5104347826086957
1.6078260869565215
1.9230434782608694
1.5291304347826087
1.7782608695652173
1.5108695652173914
1.732608695652174
1.6691304347826088
1.644782608695652
1.6569565217391304
1.7804347826086957
1.7278260869565218
1.838695652173913
1.998695652173913
2.0069565217391307
1.6643478260869566
1.8113043478260868
2.1708695652173913
2.3230434782608698
2.1713043478260867
2.0069565217391303
2.1139130434782607
1.79
2.2221739130434783
2.1669565217391304
2.15695652173913
2.1491304347826086
2.242608695652174
2.190434782608696
2.385217391304348
2.3908695652173915
2.256521739130435
2.6043478260869564
2.4056521739130434
2.324782608695652
2.569130434782609
2.493478260869565
2.4791304347826086
2.5860869565217395
2.447391304347826
2.3460869565217393
2.632173913043478
2.457391304347826
2.3608695652173917
2.541304347826087
2.7030434782608697
2.3843478260869566
2.408695652173913
2.6895652173913045
2.973478260869565
2.792608695652174
2.8078260869565215
2.723478260869565
2.4243478260869566
2.727391304347826
2.8443478260869566
2.7204347826086956
3.0539130434782606
2.991304347826087
2.6669565217391304
2.8795652173913044
2.546521739130435
2.8869565217391306
2.692608695652174
2.933478260869565
3.023913043478261
2.929130434782609
2.784347826086957
2.748695652173913
2.8656521739130434
2.748695652173913
2.762608695652174
2.988695652173913
2.883478260869565
3.066956521739131
3.2017391304347824
3.31695652173913
3.3439130434782607
3.3069565217391306
3.109130434782609
3.1821739130434783
3.1365217391304347
2.947391304347826
3.173478260869565
3.1369565217391306
3.2226086956521742
3.354782608695652
3.2913043478260873
3.2247826086956524
3.1626086956521737
2.9826086956521736
3.3065217391304347
2.963478260869565
3.0804347826086955
3.034347826086956
2.8056521739130433
3.0634782608695654
3.0921739130434784
3.289130434782609
3.0008695652173913
2.792608695652174
3.210869565217391
3.251304347826087
3.0834782608695654
2.9869565217391307
3.3956521739130436
3.3069565217391306
3.17
3.1891304347826086
3.257826086956522
3.217391304347826
3.3073913043478256
3.1308695652173917
3.005652173913043
2.9156521739130437
3.104347826086957
3.075217391304348
3.1365217391304347
3.008260869565217
2.9852173913043476
3.15
3.174782608695652
2.869565217391304
3.177826086956522
2.976086956521739
2.819565217391304
2.854782608695652
2.9213043478260867
2.654782608695652
2.96
2.517391304347826
2.7117391304347827
2.5556521739130433
2.8604347826086953
2.890434782608696
2.822173913043478
2.6769565217391302
2.713478260869565
2.627391304347826
2.631304347826087
2.3817391304347826
2.312173913043478
2.163913043478261
2.154782608695652
1.8743478260869566
2.32
2.3791304347826085
2.426521739130435
1.996086956521739
2.112608695652174
2.135217391304348
2.115217391304348
2.006521739130435
2.210434782608696
2.011304347826087
1.9343478260869567
2.031304347826087
1.96
1.9943478260869565
1.9260869565217391
1.819130434782609
1.8721739130434785
1.768695652173913
1.7091304347826088
1.5452173913043479
1.7773913043478262
1.6330434782608696
1.5595652173913042
1.4965217391304348
1.538695652173913
1.6339130434782607
1.5291304347826087
1.4430434782608694
1.268695652173913
1.2534782608695652
1.162608695652174
1.17
1.2252173913043478
1.1756521739130434
1.2208695652173913
1.1727272727272728
1.2113636363636362
1.125
1.1981818181818182
1.1304545454545456
1.1022727272727273
0.9968181818181818
0.8436363636363636
1.0
1.0872727272727272
0.9768181818181817
0.8881818181818182
0.6486363636363636
0.7477272727272727
0.7181818181818183
0.7163636363636363
0.9204545454545454
0.870909090909091
0.8118181818181818
0.7645454545454545
0.6672727272727272
0.7213636363636364
0.7704545454545454
0.7354545454545455
0.7945454545454546
0.7490909090909091
0.7754545454545454
0.6363636363636364
0.5313636363636364
0.5754545454545454
0.5609090909090909
0.5168181818181818
0.5009090909090909
0.5418181818181819
0.4459090909090909
0.3690909090909091
0.48000000000000004
0.40772727272727277
0.4209090909090909
0.35954545454545456
0.33636363636363636
0.3631818181818182
0.33272727272727276
0.32863636363636367
0.42136363636363633
0.23272727272727273
0.1831818181818182
0.24727272727272728
0.3140909090909091
0.22636363636363638
0.2959090909090909
0.2736363636363636
0.22272727272727275
0.30727272727272725
0.2513636363636364
0.25863636363636366
0.24636363636363637
0.21954545454545454
0.18954545454545454
0.19727272727272727
0.22863636363636364
0.2768181818181818
0.23636363636363636
0.3304545454545455
0.26999999999999996
0.3463636363636364
0.31681818181818183
0.34136363636363637
0.20681818181818182
0.2931818181818182
0.2
0.23454545454545456
0.22272727272727275
0.20590909090909093
0.3772727272727273
0.27909090909090906
0.24181818181818182
0.19545454545454544
0.12363636363636364
0.12636363636363634
0.15181818181818182
0.2531818181818182
0.2531818181818182
0.25499999999999995
0.3431818181818182
0.30136363636363633
0.31772727272727275
0.30000000000000004
0.2963636363636364
0.20590909090909093
0.2809090909090909
0.2109090909090909
