date	precipitation	temperature	discharge_spec
19931021	0.18	4.83	0.29
19931022	0.01	6.6	0.28
19931023	0.0	6.9	0.28
19931024	0.0	6.99	0.27
19931025	0.1	7.24	0.27
19931026	0.19	8.38	0.27
19931027	1.16	7.93	0.26
19931028	0.0	8.33	0.25
19931029	0.0	7.84	0.25
19931030	0.0	7.52	0.27
19931031	0.0	7.3	0.27
19931101	0.0	6.22	0.26
19931102	0.0	6.12	0.26
19931103	0.08	8.38	0.26
19931104	0.12	10.84	0.25
19931105	0.0	11.56	0.25
19931106	0.0	7.62	0.25
19931107	0.19	7.51	0.24
19931108	0.0	6.92	0.23
19931109	15.72	5.43	0.24
19931110	7.47	7.81	0.25
19931111	0.0	5.54	0.23
19931112	11.56	5.29	0.25
19931113	19.65	7.27	0.38
19931114	0.16	5.71	0.33
19931115	0.0	3.81	0.3
19931116	0.0	2.85	0.29
19931117	0.0	2.41	0.28
19931118	0.0	1.69	0.27
19931119	0.0	1.13	0.26
19931120	0.16	-0.48	0.26
19931121	0.0	-1.1	0.25
19931122	0.07	-1.91	0.26
19931123	0.0	-2.67	0.25
19931124	0.13	-0.29	0.25
19931125	0.1	3.94	0.25
19931126	0.1	3.31	0.24
19931127	0.0	2.95	0.25
19931128	0.0	0.15	0.24
19931129	7.11	1.36	0.25
19931130	2.44	3.32	0.26
19931201	0.45	6.33	0.25
19931202	0.05	7.07	0.25
19931203	2.09	10.15	0.24
19931204	1.16	9.77	0.25
19931205	0.11	5.49	0.24
19931206	4.47	6.49	0.24
19931207	4.73	5.84	0.24
19931208	8.84	6.21	0.27
19931209	1.62	6.53	0.26
19931210	0.0	6.12	0.25
19931211	1.82	3.65	0.24
19931212	16.28	5.06	0.31
19931213	4.56	4.82	0.3
19931214	11.33	1.86	0.32
19931215	0.18	2.51	0.35
19931216	1.01	4.63	0.32
19931217	0.57	6.12	0.3
19931218	12.62	8.43	0.33
19931219	7.95	11.43	0.35
19931220	6.33	4.38	0.4
19931221	2.16	2.67	0.37
19931222	3.53	3.93	0.38
19931223	3.56	3.34	0.38
19931224	0.1	2.27	0.36
19931225	0.0	0.19	0.35
19931226	0.03	-0.32	0.35
19931227	5.96	-0.12	0.36
19931228	4.05	2.75	0.41
19931229	4.93	5.24	0.41
19931230	9.66	5.4	0.45
19931231	0.02	4.5	0.45
19940101	8.86	3.16	0.46
19940102	0.78	4.05	0.48
19940103	6.17	4.82	0.49
19940104	13.45	4.41	0.51
19940105	7.64	3.72	0.6
19940106	7.32	1.25	0.6
19940107	0.0	0.85	0.58
19940108	3.79	1.76	0.57
19940109	15.06	3.33	0.65
19940110	0.08	6.1	0.68
19940111	4.76	6.03	0.67
19940112	10.9	7.79	0.7
19940113	1.96	7.91	0.69
19940114	1.12	5.98	0.69
19940115	2.6	3.42	0.7
19940116	0.0	1.86	0.69
19940117	0.0	0.45	0.67
19940118	3.39	1.82	0.68
19940119	0.0	3.25	0.67
19940120	0.01	3.45	0.67
19940121	0.64	5.64	0.66
19940122	3.46	7.67	0.67
19940123	1.72	7.15	0.69
19940124	1.39	5.97	0.7
19940125	1.97	7.37	0.69
19940126	1.29	6.45	0.65
19940127	2.08	7.84	0.65
19940128	0.59	4.42	0.64
19940129	1.28	4.61	0.63
19940130	0.0	6.54	0.63
19940131	0.25	3.56	0.65
19940201	7.62	5.07	0.67
19940202	8.69	1.96	0.65
19940203	6.64	3.89	0.77
19940204	0.0	5.83	0.73
19940205	0.15	4.62	0.69
19940206	8.94	3.85	0.68
19940207	0.0	4.72	0.67
19940208	1.05	2.7	0.65
19940209	0.0	3.62	0.65
19940210	6.41	3.68	0.64
19940211	2.33	2.72	0.66
19940212	0.0	2.02	0.65
19940213	0.64	0.19	0.65
19940214	6.07	-2.97	0.64
19940215	0.41	-1.0	0.64
19940216	0.14	1.76	0.64
19940217	0.0	2.48	0.64
19940218	0.0	3.14	0.64
19940219	0.0	1.39	0.64
19940220	0.23	0.05	0.64
19940221	0.45	-2.02	0.63
19940222	9.5	-1.83	0.65
19940223	2.33	-0.05	0.68
19940224	0.01	1.29	0.65
19940225	5.11	4.19	0.64
19940226	0.57	5.55	0.66
19940227	0.15	8.73	0.65
19940228	0.55	7.96	0.64
19940301	2.93	5.57	0.63
19940302	0.0	6.93	0.63
19940303	0.55	7.18	0.62
19940304	0.21	5.64	0.61
19940305	0.15	8.54	0.62
19940306	0.15	6.12	0.61
19940307	1.85	9.0	0.61
19940308	0.15	10.61	0.61
19940309	1.93	9.24	0.6
19940310	0.0	6.43	0.59
19940311	0.1	4.28	0.59
19940312	1.44	5.18	0.6
19940313	0.0	7.53	0.6
19940314	3.32	9.54	0.6
19940315	2.13	9.19	0.61
19940316	0.36	5.46	0.6
19940317	2.92	4.87	0.59
19940318	4.86	6.2	0.6
19940319	0.01	5.79	0.6
19940320	0.0	3.62	0.58
19940321	2.59	5.16	0.58
19940322	2.38	6.52	0.58
19940323	0.84	9.82	0.58
19940324	0.61	9.17	0.56
19940325	2.47	10.28	0.58
19940326	0.01	5.01	0.56
19940327	2.51	4.36	0.57
19940328	0.25	8.29	0.57
19940329	0.0	10.93	0.57
19940330	5.55	9.95	0.59
19940331	12.87	7.57	0.63
19940401	0.82	7.23	0.6
19940402	1.7	4.24	0.59
19940403	13.28	4.47	0.63
19940404	1.31	5.7	0.66
19940405	0.55	4.95	0.62
19940406	1.46	5.52	0.6
19940407	1.63	5.93	0.58
19940408	10.63	5.22	0.6
19940409	2.92	3.66	0.6
19940410	0.0	4.66	0.6
19940411	0.0	6.48	0.56
19940412	6.63	5.43	0.58
19940413	0.0	6.46	0.58
19940414	2.84	4.31	0.57
19940415	2.42	4.69	0.57
19940416	0.08	6.92	0.56
19940417	0.0	5.16	0.56
19940418	0.0	4.87	0.54
19940419	0.0	6.99	0.53
19940420	0.0	7.68	0.52
19940421	0.45	8.54	0.51
19940422	7.66	9.69	0.53
19940423	4.04	12.06	0.56
19940424	0.0	11.48	0.53
19940425	0.07	7.5	0.52
19940426	0.21	12.92	0.52
19940427	0.0	13.89	0.53
19940428	0.0	14.81	0.52
19940429	0.0	13.98	0.51
19940430	0.0	13.45	0.52
19940501	0.0	9.69	0.51
19940502	0.0	10.06	0.51
19940503	0.78	11.67	0.5
19940504	1.13	10.39	0.5
19940505	3.86	8.65	0.51
19940506	1.09	11.4	0.5
19940507	5.16	10.38	0.51
19940508	0.09	10.32	0.5
19940509	0.23	10.15	0.5
19940510	0.0	10.66	0.49
19940511	0.88	12.41	0.48
19940512	3.86	13.38	0.49
19940513	0.0	13.13	0.48
19940514	14.84	14.22	0.51
19940515	0.0	12.95	0.5
19940516	6.28	10.38	0.48
19940517	6.14	7.29	0.51
19940518	0.0	8.21	0.46
19940519	0.08	7.44	0.46
19940520	6.8	9.87	0.48
19940521	9.42	10.8	0.52
19940522	3.78	11.87	0.53
19940523	4.62	11.11	0.51
19940524	3.15	9.94	0.49
19940525	7.69	10.35	0.49
19940526	1.74	9.84	0.51
19940527	0.21	7.39	0.5
19940528	0.45	8.52	0.47
19940529	0.06	8.18	0.46
19940530	0.0	9.1	0.45
19940531	0.0	11.46	0.44
19940601	0.0	13.9	0.44
19940602	0.88	14.15	0.43
19940603	8.76	12.79	0.44
19940604	8.39	9.62	0.45
19940605	0.11	10.18	0.43
19940606	0.0	15.12	0.43
19940607	2.53	14.87	0.42
19940608	0.07	12.63	0.42
19940609	0.61	9.31	0.41
19940610	0.0	11.81	0.39
19940611	0.0	11.64	0.37
19940612	0.0	12.07	0.36
19940613	0.0	14.22	0.35
19940614	0.0	15.46	0.34
19940615	0.0	13.51	0.34
19940616	0.0	15.34	0.35
19940617	0.0	16.22	0.34
19940618	0.0	15.12	0.33
19940619	0.0	14.94	0.33
19940620	2.42	14.48	0.33
19940621	1.04	14.09	0.32
19940622	0.0	16.55	0.32
19940623	0.0	14.18	0.31
19940624	17.62	19.13	0.32
19940625	0.01	17.38	0.31
19940626	0.0	14.86	0.31
19940627	0.0	17.46	0.3
19940628	2.49	18.44	0.3
19940629	0.0	16.29	0.29
19940630	0.0	14.51	0.28
19940701	0.31	17.28	0.28
19940702	0.29	19.99	0.28
19940703	0.32	19.32	0.27
19940704	0.54	18.98	0.27
19940705	0.05	15.33	0.26
19940706	3.5	15.03	0.26
19940707	1.37	14.92	0.26
19940708	1.14	15.72	0.26
19940709	0.0	17.05	0.27
19940710	0.0	17.57	0.26
19940711	0.0	19.31	0.25
19940712	0.07	22.19	0.25
19940713	0.0	18.76	0.25
19940714	0.0	18.7	0.24
19940715	0.0	16.88	0.24
19940716	0.0	16.98	0.23
19940717	0.0	16.95	0.23
19940718	0.0	16.5	0.23
19940719	0.0	17.88	0.22
19940720	0.0	18.85	0.22
19940721	0.0	19.27	0.22
19940722	0.0	19.39	0.21
19940723	0.48	19.15	0.21
19940724	4.32	22.17	0.21
19940725	0.0	20.9	0.21
19940726	0.0	18.38	0.21
19940727	6.95	20.34	0.21
19940728	0.11	16.85	0.21
19940729	0.0	17.21	0.21
19940730	0.02	20.96	0.22
19940731	0.87	20.36	0.21
19940801	0.0	17.68	0.21
19940802	0.83	16.39	0.21
19940803	3.4	21.45	0.2
19940804	0.41	20.28	0.21
19940805	0.0	20.03	0.21
19940806	0.0	18.42	0.2
19940807	0.0	18.07	0.2
19940808	0.0	17.67	0.2
19940809	6.11	16.48	0.19
19940810	22.43	16.05	0.21
19940811	2.81	16.04	0.24
19940812	0.0	15.39	0.22
19940813	0.0	14.49	0.21
19940814	0.0	12.89	0.2
19940815	0.0	14.22	0.2
19940816	5.96	15.8	0.2
19940817	0.02	14.41	0.19
19940818	1.1	14.48	0.19
19940819	0.08	16.71	0.19
19940820	0.0	14.32	0.2
19940821	0.0	15.96	0.2
19940822	0.0	18.75	0.2
19940823	1.17	18.05	0.19
19940824	1.74	15.31	0.19
19940825	0.78	15.21	0.19
19940826	1.05	17.14	0.19
19940827	0.0	16.78	0.19
19940828	0.0	13.71	0.18
19940829	0.0	13.95	0.18
19940830	1.63	13.49	0.18
19940831	9.07	13.54	0.18
19940901	4.87	14.53	0.18
19940902	0.0	13.82	0.18
19940903	3.48	12.79	0.18
19940904	0.77	15.78	0.18
19940905	0.0	13.91	0.18
19940906	0.05	11.93	0.18
19940907	4.15	13.07	0.18
19940908	0.8	13.54	0.18
19940909	2.28	12.15	0.18
19940910	0.39	12.2	0.17
19940911	3.56	11.79	0.16
19940912	0.16	13.69	0.16
19940913	4.31	12.86	0.16
19940914	12.2	12.64	0.17
19940915	12.71	9.85	0.2
19940916	0.0	10.54	0.18
19940917	0.0	9.27	0.17
19940918	4.7	9.41	0.17
19940919	7.86	10.13	0.19
19940920	2.3	11.97	0.18
19940921	0.0	12.84	0.17
19940922	0.0	13.45	0.17
19940923	0.21	13.45	0.17
19940924	0.12	14.78	0.16
19940925	0.32	13.91	0.17
19940926	0.07	14.2	0.17
19940927	0.0	12.07	0.17
19940928	0.0	12.04	0.16
19940929	0.0	11.62	0.17
19940930	0.05	12.17	0.17
19941001	0.8	12.52	0.17
19941002	5.86	12.4	0.17
19941003	2.09	9.77	0.17
19941004	0.0	4.61	0.17
19941005	0.0	6.71	0.16
19941006	0.0	8.1	0.16
19941007	0.0	9.13	0.16
19941008	0.0	10.02	0.16
19941009	0.0	9.78	0.16
19941010	0.0	9.83	0.15
19941011	0.0	10.89	0.15
19941012	0.0	9.67	0.14
19941013	0.0	10.33	0.14
19941014	0.0	9.0	0.14
19941015	0.1	9.09	0.13
19941016	0.0	8.86	0.13
19941017	0.0	8.51	0.12
19941018	0.0	6.82	0.12
19941019	1.82	9.68	0.12
19941020	4.26	10.94	0.12
19941021	7.53	12.14	0.13
19941022	10.88	13.43	0.15
19941023	0.09	10.62	0.14
19941024	6.91	9.34	0.13
19941025	3.25	9.18	0.14
19941026	3.92	8.68	0.14
19941027	0.03	7.08	0.14
19941028	10.59	6.95	0.14
19941029	9.09	9.08	0.16
19941030	23.59	11.77	0.2
19941031	2.65	12.3	0.21
19941101	0.0	9.07	0.19
19941102	0.21	6.87	0.17
19941103	2.68	10.57	0.17
19941104	24.91	12.08	0.2
19941105	2.68	10.44	0.22
19941106	0.0	8.97	0.2
19941107	0.0	8.57	0.19
19941108	2.81	9.6	0.18
19941109	5.91	10.29	0.2
19941110	0.11	9.73	0.19
19941111	3.62	9.59	0.18
19941112	1.6	9.89	0.19
19941113	2.29	10.1	0.2
19941114	0.48	12.12	0.18
19941115	0.09	10.92	0.18
19941116	0.39	7.56	0.17
19941117	3.06	7.64	0.17
19941118	5.42	9.76	0.17
19941119	0.03	12.28	0.18
19941120	0.84	13.42	0.17
19941121	0.09	8.28	0.17
19941122	0.04	7.99	0.16
19941123	0.0	10.46	0.17
19941124	0.11	10.75	0.19
19941125	0.0	9.44	0.19
19941126	0.0	9.93	0.19
19941127	0.0	9.32	0.18
19941128	0.0	6.67	0.18
19941129	0.0	5.04	0.18
19941130	0.0	5.72	0.17
19941201	0.09	7.19	0.17
19941202	0.17	8.25	0.17
19941203	9.8	8.68	0.18
19941204	0.81	9.03	0.18
19941205	9.0	6.41	0.19
19941206	6.21	6.54	0.18
19941207	10.84	7.44	0.19
19941208	8.35	7.91	0.27
19941209	0.1	5.09	0.23
19941210	0.1	7.08	0.21
19941211	0.0	11.62	0.21
19941212	0.0	12.09	0.2
19941213	3.11	10.28	0.2
19941214	0.0	2.42	0.19
19941215	0.84	1.69	0.19
19941216	0.1	3.04	0.18
19941217	11.18	5.1	0.19
19941218	0.23	7.65	0.21
19941219	0.09	3.91	0.2
19941220	0.04	1.69	0.19
19941221	0.0	0.8	0.18
19941222	0.0	0.46	0.18
19941223	0.0	-2.61	0.18
19941224	0.3	-1.7	0.18
19941225	2.31	1.81	0.18
19941226	7.09	6.39	0.18
19941227	6.94	7.95	0.22
19941228	5.9	10.98	0.22
19941229	5.89	10.06	0.23
19941230	1.76	6.01	0.22
19941231	1.54	3.64	0.22
19950101	0.5	0.57	0.21
19950102	0.0	-0.69	0.2
19950103	0.0	-1.92	0.19
19950104	3.5	-0.9	0.19
19950105	4.49	2.85	0.2
19950106	0.05	3.8	0.19
19950107	0.2	3.28	0.19
19950108	2.18	4.68	0.19
19950109	0.25	5.32	0.19
19950110	5.72	7.79	0.2
19950111	0.0	2.18	0.21
19950112	0.0	1.57	0.2
19950113	0.08	2.69	0.2
19950114	0.29	4.94	0.2
19950115	0.0	7.89	0.19
19950116	3.24	7.33	0.19
19950117	17.33	6.77	0.24
19950118	0.0	4.48	0.25
19950119	22.36	4.19	0.29
19950120	0.09	4.8	0.34
19950121	17.8	5.18	0.35
19950122	7.55	4.76	0.38
19950123	0.06	4.54	0.34
19950124	5.24	4.64	0.33
19950125	10.61	6.67	0.35
19950126	0.41	3.03	0.37
19950127	11.65	3.53	0.42
19950128	6.54	4.32	0.44
19950129	12.29	7.66	0.54
19950130	2.02	3.97	0.5
19950131	11.71	5.85	0.5
19950201	2.76	7.97	0.55
19950202	0.0	3.55	0.52
19950203	0.56	5.47	0.52
19950204	0.02	8.03	0.51
19950205	0.16	5.53	0.51
19950206	0.0	8.02	0.51
19950207	2.64	8.77	0.52
19950208	0.51	5.75	0.52
19950209	5.25	3.15	0.52
19950210	6.32	5.32	0.55
19950211	6.68	7.98	0.6
19950212	0.07	7.94	0.59
19950213	8.96	8.33	0.59
19950214	3.75	7.23	0.58
19950215	5.01	7.8	0.56
19950216	5.8	6.99	0.61
19950217	0.26	5.66	0.59
19950218	3.62	5.3	0.57
19950219	2.17	6.7	0.56
19950220	4.84	6.01	0.56
19950221	0.84	5.72	0.55
19950222	9.53	5.56	0.58
19950223	4.47	3.89	0.59
19950224	3.06	4.55	0.62
19950225	0.52	5.02	0.61
19950226	0.03	2.58	0.59
19950227	2.3	3.57	0.59
19950228	5.59	6.85	0.59
19950301	1.77	7.39	0.62
19950302	19.96	2.81	0.64
19950303	0.0	1.42	0.67
19950304	2.9	0.13	0.68
19950305	1.3	3.07	0.7
19950306	0.32	3.91	0.67
19950307	8.07	2.07	0.73
19950308	0.73	2.93	0.71
19950309	0.0	3.09	0.67
19950310	0.0	7.16	0.67
19950311	2.06	8.15	0.67
19950312	0.0	6.89	0.67
19950313	0.0	3.91	0.66
19950314	1.08	4.89	0.67
19950315	0.78	3.91	0.68
19950316	4.24	4.24	0.68
19950317	0.87	6.98	0.72
19950318	0.05	6.54	0.69
19950319	0.83	4.96	0.68
19950320	0.0	3.8	0.65
19950321	0.0	3.15	0.65
19950322	0.0	4.69	0.66
19950323	0.0	6.55	0.67
19950324	1.91	8.81	0.67
19950325	0.04	9.0	0.66
19950326	2.82	9.19	0.67
19950327	0.08	3.57	0.67
19950328	9.42	3.19	0.71
19950329	0.0	3.15	0.67
19950330	0.0	4.16	0.65
19950331	0.0	9.8	0.65
19950401	0.0	12.66	0.65
19950402	0.0	10.95	0.65
19950403	0.0	10.04	0.63
19950404	0.0	9.06	0.61
19950405	0.0	9.86	0.62
19950406	0.0	13.01	0.64
19950407	0.0	11.63	0.63
19950408	0.0	6.65	0.62
19950409	0.0	5.84	0.64
19950410	0.0	10.36	0.63
19950411	0.0	9.92	0.62
19950412	0.0	9.04	0.61
19950413	0.0	7.63	0.6
19950414	0.0	9.26	0.59
19950415	0.42	9.31	0.6
19950416	0.0	7.66	0.59
19950417	1.72	9.03	0.61
19950418	0.0	7.11	0.6
19950419	0.0	2.81	0.6
19950420	0.0	3.58	0.57
19950421	3.11	4.33	0.57
19950422	2.17	7.44	0.58
19950423	5.48	8.98	0.55
19950424	0.0	9.5	0.54
19950425	4.35	12.98	0.54
19950426	0.0	8.33	0.57
19950427	0.0	6.46	0.55
19950428	0.0	6.71	0.55
19950429	0.0	7.65	0.54
19950430	0.0	10.94	0.54
19950501	0.0	10.31	0.54
19950502	0.0	13.81	0.52
19950503	0.0	14.88	0.52
19950504	0.0	15.35	0.5
19950505	0.0	16.41	0.49
19950506	0.0	17.39	0.49
19950507	0.0	17.04	0.47
19950508	0.0	11.67	0.48
19950509	0.0	9.75	0.46
19950510	0.0	8.18	0.47
19950511	0.1	6.67	0.48
19950512	0.51	5.91	0.51
19950513	0.0	6.47	0.5
19950514	0.0	6.09	0.49
19950515	0.0	7.63	0.48
19950516	8.8	8.75	0.48
19950517	8.58	8.03	0.48
19950518	1.07	7.7	0.48
19950519	1.21	9.4	0.46
19950520	0.0	9.61	0.48
19950521	0.0	10.26	0.45
19950522	0.0	11.92	0.45
19950523	0.0	13.93	0.46
19950524	0.0	13.85	0.47
19950525	0.0	12.72	0.45
19950526	0.61	13.13	0.44
19950527	4.16	14.9	0.43
19950528	1.09	15.37	0.45
19950529	2.34	12.7	0.44
19950530	6.51	12.65	0.43
19950531	0.0	12.9	0.42
19950601	0.37	11.67	0.43
19950602	0.0	11.73	0.41
19950603	15.28	11.87	0.39
19950604	2.91	12.61	0.41
19950605	0.0	12.82	0.38
19950606	0.86	13.48	0.41
19950607	0.0	14.49	0.39
19950608	0.0	10.26	0.39
19950609	0.0	11.56	0.43
19950610	0.18	10.12	0.43
19950611	1.77	11.59	0.4
19950612	0.0	10.24	0.39
19950613	0.0	9.37	0.38
19950614	0.0	11.31	0.37
19950615	0.0	12.06	0.38
19950616	1.94	13.09	0.36
19950617	3.89	13.05	0.35
19950618	0.0	15.23	0.34
19950619	0.0	15.3	0.33
19950620	0.0	17.28	0.32
19950621	0.0	16.07	0.31
19950622	0.0	14.46	0.3
19950623	0.0	13.98	0.28
19950624	0.0	12.68	0.27
19950625	0.0	15.55	0.27
19950626	0.0	17.1	0.27
19950627	0.0	17.54	0.27
19950628	0.0	19.44	0.27
19950629	0.0	19.59	0.27
19950630	0.0	20.35	0.27
19950701	0.0	15.79	0.27
19950702	5.45	14.28	0.27
19950703	0.0	13.78	0.27
19950704	0.0	14.14	0.27
19950705	0.0	16.98	0.27
19950706	0.0	16.78	0.27
19950707	0.0	18.82	0.27
19950708	0.0	18.58	0.27
19950709	0.0	19.12	0.27
19950710	0.0	21.61	0.27
19950711	1.53	21.28	0.27
19950712	2.46	19.48	0.27
19950713	1.76	18.35	0.27
19950714	5.93	18.8	0.27
19950715	2.67	17.34	0.27
19950716	1.37	17.17	0.27
19950717	0.22	16.72	0.27
19950718	0.0	19.08	0.27
19950719	0.0	21.53	0.27
19950720	0.0	21.57	0.27
19950721	0.1	20.57	0.27
19950722	0.0	15.32	0.27
19950723	0.0	15.64	0.27
19950724	0.0	18.01	0.27
19950725	0.0	19.93	0.27
19950726	2.03	20.84	0.27
19950727	0.23	19.4	0.27
19950728	0.0	20.38	0.27
19950729	0.0	22.07	0.27
19950730	0.0	21.98	0.27
19950731	0.02	23.37	0.27
19950801	0.3	24.3	0.27
19950802	0.0	24.39	0.27
19950803	0.0	23.32	0.27
19950804	0.0	19.55	0.15
19950805	0.0	18.24	0.15
19950806	0.0	18.03	0.15
19950807	0.0	17.41	0.16
19950808	0.0	16.05	0.15
19950809	0.0	16.37	0.15
19950810	0.0	19.27	0.16
19950811	0.0	21.87	0.16
19950812	0.0	21.29	0.16
19950813	0.0	19.02	0.15
19950814	0.0	17.45	0.14
19950815	0.0	19.8	0.15
19950816	0.0	20.64	0.13
19950817	0.0	20.51	0.13
19950818	0.0	21.64	0.13
19950819	0.0	21.76	0.13
19950820	0.0	21.65	0.13
19950821	0.0	20.59	0.13
19950822	0.0	20.53	0.13
19950823	0.0	18.31	0.13
19950824	0.02	16.4	0.13
19950825	0.0	19.87	0.13
19950826	0.0	18.0	0.12
19950827	0.44	16.26	0.12
19950828	0.23	13.57	0.12
19950829	0.52	13.24	0.12
19950830	0.0	14.19	0.12
19950831	0.0	16.57	0.12
19950901	1.09	15.43	0.12
19950902	1.61	15.65	0.12
19950903	0.0	12.51	0.12
19950904	3.46	13.7	0.12
19950905	2.02	13.49	0.12
19950906	9.66	14.77	0.12
19950907	9.26	15.49	0.13
19950908	0.0	16.02	0.13
19950909	0.0	15.65	0.12
19950910	43.22	13.53	0.15
19950911	0.68	15.16	0.15
19950912	8.87	13.4	0.14
19950913	0.0	12.74	0.14
19950914	7.66	12.55	0.14
19950915	6.42	13.14	0.14
19950916	9.22	13.42	0.14
19950917	3.75	14.51	0.14
19950918	3.45	15.54	0.14
19950919	0.0	15.46	0.14
19950920	1.58	13.08	0.14
19950921	0.0	11.98	0.14
19950922	0.0	13.83	0.14
19950923	6.53	12.8	0.14
19950924	0.88	12.18	0.14
19950925	0.1	9.83	0.14
19950926	19.04	12.98	0.14
19950927	1.13	12.16	0.14
19950928	1.24	8.71	0.14
19950929	0.0	9.15	0.14
19950930	2.17	9.79	0.14
19951001	0.1	13.93	0.13
19951002	0.0	12.19	0.13
19951003	6.6	13.83	0.13
19951004	4.64	15.18	0.14
19951005	0.84	12.08	0.14
19951006	8.89	12.62	0.14
19951007	0.58	15.32	0.14
19951008	0.0	17.28	0.14
19951009	0.0	16.89	0.13
19951010	0.0	14.76	0.13
19951011	0.0	13.65	0.13
19951012	0.0	15.94	0.12
19951013	0.0	15.12	0.12
19951014	0.0	14.88	0.12
19951015	0.0	14.42	0.12
19951016	0.0	13.36	0.12
19951017	0.29	14.83	0.12
19951018	0.0	11.07	0.12
19951019	0.0	11.0	0.12
19951020	1.28	10.14	0.11
19951021	0.0	8.54	0.11
19951022	0.0	9.52	0.11
19951023	0.03	10.28	0.11
19951024	7.5	14.02	0.11
19951025	0.04	11.42	0.11
19951026	5.11	12.9	0.11
19951027	0.04	12.8	0.11
19951028	0.0	6.79	0.11
19951029	0.0	7.43	0.11
19951030	0.0	8.56	0.1
19951031	0.0	8.48	0.1
19951101	0.0	8.58	0.1
19951102	0.0	6.75	0.1
19951103	0.0	6.32	0.1
19951104	0.0	4.3	0.1
19951105	0.01	3.18	0.1
19951106	0.0	3.27	0.1
19951107	0.0	5.28	0.09
19951108	0.54	8.25	0.09
19951109	17.13	9.92	0.1
19951110	4.56	8.89	0.1
19951111	2.03	9.9	0.1
19951112	0.61	11.99	0.1
19951113	0.03	10.15	0.1
19951114	2.67	8.93	0.09
19951115	0.4	10.06	0.09
19951116	2.6	8.21	0.09
19951117	0.0	1.43	0.09
19951118	0.03	1.46	0.09
19951119	0.0	3.74	0.09
19951120	0.0	3.37	0.09
19951121	1.39	4.46	0.09
19951122	0.0	8.61	0.08
19951123	0.16	6.69	0.09
19951124	9.84	9.2	0.09
19951125	11.46	9.58	0.12
19951126	16.8	8.54	0.11
19951127	3.03	7.91	0.12
19951128	1.27	6.88	0.11
19951129	0.0	8.33	0.11
19951130	0.01	5.28	0.1
19951201	0.33	6.87	0.1
19951202	1.09	8.33	0.1
19951203	4.32	9.45	0.1
19951204	0.22	5.04	0.1
19951205	0.41	0.95	0.1
19951206	0.45	-1.7	0.1
19951207	0.44	-0.77	0.1
19951208	0.0	0.77	0.09
19951209	0.0	-0.5	0.09
19951210	0.16	-1.57	0.09
19951211	0.06	0.04	0.09
19951212	1.08	2.16	0.09
19951213	1.12	4.65	0.09
19951214	0.08	2.75	0.09
19951215	0.37	1.7	0.09
19951216	0.02	1.91	0.08
19951217	1.54	2.42	0.08
19951218	0.02	3.06	0.08
19951219	19.49	3.58	0.11
19951220	0.68	2.16	0.12
19951221	10.62	4.35	0.12
19951222	7.92	6.16	0.15
19951223	2.37	4.02	0.14
19951224	0.02	1.73	0.13
19951225	0.0	-0.8	0.12
19951226	0.0	-2.68	0.12
19951227	0.0	-3.37	0.12
19951228	0.0	-4.05	0.12
19951229	0.0	-4.11	0.11
19951230	5.0	-2.78	0.11
19951231	0.29	-0.27	0.12
19960101	0.1	2.24	0.11
19960102	0.0	3.24	0.11
19960103	0.0	3.66	0.11
19960104	3.94	3.92	0.11
19960105	3.93	5.45	0.12
19960106	8.06	5.08	0.12
19960107	1.63	7.63	0.12
19960108	22.21	8.36	0.14
19960109	0.13	8.54	0.16
19960110	0.0	7.1	0.14
19960111	2.91	6.96	0.14
19960112	1.56	9.0	0.14
19960113	0.08	9.08	0.14
19960114	0.0	7.76	0.13
19960115	0.06	5.81	0.13
19960116	0.04	5.16	0.13
19960117	0.32	5.38	0.13
19960118	0.87	3.68	0.13
19960119	0.0	5.1	0.14
19960120	0.27	2.82	0.14
19960121	0.0	0.71	0.14
19960122	0.01	2.48	0.14
19960123	7.31	1.29	0.14
19960124	0.0	0.86	0.14
19960125	0.05	-2.35	0.14
19960126	0.08	-3.9	0.14
19960127	0.09	-4.21	0.14
19960128	0.0	-0.63	0.14
19960129	0.0	-1.15	0.14
19960130	0.0	0.15	0.14
19960131	0.0	-0.08	0.14
19960201	0.0	-1.02	0.14
19960202	0.0	-0.71	0.14
19960203	0.0	-0.35	0.13
19960204	0.0	-0.82	0.13
19960205	3.1	-1.4	0.13
19960206	0.79	-1.77	0.13
19960207	0.59	-2.03	0.13
19960208	1.24	-0.68	0.13
19960209	11.51	2.63	0.15
19960210	2.73	5.21	0.14
19960211	17.63	5.6	0.16
19960212	4.06	3.48	0.19
19960213	0.43	3.04	0.17
19960214	0.0	1.46	0.16
19960215	0.0	1.73	0.16
19960216	0.0	7.01	0.15
19960217	5.57	6.32	0.15
19960218	2.48	5.21	0.15
19960219	6.96	-0.49	0.14
19960220	0.01	-1.86	0.14
19960221	1.6	-1.78	0.14
19960222	3.0	0.19	0.15
19960223	10.51	3.0	0.16
19960224	6.72	6.16	0.2
19960225	3.24	4.12	0.2
19960226	0.21	3.03	0.19
19960227	0.0	2.2	0.2
19960228	0.05	1.41	0.2
19960229	0.0	2.75	0.19
19960301	0.93	4.29	0.18
19960302	2.24	4.74	0.18
19960303	1.85	5.01	0.18
19960304	0.1	4.81	0.18
19960305	0.06	4.75	0.18
19960306	0.0	4.44	0.17
19960307	0.0	2.32	0.17
19960308	10.51	2.94	0.2
19960309	0.46	3.14	0.2
19960310	0.0	3.6	0.19
19960311	1.61	-0.2	0.19
19960312	0.0	-0.03	0.19
19960313	0.0	-0.73	0.19
19960314	0.0	0.53	0.19
19960315	0.0	3.22	0.19
19960316	0.99	3.3	0.19
19960317	0.0	3.3	0.19
19960318	0.0	4.12	0.19
19960319	0.0	3.09	0.19
19960320	4.33	2.4	0.19
19960321	3.3	5.7	0.2
19960322	4.19	5.92	0.2
19960323	0.06	8.85	0.2
19960324	0.02	6.11	0.2
19960325	1.54	5.08	0.2
19960326	0.04	2.95	0.2
19960327	0.0	1.83	0.19
19960328	0.12	2.72	0.19
19960329	0.03	3.47	0.18
19960330	0.04	2.0	0.18
19960331	0.08	2.99	0.19
19960401	0.0	1.67	0.19
19960402	0.0	2.06	0.2
19960403	0.0	2.47	0.2
19960404	0.0	3.13	0.19
19960405	0.0	4.72	0.19
19960406	0.0	4.76	0.18
19960407	0.0	6.26	0.18
19960408	0.0	8.15	0.19
19960409	0.08	10.37	0.18
19960410	1.61	8.53	0.18
19960411	2.32	7.98	0.18
19960412	12.94	3.96	0.19
19960413	0.0	4.4	0.18
19960414	0.0	5.44	0.18
19960415	0.0	10.4	0.18
19960416	0.19	11.83	0.18
19960417	0.0	10.34	0.19
19960418	2.06	9.47	0.18
19960419	0.09	9.68	0.18
19960420	0.16	12.93	0.18
19960421	0.71	14.74	0.17
19960422	14.08	8.93	0.18
19960423	1.79	8.81	0.19
19960424	0.0	9.18	0.18
19960425	0.0	9.76	0.17
19960426	0.0	12.33	0.17
19960427	0.0	11.69	0.17
19960428	0.0	8.67	0.16
19960429	0.0	7.09	0.17
19960430	2.25	7.76	0.17
19960501	0.47	8.62	0.17
19960502	0.0	6.83	0.17
19960503	0.0	5.57	0.16
19960504	0.0	4.96	0.16
19960505	0.0	6.22	0.16
19960506	0.0	7.34	0.16
19960507	0.0	6.97	0.16
19960508	0.0	5.93	0.16
19960509	0.0	5.9	0.16
19960510	0.01	5.61	0.16
19960511	0.0	6.07	0.16
19960512	0.0	8.42	0.15
19960513	0.0	9.14	0.15
19960514	0.0	9.01	0.15
19960515	0.0	7.7	0.15
19960516	1.21	4.75	0.15
19960517	0.22	5.27	0.15
19960518	5.05	5.32	0.16
19960519	0.24	7.56	0.15
19960520	0.42	9.26	0.14
19960521	1.35	9.61	0.14
19960522	5.68	9.88	0.14
19960523	6.16	11.96	0.14
19960524	7.34	11.51	0.15
19960525	0.55	10.83	0.15
19960526	6.46	10.17	0.16
19960527	0.15	10.97	0.15
19960528	0.08	10.23	0.14
19960529	0.15	14.61	0.14
19960530	0.0	17.57	0.14
19960531	0.75	13.43	0.14
19960601	0.18	11.38	0.13
19960602	0.03	11.67	0.13
19960603	0.11	11.7	0.13
19960604	0.0	14.73	0.13
19960605	0.0	17.88	0.13
19960606	0.0	19.5	0.12
19960607	6.7	21.0	0.13
19960608	0.0	15.66	0.13
19960609	0.0	14.85	0.12
19960610	0.0	15.41	0.12
19960611	0.0	14.77	0.12
19960612	0.0	14.19	0.12
19960613	0.0	13.51	0.11
19960614	0.0	13.51	0.11
19960615	0.0	14.9	0.11
19960616	0.0	16.34	0.11
19960617	0.0	18.14	0.1
19960618	0.0	14.62	0.1
19960619	1.37	14.09	0.1
19960620	0.07	10.98	0.1
19960621	0.0	11.0	0.1
19960622	0.0	11.46	0.1
19960623	0.0	12.44	0.1
19960624	0.0	13.92	0.1
19960625	0.0	15.62	0.1
19960626	0.0	16.0	0.1
19960627	0.32	16.08	0.09
19960628	2.34	14.34	0.09
19960629	0.0	12.19	0.09
19960630	0.0	14.2	0.09
19960701	4.05	12.38	0.09
19960702	0.23	13.2	0.09
19960703	3.34	13.23	0.09
19960704	0.0	14.01	0.09
19960705	10.49	13.01	0.09
19960706	5.83	11.7	0.09
19960707	0.0	12.55	0.09
19960708	0.0	13.23	0.09
19960709	0.0	14.63	0.08
19960710	0.0	16.8	0.08
19960711	0.0	17.69	0.08
19960712	0.06	17.44	0.08
19960713	0.04	18.15	0.08
19960714	0.19	18.62	0.08
19960715	0.0	15.87	0.08
19960716	0.0	13.63	0.08
19960717	0.0	15.49	0.08
19960718	0.0	17.42	0.08
19960719	0.0	17.28	0.08
19960720	0.0	19.01	0.07
19960721	0.0	20.11	0.07
19960722	2.04	21.88	0.07
19960723	5.22	19.28	0.07
19960724	0.5	15.72	0.07
19960725	0.0	16.42	0.07
19960726	2.07	19.11	0.07
19960727	0.0	17.08	0.07
19960728	3.2	16.3	0.07
19960729	0.09	17.85	0.07
19960730	0.28	16.62	0.06
19960731	0.0	17.39	0.06
19960801	0.13	15.45	0.06
19960802	0.0	14.89	0.06
19960803	0.0	15.17	0.06
19960804	0.0	16.62	0.06
19960805	0.07	19.18	0.06
19960806	0.11	16.21	0.06
19960807	0.0	15.35	0.05
19960808	0.31	15.82	0.05
19960809	20.29	16.71	0.06
19960810	15.36	16.72	0.07
19960811	14.61	14.97	0.07
19960812	0.17	16.15	0.06
19960813	0.0	16.52	0.06
19960814	0.0	15.95	0.06
19960815	0.0	16.5	0.06
19960816	0.0	18.06	0.06
19960817	0.0	18.52	0.06
19960818	0.0	21.35	0.06
19960819	0.0	21.79	0.06
19960820	0.11	19.17	0.06
19960821	0.0	17.69	0.05
19960822	17.57	16.09	0.06
19960823	2.22	15.36	0.06
19960824	4.99	14.66	0.06
19960825	0.31	14.71	0.06
19960826	3.75	13.77	0.06
19960827	2.01	13.29	0.05
19960828	2.57	13.16	0.05
19960829	0.0	13.38	0.05
19960830	0.0	13.4	0.05
19960831	0.0	12.54	0.05
19960901	0.0	14.19	0.06
19960902	0.75	16.21	0.06
19960903	0.22	16.15	0.06
19960904	0.0	14.22	0.06
19960905	0.0	15.48	0.06
19960906	0.0	14.07	0.06
19960907	0.0	13.4	0.06
19960908	0.46	13.56	0.06
19960909	0.0	13.14	0.06
19960910	0.0	12.36	0.06
19960911	0.01	12.58	0.06
19960912	0.0	12.56	0.06
19960913	0.0	10.52	0.06
19960914	0.0	11.0	0.06
19960915	0.0	13.38	0.06
19960916	0.03	14.01	0.05
19960917	0.0	12.85	0.05
19960918	0.09	11.86	0.05
19960919	1.83	11.52	0.05
19960920	0.03	12.38	0.05
19960921	1.48	11.99	0.05
19960922	0.06	10.65	0.05
19960923	0.0	10.64	0.04
19960924	0.88	11.05	0.04
19960925	0.12	13.73	0.04
19960926	0.72	13.02	0.04
19960927	0.03	13.34	0.04
19960928	1.9	13.68	0.04
19960929	2.23	15.92	0.04
19960930	3.39	11.69	0.04
19961001	0.05	10.09	0.04
19961002	0.0	9.67	0.04
19961003	0.96	11.97	0.04
19961004	0.11	9.66	0.04
19961005	0.18	8.54	0.04
19961006	0.0	9.74	0.04
19961007	0.0	12.64	0.03
19961008	7.44	12.61	0.03
19961009	0.03	10.67	0.03
19961010	0.0	10.03	0.03
19961011	0.0	10.32	0.03
19961012	0.0	12.16	0.03
19961013	0.0	13.93	0.03
19961014	1.8	13.97	0.03
19961015	1.74	10.72	0.03
19961016	0.0	8.96	0.03
19961017	5.37	7.4	0.03
19961018	3.36	10.73	0.03
19961019	0.84	11.3	0.03
19961020	5.75	13.72	0.03
19961021	0.09	11.56	0.03
19961022	0.0	12.05	0.03
19961023	0.08	12.49	0.03
19961024	0.53	12.88	0.03
19961025	1.07	12.72	0.03
19961026	7.88	9.93	0.03
19961027	4.89	13.29	0.03
19961028	2.69	12.82	0.03
19961029	0.0	8.85	0.03
19961030	2.33	7.64	0.03
19961031	4.5	11.08	0.03
19961101	0.03	11.74	0.03
19961102	1.34	14.36	0.03
19961103	21.24	13.65	0.04
19961104	0.06	11.68	0.05
19961105	2.27	9.3	0.04
19961106	2.35	11.46	0.04
19961107	0.08	7.38	0.03
19961108	0.0	4.62	0.03
19961109	7.74	6.0	0.03
19961110	0.4	2.98	0.03
19961111	1.64	2.41	0.03
19961112	4.78	5.62	0.03
19961113	0.0	2.96	0.03
19961114	0.0	2.36	0.03
19961115	0.0	3.97	0.03
19961116	9.15	3.31	0.03
19961117	6.8	5.69	0.03
19961118	3.21	1.35	0.03
19961119	20.67	2.34	0.04
19961120	1.51	3.16	0.05
19961121	0.03	0.72	0.04
19961122	0.51	2.0	0.04
19961123	0.03	1.49	0.03
19961124	17.16	2.56	0.03
19961125	0.16	6.24	0.03
19961126	0.0	3.04	0.03
19961127	0.0	1.2	0.03
19961128	8.48	-0.18	0.03
19961129	1.43	6.63	0.03
19961130	0.6	5.79	0.03
19961201	0.12	6.93	0.03
19961202	10.82	5.55	0.03
19961203	0.99	7.34	0.03
19961204	0.19	3.83	0.04
19961205	0.07	1.35	0.03
19961206	0.0	1.85	0.03
19961207	0.43	1.75	0.03
19961208	0.33	2.65	0.03
19961209	0.19	1.87	0.03
19961210	0.05	2.14	0.03
19961211	0.0	2.89	0.03
19961212	0.88	2.08	0.03
19961213	0.16	2.05	0.03
19961214	0.32	-0.36	0.03
19961215	0.11	6.41	0.03
19961216	1.68	5.41	0.03
19961217	1.45	4.35	0.03
19961218	4.76	7.55	0.03
19961219	1.72	6.33	0.03
19961220	0.34	3.88	0.03
19961221	0.0	0.94	0.03
19961222	0.0	1.28	0.03
19961223	0.0	0.84	0.03
19961224	0.0	-0.55	0.03
19961225	0.0	0.29	0.03
19961226	1.07	-2.28	0.03
19961227	0.53	-0.2	0.03
19961228	0.0	-1.13	0.03
19961229	0.75	-1.54	0.03
19961230	0.19	-0.17	0.03
19961231	0.0	-3.42	0.03
19970101	0.0	-4.27	0.03
19970102	0.0	-4.58	0.03
19970103	0.0	-3.58	0.03
19970104	0.0	-0.63	0.03
19970105	0.0	-0.15	0.03
19970106	0.0	-0.22	0.03
19970107	0.19	-2.88	0.03
19970108	0.0	-2.59	0.03
19970109	0.41	-1.18	0.03
19970110	0.03	-1.4	0.03
19970111	0.5	0.83	0.03
19970112	0.19	5.41	0.03
19970113	0.0	5.19	0.03
19970114	0.0	1.32	0.03
19970115	0.01	-1.24	0.03
19970116	0.05	1.11	0.03
19970117	2.16	4.43	0.03
19970118	1.71	5.27	0.03
19970119	0.22	3.16	0.03
19970120	0.0	3.45	0.03
19970121	4.06	1.53	0.03
19970122	3.0	3.87	0.03
19970123	0.08	4.91	0.03
19970124	0.0	3.99	0.03
19970125	0.0	3.27	0.03
19970126	0.01	1.69	0.03
19970127	0.0	3.55	0.03
19970128	0.0	2.47	0.03
19970129	0.02	3.51	0.03
19970130	0.0	3.03	0.03
19970131	0.0	3.08	0.02
19970201	0.15	2.86	0.03
19970202	0.18	3.45	0.02
19970203	0.41	1.69	0.02
19970204	4.38	7.25	0.02
19970205	0.08	4.53	0.02
19970206	0.31	7.55	0.02
19970207	2.04	7.17	0.02
19970208	0.17	2.4	0.02
19970209	2.52	7.45	0.02
19970210	4.51	6.9	0.03
19970211	8.56	6.14	0.03
19970212	6.78	10.01	0.03
19970213	0.19	4.98	0.03
19970214	0.0	2.3	0.03
19970215	0.0	3.58	0.03
19970216	4.47	4.59	0.03
19970217	12.94	7.3	0.03
19970218	0.74	5.83	0.04
19970219	4.7	5.74	0.04
19970220	2.18	7.44	0.03
19970221	1.05	9.42	0.03
19970222	0.0	8.43	0.03
19970223	6.45	9.0	0.03
19970224	17.95	7.39	0.04
19970225	8.28	8.23	0.05
19970226	0.52	6.55	0.04
19970227	0.0	6.16	0.04
19970228	0.79	8.44	0.04
19970301	1.42	7.54	0.04
19970302	0.2	8.74	0.04
19970303	3.18	4.83	0.04
19970304	1.38	6.25	0.04
19970305	1.15	8.04	0.04
19970306	0.0	6.18	0.04
19970307	0.0	8.06	0.04
19970308	0.0	7.79	0.04
19970309	0.0	7.47	0.04
19970310	0.0	6.5	0.03
19970311	0.0	7.54	0.03
19970312	0.0	7.68	0.03
19970313	0.1	8.43	0.03
19970314	0.0	9.39	0.03
19970315	0.0	11.23	0.04
19970316	0.0	9.97	0.04
19970317	0.16	9.45	0.04
19970318	1.26	8.38	0.04
19970319	0.04	7.7	0.03
19970320	0.34	6.88	0.03
19970321	0.0	6.12	0.03
19970322	0.85	6.09	0.03
19970323	0.0	8.39	0.03
19970324	0.98	7.0	0.03
19970325	0.2	7.99	0.03
19970326	0.17	10.06	0.03
19970327	0.12	9.63	0.03
19970328	0.0	6.85	0.03
19970329	0.0	6.83	0.03
19970330	0.0	7.08	0.03
19970331	0.0	7.29	0.03
19970401	0.0	8.46	0.03
19970402	0.0	9.45	0.03
19970403	0.0	8.49	0.03
19970404	0.0	6.86	0.03
19970405	0.08	10.87	0.03
19970406	0.0	8.42	0.03
19970407	0.0	7.29	0.02
19970408	0.0	7.64	0.02
19970409	0.0	10.35	0.03
19970410	0.0	10.38	0.02
19970411	0.0	7.7	0.02
19970412	0.0	5.77	0.02
19970413	0.0	8.57	0.03
19970414	0.0	9.07	0.02
19970415	0.0	7.24	0.02
19970416	0.0	6.69	0.02
19970417	0.0	7.59	0.02
19970418	0.39	6.65	0.02
19970419	0.0	5.51	0.02
19970420	0.09	4.08	0.02
19970421	0.0	5.2	0.02
19970422	0.37	6.29	0.02
19970423	0.0	8.77	0.02
19970424	0.0	9.56	0.02
19970425	12.65	7.76	0.02
19970426	1.52	8.91	0.02
19970427	0.27	11.6	0.02
19970428	0.04	12.56	0.02
19970429	0.0	11.49	0.02
19970430	0.0	11.63	0.02
19970501	0.0	13.88	0.02
19970502	0.0	15.57	0.02
19970503	1.83	15.75	0.02
19970504	0.58	13.47	0.02
19970505	8.15	10.9	0.02
19970506	0.08	4.29	0.02
19970507	4.93	4.58	0.02
19970508	3.97	7.17	0.02
19970509	3.04	8.43	0.02
19970510	8.66	9.14	0.02
19970511	5.23	9.77	0.02
19970512	2.89	9.51	0.02
19970513	0.0	10.69	0.02
19970514	0.0	11.16	0.02
19970515	0.0	11.44	0.02
19970516	4.92	13.41	0.02
19970517	4.25	15.34	0.02
19970518	0.0	15.13	0.02
19970519	3.5	13.34	0.02
19970520	2.07	12.2	0.02
19970521	0.06	10.25	0.01
19970522	0.82	9.16	0.01
19970523	0.0	8.82	0.01
19970524	0.0	8.18	0.01
19970525	0.0	9.72	0.01
19970526	0.0	13.03	0.01
19970527	0.0	12.4	0.02
19970528	0.0	9.85	0.01
19970529	0.0	12.85	0.01
19970530	0.0	15.58	0.01
19970531	0.0	15.43	0.01
19970601	0.0	13.34	0.01
19970602	0.0	14.43	0.01
19970603	0.0	13.11	0.01
19970604	0.0	13.15	0.01
19970605	5.52	16.58	0.01
19970606	10.03	17.14	0.01
19970607	0.22	17.41	0.01
19970608	2.53	15.34	0.01
19970609	0.0	14.8	0.01
19970610	5.9	17.26	0.01
19970611	10.61	16.99	0.01
19970612	0.38	15.61	0.01
19970613	3.33	15.55	0.01
19970614	4.62	12.71	0.01
19970615	0.0	11.93	0.02
19970616	0.0	13.06	0.06
19970617	0.0	13.48	0.09
19970618	4.55	14.11	0.09
19970619	2.5	12.09	0.1
19970620	6.32	11.45	0.09
19970621	10.77	12.08	0.09
19970622	7.59	12.71	0.09
19970623	0.44	13.29	0.1
19970624	4.1	12.66	0.07
19970625	8.42	12.15	0.08
19970626	22.41	11.52	0.1
19970627	7.12	11.11	0.1
19970628	0.69	12.53	0.1
19970629	0.03	13.29	0.1
19970630	0.39	11.65	0.09
19970701	0.38	12.59	0.09
19970702	3.55	11.89	0.09
19970703	3.65	12.03	0.08
19970704	0.01	13.74	0.07
19970705	0.24	14.58	0.06
19970706	0.0	17.05	0.04
19970707	0.0	18.86	0.02
19970708	1.63	19.33	0.01
19970709	0.0	18.99	0.0
19970710	0.0	15.27	0.0
19970711	0.0	15.79	0.0
19970712	1.8	16.73	0.0
19970713	1.14	17.31	0.0
19970714	0.09	17.0	0.0
19970715	0.0	17.54	0.0
19970716	1.43	16.3	0.0
19970717	2.38	14.87	0.0
19970718	1.61	14.96	0.0
19970719	0.0	16.97	0.0
19970720	0.0	16.61	0.0
19970721	0.0	16.59	0.0
19970722	0.0	17.58	0.0
19970723	0.03	19.28	0.0
19970724	2.5	17.19	0.0
19970725	0.1	16.9	0.0
19970726	10.26	15.85	0.0
19970727	0.0	17.58	0.0
19970728	0.0	17.42	0.0
19970729	2.52	18.69	0.0
19970730	0.36	17.44	0.0
19970731	8.06	14.1	0.0
19970801	0.0	17.42	0.0
19970802	0.0	16.5	0.0
19970803	2.31	15.62	0.0
19970804	6.94	16.79	0.0
19970805	0.0	17.11	0.0
19970806	12.53	18.96	0.0
19970807	0.03	20.45	0.0
19970808	0.0	21.5	0.0
19970809	0.0	21.52	0.0
19970810	0.0	22.67	0.0
19970811	0.0	22.89	0.0
19970812	2.25	22.47	0.0
19970813	0.0	20.32	0.0
19970814	0.0	18.78	0.0
19970815	0.0	19.99	0.0
19970816	0.0	20.92	0.0
19970817	1.3	20.77	0.0
19970818	0.0	21.24	0.0
19970819	0.77	21.71	0.0
19970820	0.0	21.19	0.0
19970821	0.72	20.05	0.0
19970822	0.02	20.28	0.0
19970823	0.08	20.49	0.0
19970824	7.77	18.77	0.0
19970825	3.79	16.87	0.0
19970826	0.9	15.84	0.0
19970827	11.86	15.27	0.0
19970828	1.3	14.23	0.0
19970829	20.9	15.46	0.0
19970830	1.08	15.13	0.0
19970831	0.14	16.89	0.0
19970901	0.0	16.25	0.0
19970902	0.56	14.99	0.0
19970903	3.21	15.71	0.0
19970904	0.0	15.73	0.0
19970905	0.0	13.78	0.0
19970906	0.0	13.73	0.0
19970907	0.0	15.46	0.0
19970908	0.0	14.57	0.0
19970909	0.0	14.06	0.0
19970910	0.0	13.61	0.0
19970911	1.19	14.79	0.0
19970912	1.07	12.85	0.0
19970913	0.0	10.46	0.0
19970914	0.0	11.63	0.0
19970915	0.0	13.09	0.0
19970916	0.0	14.85	0.0
19970917	0.0	14.74	0.0
19970918	1.6	15.23	0.0
19970919	1.38	13.8	0.0
19970920	0.0	13.69	0.0
19970921	0.0	11.77	0.0
19970922	0.0	12.32	0.0
19970923	0.0	12.32	0.0
19970924	0.0	13.11	0.0
19970925	0.0	14.55	0.0
19970926	0.0	14.28	0.0
19970927	0.0	13.77	0.0
19970928	0.0	13.56	0.0
19970929	2.47	15.16	0.0
19970930	0.0	16.33	0.0
19971001	0.0	17.74	0.0
19971002	0.0	13.78	0.0
19971003	0.0	12.64	0.0
19971004	0.0	14.12	0.0
19971005	0.0	12.85	0.0
19971006	13.02	13.99	0.0
19971007	3.9	12.48	0.0
19971008	12.63	13.42	0.0
19971009	7.54	15.92	0.0
19971010	0.54	12.76	0.0
19971011	14.35	9.62	0.01
19971012	0.09	8.22	0.01
19971013	0.36	7.03	0.01
19971014	12.22	5.65	0.01
19971015	0.19	10.77	0.01
19971016	1.51	12.27	0.01
19971017	0.0	14.69	0.01
19971018	0.0	13.71	0.01
19971019	0.18	12.73	0.01
19971020	0.0	10.76	0.01
19971021	0.0	8.25	0.01
19971022	0.0	6.04	0.01
19971023	0.0	6.89	0.01
19971024	0.0	6.21	0.01
19971025	0.0	4.06	0.0
19971026	0.0	4.7	0.0
19971027	0.0	6.7	0.0
19971028	0.0	3.5	0.0
19971029	0.0	2.68	0.0
19971030	0.0	3.23	0.0
19971031	0.0	4.24	0.0
19971101	0.01	4.16	0.0
19971102	0.18	5.47	0.0
19971103	0.0	7.54	0.0
19971104	5.71	8.01	0.0
19971105	5.15	11.81	0.0
19971106	5.8	10.21	0.0
19971107	6.98	8.85	0.0
19971108	6.29	9.5	0.0
19971109	1.41	7.25	0.0
19971110	0.1	7.12	0.0
19971111	0.0	6.12	0.0
19971112	0.0	4.1	0.0
19971113	0.36	3.74	0.0
19971114	1.99	5.76	0.0
19971115	1.75	12.44	0.0
19971116	0.51	13.55	0.0
19971117	0.58	12.42	0.0
19971118	6.18	10.62	0.0
19971119	15.25	10.44	0.0
19971120	2.92	9.13	0.0
19971121	0.84	6.21	0.0
19971122	2.32	5.27	0.0
19971123	1.44	6.11	0.0
19971124	0.8	6.69	0.0
19971125	0.15	6.35	0.0
19971126	6.26	8.14	0.0
19971127	8.6	8.56	0.0
19971128	2.79	9.61	0.01
19971129	5.08	8.44	0.01
19971130	0.0	6.12	0.01
19971201	5.0	1.81	0.01
19971202	0.1	0.19	0.01
19971203	0.0	0.52	0.01
19971204	0.0	1.53	0.01
19971205	0.0	1.11	0.01
19971206	0.0	7.06	0.01
19971207	3.07	7.47	0.01
19971208	0.18	9.42	0.01
19971209	9.96	9.27	0.01
19971210	1.27	11.37	0.01
19971211	0.9	9.9	0.01
19971212	0.0	4.79	0.01
19971213	0.0	3.28	0.01
19971214	0.05	4.6	0.01
19971215	0.0	3.24	0.01
19971216	0.2	0.75	0.01
19971217	6.97	0.32	0.01
19971218	5.77	6.95	0.01
19971219	0.12	6.34	0.01
19971220	0.0	6.24	0.01
19971221	0.18	3.74	0.01
19971222	6.52	4.96	0.01
19971223	5.21	8.23	0.01
19971224	7.19	11.03	0.01
19971225	6.84	8.73	0.01
19971226	3.19	6.51	0.01
19971227	0.04	4.6	0.01
19971228	0.78	3.57	0.01
19971229	0.73	4.57	0.01
19971230	6.54	8.06	0.01
19971231	1.06	6.36	0.01
19980101	14.98	4.73	0.01
19980102	13.21	6.68	0.01
19980103	7.07	6.81	0.01
19980104	7.56	5.44	0.01
19980105	8.32	3.24	0.01
19980106	5.33	4.6	0.01
19980107	1.2	6.36	0.01
19980108	0.12	9.08	0.01
19980109	0.0	11.0	0.01
19980110	1.02	7.99	0.01
19980111	0.08	7.34	0.01
19980112	0.05	9.18	0.01
19980113	9.9	8.72	0.01
19980114	3.53	6.37	0.01
19980115	0.19	7.5	0.01
19980116	0.03	5.8	0.08
19980117	7.6	5.89	0.1
19980118	8.37	6.3	0.17
19980119	0.0	3.54	0.13
19980120	0.0	0.65	0.12
19980121	0.0	2.19	0.12
19980122	0.0	2.88	0.13
19980123	0.0	0.2	0.13
19980124	0.0	2.77	0.13
19980125	0.0	1.81	0.13
19980126	0.12	1.52	0.13
19980127	0.08	1.61	0.13
19980128	0.1	0.02	0.13
19980129	0.0	2.84	0.14
19980130	0.0	2.55	0.14
19980131	0.0	2.68	0.14
19980201	0.0	-1.99	0.14
19980202	0.0	0.96	0.14
19980203	0.0	0.26	0.14
19980204	0.0	2.47	0.14
19980205	0.0	5.15	0.14
19980206	4.23	6.51	0.14
19980207	0.0	4.45	0.14
19980208	0.01	4.99	0.14
19980209	0.0	7.03	0.14
19980210	0.0	8.17	0.14
19980211	0.0	9.24	0.14
19980212	0.0	10.21	0.14
19980213	0.0	10.46	0.14
19980214	0.0	8.75	0.14
19980215	0.0	9.04	0.14
19980216	0.04	9.24	0.14
19980217	0.0	6.68	0.14
19980218	0.0	5.32	0.14
19980219	0.0	8.27	0.14
19980220	0.0	9.52	0.14
19980221	0.69	8.59	0.14
19980222	1.47	4.93	0.14
19980223	1.86	6.46	0.14
19980224	0.0	7.54	0.14
19980225	0.0	6.73	0.15
19980226	0.05	6.83	0.14
19980227	0.81	7.63	0.14
19980228	0.13	3.55	0.14
19980301	0.03	4.87	0.15
19980302	11.7	7.27	0.16
19980303	10.08	11.27	0.16
19980304	0.36	7.83	0.16
19980305	11.43	6.18	0.16
19980306	9.66	8.23	0.18
19980307	3.42	9.66	0.18
19980308	0.46	5.59	0.18
19980309	0.0	3.04	0.18
19980310	10.55	4.05	0.19
19980311	0.91	6.11	0.18
19980312	2.45	3.68	0.17
19980313	0.09	7.47	0.18
19980314	0.0	6.89	0.18
19980315	0.0	8.35	0.17
19980316	0.0	7.91	0.16
19980317	0.0	8.73	0.17
19980318	0.0	8.56	0.16
19980319	0.0	6.14	0.16
19980320	0.0	7.15	0.16
19980321	0.0	7.77	0.16
19980322	0.0	6.59	0.17
19980323	0.0	5.49	0.17
19980324	4.93	4.52	0.17
19980325	8.04	6.14	0.17
19980326	2.41	9.55	0.17
19980327	0.01	11.01	0.17
19980328	0.81	11.18	0.17
19980329	0.68	12.26	0.18
19980330	0.0	11.86	0.17
19980331	0.56	8.59	0.17
19980401	2.88	8.52	0.18
19980402	7.1	9.35	0.18
19980403	9.61	9.06	0.2
19980404	5.41	9.58	0.2
19980405	5.8	8.53	0.2
19980406	1.22	8.24	0.2
19980407	3.46	7.02	0.2
19980408	16.29	6.79	0.21
19980409	4.16	5.31	0.24
19980410	6.46	3.99	0.24
19980411	2.46	3.93	0.23
19980412	0.05	2.34	0.22
19980413	1.45	2.63	0.22
19980414	10.38	3.4	0.22
19980415	14.85	2.52	0.22
19980416	3.4	4.09	0.22
19980417	0.21	5.27	0.22
19980418	2.15	5.23	0.22
19980419	6.29	7.18	0.22
19980420	1.12	8.46	0.22
19980421	1.13	8.17	0.22
19980422	5.45	12.91	0.22
19980423	2.13	10.38	0.22
19980424	6.51	10.42	0.22
19980425	1.13	10.29	0.22
19980426	4.39	8.97	0.07
19980427	5.6	8.44	0.07
19980428	0.09	8.74	0.06
19980429	0.03	10.06	0.06
19980430	0.03	8.95	0.06
19980501	0.71	7.92	0.06
19980502	1.04	9.47	0.06
19980503	0.0	7.8	0.06
19980504	0.0	8.55	0.06
19980505	0.62	9.68	0.06
19980506	0.37	11.79	0.06
19980507	0.0	11.94	0.06
19980508	0.0	14.57	0.06
19980509	0.53	15.75	0.06
19980510	0.01	12.62	0.06
19980511	0.0	12.44	0.06
19980512	0.0	13.23	0.06
19980513	0.77	15.78	0.06
19980514	3.69	17.31	0.07
19980515	0.0	16.43	0.06
19980516	0.0	14.96	0.07
19980517	0.0	13.53	0.07
19980518	0.0	13.89	0.06
19980519	0.0	15.17	0.1
19980520	0.97	15.37	0.1
19980521	0.0	13.13	0.1
19980522	0.0	11.65	0.1
19980523	0.0	12.28	0.1
19980524	0.0	12.98	0.1
19980525	3.71	13.05	0.1
19980526	25.88	10.88	0.13
19980527	0.3	8.74	0.13
19980528	0.21	10.73	0.13
19980529	0.0	13.61	0.12
19980530	3.11	13.56	0.12
19980531	0.0	13.86	0.12
19980601	12.34	14.09	0.12
19980602	7.29	13.19	0.13
19980603	6.95	12.8	0.14
19980604	0.0	11.38	0.13
19980605	0.08	12.58	0.13
19980606	1.15	15.57	0.12
19980607	0.8	13.9	0.12
19980608	7.41	13.03	0.13
19980609	1.09	15.16	0.12
19980610	3.1	12.45	0.12
19980611	6.62	9.03	0.12
19980612	1.0	10.32	0.12
19980613	17.38	11.22	0.15
19980614	3.46	12.75	0.14
19980615	4.58	12.49	0.13
19980616	0.03	12.36	0.12
19980617	2.22	12.3	0.12
19980618	0.28	14.5	0.12
19980619	0.0	17.99	0.12
19980620	0.03	20.05	0.12
19980621	0.0	18.13	0.12
19980622	2.25	14.59	0.12
19980623	0.15	15.22	0.12
19980624	8.57	16.72	0.12
19980625	1.5	14.14	0.12
19980626	8.59	13.31	0.12
19980627	6.49	13.8	0.13
19980628	0.31	14.33	0.12
19980629	10.06	13.54	0.12
19980630	0.0	14.35	0.12
19980701	0.0	13.88	0.11
19980702	0.0	12.55	0.11
19980703	0.0	13.43	0.11
19980704	0.0	14.48	0.11
19980705	0.0	16.13	0.11
19980706	1.12	14.95	0.11
19980707	0.0	14.09	0.11
19980708	0.0	14.37	0.11
19980709	0.0	16.52	0.11
19980710	0.15	15.86	0.11
19980711	12.03	14.5	0.11
19980712	5.74	15.97	0.12
19980713	0.36	13.25	0.11
19980714	0.18	13.92	0.11
19980715	4.69	14.44	0.11
19980716	1.21	15.54	0.11
19980717	0.08	15.0	0.11
19980718	0.0	14.79	0.11
19980719	0.0	15.9	0.11
19980720	0.11	18.6	0.11
19980721	0.01	16.55	0.11
19980722	7.3	15.98	0.11
19980723	0.04	16.31	0.11
19980724	0.0	14.81	0.11
19980725	0.0	15.13	0.11
19980726	1.87	15.28	0.11
19980727	0.0	15.9	0.11
19980728	0.87	16.03	0.11
19980729	0.3	15.67	0.11
19980730	3.76	14.86	0.11
19980731	1.56	15.12	0.12
19980801	5.56	14.06	0.1
19980802	0.4	13.99	0.1
19980803	1.75	14.76	0.1
19980804	0.0	16.01	0.1
19980805	0.0	17.28	0.1
19980806	0.0	16.77	0.1
19980807	0.0	18.69	0.1
19980808	0.0	19.25	0.09
19980809	0.0	18.99	0.1
19980810	0.0	20.38	0.1
19980811	0.0	20.85	0.09
19980812	0.0	16.67	0.09
19980813	0.0	15.21	0.09
19980814	7.61	18.25	0.09
19980815	0.0	16.13	0.09
19980816	0.0	15.97	0.09
19980817	0.0	16.93	0.09
19980818	0.0	15.75	0.09
19980819	0.0	16.26	0.09
19980820	0.86	15.53	0.09
19980821	0.15	16.53	0.09
19980822	0.95	14.18	0.09
19980823	5.0	13.37	0.09
19980824	0.13	13.59	0.09
19980825	0.89	13.4	0.09
19980826	0.14	13.99	0.09
19980827	0.0	12.57	0.08
19980828	0.0	12.88	0.08
19980829	0.0	14.63	0.08
19980830	0.0	15.13	0.08
19980831	1.82	15.15	0.08
19980901	0.11	17.22	0.08
19980902	19.11	15.93	0.09
19980903	0.03	15.99	0.09
19980904	17.9	14.42	0.09
19980905	1.96	14.96	0.09
19980906	1.57	15.48	0.09
19980907	4.16	17.43	0.09
19980908	5.17	16.44	0.09
19980909	6.86	16.32	0.09
19980910	1.24	14.75	0.09
19980911	0.59	11.99	0.09
19980912	8.86	8.84	0.09
19980913	0.3	9.37	0.09
19980914	0.37	11.3	0.09
19980915	1.85	12.22	0.09
19980916	0.0	12.01	0.08
19980917	0.08	12.28	0.08
19980918	0.08	15.25	0.09
19980919	0.0	16.15	0.08
19980920	0.0	15.18	0.08
19980921	0.0	14.64	0.08
19980922	0.0	13.96	0.08
19980923	0.0	14.43	0.08
19980924	0.0	14.6	0.08
19980925	0.04	14.53	0.08
19980926	45.51	15.04	0.1
19980927	11.11	14.19	0.11
19980928	0.24	14.24	0.1
19980929	6.69	13.06	0.1
19980930	7.02	14.08	0.1
19981001	0.09	13.36	0.1
19981002	0.05	10.15	0.1
19981003	0.24	7.57	0.1
19981004	1.67	8.42	0.09
19981005	4.52	8.52	0.09
19981006	0.14	9.37	0.09
19981007	0.81	9.59	0.09
19981008	0.0	9.28	0.08
19981009	2.77	9.71	0.08
19981010	2.25	10.78	0.08
19981011	0.02	11.45	0.08
19981012	1.64	10.23	0.07
19981013	1.6	12.23	0.08
19981014	0.73	13.7	0.08
19981015	0.0	9.48	0.08
19981016	20.23	11.28	0.09
19981017	0.34	10.18	0.1
19981018	0.0	5.23	0.1
19981019	0.01	7.0	0.1
19981020	5.59	8.8	0.1
19981021	0.5	14.03	0.11
19981022	19.27	15.05	0.12
19981023	9.38	13.13	0.14
19981024	17.97	9.28	0.18
19981025	1.68	8.78	0.15
19981026	8.15	6.99	0.14
19981027	10.07	12.52	0.15
19981028	3.47	11.22	0.16
19981029	0.48	7.69	0.16
19981030	1.81	7.16	0.15
19981031	23.91	7.33	0.19
19981101	2.02	5.42	0.19
19981102	16.0	6.21	0.2
19981103	2.69	6.27	0.21
19981104	0.1	2.69	0.2
19981105	0.05	5.9	0.19
19981106	0.33	7.38	0.2
19981107	8.88	7.79	0.2
19981108	8.74	10.47	0.21
19981109	1.53	12.29	0.21
19981110	0.0	7.65	0.21
19981111	7.4	5.44	0.22
19981112	0.95	7.16	0.23
19981113	11.06	5.51	0.23
19981114	0.39	4.56	0.24
19981115	0.22	4.35	0.23
19981116	0.03	1.47	0.22
19981117	0.01	0.56	0.22
19981118	0.0	2.04	0.22
19981119	0.0	3.94	0.22
19981120	0.03	2.79	0.22
19981121	0.0	2.96	0.23
19981122	0.0	2.21	0.23
19981123	0.09	1.81	0.23
19981124	8.07	4.52	0.23
19981125	0.1	3.78	0.24
19981126	0.16	5.85	0.23
19981127	0.84	7.11	0.23
19981128	4.53	7.73	0.24
19981129	0.12	3.2	0.23
19981130	0.0	2.91	0.23
19981201	0.0	1.93	0.23
19981202	0.0	1.72	0.23
19981203	0.3	0.12	0.23
19981204	0.0	1.54	0.23
19981205	0.3	-0.09	0.23
19981206	0.25	-1.51	0.23
19981207	0.33	1.38	0.23
19981208	3.49	7.16	0.23
19981209	0.46	7.37	0.23
19981210	7.26	7.31	0.23
19981211	1.37	5.86	0.23
19981212	5.83	10.51	0.24
19981213	0.17	8.13	0.24
19981214	2.38	11.93	0.24
19981215	3.42	9.95	0.23
19981216	0.05	6.53	0.23
19981217	1.03	7.03	0.24
19981218	6.09	7.32	0.24
19981219	0.03	4.83	0.23
19981220	0.0	1.03	0.22
19981221	1.87	-0.82	0.22
19981222	2.45	2.64	0.23
19981223	8.97	5.72	0.24
19981224	6.39	3.29	0.24
19981225	18.11	9.24	0.27
19981226	6.45	7.13	0.29
19981227	0.73	6.61	0.28
19981228	0.0	4.39	0.27
19981229	0.0	4.79	0.26
19981230	3.63	8.77	0.25
19981231	4.69	7.77	0.25
19990101	4.85	7.19	0.26
19990102	11.19	5.9	0.28
19990103	6.6	5.15	0.31
19990104	0.48	9.91	0.3
19990105	0.0	10.87	0.28
19990106	5.38	9.53	0.29
19990107	6.63	4.91	0.3
19990108	8.31	3.47	0.31
19990109	0.01	1.34	0.3
19990110	0.14	0.11	0.29
19990111	0.96	-0.61	0.29
19990112	13.27	1.02	0.33
19990113	1.49	3.77	0.32
19990114	2.13	5.45	0.32
19990115	17.32	8.18	0.34
19990116	0.0	5.89	0.36
19990117	0.0	3.91	0.34
19990118	10.88	5.33	0.33
19990119	7.74	10.19	0.36
19990120	0.49	9.53	0.36
19990121	0.0	4.07	0.36
19990122	0.13	-0.43	0.35
19990123	2.09	3.54	0.35
19990124	0.92	6.3	0.36
19990125	2.24	8.99	0.36
19990126	7.09	4.37	0.36
19990127	4.45	4.14	0.35
19990128	1.6	7.25	0.37
19990129	2.63	3.68	0.36
19990130	2.37	3.49	0.36
19990131	0.09	3.78	0.35
19990201	0.0	6.33	0.36
19990202	0.0	4.95	0.36
19990203	0.0	6.97	0.35
19990204	0.0	9.17	0.35
19990205	0.11	6.59	0.36
19990206	2.8	5.76	0.36
19990207	0.0	1.49	0.35
19990208	1.11	-0.32	0.35
19990209	0.0	-1.22	0.35
19990210	0.0	-0.44	0.35
19990211	1.02	-0.24	0.34
19990212	0.0	2.37	0.34
19990213	0.0	2.13	0.34
19990214	1.16	2.08	0.35
19990215	1.7	4.38	0.35
19990216	0.35	5.85	0.34
19990217	1.24	5.21	0.35
19990218	3.33	8.57	0.35
19990219	1.12	9.28	0.35
19990220	1.14	5.75	0.34
19990221	3.9	6.27	0.35
19990222	0.0	3.52	0.35
19990223	2.14	2.85	0.35
19990224	0.0	2.75	0.34
19990225	0.0	3.95	0.34
19990226	7.21	7.78	0.35
19990227	0.32	6.44	0.36
19990228	6.29	6.88	0.35
19990301	2.2	10.49	0.35
19990302	6.2	10.34	0.38
19990303	2.84	6.65	0.4
19990304	0.21	4.09	0.37
19990305	0.85	2.58	0.35
19990306	6.54	2.04	0.35
19990307	8.65	3.0	0.4
19990308	0.04	3.25	0.39
19990309	0.0	2.93	0.35
19990310	0.0	2.18	0.35
19990311	0.08	3.16	0.35
19990312	3.52	7.62	0.35
19990313	0.0	8.49	0.34
19990314	0.0	6.22	0.34
19990315	0.0	6.9	0.34
19990316	0.0	7.41	0.33
19990317	0.0	10.01	0.33
19990318	0.0	7.92	0.33
19990319	0.0	5.98	0.34
19990320	2.79	5.84	0.33
19990321	1.91	6.87	0.34
19990322	0.35	6.17	0.34
19990323	0.0	9.83	0.34
19990324	0.0	8.16	0.34
19990325	1.69	7.0	0.34
19990326	0.0	5.93	0.34
19990327	0.0	6.1	0.34
19990328	0.14	7.59	0.33
19990329	1.7	9.97	0.33
19990330	1.2	9.51	0.33
19990331	0.0	12.02	0.33
19990401	0.12	11.95	0.33
19990402	0.05	10.47	0.32
19990403	0.4	9.46	0.33
19990404	0.93	11.62	0.33
19990405	0.26	12.13	0.33
19990406	0.21	11.35	0.32
19990407	0.0	8.81	0.32
19990408	0.0	9.54	0.33
19990409	0.0	11.56	0.33
19990410	0.0	9.39	0.32
19990411	7.52	8.01	0.33
19990412	4.31	7.98	0.34
19990413	2.46	4.29	0.32
19990414	0.0	2.03	0.31
19990415	0.91	3.17	0.31
19990416	1.2	4.35	0.31
19990417	0.71	4.52	0.3
19990418	0.59	4.54	0.31
19990419	2.63	5.07	0.31
19990420	14.36	7.9	0.33
19990421	1.5	9.98	0.32
19990422	2.9	9.7	0.31
19990423	4.52	8.65	0.32
19990424	0.07	9.86	0.31
19990425	3.35	10.08	0.3
19990426	0.33	10.95	0.3
19990427	0.0	11.89	0.3
19990428	0.0	10.84	0.29
19990429	0.0	8.95	0.29
19990430	0.0	10.48	0.29
19990501	0.0	11.33	0.29
19990502	0.0	12.03	0.29
19990503	0.0	13.74	0.29
19990504	0.0	11.46	0.29
19990505	0.88	11.5	0.28
19990506	0.0	12.31	0.29
19990507	10.68	12.03	0.3
19990508	4.0	11.76	0.29
19990509	0.81	14.41	0.29
19990510	1.32	12.99	0.28
19990511	0.0	12.52	0.28
19990512	1.19	12.04	0.28
19990513	4.76	11.57	0.28
19990514	2.43	11.77	0.27
19990515	0.0	10.9	0.27
19990516	0.32	10.04	0.27
19990517	0.03	9.69	0.28
19990518	0.47	11.33	0.28
19990519	5.25	14.01	0.27
19990520	0.0	14.27	0.27
19990521	0.18	12.52	0.27
19990522	0.0	11.11	0.27
19990523	0.0	12.91	0.27
19990524	0.0	12.91	0.27
19990525	0.0	11.34	0.27
19990526	0.0	12.6	0.26
19990527	0.0	16.67	0.25
19990528	0.06	15.77	0.26
19990529	1.28	15.89	0.26
19990530	1.79	11.18	0.26
19990531	0.0	11.08	0.25
19990601	25.12	14.68	0.26
19990602	8.14	13.85	0.3
19990603	1.18	13.17	0.28
19990604	6.02	12.11	0.27
19990605	10.58	10.28	0.28
19990606	2.46	11.53	0.27
19990607	1.05	11.24	0.26
19990608	0.0	10.61	0.25
19990609	0.0	11.68	0.24
19990610	0.0	11.58	0.25
19990611	0.0	11.89	0.25
19990612	0.18	11.58	0.24
19990613	0.0	13.2	0.24
19990614	0.18	15.28	0.24
19990615	0.0	16.48	0.23
19990616	0.0	17.37	0.24
19990617	0.0	14.75	0.24
19990618	0.0	14.79	0.24
19990619	1.82	14.99	0.24
19990620	0.0	14.23	0.23
19990621	0.0	11.41	0.24
19990622	0.0	11.97	0.24
19990623	0.0	14.37	0.23
19990624	0.0	15.15	0.23
19990625	0.0	14.9	0.22
19990626	0.16	16.23	0.23
19990627	2.22	14.36	0.23
19990628	20.89	12.53	0.23
19990629	5.52	14.56	0.25
19990630	1.68	14.11	0.23
19990701	0.64	15.62	0.23
19990702	14.54	18.55	0.24
19990703	0.08	18.2	0.24
19990704	0.7	16.44	0.24
19990705	0.71	16.7	0.24
19990706	0.02	17.87	0.24
19990707	0.0	18.45	0.22
19990708	0.0	19.65	0.22
19990709	0.0	18.78	0.22
19990710	0.0	18.01	0.21
19990711	0.0	18.9	0.21
19990712	0.0	17.83	0.22
19990713	0.0	16.48	0.22
19990714	0.0	14.06	0.21
19990715	0.0	14.5	0.2
19990716	0.0	16.08	0.2
19990717	0.0	17.31	0.2
19990718	0.0	18.61	0.21
19990719	1.74	18.22	0.2
19990720	0.0	17.45	0.2
19990721	0.0	14.87	0.2
19990722	0.08	13.46	0.2
19990723	0.0	16.14	0.2
19990724	0.0	20.22	0.19
19990725	0.0	18.59	0.2
19990726	0.0	15.45	0.2
19990727	0.0	14.74	0.19
19990728	0.0	16.64	0.19
19990729	0.0	18.02	0.18
19990730	0.0	19.64	0.19
19990731	0.0	21.09	0.19
19990801	0.16	21.47	0.18
19990802	0.32	21.57	0.18
19990803	1.24	18.79	0.18
19990804	13.93	19.0	0.19
19990805	0.0	18.82	0.18
19990806	6.89	19.07	0.19
19990807	0.87	17.11	0.19
19990808	42.17	16.55	0.23
19990809	14.3	16.27	0.24
19990810	1.5	13.76	0.22
19990811	0.79	14.13	0.21
19990812	0.63	14.95	0.21
19990813	5.06	16.24	0.2
19990814	0.95	15.55	0.2
19990815	0.1	14.36	0.2
19990816	6.49	12.36	0.19
19990817	6.67	12.26	0.2
19990818	7.64	13.87	0.2
19990819	0.0	14.01	0.21
19990820	0.0	13.2	0.2
19990821	0.0	12.63	0.19
19990822	0.03	12.9	0.2
19990823	0.0	15.35	0.19
19990824	0.68	14.69	0.19
19990825	0.99	17.28	0.18
19990826	0.0	17.27	0.18
19990827	0.0	15.46	0.18
19990828	0.0	16.46	0.18
19990829	0.0	16.78	0.17
19990830	0.0	16.09	0.17
19990831	0.0	15.81	0.17
19990901	0.0	16.86	0.16
19990902	0.0	17.93	0.16
19990903	0.0	18.3	0.17
19990904	0.0	17.92	0.16
19990905	0.01	18.24	0.16
19990906	0.0	18.46	0.15
19990907	0.0	17.01	0.15
19990908	0.62	16.24	0.15
19990909	0.0	14.97	0.15
19990910	0.0	15.62	0.15
19990911	0.0	20.29	0.15
19990912	0.0	15.73	0.15
19990913	1.21	13.46	0.15
19990914	4.26	12.11	0.15
19990915	2.91	12.8	0.15
19990916	3.2	13.72	0.15
19990917	3.54	13.2	0.15
19990918	1.0	14.58	0.15
19990919	19.01	15.28	0.18
19990920	7.85	14.61	0.19
19990921	0.0	13.81	0.18
19990922	11.66	15.14	0.17
19990923	12.17	15.64	0.18
19990924	9.51	15.38	0.17
19990925	6.61	14.37	0.19
19990926	7.52	12.97	0.19
19990927	1.15	13.7	0.19
19990928	2.48	13.4	0.18
19990929	11.34	14.4	0.21
19990930	0.2	12.9	0.2
19991001	9.14	12.41	0.2
19991002	2.6	10.73	0.2
19991003	0.56	9.32	0.18
19991004	0.0	8.01	0.18
19991005	0.0	6.55	0.18
19991006	0.0	7.04	0.17
19991007	1.66	9.53	0.17
19991008	0.0	13.43	0.17
19991009	0.0	14.22	0.17
19991010	0.0	14.61	0.17
19991011	0.0	10.4	0.16
19991012	0.0	7.73	0.16
19991013	0.0	7.97	0.16
19991014	0.0	9.27	0.16
19991015	0.0	11.14	0.16
19991016	0.0	10.54	0.16
19991017	0.0	8.79	0.16
19991018	0.0	7.61	0.15
19991019	0.0	7.46	0.15
19991020	6.35	6.94	0.16
19991021	7.41	8.81	0.17
19991022	11.58	12.03	0.18
19991023	12.51	11.75	0.18
19991024	8.29	10.52	0.2
19991025	0.13	10.33	0.18
19991026	0.0	9.84	0.19
19991027	0.03	9.46	0.18
19991028	0.06	10.66	0.18
19991029	0.69	9.93	0.17
19991030	3.46	12.64	0.16
19991031	0.38	11.26	0.17
19991101	1.75	12.47	0.18
19991102	0.0	8.88	0.18
19991103	0.0	9.03	0.17
19991104	0.29	9.21	0.17
19991105	10.3	9.32	0.18
19991106	0.0	6.87	0.18
19991107	0.0	6.36	0.18
19991108	0.39	9.69	0.17
19991109	0.03	8.27	0.17
19991110	0.08	7.19	0.16
19991111	2.25	7.58	0.16
19991112	0.0	6.69	0.17
19991113	0.55	6.79	0.16
19991114	0.24	7.55	0.17
19991115	2.89	5.64	0.16
19991116	2.92	4.53	0.17
19991117	3.15	2.44	0.17
19991118	0.12	2.46	0.17
19991119	1.39	3.4	0.17
19991120	0.39	3.22	0.17
19991121	0.38	2.94	0.17
19991122	0.64	4.47	0.17
19991123	0.0	6.6	0.17
19991124	3.29	10.21	0.16
19991125	0.0	10.56	0.16
19991126	9.19	9.4	0.16
19991127	0.7	7.14	0.16
19991128	4.4	10.63	0.15
19991129	3.0	6.98	0.16
19991130	0.1	6.29	0.16
19991201	0.0	8.96	0.15
19991202	0.0	6.27	0.15
19991203	1.69	7.23	0.15
19991204	0.77	2.86	0.15
19991205	0.63	2.41	0.14
19991206	2.34	9.34	0.15
19991207	2.53	7.41	0.15
19991208	4.82	6.7	0.16
19991209	0.08	5.74	0.15
19991210	8.56	5.0	0.14
19991211	4.98	9.03	0.2
19991212	6.97	5.92	0.18
19991213	9.67	2.68	0.2
19991214	0.51	0.26	0.2
19991215	0.0	0.67	0.19
19991216	0.47	2.49	0.18
19991217	2.43	6.8	0.17
19991218	2.88	1.12	0.18
19991219	0.0	-2.12	0.18
19991220	4.29	-3.18	0.17
19991221	1.77	2.01	0.17
19991222	12.67	6.12	0.2
19991223	6.58	6.63	0.21
19991224	19.28	9.31	0.23
19991225	2.19	4.54	0.24
19991226	0.99	3.96	0.24
19991227	0.13	1.87	0.23
19991228	0.15	1.23	0.22
19991229	2.51	0.84	0.21
19991230	10.74	2.88	0.23
19991231	1.74	4.79	0.23
20000101	0.36	6.25	0.22
20000102	1.75	6.57	0.22
20000103	9.0	7.78	0.24
20000104	0.77	3.08	0.24
20000105	2.08	5.72	0.23
20000106	0.13	7.35	0.23
20000107	1.54	6.16	0.24
20000108	0.0	5.65	0.23
20000109	0.0	1.16	0.22
20000110	0.27	1.33	0.22
20000111	0.14	7.11	0.23
20000112	4.38	6.58	0.23
20000113	0.55	2.32	0.23
20000114	0.56	1.88	0.23
20000115	0.04	3.1	0.23
20000116	0.0	1.45	0.23
20000117	0.0	2.38	0.22
20000118	0.05	3.86	0.22
20000119	0.0	3.81	0.23
20000120	0.0	1.48	0.22
20000121	0.57	3.59	0.23
20000122	0.35	3.9	0.23
20000123	0.05	2.41	0.23
20000124	0.23	0.58	0.23
20000125	0.0	0.59	0.22
20000126	0.0	0.66	0.22
20000127	0.0	-0.05	0.22
20000128	1.96	3.86	0.23
20000129	0.2	9.88	0.23
20000130	0.0	10.0	0.22
20000131	0.72	9.78	0.21
20000201	12.13	8.4	0.22
20000202	0.04	6.49	0.22
20000203	0.46	5.68	0.21
20000204	0.89	8.06	0.22
20000205	0.0	7.3	0.21
20000206	3.54	8.9	0.21
20000207	6.02	6.62	0.22
20000208	1.66	7.62	0.22
20000209	2.73	5.94	0.21
20000210	2.58	5.63	0.22
20000211	3.73	4.15	0.22
20000212	0.12	6.01	0.22
20000213	0.0	4.53	0.21
20000214	2.85	3.65	0.21
20000215	2.51	5.04	0.22
20000216	0.35	2.84	0.22
20000217	3.36	3.2	0.21
20000218	1.76	7.28	0.22
20000219	0.08	4.6	0.22
20000220	2.22	1.9	0.21
20000221	0.21	4.25	0.21
20000222	0.2	2.77	0.22
20000223	0.0	7.57	0.22
20000224	14.06	7.43	0.22
20000225	0.04	4.04	0.23
20000226	0.13	4.46	0.23
20000227	9.54	9.09	0.23
20000228	8.5	5.88	0.23
20000229	5.84	6.26	0.25
20000301	1.48	4.1	0.24
20000302	8.53	5.37	0.25
20000303	0.1	6.77	0.25
20000304	0.0	2.08	0.24
20000305	0.0	3.76	0.23
20000306	0.0	7.63	0.23
20000307	0.06	9.7	0.24
20000308	0.0	11.52	0.23
20000309	0.09	11.46	0.23
20000310	0.0	9.63	0.23
20000311	0.0	8.61	0.23
20000312	0.0	6.43	0.23
20000313	0.0	9.08	0.23
20000314	0.18	8.45	0.23
20000315	0.0	5.93	0.23
20000316	0.0	7.16	0.23
20000317	0.0	7.74	0.23
20000318	0.0	6.81	0.23
20000319	0.0	5.1	0.23
20000320	0.0	6.22	0.24
20000321	0.0	7.07	0.23
20000322	0.0	6.7	0.23
20000323	3.25	7.59	0.23
20000324	0.09	8.1	0.23
20000325	0.83	5.53	0.23
20000326	0.84	4.45	0.23
20000327	1.04	4.65	0.23
20000328	1.89	3.8	0.23
20000329	0.14	4.23	0.23
20000330	0.0	4.88	0.23
20000331	0.0	4.62	0.23
20000401	3.77	5.32	0.24
20000402	21.59	8.38	0.24
20000403	21.2	5.09	0.29
20000404	3.9	2.2	0.28
20000405	0.27	4.05	0.27
20000406	0.0	4.1	0.26
20000407	0.0	5.99	0.25
20000408	1.46	7.63	0.25
20000409	0.0	7.65	0.24
20000410	1.01	5.74	0.25
20000411	14.71	4.01	0.26
20000412	5.87	3.58	0.26
20000413	1.76	4.23	0.26
20000414	10.39	5.01	0.26
20000415	5.96	3.08	0.28
20000416	5.33	5.63	0.27
20000417	6.95	7.1	0.27
20000418	8.46	7.92	0.28
20000419	5.97	9.56	0.27
20000420	4.96	11.12	0.28
20000421	4.57	10.06	0.28
20000422	0.44	10.11	0.27
20000423	1.0	8.77	0.27
20000424	7.07	9.46	0.28
20000425	2.27	11.2	0.27
20000426	3.04	10.29	0.27
20000427	0.45	10.39	0.27
20000428	6.54	9.88	0.27
20000429	0.0	11.37	0.27
20000430	0.0	9.96	0.27
20000501	0.0	10.54	0.32
20000502	0.24	9.59	0.33
20000503	0.44	8.14	0.33
20000504	0.0	8.41	0.32
20000505	0.0	10.55	0.33
20000506	0.04	14.1	0.33
20000507	0.0	14.38	0.33
20000508	0.13	12.78	0.33
20000509	0.0	14.22	0.33
20000510	0.86	13.28	0.33
20000511	2.85	11.6	0.33
20000512	0.13	12.54	0.33
20000513	1.46	15.07	0.33
20000514	0.23	16.4	0.33
20000515	0.14	17.97	0.32
20000516	0.13	14.93	0.33
20000517	4.18	10.64	0.32
20000518	2.8	9.61	0.33
20000519	2.83	9.49	0.32
20000520	10.35	9.66	0.33
20000521	0.28	9.71	0.33
20000522	0.68	11.3	0.33
20000523	5.44	11.56	0.33
20000524	6.72	10.55	0.33
20000525	0.91	10.29	0.32
20000526	20.27	9.52	0.35
20000527	24.57	8.91	0.37
20000528	2.4	8.58	0.42
20000529	0.29	9.97	0.38
20000530	0.01	10.15	0.36
20000531	7.5	11.43	0.36
20000601	0.36	13.26	0.35
20000602	0.0	14.34	0.35
20000603	0.01	14.92	0.35
20000604	0.0	13.74	0.34
20000605	0.03	11.75	0.34
20000606	1.23	12.08	0.34
20000607	0.0	12.89	0.34
20000608	0.89	15.7	0.33
20000609	1.4	14.39	0.34
20000610	0.0	12.57	0.33
20000611	0.0	13.3	0.33
20000612	0.0	16.28	0.33
20000613	0.0	15.92	0.33
20000614	0.0	14.8	0.33
20000615	0.0	15.63	0.33
20000616	0.0	15.48	0.33
20000617	0.0	18.52	0.32
20000618	0.0	20.96	0.32
20000619	0.11	21.59	0.32
20000620	3.81	16.86	0.32
20000621	0.06	15.09	0.32
20000622	3.04	13.45	0.32
20000623	0.27	13.3	0.33
20000624	0.38	11.46	0.33
20000625	0.0	12.03	0.32
20000626	0.0	13.57	0.32
20000627	0.0	14.89	0.32
20000628	0.0	14.95	0.32
20000629	10.66	13.97	0.32
20000630	0.44	13.43	0.32
20000701	0.5	14.89	0.32
20000702	0.34	15.67	0.32
20000703	0.48	15.88	0.32
20000704	9.57	14.03	0.32
20000705	1.66	14.29	0.32
20000706	3.33	15.27	0.32
20000707	0.08	13.46	0.32
20000708	1.69	13.11	0.31
20000709	6.36	14.25	0.32
20000710	14.65	12.23	0.34
20000711	0.03	11.38	0.32
20000712	4.17	12.61	0.32
20000713	3.77	14.62	0.32
20000714	0.0	13.2	0.32
20000715	0.0	12.71	0.31
20000716	0.0	12.33	0.32
20000717	0.0	14.18	0.32
20000718	0.0	15.4	0.31
20000719	0.0	16.46	0.31
20000720	0.0	17.2	0.32
20000721	0.0	16.61	0.32
20000722	0.0	14.11	0.31
20000723	0.11	13.86	0.32
20000724	0.0	13.07	0.32
20000725	0.0	14.24	0.31
20000726	0.0	16.23	0.3
20000727	0.0	16.61	0.3
20000728	4.36	16.36	0.31
20000729	0.14	16.89	0.29
20000730	0.0	17.45	0.29
20000731	0.0	18.2	0.3
20000801	0.0	17.55	0.3
20000802	4.17	15.76	0.29
20000803	14.37	15.28	0.3
20000804	0.0	15.67	0.3
20000805	0.0	16.84	0.29
20000806	0.12	18.76	0.29
20000807	2.18	18.16	0.3
20000808	2.45	17.64	0.3
20000809	0.03	17.32	0.29
20000810	0.0	17.78	0.29
20000811	0.0	17.63	0.29
20000812	0.0	17.92	0.29
20000813	2.81	17.89	0.28
20000814	0.0	18.63	0.28
20000815	1.5	16.95	0.28
20000816	0.01	16.58	0.28
20000817	0.0	15.83	0.28
20000818	9.09	14.95	0.29
20000819	0.0	16.3	0.28
20000820	0.01	14.83	0.28
20000821	0.53	13.76	0.28
20000822	0.0	14.79	0.28
20000823	0.0	16.17	0.28
20000824	0.0	17.21	0.28
20000825	2.13	18.55	0.27
20000826	6.17	17.26	0.28
20000827	1.32	15.17	0.28
20000828	2.52	14.18	0.28
20000829	0.0	14.27	0.28
20000830	0.0	14.29	0.28
20000831	3.9	14.23	0.27
20000901	1.78	13.54	0.28
20000902	0.77	13.87	0.27
20000903	0.0	11.98	0.27
20000904	0.0	12.22	0.27
20000905	1.46	13.91	0.27
20000906	0.17	14.7	0.27
20000907	1.08	14.28	0.28
20000908	4.03	16.33	0.28
20000909	0.05	16.67	0.27
20000910	0.0	18.81	0.27
20000911	0.0	19.91	0.27
20000912	0.0	17.65	0.27
20000913	0.0	15.34	0.27
20000914	3.66	15.16	0.27
20000915	7.57	14.52	0.28
20000916	0.0	13.46	0.27
20000917	1.52	14.05	0.27
20000918	11.54	12.87	0.28
20000919	18.44	12.11	0.28
20000920	2.37	12.09	0.28
20000921	1.99	12.39	0.27
20000922	0.11	16.32	0.27
20000923	0.0	17.83	0.27
20000924	11.78	13.75	0.28
20000925	10.0	12.52	0.28
20000926	1.04	15.77	0.28
20000927	11.72	13.24	0.28
20000928	1.42	13.2	0.29
20000929	0.36	13.65	0.27
20000930	1.83	13.01	0.27
20001001	10.94	11.48	0.28
20001002	0.0	10.88	0.28
20001003	0.71	12.51	0.27
20001004	0.16	12.47	0.27
20001005	1.29	9.87	0.27
20001006	7.94	8.62	0.27
20001007	11.97	9.75	0.28
20001008	0.0	10.54	0.27
20001009	23.71	7.85	0.3
20001010	12.45	7.85	0.3
20001011	0.55	7.96	0.3
20001012	0.0	8.8	0.29
20001013	0.08	9.22	0.29
20001014	0.0	9.78	0.28
20001015	2.83	11.09	0.28
20001016	1.33	10.45	0.28
20001017	7.16	9.1	0.28
20001018	0.48	12.15	0.28
20001019	0.0	9.18	0.28
20001020	17.85	9.92	0.29
20001021	0.46	9.6	0.3
20001022	0.72	9.39	0.29
20001023	1.78	11.91	0.29
20001024	0.95	10.15	0.29
20001025	0.29	11.15	0.29
20001026	4.51	9.01	0.29
20001027	11.48	11.51	0.29
20001028	15.68	11.36	0.32
20001029	45.39	8.51	0.36
20001030	0.89	8.98	0.41
20001031	1.77	8.67	0.37
20001101	6.37	7.45	0.35
20001102	12.43	6.53	0.39
20001103	0.02	6.09	0.36
20001104	0.23	5.39	0.35
20001105	24.56	6.14	0.36
20001106	8.96	8.16	0.35
20001107	1.81	7.59	0.33
20001108	0.41	6.61	0.32
20001109	1.7	6.6	0.31
20001110	4.38	6.17	0.3
20001111	13.52	9.67	0.32
20001112	0.06	7.3	0.32
20001113	0.02	4.36	0.31
20001114	0.0	3.21	0.3
20001115	12.06	2.99	0.31
20001116	0.19	6.45	0.31
20001117	1.29	3.85	0.3
20001118	3.87	6.94	0.32
20001119	6.22	7.2	0.32
20001120	0.6	3.46	0.32
20001121	6.69	3.66	0.32
20001122	3.25	7.04	0.33
20001123	4.0	5.76	0.33
20001124	2.53	5.44	0.32
20001125	6.69	8.31	0.33
20001126	0.15	7.09	0.33
20001127	13.47	7.01	0.34
20001128	1.03	12.55	0.35
20001129	5.03	10.97	0.35
20001130	11.46	8.23	0.34
20001201	7.0	10.55	0.38
20001202	0.11	8.39	0.38
20001203	10.74	6.46	0.37
20001204	3.23	10.2	0.4
20001205	8.53	10.94	0.44
20001206	1.08	9.73	0.43
20001207	20.48	8.48	0.47
20001208	0.08	9.53	0.51
20001209	7.77	8.13	0.48
20001210	4.52	8.88	0.55
20001211	5.82	11.88	0.56
20001212	14.95	12.04	0.63
20001213	2.84	8.63	0.72
20001214	1.82	4.93	0.67
20001215	0.04	2.5	0.63
20001216	0.08	1.06	0.59
20001217	0.19	1.73	0.6
20001218	2.21	3.84	0.59
20001219	0.78	6.61	0.58
20001220	0.0	7.72	0.59
20001221	0.0	5.47	0.58
20001222	0.0	4.11	0.56
20001223	4.04	3.31	0.59
20001224	7.13	3.96	0.61
20001225	0.02	2.33	0.6
20001226	0.0	0.57	0.6
20001227	4.25	-0.05	0.58
20001228	0.0	-2.13	0.57
20001229	0.0	-4.47	0.56
20001230	0.0	-2.87	0.55
20001231	14.7	-0.89	0.57
20010101	7.62	7.59	0.65
20010102	4.34	8.25	0.65
20010103	11.94	5.28	0.62
20010104	7.04	7.38	0.69
20010105	0.2	5.08	0.67
20010106	0.18	3.83	0.59
20010107	0.0	3.41	0.58
20010108	0.0	3.51	0.55
20010109	0.0	0.59	0.54
20010110	0.0	3.08	0.54
20010111	0.0	3.07	0.52
20010112	0.0	3.56	0.53
20010113	0.0	2.45	0.52
20010114	0.0	2.03	0.52
20010115	0.0	0.93	0.54
20010116	0.0	-1.42	0.53
20010117	0.0	-1.89	0.53
20010118	0.0	-1.54	0.53
20010119	0.12	-1.21	0.52
20010120	5.29	-1.75	0.51
20010121	3.1	0.91	0.55
20010122	6.38	4.9	0.57
20010123	10.19	6.95	0.64
20010124	6.94	6.93	0.66
20010125	0.3	4.57	0.63
20010126	20.88	3.76	0.69
20010127	0.0	2.26	0.67
20010128	0.06	0.49	0.61
20010129	3.38	0.73	0.59
20010130	4.93	2.41	0.59
20010131	0.24	3.02	0.59
20010201	6.74	-0.13	0.58
20010202	6.17	4.67	0.65
20010203	8.84	6.08	0.67
20010204	16.32	5.65	0.86
20010205	6.33	7.15	0.89
20010206	5.21	8.91	0.8
20010207	11.95	7.97	0.84
20010208	0.93	3.84	0.95
20010209	0.08	1.37	0.84
20010210	2.74	5.18	0.84
20010211	2.02	11.07	0.85
20010212	21.57	7.82	1.09
20010213	0.02	3.77	1.03
20010214	0.0	2.95	0.97
20010215	0.3	2.4	0.97
20010216	0.02	3.61	1.0
20010217	0.0	1.9	0.97
20010218	0.0	0.62	0.96
20010219	0.0	1.23	0.99
20010220	0.0	3.16	0.96
20010221	0.0	7.27	0.95
20010222	0.51	6.67	0.98
20010223	1.48	3.62	0.96
20010224	0.63	1.19	0.93
20010225	0.01	-0.0	0.92
20010226	9.58	2.49	0.95
20010227	0.67	2.36	0.95
20010228	2.18	1.36	0.92
20010301	0.09	0.29	0.88
20010302	0.29	-1.1	0.85
20010303	0.06	-0.24	0.84
20010304	0.0	0.18	0.82
20010305	0.0	0.42	0.79
20010306	12.51	5.07	0.84
20010307	0.61	10.38	0.88
20010308	5.42	7.82	0.89
20010309	3.33	8.52	0.86
20010310	0.2	9.98	0.83
20010311	8.09	9.28	0.87
20010312	2.77	5.04	0.85
20010313	0.01	5.18	0.81
20010314	0.17	5.53	0.78
20010315	1.43	5.9	0.79
20010316	17.29	5.84	0.82
20010317	5.99	2.74	0.93
20010318	0.9	1.98	0.87
20010319	0.0	1.86	0.81
20010320	14.64	1.79	0.81
20010321	3.98	2.55	0.94
20010322	7.25	6.45	0.88
20010323	2.02	8.05	0.9
20010324	0.73	6.41	0.85
20010325	0.0	4.23	0.83
20010326	0.0	3.24	0.79
20010327	11.37	5.19	0.84
20010328	7.05	6.61	0.9
20010329	2.22	5.93	0.84
20010330	0.92	7.22	0.83
20010331	0.0	9.99	0.8
20010401	0.02	10.44	0.79
20010402	3.53	11.43	0.84
20010403	10.45	8.37	0.85
20010404	3.02	6.96	0.87
20010405	8.92	6.63	0.9
20010406	3.27	9.91	0.9
20010407	3.89	6.21	0.88
20010408	13.01	6.29	0.9
20010409	1.51	10.15	0.96
20010410	0.96	8.7	0.89
20010411	0.0	7.16	0.86
20010412	0.0	7.16	0.84
20010413	0.0	4.97	0.82
20010414	3.32	6.27	0.83
20010415	1.08	8.17	0.83
20010416	0.0	5.93	0.81
20010417	1.88	5.31	0.81
20010418	0.81	3.85	0.8
20010419	1.91	3.27	0.79
20010420	0.19	4.13	0.78
20010421	0.0	4.78	0.78
20010422	13.37	6.15	0.79
20010423	4.99	7.74	0.84
20010424	5.71	7.06	0.86
20010425	4.54	8.05	0.86
20010426	3.44	8.54	0.85
20010427	4.78	8.61	0.83
20010428	2.41	8.84	0.83
20010429	0.08	7.61	0.87
20010430	0.0	7.83	0.81
20010501	0.56	7.44	0.79
20010502	5.75	8.33	0.84
20010503	0.09	9.39	0.81
20010504	0.03	7.21	0.78
20010505	0.0	7.18	0.76
20010506	0.0	6.78	0.74
20010507	0.0	8.46	0.73
20010508	0.0	8.83	0.72
20010509	6.57	9.85	0.73
20010510	0.0	14.41	0.73
20010511	0.0	16.34	0.73
20010512	0.0	15.4	0.69
20010513	4.52	14.79	0.69
20010514	1.26	11.38	0.68
20010515	17.59	11.34	0.73
20010516	11.61	11.61	0.81
20010517	17.57	8.41	0.88
20010518	0.03	10.45	0.81
20010519	0.0	11.37	0.76
20010520	0.02	12.62	0.73
20010521	0.0	12.1	0.71
20010522	0.0	12.6	0.69
20010523	0.0	14.13	0.67
20010524	0.0	14.17	0.67
20010525	0.0	12.47	0.67
20010526	0.0	15.53	0.67
20010527	0.0	15.53	0.67
20010528	0.0	16.78	0.66
20010529	0.0	15.43	0.65
20010530	0.0	15.12	0.63
20010531	0.0	12.74	0.63
20010601	0.01	12.81	0.62
20010602	1.08	11.99	0.63
20010603	0.0	9.98	0.61
20010604	0.06	12.3	0.6
20010605	0.15	13.23	0.61
20010606	0.36	13.61	0.6
20010607	0.22	10.96	0.61
20010608	0.0	9.64	0.6
20010609	0.51	9.82	0.58
20010610	0.46	10.38	0.59
20010611	0.0	11.07	0.57
20010612	0.0	13.27	0.57
20010613	0.0	14.11	0.56
20010614	2.7	14.43	0.56
20010615	20.69	14.65	0.57
20010616	13.21	13.74	0.64
20010617	0.5	11.92	0.58
20010618	0.0	12.48	0.56
20010619	0.0	15.06	0.55
20010620	0.0	15.53	0.54
20010621	0.0	13.63	0.54
20010622	0.0	13.7	0.53
20010623	0.0	14.99	0.53
20010624	0.0	17.57	0.5
20010625	0.0	19.93	0.48
20010626	0.0	20.92	0.48
20010627	0.04	18.25	0.47
20010628	0.19	16.61	0.46
20010629	0.98	17.46	0.44
20010630	0.12	16.92	0.44
20010701	0.0	17.65	0.44
20010702	0.0	20.22	0.42
20010703	0.0	20.8	0.42
20010704	0.0	20.84	0.42
20010705	1.3	20.41	0.42
20010706	0.0	18.67	0.41
20010707	2.37	17.52	0.42
20010708	0.06	16.46	0.4
20010709	6.29	15.44	0.41
20010710	3.38	15.6	0.44
20010711	0.0	14.7	0.41
20010712	1.72	14.16	0.39
20010713	2.79	14.04	0.4
20010714	1.91	12.72	0.39
20010715	0.0	12.86	0.39
20010716	0.0	13.71	0.39
20010717	17.05	14.1	0.42
20010718	4.8	14.45	0.43
20010719	0.55	13.53	0.42
20010720	4.88	14.21	0.39
20010721	0.03	16.07	0.39
20010722	0.0	16.48	0.39
20010723	0.0	17.33	0.39
20010724	0.0	16.24	0.38
20010725	0.0	17.78	0.38
20010726	0.0	18.3	0.38
20010727	0.0	20.36	0.38
20010728	0.0	21.05	0.35
20010729	0.0	22.37	0.34
20010730	0.0	20.53	0.34
20010731	0.0	18.88	0.34
20010801	0.0	18.3	0.33
20010802	10.05	15.78	0.33
20010803	0.04	16.47	0.33
20010804	8.81	14.82	0.34
20010805	2.68	15.92	0.34
20010806	2.28	16.57	0.35
20010807	2.94	15.86	0.34
20010808	4.22	14.98	0.34
20010809	24.01	12.88	0.38
20010810	0.08	13.77	0.37
20010811	3.29	15.07	0.35
20010812	3.95	16.59	0.35
20010813	0.0	18.67	0.35
20010814	0.0	19.32	0.34
20010815	0.24	21.44	0.33
20010816	0.2	16.96	0.33
20010817	0.0	15.74	0.33
20010818	11.55	17.37	0.33
20010819	3.53	17.19	0.34
20010820	0.0	16.48	0.33
20010821	0.0	16.43	0.32
20010822	0.0	18.58	0.32
20010823	0.18	18.6	0.32
20010824	0.0	19.84	0.32
20010825	0.03	19.81	0.31
20010826	0.61	17.61	0.31
20010827	0.0	15.33	0.31
20010828	0.0	14.89	0.3
20010829	0.24	15.39	0.31
20010830	5.71	15.03	0.3
20010831	3.97	13.74	0.31
20010901	0.24	14.43	0.3
20010902	7.93	16.59	0.3
20010903	3.93	14.59	0.3
20010904	0.0	12.77	0.3
20010905	5.59	13.01	0.29
20010906	0.0	14.41	0.29
20010907	2.26	14.95	0.29
20010908	0.0	14.04	0.29
20010909	0.17	10.9	0.29
20010910	0.0	11.04	0.28
20010911	0.0	13.69	0.28
20010912	2.23	13.7	0.28
20010913	7.45	11.4	0.29
20010914	0.0	12.13	0.28
20010915	0.0	12.35	0.28
20010916	1.04	11.07	0.27
20010917	3.82	9.97	0.27
20010918	11.6	12.06	0.28
20010919	5.14	12.27	0.29
20010920	0.03	12.67	0.29
20010921	0.0	11.38	0.28
20010922	0.0	10.76	0.28
20010923	3.74	10.74	0.28
20010924	0.45	11.37	0.28
20010925	0.0	10.45	0.28
20010926	4.43	11.37	0.27
20010927	0.08	14.8	0.27
20010928	15.49	15.67	0.28
20010929	6.89	15.22	0.29
20010930	7.39	14.36	0.29
20011001	8.08	14.94	0.28
20011002	0.45	13.69	0.29
20011003	0.15	13.26	0.28
20011004	0.08	13.31	0.27
20011005	0.83	15.08	0.27
20011006	5.56	14.19	0.27
20011007	15.63	12.51	0.29
20011008	6.19	12.05	0.3
20011009	0.09	11.9	0.29
20011010	1.51	11.89	0.27
20011011	0.15	14.84	0.27
20011012	0.0	14.09	0.27
20011013	0.0	15.51	0.26
20011014	7.72	14.99	0.26
20011015	5.19	13.75	0.27
20011016	0.07	11.57	0.26
20011017	7.97	13.67	0.27
20011018	0.08	13.73	0.27
20011019	8.19	12.5	0.27
20011020	3.74	14.05	0.27
20011021	23.79	10.8	0.3
20011022	14.32	11.22	0.31
20011023	3.14	13.59	0.31
20011024	1.39	12.14	0.3
20011025	6.02	12.74	0.3
20011026	11.15	12.89	0.31
20011027	4.16	11.21	0.31
20011028	0.03	10.18	0.3
20011029	0.0	10.55	0.29
20011030	0.67	13.7	0.29
20011031	0.0	9.63	0.29
20011101	0.0	6.84	0.28
20011102	0.0	7.33	0.28
20011103	0.03	7.12	0.28
20011104	0.0	8.39	0.28
20011105	0.21	6.4	0.27
20011106	1.13	10.35	0.27
20011107	15.17	10.2	0.28
20011108	0.8	4.72	0.29
20011109	0.0	2.02	0.28
20011110	0.11	3.1	0.28
20011111	0.69	9.01	0.29
20011112	5.43	8.7	0.29
20011113	0.01	4.09	0.29
20011114	0.03	2.07	0.29
20011115	0.0	2.49	0.28
20011116	0.07	7.45	0.28
20011117	0.52	7.71	0.28
20011118	1.54	6.51	0.28
20011119	0.0	5.5	0.28
20011120	0.0	5.9	0.27
20011121	3.04	9.36	0.27
20011122	0.0	7.83	0.28
20011123	0.19	2.58	0.28
20011124	0.49	9.13	0.27
20011125	4.28	9.04	0.27
20011126	0.06	2.73	0.27
20011127	1.99	4.07	0.26
20011128	6.0	5.68	0.27
20011129	7.68	10.92	0.28
20011130	5.88	12.61	0.28
20011201	0.86	9.07	0.3
20011202	0.08	2.73	0.29
20011203	6.17	5.34	0.29
20011204	9.08	7.8	0.3
20011205	0.75	8.12	0.32
20011206	0.0	4.76	0.3
20011207	0.0	6.21	0.3
20011208	0.0	2.22	0.3
20011209	0.05	1.34	0.29
20011210	0.0	2.06	0.29
20011211	0.03	1.43	0.29
20011212	0.0	3.95	0.29
20011213	0.0	5.62	0.29
20011214	0.0	0.04	0.28
20011215	0.06	0.63	0.27
20011216	0.0	2.39	0.28
20011217	0.76	1.63	0.28
20011218	0.0	3.64	0.28
20011219	0.49	3.47	0.28
20011220	0.08	0.54	0.27
20011221	0.58	3.46	0.28
20011222	0.0	-0.6	0.28
20011223	1.39	-1.22	0.28
20011224	3.3	5.59	0.28
20011225	2.92	3.63	0.28
20011226	0.92	-0.5	0.28
20011227	0.0	5.06	0.28
20011228	0.11	5.22	0.27
20011229	0.79	0.07	0.27
20011230	0.0	-0.3	0.27
20011231	0.0	-2.28	0.27
20020101	0.0	-3.27	0.27
20020102	0.0	-1.52	0.27
20020103	0.0	-0.28	0.27
20020104	1.09	-1.04	0.27
20020105	0.72	4.85	0.27
20020106	0.41	4.49	0.26
20020107	0.29	4.04	0.27
20020108	0.02	2.48	0.27
20020109	2.1	2.46	0.27
20020110	1.62	3.86	0.27
20020111	0.07	1.89	0.27
20020112	0.24	4.37	0.27
20020113	0.08	7.72	0.27
20020114	2.88	8.13	0.27
20020115	0.18	5.54	0.26
20020116	0.1	3.69	0.26
20020117	3.79	6.95	0.27
20020118	2.36	3.58	0.26
20020119	0.3	6.18	0.26
20020120	5.08	9.08	0.27
20020121	0.76	10.19	0.27
20020122	4.56	7.35	0.27
20020123	6.65	8.48	0.27
20020124	0.02	7.21	0.28
20020125	15.97	5.31	0.29
20020126	20.09	9.25	0.35
20020127	5.93	9.33	0.35
20020128	0.5	9.97	0.32
20020129	0.07	9.54	0.31
20020130	4.84	9.54	0.3
20020131	5.5	7.13	0.3
20020201	1.17	10.15	0.3
20020202	2.73	10.99	0.3
20020203	11.27	8.31	0.32
20020204	11.47	7.16	0.34
20020205	0.93	8.55	0.34
20020206	0.23	5.67	0.33
20020207	4.15	5.08	0.32
20020208	0.44	9.92	0.32
20020209	3.01	8.93	0.32
20020210	1.15	8.14	0.33
20020211	8.37	11.27	0.33
20020212	0.02	9.84	0.33
20020213	2.97	5.98	0.33
20020214	0.0	3.23	0.33
20020215	0.0	2.28	0.32
20020216	0.0	2.45	0.32
20020217	1.27	2.44	0.32
20020218	0.06	5.04	0.32
20020219	9.75	8.11	0.33
20020220	2.16	7.11	0.33
20020221	1.82	3.17	0.33
20020222	0.29	8.48	0.33
20020223	1.07	3.68	0.33
20020224	12.44	3.69	0.34
20020225	13.05	9.22	0.36
20020226	1.86	8.34	0.4
20020227	1.23	3.71	0.37
20020228	0.19	4.43	0.35
20020301	0.06	2.53	0.34
20020302	0.17	2.41	0.34
20020303	0.0	5.26	0.34
20020304	0.0	6.0	0.34
20020305	0.07	6.05	0.34
20020306	0.0	8.36	0.34
20020307	0.0	9.88	0.34
20020308	0.25	8.33	0.33
20020309	0.0	5.28	0.34
20020310	5.74	6.39	0.34
20020311	0.15	7.62	0.34
20020312	4.73	6.56	0.34
20020313	0.52	4.84	0.34
20020314	5.44	3.67	0.35
20020315	4.71	5.38	0.35
20020316	7.6	8.78	0.35
20020317	4.42	9.03	0.36
20020318	9.01	7.7	0.42
20020319	3.88	8.37	0.39
20020320	3.49	10.44	0.38
20020321	0.0	10.97	0.36
20020322	0.0	10.3	0.36
20020323	0.0	6.98	0.35
20020324	0.0	5.86	0.35
20020325	0.02	7.11	0.35
20020326	0.0	6.77	0.35
20020327	0.0	5.29	0.35
20020328	0.0	5.7	0.35
20020329	0.0	7.0	0.35
20020330	0.0	8.79	0.34
20020331	0.72	8.88	0.35
20020401	0.0	10.13	0.35
20020402	0.12	10.94	0.34
20020403	0.0	12.51	0.34
20020404	0.0	10.32	0.34
20020405	0.0	8.69	0.34
20020406	0.0	6.84	0.34
20020407	0.0	6.14	0.34
20020408	0.0	6.14	0.34
20020409	0.0	5.26	0.33
20020410	0.0	6.59	0.33
20020411	0.0	6.21	0.34
20020412	0.08	6.04	0.34
20020413	0.23	5.3	0.34
20020414	0.08	5.89	0.34
20020415	0.0	7.48	0.33
20020416	0.0	7.36	0.34
20020417	1.32	8.22	0.33
20020418	4.68	7.37	0.33
20020419	0.0	8.34	0.33
20020420	0.0	9.13	0.33
20020421	0.0	11.76	0.33
20020422	0.0	12.14	0.33
20020423	0.0	13.37	0.33
20020424	0.0	12.38	0.33
20020425	4.39	11.18	0.33
20020426	3.69	8.65	0.33
20020427	12.44	8.03	0.33
20020428	4.05	8.93	0.34
20020429	8.61	8.27	0.34
20020430	17.89	8.59	0.39
20020501	0.0	8.78	0.35
20020502	0.42	8.03	0.34
20020503	1.01	7.9	0.33
20020504	0.0	7.41	0.32
20020505	2.67	7.27	0.32
20020506	3.45	9.2	0.32
20020507	0.83	9.81	0.32
20020508	0.0	9.76	0.32
20020509	0.03	9.63	0.32
20020510	0.0	12.02	0.31
20020511	0.0	11.73	0.31
20020512	2.06	10.97	0.31
20020513	15.66	10.94	0.33
20020514	0.0	11.8	0.31
20020515	0.0	13.03	0.31
20020516	0.06	15.24	0.31
20020517	2.76	15.85	0.31
20020518	0.39	12.86	0.31
20020519	0.0	13.73	0.3
20020520	2.66	14.04	0.31
20020521	8.97	13.63	0.31
20020522	4.57	13.21	0.31
20020523	10.98	12.59	0.31
20020524	3.09	11.78	0.32
20020525	12.63	10.81	0.31
20020526	6.01	9.24	0.33
20020527	0.32	10.32	0.33
20020528	2.5	10.43	0.32
20020529	0.3	11.38	0.31
20020530	2.25	11.61	0.31
20020531	0.0	12.81	0.3
20020601	0.0	14.32	0.3
20020602	0.22	16.65	0.29
20020603	0.07	13.28	0.3
20020604	0.0	11.3	0.3
20020605	22.94	11.84	0.32
20020606	1.74	13.88	0.32
20020607	1.34	13.04	0.31
20020608	0.29	13.77	0.31
20020609	4.89	11.96	0.31
20020610	1.74	12.17	0.3
20020611	5.71	11.82	0.3
20020612	2.88	12.78	0.31
20020613	0.13	13.22	0.3
20020614	0.58	16.38	0.3
20020615	0.13	15.05	0.3
20020616	0.0	16.32	0.29
20020617	0.92	18.58	0.28
20020618	0.0	16.35	0.28
20020619	0.0	14.63	0.27
20020620	0.61	15.18	0.27
20020621	2.37	14.52	0.27
20020622	0.0	14.8	0.27
20020623	0.0	14.01	0.27
20020624	0.0	14.15	0.26
20020625	0.0	14.19	0.26
20020626	0.0	15.23	0.26
20020627	0.0	13.18	0.26
20020628	0.0	12.44	0.26
20020629	0.0	12.85	0.25
20020630	1.66	13.89	0.25
20020701	2.58	12.93	0.26
20020702	15.59	12.53	0.26
20020703	5.37	12.62	0.27
20020704	4.42	13.76	0.26
20020705	5.24	13.55	0.26
20020706	1.25	14.43	0.26
20020707	2.54	15.15	0.26
20020708	18.01	15.38	0.26
20020709	2.35	14.34	0.28
20020710	2.98	13.04	0.27
20020711	5.22	13.33	0.27
20020712	0.0	13.17	0.27
20020713	0.0	15.02	0.26
20020714	0.0	16.55	0.26
20020715	0.0	18.01	0.25
20020716	0.0	18.0	0.25
20020717	0.0	15.68	0.25
20020718	0.0	15.64	0.24
20020719	0.0	16.23	0.24
20020720	2.17	15.16	0.24
20020721	0.0	13.68	0.24
20020722	0.0	14.54	0.24
20020723	0.26	16.48	0.24
20020724	0.0	15.26	0.24
20020725	0.0	16.15	0.24
20020726	0.0	19.42	0.24
20020727	0.0	18.24	0.24
20020728	0.0	20.36	0.23
20020729	0.42	21.27	0.23
20020730	8.24	19.26	0.23
20020731	15.64	16.63	0.24
20020801	0.02	14.89	0.23
20020802	0.45	16.49	0.23
20020803	4.77	15.72	0.23
20020804	1.05	15.48	0.23
20020805	0.78	15.83	0.23
20020806	0.0	17.97	0.22
20020807	6.84	18.2	0.22
20020808	6.25	15.66	0.23
20020809	2.88	14.69	0.23
20020810	0.97	15.43	0.23
20020811	0.12	15.44	0.23
20020812	0.0	16.66	0.22
20020813	0.0	17.44	0.22
20020814	0.0	18.42	0.22
20020815	0.0	19.49	0.22
20020816	0.0	18.52	0.22
20020817	0.0	20.07	0.21
20020818	1.26	18.72	0.21
20020819	0.02	17.79	0.21
20020820	1.37	16.66	0.21
20020821	0.0	16.2	0.21
20020822	0.31	15.83	0.21
20020823	0.6	15.93	0.21
20020824	0.03	16.21	0.21
20020825	0.0	15.42	0.21
20020826	0.02	13.76	0.21
20020827	0.0	15.94	0.21
20020828	0.02	16.11	0.21
20020829	0.0	17.21	0.21
20020830	1.11	17.89	0.21
20020831	0.0	14.58	0.21
20020901	0.0	13.05	0.21
20020902	0.0	14.45	0.2
20020903	0.02	16.36	0.21
20020904	0.0	15.37	0.2
20020905	0.36	16.32	0.21
20020906	1.97	16.66	0.2
20020907	0.15	14.34	0.2
20020908	1.55	12.88	0.2
20020909	14.65	12.3	0.2
20020910	0.0	13.48	0.2
20020911	0.0	14.41	0.2
20020912	0.03	17.04	0.2
20020913	0.0	16.79	0.2
20020914	0.0	14.67	0.2
20020915	0.0	13.9	0.19
20020916	0.0	12.97	0.19
20020917	0.0	13.62	0.19
20020918	0.0	13.45	0.18
20020919	0.0	13.64	0.18
20020920	0.0	13.87	0.18
20020921	0.0	13.43	0.18
20020922	0.31	12.09	0.18
20020923	0.02	11.64	0.18
20020924	0.0	11.08	0.18
20020925	0.4	11.96	0.18
20020926	0.0	12.29	0.18
20020927	0.0	12.54	0.18
20020928	0.0	12.82	0.18
20020929	0.0	13.07	0.17
20020930	0.0	13.04	0.18
20021001	0.18	13.92	0.17
20021002	1.22	14.71	0.17
20021003	0.0	13.96	0.17
20021004	0.0	10.85	0.17
20021005	0.1	12.82	0.17
20021006	0.0	12.66	0.16
20021007	0.0	11.21	0.17
20021008	0.0	10.89	0.16
20021009	0.02	9.88	0.17
20021010	0.02	11.38	0.16
20021011	3.86	10.21	0.16
20021012	0.0	9.29	0.16
20021013	20.38	7.14	0.18
20021014	6.68	9.12	0.17
20021015	34.7	9.59	0.22
20021016	0.06	7.97	0.2
20021017	0.7	5.74	0.19
20021018	0.4	4.74	0.18
20021019	0.0	4.2	0.18
20021020	5.52	5.49	0.18
20021021	11.64	11.34	0.19
20021022	13.79	13.04	0.21
20021023	0.06	7.24	0.2
20021024	0.72	6.49	0.19
20021025	3.89	11.41	0.18
20021026	5.32	10.13	0.18
20021027	0.04	10.77	0.17
20021028	0.0	7.68	0.17
20021029	0.47	9.75	0.17
20021030	4.51	8.76	0.17
20021031	0.31	10.08	0.18
20021101	4.87	12.23	0.18
20021102	15.01	11.6	0.2
20021103	2.92	10.19	0.2
20021104	0.09	8.21	0.19
20021105	12.68	10.68	0.2
20021106	10.98	10.62	0.22
20021107	2.27	6.2	0.21
20021108	8.65	8.6	0.22
20021109	8.69	7.73	0.22
20021110	2.55	9.61	0.23
20021111	5.64	8.84	0.23
20021112	16.86	9.33	0.26
20021113	10.56	8.42	0.26
20021114	1.87	9.09	0.25
20021115	1.15	8.82	0.25
20021116	0.6	7.01	0.24
20021117	1.91	6.67	0.24
20021118	0.07	3.9	0.23
20021119	0.14	5.48	0.23
20021120	4.52	7.38	0.23
20021121	9.01	8.89	0.23
20021122	10.94	8.05	0.24
20021123	4.5	7.44	0.26
20021124	1.59	6.38	0.26
20021125	0.1	4.8	0.26
20021126	0.0	6.83	0.25
20021127	2.34	8.32	0.25
20021128	8.97	8.72	0.26
20021129	0.05	6.49	0.26
20021130	9.62	6.91	0.26
20021201	2.55	9.15	0.27
20021202	1.83	7.73	0.27
20021203	2.07	6.74	0.26
20021204	2.78	6.17	0.27
20021205	0.12	4.3	0.26
20021206	0.71	5.57	0.26
20021207	0.18	4.09	0.26
20021208	0.4	2.19	0.25
20021209	0.0	1.61	0.25
20021210	0.0	0.27	0.25
20021211	0.1	0.68	0.25
20021212	2.79	1.6	0.26
20021213	1.08	4.16	0.26
20021214	8.05	5.25	0.27
20021215	5.99	5.06	0.27
20021216	0.39	4.42	0.27
20021217	0.0	2.98	0.27
20021218	0.0	1.49	0.26
20021219	0.0	2.41	0.26
20021220	1.9	3.0	0.26
20021221	23.5	4.83	0.28
20021222	0.46	9.45	0.29
20021223	2.09	9.1	0.28
20021224	2.75	10.33	0.28
20021225	6.53	8.34	0.28
20021226	10.31	9.39	0.29
20021227	0.69	9.45	0.3
20021228	10.62	6.99	0.3
20021229	9.27	7.82	0.33
20021230	15.33	7.71	0.35
20021231	12.67	3.34	0.35
20030101	20.86	7.75	0.46
20030102	2.0	7.59	0.5
20030103	0.99	3.74	0.44
20030104	0.0	0.13	0.42
20030105	0.09	-1.0	0.42
20030106	0.0	-0.32	0.42
20030107	0.02	-2.12	0.43
20030108	0.37	-1.83	0.42
20030109	0.34	-0.42	0.42
20030110	0.09	1.44	0.42
20030111	0.0	-1.81	0.41
20030112	0.14	-1.05	0.4
20030113	0.0	7.02	0.41
20030114	0.0	7.76	0.4
20030115	0.44	7.11	0.4
20030116	0.0	5.56	0.4
20030117	1.1	5.79	0.4
20030118	19.62	4.47	0.42
20030119	8.1	6.2	0.5
20030120	7.76	7.33	0.53
20030121	10.93	6.63	0.54
20030122	0.34	5.81	0.51
20030123	0.0	4.21	0.46
20030124	0.41	3.93	0.45
20030125	1.52	7.33	0.45
20030126	0.27	8.51	0.47
20030127	1.41	9.1	0.45
20030128	1.16	5.02	0.45
20030129	1.7	3.52	0.45
20030130	0.52	0.29	0.44
20030131	10.51	-1.33	0.45
20030201	0.85	2.39	0.5
20030202	0.42	4.1	0.53
20030203	0.02	2.75	0.5
20030204	0.07	1.17	0.48
20030205	0.0	-0.05	0.47
20030206	0.73	1.27	0.47
20030207	0.04	7.28	0.46
20030208	7.78	7.95	0.46
20030209	0.42	6.27	0.48
20030210	4.4	3.71	0.47
20030211	2.31	5.02	0.47
20030212	0.67	4.43	0.46
20030213	0.0	0.4	0.46
20030214	0.0	-0.77	0.45
20030215	0.0	0.55	0.45
20030216	0.0	0.01	0.45
20030217	0.0	-0.78	0.45
20030218	0.02	-0.81	0.45
20030219	0.0	-0.11	0.45
20030220	0.03	2.24	0.44
20030221	0.0	3.3	0.43
20030222	0.17	2.34	0.43
20030223	0.09	6.51	0.42
20030224	0.0	6.32	0.41
20030225	0.0	5.62	0.41
20030226	0.0	6.61	0.4
20030227	0.15	7.67	0.4
20030228	6.23	7.64	0.41
20030301	0.22	6.75	0.42
20030302	0.0	5.78	0.4
20030303	0.69	4.33	0.41
20030304	0.41	8.69	0.4
20030305	10.95	8.46	0.42
20030306	0.02	5.86	0.41
20030307	10.1	5.34	0.43
20030308	0.27	7.37	0.43
20030309	0.0	9.33	0.43
20030310	0.04	9.08	0.42
20030311	0.66	8.66	0.41
20030312	0.08	5.7	0.4
20030313	0.0	4.29	0.39
20030314	0.0	4.54	0.38
20030315	0.0	4.15	0.38
20030316	0.0	4.64	0.37
20030317	0.0	5.2	0.37
20030318	0.0	5.0	0.36
20030319	0.0	5.35	0.35
20030320	0.0	5.68	0.35
20030321	0.0	5.16	0.35
20030322	0.0	4.61	0.38
20030323	0.0	7.28	0.37
20030324	0.0	9.48	0.37
20030325	0.0	8.13	0.36
20030326	0.0	8.65	0.36
20030327	0.0	8.64	0.35
20030328	0.0	7.27	0.34
20030329	0.0	9.35	0.34
20030330	0.0	8.64	0.34
20030331	0.0	7.02	0.33
20030401	6.17	6.34	0.34
20030402	0.03	5.89	0.33
20030403	0.0	6.68	0.33
20030404	0.0	10.23	0.33
20030405	0.0	9.38	0.33
20030406	0.0	6.65	0.33
20030407	0.0	3.59	0.33
20030408	0.0	2.76	0.33
20030409	0.24	2.35	0.33
20030410	0.69	2.7	0.33
20030411	0.05	4.32	0.33
20030412	0.0	6.18	0.33
20030413	0.0	10.72	0.33
20030414	0.0	13.36	0.32
20030415	0.0	14.02	0.33
20030416	0.0	15.29	0.33
20030417	0.0	14.0	0.31
20030418	0.0	12.23	0.31
20030419	0.0	6.28	0.31
20030420	2.82	8.51	0.31
20030421	0.03	10.59	0.31
20030422	0.0	9.39	0.31
20030423	0.0	10.38	0.3
20030424	1.05	8.98	0.3
20030425	6.31	11.36	0.3
20030426	0.11	9.45	0.31
20030427	8.33	11.21	0.31
20030428	1.43	11.27	0.32
20030429	2.62	11.05	0.31
20030430	9.07	10.54	0.32
20030501	7.67	10.59	0.32
20030502	5.17	9.93	0.32
20030503	0.02	10.3	0.31
20030504	0.0	14.01	0.31
20030505	0.0	11.77	0.31
20030506	0.0	9.71	0.3
20030507	0.0	11.06	0.3
20030508	0.0	11.11	0.29
20030509	0.0	10.66	0.29
20030510	0.02	9.45	0.29
20030511	1.31	9.37	0.29
20030512	1.9	8.72	0.29
20030513	4.01	7.47	0.29
20030514	0.17	8.46	0.28
20030515	4.88	8.68	0.28
20030516	5.0	9.1	0.29
20030517	3.87	11.51	0.3
20030518	0.55	11.84	0.29
20030519	6.96	10.78	0.29
20030520	1.36	10.0	0.29
20030521	6.17	11.67	0.29
20030522	0.61	13.19	0.29
20030523	3.91	12.21	0.29
20030524	0.11	11.23	0.29
20030525	0.0	11.38	0.28
20030526	0.0	12.04	0.27
20030527	0.0	13.51	0.27
20030528	0.0	15.57	0.27
20030529	0.0	16.83	0.27
20030530	0.0	17.39	0.27
20030531	0.0	18.44	0.26
20030601	0.37	16.24	0.27
20030602	0.0	15.63	0.27
20030603	0.22	15.0	0.27
20030604	2.67	14.68	0.27
20030605	0.65	14.08	0.26
20030606	4.49	13.82	0.26
20030607	5.41	16.03	0.26
20030608	2.91	13.85	0.27
20030609	0.77	13.88	0.26
20030610	0.01	15.9	0.26
20030611	0.0	15.21	0.26
20030612	0.0	15.5	0.25
20030613	0.11	14.99	0.25
20030614	0.0	16.87	0.24
20030615	0.0	17.38	0.24
20030616	0.0	18.32	0.24
20030617	0.06	17.34	0.23
20030618	0.12	15.51	0.23
20030619	0.0	17.4	0.23
20030620	0.0	14.55	0.22
20030621	0.25	15.77	0.23
20030622	23.95	18.62	0.23
20030623	0.02	16.63	0.24
20030624	0.0	15.2	0.24
20030625	0.0	16.02	0.23
20030626	0.0	16.43	0.23
20030627	0.07	16.13	0.23
20030628	0.0	14.31	0.23
20030629	5.27	16.79	0.22
20030630	5.01	14.96	0.23
20030701	1.55	14.33	0.22
20030702	1.62	14.54	0.23
20030703	0.29	14.18	0.23
20030704	0.0	14.87	0.22
20030705	0.0	14.43	0.22
20030706	0.0	15.92	0.22
20030707	0.0	15.99	0.22
20030708	0.0	17.53	0.22
20030709	0.0	19.87	0.22
20030710	0.0	20.16	0.22
20030711	0.0	17.12	0.21
20030712	0.0	17.12	0.21
20030713	0.0	18.98	0.2
20030714	0.0	20.41	0.21
20030715	0.0	22.16	0.19
20030716	4.58	20.06	0.2
20030717	4.68	16.94	0.2
20030718	0.26	17.77	0.2
20030719	0.0	19.65	0.19
20030720	0.26	17.69	0.2
20030721	0.59	17.39	0.2
20030722	0.0	17.28	0.2
20030723	0.57	17.15	0.2
20030724	3.8	16.9	0.2
20030725	8.39	15.32	0.21
20030726	8.23	15.07	0.21
20030727	0.0	16.25	0.2
20030728	0.57	15.85	0.2
20030729	2.1	16.76	0.2
20030730	0.0	17.59	0.2
20030731	4.4	16.62	0.2
20030801	1.92	16.29	0.21
20030802	0.0	16.77	0.2
20030803	0.0	18.55	0.18
20030804	0.0	21.56	0.18
20030805	0.0	22.61	0.18
20030806	0.0	23.64	0.17
20030807	0.0	21.2	0.19
20030808	0.0	20.5	0.19
20030809	0.0	23.29	0.18
20030810	0.0	23.73	0.16
20030811	0.0	22.17	0.15
20030812	0.0	21.05	0.16
20030813	0.0	19.61	0.14
20030814	0.0	16.93	0.15
20030815	0.0	16.26	0.15
20030816	0.0	16.66	0.14
20030817	0.0	17.94	0.14
20030818	0.3	18.08	0.14
20030819	0.0	15.21	0.14
20030820	0.0	15.17	0.14
20030821	0.0	16.75	0.14
20030822	0.0	19.76	0.14
20030823	0.0	20.55	0.14
20030824	0.0	18.86	0.14
20030825	0.0	16.54	0.13
20030826	0.0	16.9	0.13
20030827	0.0	16.34	0.13
20030828	3.66	13.74	0.14
20030829	0.2	12.95	0.14
20030830	0.0	12.09	0.14
20030831	0.0	12.19	0.14
20030901	0.0	13.21	0.14
20030902	0.0	13.94	0.14
20030903	0.0	15.48	0.14
20030904	0.0	15.75	0.13
20030905	0.16	16.51	0.13
20030906	1.07	14.78	0.13
20030907	0.0	12.56	0.13
20030908	0.0	14.31	0.12
20030909	3.29	14.08	0.13
20030910	0.9	13.94	0.13
20030911	0.6	13.96	0.13
20030912	0.02	14.34	0.13
20030913	0.0	14.78	0.13
20030914	0.0	15.65	0.13
20030915	0.0	15.82	0.12
20030916	0.0	16.41	0.12
20030917	0.0	17.13	0.12
20030918	0.0	15.59	0.12
20030919	0.0	16.24	0.13
20030920	0.0	16.49	0.13
20030921	0.02	16.56	0.12
20030922	12.67	14.26	0.14
20030923	0.0	9.04	0.13
20030924	0.0	8.94	0.13
20030925	0.0	10.53	0.13
20030926	0.69	11.45	0.13
20030927	0.0	11.32	0.13
20030928	0.02	10.47	0.13
20030929	0.0	10.09	0.13
20030930	0.0	13.49	0.13
20031001	0.07	12.63	0.13
20031002	0.98	12.2	0.13
20031003	0.53	13.48	0.12
20031004	0.96	9.19	0.12
20031005	0.55	6.62	0.12
20031006	0.07	10.88	0.12
20031007	1.17	9.67	0.12
20031008	0.0	12.14	0.12
20031009	0.0	14.01	0.12
20031010	1.18	13.54	0.11
20031011	0.0	10.9	0.11
20031012	0.0	10.91	0.11
20031013	0.0	11.48	0.1
20031014	0.0	10.93	0.11
20031015	0.0	9.19	0.11
20031016	0.0	8.81	0.1
20031017	0.02	8.26	0.1
20031018	0.0	8.39	0.1
20031019	0.0	8.11	0.1
20031020	0.0	6.34	0.1
20031021	5.44	3.79	0.1
20031022	1.25	5.07	0.1
20031023	0.04	5.12	0.1
20031024	0.0	3.6	0.1
20031025	1.08	4.51	0.1
20031026	0.07	5.02	0.11
20031027	0.0	4.2	0.11
20031028	6.02	4.55	0.11
20031029	3.69	6.64	0.11
20031030	16.59	6.07	0.12
20031031	1.86	7.54	0.12
20031101	9.81	6.98	0.12
20031102	13.22	9.64	0.15
20031103	0.13	9.6	0.13
20031104	0.31	8.7	0.12
20031105	0.0	10.74	0.12
20031106	0.05	10.44	0.12
20031107	0.0	7.9	0.12
20031108	0.0	6.71	0.11
20031109	0.76	6.97	0.11
20031110	0.03	9.14	0.11
20031111	8.09	8.15	0.11
20031112	0.14	9.46	0.12
20031113	1.58	8.73	0.12
20031114	0.55	9.85	0.11
20031115	0.02	7.92	0.11
20031116	0.0	5.3	0.11
20031117	6.43	7.53	0.11
20031118	0.02	12.12	0.11
20031119	1.69	11.81	0.11
20031120	2.23	10.74	0.11
20031121	13.72	7.34	0.11
20031122	24.61	6.28	0.14
20031123	14.12	5.21	0.18
20031124	0.03	4.08	0.16
20031125	18.59	6.97	0.16
20031126	4.02	7.37	0.18
20031127	0.09	2.17	0.16
20031128	0.1	4.16	0.15
20031129	6.93	8.03	0.15
20031130	7.65	6.4	0.15
20031201	7.11	7.72	0.17
20031202	0.97	7.15	0.16
20031203	0.02	7.31	0.15
20031204	0.0	7.48	0.15
20031205	0.16	5.91	0.15
20031206	0.0	5.41	0.14
20031207	0.0	2.02	0.14
20031208	0.09	1.37	0.14
20031209	0.11	4.44	0.14
20031210	11.99	0.49	0.15
20031211	2.79	7.45	0.17
20031212	11.05	6.64	0.17
20031213	3.2	11.16	0.18
20031214	0.11	6.4	0.17
20031215	0.0	1.53	0.16
20031216	0.03	0.49	0.16
20031217	0.0	2.04	0.15
20031218	0.18	2.05	0.15
20031219	5.07	3.26	0.15
20031220	9.11	6.4	0.17
20031221	0.02	3.58	0.16
20031222	4.05	0.13	0.15
20031223	2.42	5.58	0.16
20031224	0.0	8.01	0.15
20031225	1.99	8.73	0.16
20031226	4.36	8.54	0.16
20031227	1.07	3.95	0.16
20031228	2.26	2.34	0.16
20031229	5.99	1.2	0.17
20031230	1.68	1.21	0.19
20031231	9.05	0.64	0.19
20040101	3.13	4.67	0.22
20040102	0.0	2.6	0.21
20040103	0.62	0.16	0.21
20040104	0.63	5.0	0.21
20040105	3.14	6.66	0.21
20040106	0.51	8.19	0.2
20040107	13.89	7.25	0.2
20040108	3.87	7.79	0.23
20040109	0.52	4.77	0.22
20040110	8.47	7.31	0.22
20040111	7.43	7.79	0.23
20040112	4.75	5.27	0.23
20040113	2.15	6.97	0.23
20040114	0.42	3.02	0.23
20040115	3.8	4.21	0.23
20040116	0.02	5.13	0.22
20040117	0.12	1.88	0.22
20040118	0.04	1.8	0.22
20040119	0.85	7.5	0.22
20040120	3.82	8.5	0.22
20040121	0.06	7.1	0.22
20040122	5.71	6.17	0.23
20040123	5.01	6.53	0.23
20040124	0.02	5.06	0.22
20040125	0.0	1.9	0.22
20040126	0.22	1.94	0.22
20040127	0.87	1.34	0.22
20040128	4.35	-0.39	0.22
20040129	0.06	-0.64	0.22
20040130	10.55	2.83	0.22
20040131	5.28	9.44	0.24
20040201	4.42	9.38	0.23
20040202	0.2	10.74	0.24
20040203	1.93	12.35	0.23
20040204	0.86	12.63	0.23
20040205	13.07	10.85	0.23
20040206	3.38	8.14	0.23
20040207	1.28	5.97	0.23
20040208	0.0	4.2	0.22
20040209	0.0	0.16	0.23
20040210	0.0	4.08	0.23
20040211	0.04	8.11	0.22
20040212	0.0	7.63	0.22
20040213	0.86	7.28	0.22
20040214	2.03	5.58	0.22
20040215	0.85	5.68	0.22
20040216	0.05	4.95	0.22
20040217	2.78	4.69	0.23
20040218	0.48	4.32	0.22
20040219	0.13	3.52	0.23
20040220	0.0	1.32	0.22
20040221	0.0	1.82	0.22
20040222	0.04	2.59	0.22
20040223	0.0	0.31	0.22
20040224	2.75	1.31	0.23
20040225	0.0	-0.22	0.22
20040226	0.06	-1.11	0.22
20040227	0.11	-0.51	0.22
20040228	0.02	0.29	0.22
20040229	0.03	0.41	0.22
20040301	0.0	-0.12	0.22
20040302	0.0	0.64	0.22
20040303	1.57	3.56	0.22
20040304	0.02	6.35	0.22
20040305	0.93	4.82	0.22
20040306	1.55	4.99	0.22
20040307	0.71	3.72	0.21
20040308	0.0	4.06	0.21
20040309	0.0	3.35	0.21
20040310	0.0	1.42	0.21
20040311	6.2	1.56	0.21
20040312	9.82	2.12	0.22
20040313	3.7	6.09	0.22
20040314	1.43	8.64	0.22
20040315	1.08	9.92	0.22
20040316	0.0	11.87	0.22
20040317	0.0	9.61	0.21
20040318	3.24	8.0	0.21
20040319	9.43	8.19	0.22
20040320	2.14	10.03	0.22
20040321	1.49	7.15	0.22
20040322	1.66	5.33	0.22
20040323	3.73	4.1	0.22
20040324	2.96	4.09	0.22
20040325	0.64	3.26	0.22
20040326	0.26	3.92	0.21
20040327	0.42	6.09	0.21
20040328	0.0	7.1	0.21
20040329	0.0	8.04	0.21
20040330	0.0	7.72	0.21
20040331	0.02	9.99	0.21
20040401	3.97	10.59	0.21
20040402	0.36	10.09	0.21
20040403	9.1	9.3	0.21
20040404	5.65	7.85	0.22
20040405	3.72	6.8	0.21
20040406	7.97	5.06	0.22
20040407	1.02	5.19	0.22
20040408	0.25	4.87	0.21
20040409	1.79	5.73	0.22
20040410	0.0	7.52	0.22
20040411	0.0	6.8	0.21
20040412	0.27	8.97	0.21
20040413	0.0	9.16	0.21
20040414	0.0	8.81	0.21
20040415	0.0	9.31	0.22
20040416	0.0	10.64	0.22
20040417	10.95	8.95	0.22
20040418	15.01	6.42	0.23
20040419	0.5	6.2	0.23
20040420	2.46	7.31	0.22
20040421	7.45	11.06	0.22
20040422	0.07	9.92	0.22
20040423	0.0	10.75	0.22
20040424	0.0	13.01	0.22
20040425	0.0	13.19	0.22
20040426	0.0	12.7	0.22
20040427	12.79	11.55	0.22
20040428	2.81	9.89	0.22
20040429	5.08	7.31	0.23
20040430	2.98	8.86	0.23
20040501	0.1	9.71	0.23
20040502	1.9	11.4	0.22
20040503	14.75	9.1	0.23
20040504	5.14	7.46	0.24
20040505	4.89	7.71	0.24
20040506	0.02	8.97	0.23
20040507	6.88	9.61	0.23
20040508	3.2	10.13	0.24
20040509	0.12	11.38	0.23
20040510	0.0	12.97	0.23
20040511	0.0	10.81	0.23
20040512	0.0	9.81	0.23
20040513	0.0	10.62	0.23
20040514	0.0	12.86	0.22
20040515	0.0	14.14	0.22
20040516	0.0	15.02	0.22
20040517	0.0	15.3	0.22
20040518	0.0	14.7	0.22
20040519	0.0	15.12	0.22
20040520	2.24	13.73	0.23
20040521	0.03	9.76	0.22
20040522	0.0	8.79	0.22
20040523	0.0	10.66	0.22
20040524	0.0	12.42	0.22
20040525	0.0	12.74	0.22
20040526	1.76	11.42	0.22
20040527	0.0	11.41	0.22
20040528	0.0	12.6	0.22
20040529	1.03	14.5	0.22
20040530	1.58	13.47	0.22
20040531	15.38	13.46	0.22
20040601	0.45	13.45	0.22
20040602	0.0	13.79	0.22
20040603	1.14	13.5	0.22
20040604	0.0	16.57	0.22
20040605	0.0	15.71	0.22
20040606	0.0	17.62	0.22
20040607	0.0	19.06	0.22
20040608	0.0	20.31	0.22
20040609	0.0	17.26	0.22
20040610	0.0	17.13	0.22
20040611	0.59	15.01	0.22
20040612	0.0	14.49	0.22
20040613	0.0	16.4	0.21
20040614	0.0	19.28	0.21
20040615	0.0	18.18	0.21
20040616	0.0	17.81	0.21
20040617	0.55	15.1	0.21
20040618	0.03	12.91	0.2
20040619	0.04	10.48	0.2
20040620	0.68	10.4	0.2
20040621	2.69	11.51	0.2
20040622	15.49	13.43	0.21
20040623	1.63	13.83	0.21
20040624	1.3	12.96	0.21
20040625	0.49	13.83	0.2
20040626	1.27	13.15	0.21
20040627	0.45	15.89	0.2
20040628	0.0	14.07	0.2
20040629	0.08	15.54	0.2
20040630	0.63	14.94	0.21
20040701	1.86	13.62	0.2
20040702	1.24	13.65	0.2
20040703	0.03	13.84	0.2
20040704	0.94	13.4	0.2
20040705	0.0	13.8	0.2
20040706	0.0	15.15	0.19
20040707	13.35	14.12	0.2
20040708	3.96	13.23	0.2
20040709	0.0	12.32	0.2
20040710	6.65	12.41	0.2
20040711	0.0	12.95	0.2
20040712	0.0	13.47	0.19
20040713	3.01	14.02	0.19
20040714	0.0	15.97	0.19
20040715	2.71	17.64	0.19
20040716	1.44	17.05	0.19
20040717	0.37	17.06	0.18
20040718	0.0	15.14	0.18
20040719	0.0	15.16	0.18
20040720	0.2	16.64	0.18
20040721	0.47	17.52	0.18
20040722	0.0	17.65	0.17
20040723	0.0	17.74	0.17
20040724	0.27	15.91	0.17
20040725	0.11	14.81	0.17
20040726	0.21	16.26	0.17
20040727	0.0	16.54	0.17
20040728	0.0	18.65	0.16
20040729	0.36	19.71	0.16
20040730	0.0	18.8	0.16
20040731	0.0	18.36	0.16
20040801	0.0	18.19	0.16
20040802	0.0	19.09	0.16
20040803	23.74	19.1	0.17
20040804	0.0	19.28	0.16
20040805	3.26	19.36	0.15
20040806	0.0	19.44	0.15
20040807	0.0	20.14	0.16
20040808	0.71	22.29	0.14
20040809	18.77	19.36	0.16
20040810	2.28	18.72	0.16
20040811	3.3	18.25	0.16
20040812	3.03	17.91	0.18
20040813	0.59	16.59	0.17
20040814	0.0	17.63	0.16
20040815	0.0	17.62	0.16
20040816	2.17	17.08	0.16
20040817	1.3	17.74	0.15
20040818	16.52	17.5	0.16
20040819	3.32	16.6	0.16
20040820	14.12	15.02	0.17
20040821	0.0	13.84	0.17
20040822	13.65	15.25	0.16
20040823	0.42	15.63	0.17
20040824	6.71	15.78	0.18
20040825	5.06	15.12	0.17
20040826	5.15	15.66	0.17
20040827	2.94	15.47	0.17
20040828	0.1	13.61	0.16
20040829	0.55	13.8	0.16
20040830	0.5	14.13	0.16
20040831	0.0	13.3	0.15
20040901	0.01	13.62	0.15
20040902	0.0	15.66	0.15
20040903	0.0	17.0	0.15
20040904	0.0	17.38	0.14
20040905	0.0	18.89	0.14
20040906	0.0	17.28	0.14
20040907	0.0	16.83	0.14
20040908	0.0	16.07	0.14
20040909	1.17	17.76	0.14
20040910	0.05	16.39	0.14
20040911	0.95	16.3	0.13
20040912	9.83	13.23	0.13
20040913	0.63	13.89	0.14
20040914	0.11	12.8	0.13
20040915	0.0	11.55	0.13
20040916	0.1	11.33	0.13
20040917	0.34	14.73	0.13
20040918	1.46	14.92	0.12
20040919	0.09	12.07	0.12
20040920	0.28	13.89	0.12
20040921	0.0	11.88	0.12
20040922	2.26	13.75	0.12
20040923	0.63	14.39	0.12
20040924	0.02	9.49	0.11
20040925	0.64	9.93	0.11
20040926	0.01	13.57	0.11
20040927	0.0	15.42	0.11
20040928	0.12	14.09	0.11
20040929	2.87	12.74	0.11
20040930	0.57	14.01	0.11
20041001	3.22	11.36	0.11
20041002	0.75	11.31	0.11
20041003	22.14	11.95	0.12
20041004	0.27	12.66	0.13
20041005	1.34	10.79	0.12
20041006	2.21	9.99	0.11
20041007	0.14	9.22	0.11
20041008	0.0	9.01	0.11
20041009	0.0	9.27	0.11
20041010	0.0	10.39	0.11
