pet
0.246
0.29450000000000004
0.2915
0.2915
0.2685
0.20049999999999998
0.3755
0.3295
0.26749999999999996
0.22400000000000003
0.3415
0.3145
0.30500000000000005
0.3175
0.3395
0.23700000000000002
0.252
0.252
0.26349999999999996
0.333
0.3195
0.2815
0.28250000000000003
0.281
0.35550000000000004
0.363
0.324
0.5065000000000001
0.402
0.361
0.45199999999999996
0.43950000000000006
0.4
0.389
0.476
0.503
0.5115000000000001
0.47400000000000003
0.493
0.479
0.48150000000000004
0.43949999999999995
0.505
0.5525
0.516
0.5675
0.6224999999999999
0.5275000000000001
0.612
0.6315000000000001
0.6599999999999999
0.7165
0.7215
0.6575
0.6054999999999999
0.6900000000000001
0.8385
0.755
0.726
0.761
0.8710000000000001
0.7575000000000001
0.833
0.8724999999999999
0.9279999999999999
0.8945000000000001
0.8805
0.9814999999999999
0.977
0.9765
0.9790000000000001
1.0385
1.073
0.9865
1.0015
0.9545
1.1004999999999998
1.1665
1.1179999999999999
1.1400000000000001
1.224
1.258
1.127
1.1445
1.2545
1.282
1.4405
1.312
1.3335
1.487
1.499
1.6275
1.48
1.5355
1.5234999999999999
1.78
1.736
1.906
1.7
1.8035
1.7335
1.7440000000000002
1.6725
1.661
1.8335000000000001
2.011
2.0134999999999996
2.3575
1.8555
1.8939999999999997
2.1
2.0505
1.9625
1.922
1.9420000000000002
1.9195
2.195
2.214
2.09
2.1505
2.3649999999999998
2.3495
2.3815
2.3385000000000002
2.1915
2.1795
2.3449999999999998
2.1975000000000002
2.3685
2.146
2.4059999999999997
2.701
2.341
2.4065000000000003
2.5260000000000002
2.455
2.3325
2.354761904761905
2.4985714285714287
2.4095238095238094
2.429047619047619
2.6395238095238094
2.8314285714285714
2.6957142857142857
2.7842857142857143
2.624761904761905
2.363809523809524
2.568095238095238
2.7304761904761907
2.842857142857143
3.0576190476190472
2.9104761904761904
2.7271428571428573
2.8595238095238096
2.7923809523809524
2.892857142857143
2.540952380952381
2.9504761904761905
3.0657142857142854
3.076190476190476
2.9171428571428573
2.7542857142857144
2.4985714285714287
2.7495238095238097
2.762380952380952
2.9195238095238096
3.027142857142857
2.8204761904761906
3.060952380952381
3.1761904761904765
3.208571428571428
3.070952380952381
2.8771428571428572
3.173809523809524
3.125238095238095
3.1185714285714283
3.0923809523809522
2.939523809523809
2.9404761904761907
3.130952380952381
3.0104761904761905
2.9757142857142855
2.742857142857143
2.8623809523809522
2.7614285714285716
2.532380952380952
2.774285714285714
2.73
2.8119047619047617
3.0785714285714287
2.9033333333333333
3.154285714285714
2.9280952380952376
2.762380952380952
3.1495238095238096
2.9604761904761907
2.893333333333333
2.882857142857143
3.0785714285714287
3.0838095238095242
3.047142857142857
3.128095238095238
2.9657142857142857
2.9447619047619047
3.119047619047619
3.220952380952381
2.7128571428571426
2.8133333333333335
2.9657142857142857
2.802857142857143
2.893333333333333
2.606190476190476
2.5452380952380955
2.9266666666666667
2.795714285714286
2.485238095238095
2.85
2.5352380952380953
2.6642857142857146
2.8714285714285714
2.756666666666667
2.4595238095238097
2.7276190476190476
2.559047619047619
2.2795238095238095
2.2395238095238095
2.545714285714286
2.5795238095238098
2.2938095238095237
2.280952380952381
2.3823809523809523
2.359047619047619
2.3119047619047617
2.3404761904761906
2.0742857142857143
1.9923809523809521
1.9857142857142858
1.9814285714285713
2.25
2.1704761904761902
2.0238095238095237
1.8595238095238094
2.0690476190476192
2.0833333333333335
1.9147619047619049
1.8647619047619046
2.099047619047619
1.7419047619047618
1.9014285714285715
1.917142857142857
1.8480952380952382
1.8495238095238098
1.8514285714285716
1.6585714285714286
1.8276190476190475
1.78
1.64
1.600952380952381
1.7290476190476192
1.6533333333333333
1.4342857142857144
1.409047619047619
1.4190476190476191
1.5104761904761905
1.3528571428571428
1.3952380952380952
1.3995238095238096
1.2752380952380953
1.090952380952381
1.131904761904762
1.19
1.2052380952380952
1.0876190476190477
1.1039999999999999
1.0815
1.114
1.08
1.034
1.0474999999999999
0.942
0.908
0.8949999999999999
1.003
0.9415000000000001
0.8435
0.705
0.721
0.7175
0.693
0.8869999999999999
0.798
0.8164999999999999
0.72
0.722
0.692
0.7505
0.663
0.777
0.741
0.6945
0.608
0.575
0.564
0.54
0.528
0.5115000000000001
0.5405
0.433
0.453
0.44800000000000006
0.45099999999999996
0.434
0.4135
0.378
0.391
0.359
0.354
0.40099999999999997
0.198
0.233
0.248
0.3045
0.28450000000000003
0.2785
0.264
0.2605
0.3265
0.257
0.24050000000000002
0.3035
0.271
0.2625
0.24
0.2525
0.28300000000000003
0.34
0.333
0.2835
0.339
0.2465
0.357
0.23850000000000002
0.2045
0.21800000000000003
0.20049999999999998
0.163
0.223
0.3205
0.24100000000000002
0.2245
0.147
0.14750000000000002
0.11499999999999999
0.142
0.178
0.199
0.215
0.3205
0.276
0.252
0.34049999999999997
0.2565
0.1965
0.1745
0.20299999999999999
