pet
0.27285714285714285
0.3157142857142857
0.3161904761904762
0.3047619047619048
0.28047619047619043
0.22476190476190475
0.39666666666666667
0.3352380952380952
0.29714285714285715
0.3066666666666667
0.37761904761904763
0.3380952380952381
0.30952380952380953
0.3242857142857143
0.34809523809523807
0.2795238095238095
0.28428571428571425
0.2795238095238095
0.31
0.3742857142857143
0.3128571428571429
0.2980952380952381
0.3047619047619048
0.3404761904761905
0.39809523809523806
0.38619047619047614
0.36142857142857143
0.49238095238095236
0.40333333333333327
0.3933333333333333
0.44333333333333336
0.4347619047619048
0.40904761904761905
0.3780952380952381
0.46904761904761905
0.49761904761904757
0.5333333333333333
0.5119047619047619
0.49666666666666665
0.49952380952380954
0.4714285714285714
0.45666666666666667
0.5599999999999999
0.5661904761904762
0.540952380952381
0.5980952380952381
0.6452380952380953
0.5404761904761904
0.6352380952380953
0.6504761904761904
0.6900000000000001
0.728095238095238
0.7457142857142858
0.6733333333333333
0.6061904761904762
0.7
0.821904761904762
0.768095238095238
0.7338095238095238
0.779047619047619
0.8485714285714285
0.7642857142857143
0.8152380952380953
0.8352380952380952
0.9061904761904762
0.8852380952380953
0.8890476190476191
0.9580952380952381
1.0233333333333332
0.9671428571428571
0.978095238095238
1.0080952380952382
1.0347619047619048
0.9771428571428571
0.939047619047619
0.9790476190476189
1.1271428571428572
1.159047619047619
1.1242857142857143
1.1338095238095238
1.213809523809524
1.2580952380952382
1.1414285714285715
1.1647619047619049
1.2723809523809524
1.3047619047619048
1.4095238095238096
1.349047619047619
1.3738095238095238
1.4695238095238095
1.4785714285714286
1.5795238095238096
1.450952380952381
1.4966666666666666
1.4728571428571429
1.7585714285714285
1.7104761904761905
1.850952380952381
1.6561904761904762
1.7552380952380953
1.7419047619047618
1.7247619047619047
1.6947619047619047
1.667142857142857
1.7819047619047619
1.9957142857142856
1.9514285714285715
2.278095238095238
1.844285714285714
1.8652380952380954
2.0395238095238093
1.9623809523809523
1.9771428571428573
1.8985714285714284
1.9923809523809526
1.9366666666666668
2.179047619047619
2.1938095238095237
2.0366666666666666
2.121904761904762
2.3728571428571428
2.3990476190476193
2.448571428571429
2.4157142857142855
2.2476190476190476
2.206666666666667
2.4266666666666667
2.25
2.394285714285714
2.1557142857142857
2.3585714285714285
2.662857142857143
2.356666666666667
2.3795238095238096
2.4985714285714287
2.3785714285714286
2.264761904761905
2.3842857142857143
2.5109523809523813
2.3857142857142857
2.4095238095238094
2.5857142857142854
2.7800000000000002
2.6523809523809527
2.7542857142857144
2.5776190476190473
2.339523809523809
2.58
2.6685714285714286
2.87
3.032380952380952
2.939047619047619
2.681904761904762
2.8119047619047617
2.769047619047619
2.8704761904761904
2.4995238095238097
2.9795238095238097
3.008095238095238
3.1409523809523807
2.8966666666666665
2.81
2.5233333333333334
2.6885714285714286
2.7247619047619045
2.8914285714285715
3.0238095238095237
2.8066666666666666
2.994761904761905
3.0485714285714285
3.183809523809524
3.032857142857143
2.8600000000000003
3.132857142857143
3.0442857142857145
3.040952380952381
3.0766666666666667
2.901904761904762
2.893333333333333
3.0952380952380953
2.922857142857143
2.868095238095238
2.7414285714285715
2.844761904761905
2.7385714285714284
2.6080952380952382
2.7495238095238097
2.740952380952381
2.7976190476190474
3.0304761904761905
2.914761904761905
3.1199999999999997
2.9495238095238094
2.7776190476190474
3.1119047619047615
2.8923809523809525
2.932857142857143
2.8333333333333335
3.031904761904762
3.0585714285714287
2.9414285714285717
3.007142857142857
2.8666666666666667
2.8904761904761904
3.024285714285714
3.1814285714285715
2.676190476190476
2.814761904761905
2.88
2.7071428571428573
2.8385714285714285
2.5180952380952384
2.439047619047619
2.8923809523809525
2.748095238095238
2.3804761904761906
2.7642857142857142
2.493333333333333
2.6014285714285714
2.809047619047619
2.7266666666666666
2.4223809523809523
2.6576190476190478
2.494761904761905
2.1547619047619047
2.1942857142857144
2.4904761904761905
2.513333333333333
2.28
2.2399999999999998
2.333809523809524
2.2780952380952377
2.217619047619048
2.34
2.0619047619047617
1.9495238095238094
1.9590476190476191
1.9923809523809526
2.2461904761904763
2.0895238095238096
1.9633333333333332
1.7961904761904761
2.007619047619048
2.0428571428571427
1.8447619047619048
1.8138095238095235
2.029047619047619
1.701904761904762
1.825238095238095
1.878095238095238
1.7661904761904763
1.8176190476190477
1.8061904761904761
1.6366666666666665
1.7738095238095237
1.76
1.6271428571428572
1.5623809523809524
1.679047619047619
1.602857142857143
1.4242857142857144
1.4076190476190475
1.3747619047619049
1.483809523809524
1.3261904761904764
1.3685714285714285
1.3885714285714286
1.2190476190476192
1.0747619047619048
1.110952380952381
1.1895238095238096
1.1928571428571428
1.0842857142857143
1.1244999999999998
1.0875
1.09
1.1125
1.048
1.0130000000000001
0.9400000000000001
0.9025000000000001
0.8845000000000001
0.9775
0.9135
0.8244999999999999
0.7064999999999999
0.7224999999999999
0.7025
0.701
0.8876190476190476
0.8304761904761906
0.7838095238095238
0.7038095238095238
0.73
0.6976190476190476
0.7342857142857143
0.6742857142857143
0.7633333333333334
0.7519047619047619
0.7033333333333334
0.6261904761904762
0.5747619047619048
0.5642857142857143
0.5928571428571429
0.5223809523809524
0.5242857142857142
0.5214285714285714
0.44190476190476186
0.47619047619047616
0.450952380952381
0.46238095238095245
0.43523809523809526
0.42238095238095236
0.38190476190476186
0.4014285714285714
0.36714285714285716
0.3866666666666666
0.38619047619047614
0.25333333333333335
0.26142857142857145
0.28714285714285714
0.30238095238095236
0.2804761904761905
0.29904761904761906
0.27
0.25761904761904764
0.32476190476190475
0.2680952380952381
0.26571428571428574
0.3166666666666667
0.2785714285714286
0.3028571428571429
0.25857142857142856
0.28047619047619043
0.30095238095238097
0.36619047619047623
0.3271428571428571
0.3138095238095238
0.38238095238095243
0.30333333333333334
0.42857142857142855
0.2580952380952381
0.2361904761904762
0.24714285714285716
0.23142857142857146
0.18285714285714286
0.24333333333333332
0.3128571428571429
0.2571428571428572
0.24714285714285716
0.1580952380952381
0.1742857142857143
0.14761904761904762
0.16476190476190475
0.17476190476190476
0.20761904761904765
0.21476190476190476
0.3404761904761905
0.28285714285714286
0.3038095238095238
0.33666666666666667
0.2438095238095238
0.24238095238095236
0.21142857142857144
0.24619047619047618
