temperature
4.253636363636364
3.8395454545454544
3.609090909090909
3.5427272727272725
4.550909090909091
4.232727272727273
4.587727272727272
4.750454545454546
4.59
4.881363636363637
4.8568181818181815
5.529090909090909
5.624545454545455
4.681818181818182
5.216363636363636
4.464545454545455
4.448181818181818
4.573636363636364
4.994545454545454
4.711818181818182
3.9650000000000003
3.8931818181818176
3.9099999999999997
4.009545454545455
4.371363636363636
4.000454545454546
4.135454545454546
3.9099999999999997
4.07
3.799090909090909
4.035909090909091
4.211818181818182
3.952727272727273
4.111818181818181
5.033181818181818
4.904545454545455
4.795
4.291818181818182
3.696818181818182
3.9145454545454546
4.236363636363636
4.98
5.449545454545454
4.788181818181818
4.133636363636364
4.7295454545454545
4.422727272727273
4.387727272727273
4.34
4.196818181818181
4.011363636363637
4.273181818181818
4.611818181818181
4.979090909090909
5.032727272727272
5.098181818181818
5.1486363636363635
5.150454545454545
4.803181818181819
4.586818181818182
4.236363636363636
4.292272727272727
4.143636363636364
4.428636363636364
5.086818181818182
6.159545454545454
6.175909090909091
6.133181818181819
6.219090909090909
5.841818181818183
5.553636363636364
5.131818181818182
5.765454545454546
6.508636363636364
6.572727272727272
6.989090909090908
6.249090909090909
5.745
5.821818181818181
6.136363636363637
6.415
6.73590909090909
6.729545454545455
7.128181818181818
6.702272727272727
6.192727272727273
6.617272727272728
6.9818181818181815
7.4804545454545455
7.775
7.97304347826087
7.834782608695652
7.591739130434783
7.257391304347825
7.522173913043478
7.993478260869565
6.995217391304347
6.856521739130434
7.504347826086956
7.948695652173913
7.439130434782609
7.19
7.0947826086956525
7.852608695652174
7.941304347826088
8.048260869565217
8.293478260869565
7.62695652173913
7.371739130434783
8.075217391304347
8.97913043478261
9.638260869565217
10.228695652173913
10.183478260869565
10.046956521739132
9.574782608695653
9.796521739130435
9.889565217391304
9.719565217391304
9.791739130434783
10.093478260869565
10.11086956521739
10.166086956521738
10.136521739130433
10.250434782608695
10.244782608695653
10.554782608695652
10.438260869565216
10.5
10.762173913043478
10.964347826086957
10.708695652173914
10.392173913043479
10.515217391304347
10.94695652173913
11.086521739130434
10.976086956521739
10.94
11.23695652173913
11.395217391304346
11.340434782608694
11.504782608695653
12.044347826086955
12.147391304347826
11.958260869565219
11.760000000000002
11.841304347826087
11.971739130434784
12.258695652173913
12.577826086956522
12.984782608695651
13.226086956521739
13.597391304347827
13.252608695652174
12.780434782608696
12.922173913043478
13.399565217391304
13.523478260869567
13.401304347826088
13.894347826086957
13.688695652173912
13.48782608695652
13.260000000000002
13.364782608695652
13.500434782608695
13.60608695652174
14.226956521739131
14.782608695652174
14.769565217391303
14.835652173913045
14.610434782608696
13.915217391304349
14.136521739130433
14.386086956521739
14.391739130434782
14.678695652173914
14.982173913043477
14.874782608695652
15.192608695652174
15.44217391304348
15.380434782608695
15.51391304347826
15.688260869565216
15.700869565217392
15.722608695652173
15.283043478260868
15.21782608695652
15.46391304347826
15.331304347826087
15.412608695652175
15.847391304347827
15.58304347826087
15.745217391304347
15.464347826086957
15.821739130434782
15.92695652173913
16.06304347826087
15.665217391304349
16.161739130434782
16.62
16.371304347826086
15.850434782608696
15.867826086956521
16.441304347826087
16.41304347826087
16.436521739130434
16.437391304347827
16.687391304347827
16.551739130434783
16.70217391304348
16.433913043478263
16.38478260869565
16.770869565217392
16.60608695652174
16.643478260869564
16.38608695652174
16.67478260869565
16.523913043478263
16.295217391304345
16.07782608695652
16.36913043478261
16.16391304347826
16.628695652173914
16.077391304347824
15.626956521739132
15.854782608695654
16.08086956521739
15.771739130434783
15.94217391304348
15.833913043478262
16.17695652173913
16.20173913043478
15.86
15.770434782608698
15.520434782608698
14.816956521739131
14.872608695652174
14.980869565217391
14.498260869565216
14.274347826086956
14.42478260869565
14.536956521739132
14.61695652173913
14.404347826086957
14.618695652173914
14.88304347826087
14.583913043478262
14.621304347826088
14.426521739130434
14.285217391304348
14.175217391304347
13.931739130434783
14.265217391304349
14.446956521739128
13.956521739130435
13.483478260869566
13.049999999999999
12.745652173913042
12.615217391304347
12.554347826086957
13.023478260869567
13.34086956521739
13.495217391304347
13.391304347826088
12.954782608695652
12.64782608695652
12.38391304347826
12.145652173913044
12.283043478260868
13.269565217391303
12.871739130434783
12.903913043478262
13.009565217391305
13.05
12.110000000000001
11.947272727272729
11.08090909090909
11.001818181818182
11.235454545454546
10.963181818181818
11.712272727272728
11.64590909090909
11.420454545454545
11.245454545454546
10.930909090909092
10.630454545454546
10.565
10.521818181818182
10.172727272727274
9.916363636363636
9.397727272727273
9.58909090909091
8.950454545454546
9.836363636363636
9.93590909090909
9.833181818181817
9.99409090909091
9.933636363636364
10.055454545454545
10.127272727272727
9.486818181818181
8.987272727272726
9.620454545454546
9.591363636363637
8.94681818181818
8.581818181818182
8.854545454545454
8.214545454545455
8.562727272727273
7.991818181818181
7.923636363636363
8.301363636363636
7.3
7.5227272727272725
7.903636363636363
7.785454545454545
7.77
7.235454545454545
7.099545454545455
6.567727272727273
6.544545454545454
6.451363636363637
5.9786363636363635
6.0227272727272725
5.892272727272727
5.534090909090909
5.501363636363636
6.185
5.814090909090909
6.302727272727273
6.322272727272727
5.915909090909091
5.788181818181818
5.696363636363636
5.381363636363637
5.40590909090909
5.345454545454545
5.295
5.218181818181818
5.114090909090909
4.864090909090908
4.766818181818182
4.910909090909091
5.074090909090909
4.8554545454545455
5.013636363636364
5.086363636363637
4.371818181818182
4.135909090909091
4.415
3.928181818181818
3.8245454545454547
3.6631818181818185
2.6613636363636366
3.7540909090909094
4.16090909090909
4.925
5.216818181818182
4.282727272727272
3.72
3.6599999999999997
3.1709090909090913
3.161818181818182
3.850454545454546
3.98
