pet
0.2590909090909091
0.29227272727272724
0.23590909090909087
0.27045454545454545
0.26636363636363636
0.18
0.2809090909090909
0.29409090909090907
0.27045454545454545
0.21227272727272728
0.2831818181818182
0.3154545454545455
0.34863636363636363
0.29954545454545456
0.25
0.2981818181818182
0.23636363636363636
0.30136363636363633
0.24818181818181817
0.32045454545454544
0.3190909090909091
0.29
0.31772727272727275
0.32727272727272727
0.3077272727272727
0.3963636363636364
0.35409090909090907
0.4659090909090909
0.34045454545454545
0.37863636363636366
0.4113636363636364
0.42045454545454547
0.4486363636363636
0.4040909090909091
0.46954545454545454
0.44045454545454543
0.5031818181818182
0.5086363636363637
0.4763636363636364
0.4768181818181818
0.4681818181818182
0.3995454545454546
0.44499999999999995
0.5772727272727273
0.57
0.5590909090909091
0.6722727272727274
0.595
0.6072727272727273
0.6113636363636363
0.6327272727272727
0.6922727272727273
0.6695454545454546
0.6104545454545455
0.5681818181818182
0.6822727272727273
0.8277272727272728
0.7354545454545455
0.625
0.7422727272727272
0.9136363636363637
0.7940909090909091
0.8059090909090909
0.9009090909090909
0.9868181818181818
0.815
0.825909090909091
0.9363636363636364
0.9831818181818182
0.8827272727272728
1.0640909090909092
1.0263636363636364
1.0836363636363637
1.0595454545454546
1.1222727272727273
0.9131818181818182
1.065909090909091
1.1577272727272727
1.0872727272727274
1.0963636363636364
1.245
1.1913636363636364
1.205
1.1231818181818183
1.1845454545454546
1.374090909090909
1.3954545454545455
1.2822727272727272
1.2231818181818181
1.44
1.502608695652174
1.6334782608695653
1.5165217391304349
1.5452173913043479
1.5369565217391306
1.7639130434782608
1.586521739130435
1.8704347826086956
1.577391304347826
1.701304347826087
1.6865217391304348
1.7352173913043476
1.6791304347826086
1.6965217391304346
1.8
1.8756521739130434
2.016521739130435
2.210434782608696
1.7195652173913043
1.9121739130434785
2.1873913043478264
2.175217391304348
1.9417391304347824
1.8878260869565218
1.8891304347826088
1.8239130434782609
2.0991304347826087
2.181304347826087
2.0195652173913046
2.137826086956522
2.256521739130435
2.276521739130435
2.3947826086956523
2.3160869565217395
2.1913043478260867
2.368695652173913
2.3330434782608696
2.2695652173913046
2.261304347826087
2.3717391304347823
2.4408695652173913
2.4804347826086954
2.39
2.283913043478261
2.4613043478260868
2.3526086956521737
2.252608695652174
2.1908695652173913
2.5608695652173914
2.222608695652174
2.2978260869565217
2.5878260869565217
2.8391304347826085
2.6421739130434783
2.6943478260869567
2.5530434782608693
2.2282608695652173
2.3930434782608696
2.7769565217391303
2.7939130434782613
2.993478260869565
2.7778260869565217
2.526086956521739
2.666086956521739
2.4843478260869567
2.7073913043478264
2.549130434782609
2.7978260869565217
3.0156521739130433
2.7143478260869567
2.7795652173913044
2.543913043478261
2.486521739130435
2.6847826086956523
2.702608695652174
2.8739130434782605
2.7804347826086957
2.8091304347826087
2.967391304347826
3.13304347826087
3.079565217391304
3.0104347826086952
2.9065217391304343
3.106086956521739
3.258695652173913
2.994347826086957
3.042173913043478
3.0200000000000005
3.006086956521739
3.242173913043478
3.0482608695652176
3.0873913043478263
2.785217391304348
2.8630434782608694
2.8978260869565218
2.6656521739130437
2.739130434782609
2.6730434782608694
2.626086956521739
3.0104347826086952
2.889130434782609
3.0991304347826087
2.763478260869565
2.6473913043478263
3.07
2.964782608695652
2.8147826086956518
2.8421739130434784
3.005652173913043
3.110869565217391
2.941304347826087
3.097826086956522
3.136086956521739
3.005217391304348
3.1669565217391304
3.15695652173913
2.6095652173913044
2.637826086956522
2.904782608695652
2.9113043478260865
2.9752173913043483
2.8047826086956524
2.8317391304347823
2.926086956521739
2.9052173913043475
2.606521739130435
3.0682608695652176
2.651304347826087
2.6795652173913043
2.857391304347826
2.786521739130435
2.522173913043478
2.627391304347826
2.544782608695652
2.4295652173913043
2.3752173913043477
2.5252173913043476
2.56
2.4147826086956523
2.45
2.502608695652174
2.4817391304347827
2.4082608695652175
2.2273913043478264
2.1282608695652177
2.106521739130435
1.981304347826087
1.9091304347826088
2.148695652173913
2.257391304347826
2.1165217391304347
1.8660869565217393
2.1108695652173917
1.998695652173913
1.9621739130434783
1.9269565217391305
2.141304347826087
1.8669565217391304
1.8452173913043477
1.8917391304347826
1.9000000000000001
1.8856521739130434
1.895217391304348
1.6530434782608694
1.81
1.7639130434782608
1.5952173913043477
1.5456521739130433
1.7178260869565216
1.5834782608695652
1.4765217391304348
1.3473913043478263
1.4004347826086956
1.5204347826086957
1.4043478260869564
1.3669565217391304
1.3791304347826085
1.2899999999999998
1.131304347826087
1.1973913043478261
1.161304347826087
1.1065217391304347
1.1
1.0663636363636364
1.0131818181818182
1.0377272727272728
1.0531818181818182
0.9945454545454545
1.0331818181818182
0.9209090909090908
0.84
0.93
1.009090909090909
0.9368181818181818
0.9104545454545455
0.6936363636363636
0.7086363636363636
0.7786363636363636
0.6749999999999999
0.9459090909090908
0.8159090909090909
0.7795454545454544
0.7518181818181818
0.6904545454545454
0.6909090909090909
0.7886363636363637
0.7081818181818181
0.7681818181818181
0.6972727272727273
0.6936363636363636
0.6022727272727273
0.5545454545454546
0.5386363636363636
0.5345454545454545
0.5472727272727272
0.4936363636363636
0.5345454545454545
0.4218181818181818
0.42454545454545456
0.4559090909090909
0.4495454545454546
0.40863636363636363
0.3572727272727273
0.3936363636363636
0.36590909090909096
0.3854545454545455
0.3159090909090909
0.4454545454545455
0.2727272727272727
0.2159090909090909
0.2604545454545455
0.2722727272727273
0.27
0.25363636363636366
0.23136363636363635
0.26954545454545453
0.32863636363636367
0.2159090909090909
0.2527272727272727
0.2827272727272727
0.24045454545454545
0.2040909090909091
0.2427272727272727
0.2168181818181818
0.24318181818181817
0.28454545454545455
0.33454545454545453
0.26545454545454544
0.3277272727272727
0.29409090909090907
0.34590909090909094
0.1668181818181818
0.30772727272727274
0.19136363636363637
0.24545454545454548
0.2209090909090909
0.19727272727272727
0.34
0.26045454545454544
0.23363636363636361
0.17136363636363636
0.13590909090909092
0.1190909090909091
0.14227272727272727
0.20136363636363636
0.1968181818181818
0.18954545454545454
0.29409090909090907
0.2877272727272727
0.2959090909090909
0.2736363636363637
0.2681818181818182
0.2322727272727273
0.24000000000000002
0.2109090909090909
