temperature
4.044782608695653
4.083913043478261
3.9352173913043482
4.232608695652174
4.668260869565217
4.754347826086956
3.7678260869565214
4.29
4.596521739130435
4.141304347826087
3.7456521739130437
3.1030434782608696
2.68
2.7730434782608695
3.742608695652174
3.9130434782608696
3.2969565217391303
3.000434782608696
3.7008695652173915
3.816086956521739
4.409130434782608
4.4830434782608695
4.4226086956521735
4.445652173913044
4.162608695652174
3.8708695652173915
3.68304347826087
3.715217391304348
3.6952173913043476
3.21
3.207826086956522
3.5126086956521743
4.020434782608696
4.363043478260869
4.317826086956522
4.509130434782609
4.739565217391305
4.764347826086956
4.43
3.9160869565217387
3.3817391304347826
3.0908695652173916
3.36
3.1908695652173913
2.635652173913044
2.3517391304347828
2.3978260869565218
2.9504347826086956
3.031739130434783
3.2491304347826087
3.196521739130435
3.782173913043478
4.138695652173913
4.296956521739131
4.325217391304348
3.4900000000000007
4.02
4.22
4.420434782608695
4.748695652173913
4.967826086956522
4.9195652173913045
4.788260869565217
4.9021739130434785
5.300869565217392
5.663043478260869
5.508695652173913
5.3734782608695655
5.716956521739131
5.975652173913043
5.6460869565217395
5.818260869565217
5.570434782608696
5.730869565217391
5.329565217391305
5.806956521739131
5.810869565217391
5.881739130434783
5.675652173913043
5.7986956521739135
5.803478260869565
5.69695652173913
5.895217391304348
6.358695652173913
5.987826086956522
6.293913043478261
6.124347826086957
6.144782608695652
6.59
6.408695652173913
7.081818181818182
6.726363636363637
5.828636363636363
5.866818181818181
6.0627272727272725
6.211363636363637
6.539545454545455
6.3522727272727275
6.467272727272728
6.736818181818182
7.2
7.796818181818182
7.631818181818182
7.754545454545454
7.990909090909091
8.348636363636363
7.795454545454546
7.758181818181819
8.378181818181817
8.191363636363636
8.306818181818182
8.980909090909092
8.697272727272727
8.167272727272728
8.21409090909091
8.02818181818182
8.138181818181819
7.951363636363637
8.227727272727272
8.455
8.693636363636363
8.507727272727273
9.02909090909091
9.282727272727273
9.498181818181818
9.745
9.924545454545454
10.432272727272727
9.855
9.826363636363636
10.46409090909091
10.288636363636364
10.88090909090909
10.935
11.05409090909091
10.886363636363637
11.030454545454544
11.249090909090908
11.172727272727274
11.955454545454545
11.82318181818182
11.584545454545456
11.930454545454547
12.12681818181818
12.235909090909091
12.142272727272728
12.201363636363636
11.58
11.883636363636363
11.862727272727273
12.088181818181818
12.469090909090909
12.487272727272728
12.782272727272726
12.609090909090908
12.578636363636365
12.505454545454546
12.596363636363636
12.827727272727271
13.062272727272727
12.885909090909092
12.914545454545454
13.172727272727274
13.014545454545454
13.252727272727272
13.266363636363637
13.761818181818182
13.725454545454546
13.341818181818182
14.100454545454545
14.158181818181818
14.076818181818181
14.115454545454547
14.003181818181817
13.882272727272728
14.361363636363636
14.539545454545454
14.375
14.329545454545455
14.592727272727274
14.84909090909091
14.917272727272728
14.972272727272726
15.25090909090909
15.72909090909091
16.264545454545456
16.11409090909091
16.055
16.398636363636363
16.016363636363636
16.071363636363635
16.15909090909091
15.932727272727272
16.276363636363637
15.865909090909092
16.222272727272728
15.840909090909092
15.512727272727272
15.30909090909091
15.588636363636363
16.030454545454546
15.841363636363637
15.746818181818183
15.696363636363635
15.590454545454547
15.927727272727275
16.199545454545454
16.28772727272727
16.37727272727273
16.549090909090907
16.586363636363636
16.076818181818183
15.634090909090908
15.89409090909091
16.21909090909091
15.683636363636365
15.790454545454544
15.768636363636363
15.260454545454547
15.535909090909092
15.962272727272728
15.608181818181817
15.626818181818182
15.859090909090908
15.964090909090908
16.207727272727272
16.45
15.726818181818182
15.433636363636365
15.321363636363635
15.556818181818182
15.961363636363636
15.845454545454546
16.024090909090912
15.001363636363635
15.369545454545454
15.422727272727274
15.475454545454545
14.992727272727272
15.18409090909091
15.245
14.99909090909091
14.477727272727272
14.888636363636364
14.509090909090908
14.441363636363635
14.141818181818183
14.20409090909091
13.95
14.028636363636364
14.344090909090909
14.060909090909092
13.807272727272727
13.346363636363636
13.539545454545454
13.058181818181817
12.76909090909091
12.998636363636365
13.30181818181818
13.345454545454546
13.077727272727271
12.627272727272727
12.748636363636363
12.773636363636363
12.42909090909091
12.872272727272728
12.621363636363638
12.237727272727273
12.159999999999998
12.061818181818182
12.349545454545455
12.228181818181817
12.185909090909092
11.908695652173913
11.661739130434784
11.636521739130433
11.79391304347826
11.296521739130435
11.182173913043478
11.144782608695651
10.649565217391304
11.273913043478261
11.198695652173912
10.617826086956523
10.647826086956522
10.125217391304348
9.72391304347826
9.806086956521739
9.448695652173912
9.245652173913044
9.51391304347826
9.990434782608697
9.55913043478261
9.007826086956522
8.922608695652174
9.047391304347826
9.290434782608695
9.229565217391304
9.26391304347826
9.150869565217391
8.87782608695652
8.332608695652175
8.807391304347826
9.197826086956523
8.923043478260869
8.915217391304349
8.479565217391304
7.88304347826087
7.542173913043478
6.974347826086956
7.7556521739130435
8.197391304347827
7.734347826086958
7.682608695652173
7.7986956521739135
6.837826086956523
6.178695652173913
5.7752173913043485
6.094347826086956
6.0691304347826085
6.038260869565217
6.617826086956522
6.2843478260869565
5.430434782608696
5.234782608695652
5.606086956521739
6.151304347826087
6.179130434782609
6.077826086956521
5.421304347826087
5.044782608695653
4.882173913043479
4.443478260869566
4.533913043478261
4.999130434782609
5.316521739130435
5.540869565217391
5.67695652173913
5.58
5.237826086956522
5.193478260869566
4.400434782608696
4.1326086956521735
3.9869565217391307
4.359565217391304
4.385652173913043
4.429130434782609
4.9769565217391305
5.535217391304348
5.104782608695652
5.0056521739130435
4.689130434782609
4.629565217391304
4.846521739130435
5.536521739130435
4.7208695652173915
5.184347826086956
5.190869565217391
5.147391304347826
5.151739130434782
5.060869565217391
4.97
4.982608695652174
4.209565217391304
3.9404347826086963
