pet
0.23136363636363635
0.21181818181818182
0.34590909090909094
0.25
0.19954545454545453
0.2159090909090909
0.22318181818181818
0.2159090909090909
0.29227272727272724
0.28363636363636363
0.29454545454545455
0.4090909090909091
0.225
0.2531818181818182
0.3481818181818182
0.23454545454545456
0.2786363636363636
0.28136363636363637
0.28954545454545455
0.2640909090909091
0.28954545454545455
0.30863636363636365
0.2459090909090909
0.2959090909090909
0.2786363636363636
0.27090909090909093
0.2868181818181818
0.3318181818181818
0.2677272727272727
0.35818181818181816
0.32636363636363636
0.3563636363636364
0.3568181818181818
0.4177272727272727
0.3613636363636364
0.3109090909090909
0.3890909090909091
0.3640909090909091
0.42818181818181816
0.4036363636363637
0.3609090909090909
0.3481818181818182
0.33590909090909093
0.37863636363636366
0.3813636363636364
0.4763636363636364
0.4813636363636364
0.3759090909090909
0.4072727272727273
0.5072727272727273
0.4768181818181818
0.49090909090909096
0.5659090909090909
0.5386363636363636
0.5236363636363636
0.5945454545454546
0.5718181818181818
0.53
0.5836363636363636
0.5604545454545454
0.59
0.5340909090909091
0.645
0.6727272727272727
0.6731818181818182
0.7027272727272726
0.6963636363636364
0.7368181818181818
0.8063636363636363
0.7990909090909092
0.7663636363636364
0.8163636363636364
0.7731818181818183
0.8054545454545454
0.7513636363636365
0.8595454545454545
0.8718181818181818
0.9327272727272727
0.8622727272727272
0.9140909090909091
0.8145454545454546
0.9740909090909091
0.9850000000000001
0.9595454545454545
1.0131818181818182
1.0354545454545454
1.0318181818181817
1.0795454545454546
0.985909090909091
1.1477272727272727
1.2143478260869565
1.231304347826087
1.1282608695652174
1.1643478260869566
1.2860869565217392
1.2356521739130435
1.2504347826086957
1.22
1.2291304347826086
1.452173913043478
1.2691304347826087
1.4221739130434783
1.376086956521739
1.3834782608695653
1.556086956521739
1.5439130434782609
1.6365217391304347
1.4517391304347826
1.712608695652174
1.6352173913043477
1.5395652173913041
1.4717391304347827
1.6378260869565218
1.553478260869565
1.5591304347826087
1.6113043478260867
1.6104347826086955
1.6878260869565218
1.8821739130434783
1.8195652173913044
1.9543478260869567
1.908695652173913
1.997391304347826
1.895217391304348
1.7939130434782609
1.9200000000000002
1.997391304347826
2.1269565217391304
2.134782608695652
2.154782608695652
2.1408695652173915
2.0569565217391306
2.25
2.239130434782609
1.9034782608695653
1.9617391304347829
1.852608695652174
1.9630434782608694
1.8656521739130434
1.9952173913043478
2.1082608695652176
2.2943478260869563
2.2908695652173914
2.466086956521739
2.2691304347826087
2.3578260869565217
2.0882608695652176
2.1739130434782608
2.123913043478261
2.3730434782608696
2.385217391304348
2.277391304347826
2.2243478260869565
2.338695652173913
2.172608695652174
2.2039130434782606
2.2843478260869565
2.4256521739130434
2.349565217391304
2.4130434782608696
2.380434782608696
2.3552173913043477
2.162608695652174
2.052608695652174
2.4121739130434783
2.13
2.1556521739130434
2.3334782608695654
2.074782608695652
2.2308695652173913
2.348695652173913
2.1717391304347826
2.2469565217391305
2.246521739130435
2.262608695652174
2.233913043478261
2.476086956521739
2.3734782608695655
2.3460869565217393
2.253913043478261
2.055217391304348
2.3104347826086955
2.1030434782608696
2.2686956521739132
2.2517391304347827
2.2343478260869567
2.0430434782608695
2.1869565217391305
2.342173913043478
2.4521739130434783
2.12
2.278695652173913
2.0765217391304347
2.336086956521739
2.1713043478260867
2.365217391304348
2.253478260869565
2.3617391304347826
2.3378260869565217
2.0586956521739133
2.1734782608695653
2.1643478260869564
2.413478260869565
2.16
2.2265217391304346
2.18
2.2330434782608695
2.233913043478261
1.8304347826086957
1.982608695652174
2.109565217391304
1.9704347826086956
1.9673913043478262
1.934782608695652
2.0078260869565216
2.099565217391304
2.0708695652173916
1.857826086956522
1.8921739130434785
1.958695652173913
1.89
1.7530434782608695
1.605217391304348
1.7195652173913043
1.8317391304347828
1.6217391304347826
1.8156521739130433
1.7891304347826087
1.7360869565217392
1.5195652173913046
1.7447826086956524
1.7026086956521738
1.7321739130434783
1.7934782608695652
1.5556521739130436
1.7595652173913043
1.5578260869565217
1.6721739130434783
1.4560869565217391
1.5
1.5921739130434782
1.4717391304347827
1.4995652173913043
1.2560869565217392
1.4008695652173913
1.3634782608695653
1.4026086956521737
1.3169565217391304
1.2739130434782608
1.411304347826087
1.4047826086956523
1.3404347826086958
1.367391304347826
1.17
1.1604347826086958
1.1973913043478261
1.19
1.1556521739130436
1.1
1.0447826086956522
1.0034782608695652
1.0413043478260868
1.071304347826087
1.0334782608695652
1.1
0.9830434782608696
0.9895652173913042
0.9047826086956521
0.9656521739130435
0.8391304347826087
0.7578260869565218
0.7913043478260869
0.821304347826087
0.8686363636363637
0.7431818181818183
0.8431818181818183
0.8172727272727273
0.8077272727272727
0.83
0.7536363636363635
0.6627272727272727
0.7336363636363636
0.7604545454545455
0.6181818181818182
0.5759090909090909
0.4831818181818182
0.5340909090909091
0.49500000000000005
0.545
0.5422727272727272
0.5840909090909091
0.5468181818181818
0.5095454545454546
0.5031818181818182
0.4109090909090909
0.38409090909090904
0.47363636363636363
0.5404545454545455
0.4436363636363636
0.5113636363636364
0.4795454545454545
0.4068181818181818
0.4209090909090909
0.4068181818181818
0.37227272727272726
0.3831818181818182
0.405
0.3718181818181818
0.32727272727272727
0.3609090909090909
0.3440909090909091
0.3668181818181818
0.3281818181818182
0.27045454545454545
0.39272727272727276
0.3245454545454546
0.2609090909090909
0.30000000000000004
0.2581818181818182
0.24772727272727274
0.2645454545454546
0.28318181818181815
0.2509090909090909
0.3195454545454546
0.29636363636363633
0.2377272727272727
0.21863636363636366
0.2631818181818182
0.28
0.24318181818181817
0.2718181818181818
0.20045454545454547
0.21454545454545454
0.2559090909090909
0.2340909090909091
0.2159090909090909
0.2636363636363636
0.1981818181818182
0.23454545454545456
0.23909090909090908
0.28
0.2727272727272727
0.24318181818181817
0.27090909090909093
0.18681818181818183
0.17136363636363636
0.2009090909090909
0.26227272727272727
0.2768181818181818
0.26590909090909093
0.25545454545454543
0.17772727272727273
0.18999999999999997
0.1859090909090909
0.22727272727272727
0.16863636363636364
0.1859090909090909
0.2645454545454546
0.1868181818181818
0.12954545454545455
0.1309090909090909
0.14954545454545454
0.1759090909090909
0.16863636363636364
0.19454545454545455
