pet
0.348695652173913
0.32173913043478264
0.44956521739130434
0.5321739130434783
0.361304347826087
0.4165217391304348
0.4613043478260869
0.29608695652173916
0.23391304347826086
0.41043478260869565
0.601304347826087
0.5304347826086956
0.52
0.43086956521739134
0.33217391304347826
0.41130434782608694
0.4056521739130435
0.42826086956521736
0.4360869565217392
0.3391304347826087
0.43043478260869567
0.5304347826086956
0.31521739130434784
0.6282608695652173
0.5182608695652174
0.45391304347826084
0.42130434782608694
0.5591304347826087
0.46217391304347827
0.5043478260869565
0.5865217391304348
0.42
0.5682608695652174
0.27304347826086955
0.4869565217391304
0.5604347826086957
0.5065217391304347
0.6108695652173913
0.5991304347826086
0.5169565217391304
0.5360869565217391
0.5352173913043479
0.5539130434782609
0.6882608695652174
0.6534782608695652
0.5860869565217391
0.6721739130434783
0.5221739130434783
0.6404347826086957
0.5878260869565217
0.4743478260869565
0.68
0.6243478260869565
0.678695652173913
0.6969565217391305
0.7460869565217392
0.6865217391304348
0.8821739130434783
0.8065217391304348
0.7960869565217391
0.8243478260869566
0.8904347826086957
0.8604347826086957
0.7665217391304348
0.716086956521739
0.8482608695652175
0.707391304347826
0.9147826086956521
0.7373913043478261
0.9165217391304347
0.8813043478260869
0.9073913043478261
0.9230434782608696
0.9182608695652175
0.998695652173913
1.14
0.976086956521739
0.8765217391304347
0.9078260869565217
0.9891304347826086
1.2843478260869565
1.1430434782608696
1.1017391304347826
1.345217391304348
1.193913043478261
1.241304347826087
1.3121739130434782
1.2182608695652173
1.2243478260869565
1.2339130434782608
1.0127272727272727
1.1895454545454545
1.3918181818181816
1.3972727272727272
1.3477272727272727
1.5645454545454547
1.5445454545454547
1.502727272727273
1.6340909090909093
1.4531818181818181
1.5345454545454544
1.3572727272727272
1.6354545454545453
1.9245454545454548
1.7931818181818182
1.844090909090909
1.9227272727272726
1.6090909090909091
1.7904545454545455
2.0145454545454546
1.8736363636363635
1.9672727272727273
2.0295454545454543
2.27
1.9345454545454546
2.044545454545455
2.3022727272727272
2.0722727272727273
2.027727272727273
1.6990909090909092
2.0313636363636363
2.109090909090909
2.13
2.123181818181818
2.060909090909091
2.182727272727273
2.213181818181818
2.21
2.151818181818182
1.9572727272727273
2.1122727272727273
2.1027272727272726
2.275909090909091
2.47
2.471818181818182
2.372727272727273
2.441818181818182
2.6322727272727273
2.486818181818182
2.6213636363636366
2.4822727272727274
2.5690909090909093
2.5522727272727272
2.846363636363636
2.4454545454545453
2.6404545454545456
2.744090909090909
2.7236363636363636
2.335909090909091
2.4604545454545454
2.685909090909091
2.428181818181818
2.385909090909091
2.5868181818181815
2.5563636363636366
2.351818181818182
2.533181818181818
2.3845454545454547
2.327272727272727
2.510909090909091
2.484090909090909
2.4545454545454546
2.7604545454545457
2.7068181818181816
2.569545454545455
2.9322727272727276
2.8504545454545456
2.689090909090909
2.5518181818181818
2.8018181818181818
3.005909090909091
2.7554545454545454
2.8531818181818185
2.3613636363636363
2.4831818181818184
2.4463636363636363
2.7150000000000003
2.5527272727272727
2.544090909090909
2.6072727272727274
2.727272727272727
2.776818181818182
2.933636363636364
3.321818181818182
2.6836363636363636
2.8763636363636365
2.9872727272727273
2.722272727272727
2.6904545454545454
2.563181818181818
2.335
2.36
2.4563636363636365
2.534090909090909
2.340909090909091
2.7140909090909093
2.6786363636363637
2.721363636363636
2.6168181818181817
2.4354545454545455
2.67
2.7186363636363637
2.5013636363636365
2.611818181818182
2.5381818181818185
2.772727272727273
2.6313636363636363
2.578181818181818
2.8645454545454543
2.7536363636363634
2.610909090909091
2.3227272727272728
2.658181818181818
2.4045454545454543
2.4968181818181816
2.4113636363636366
2.2036363636363636
2.3222727272727273
2.2859090909090907
2.3454545454545457
2.1636363636363636
2.413181818181818
2.11
2.2590909090909093
2.034090909090909
2.0045454545454544
2.3222727272727273
2.51
2.36
2.185
2.126818181818182
2.338636363636364
2.135
2.0272727272727273
1.9363636363636365
2.0222727272727274
1.8990909090909092
2.1677272727272725
2.234090909090909
2.013181818181818
2.0472727272727274
2.0263636363636364
1.8218181818181818
1.6163636363636364
1.6713636363636366
1.9563636363636363
1.780909090909091
1.920909090909091
1.8113636363636365
1.7690909090909093
1.6963636363636363
1.6940909090909093
1.6718181818181819
1.695909090909091
1.4936363636363637
1.5395454545454543
1.4845454545454546
1.4331818181818183
1.2877272727272726
1.3690909090909091
1.29
1.41
1.3977272727272727
1.3131818181818182
1.4218181818181819
1.1295454545454546
1.1881818181818182
1.154090909090909
1.1518181818181819
1.0609090909090908
1.1090909090909091
1.170909090909091
1.1072727272727272
1.1734782608695653
0.9195652173913045
1.0695652173913044
1.0765217391304347
1.0382608695652173
1.078695652173913
1.048695652173913
1.0747826086956522
0.8104347826086957
0.777391304347826
0.9521739130434782
0.8786956521739131
0.8360869565217391
0.8204347826086957
0.722608695652174
0.948695652173913
0.9769565217391304
0.6904347826086957
0.79
0.8600000000000001
0.812608695652174
0.6156521739130435
0.63
0.7191304347826086
0.662608695652174
0.6826086956521739
0.6243478260869565
0.5621739130434783
0.6669565217391304
0.5604347826086957
0.4760869565217391
0.44826086956521743
0.5117391304347826
0.6308695652173913
0.6291304347826088
0.6356521739130435
0.6495652173913044
0.47043478260869565
0.551304347826087
0.65
0.4865217391304348
0.45521739130434785
0.6273913043478261
0.6352173913043478
0.5669565217391304
0.5486956521739131
0.41
0.542608695652174
0.5013043478260869
0.4965217391304348
0.5547826086956522
0.4730434782608695
0.56
0.35130434782608694
0.46304347826086956
0.37478260869565216
0.5034782608695653
0.4186956521739131
0.5047826086956522
0.43434782608695655
0.19217391304347825
0.3721739130434783
0.2956521739130435
0.3747826086956522
0.401304347826087
0.3060869565217391
0.4004347826086957
0.3356521739130435
0.4230434782608696
0.42
0.468695652173913
0.5260869565217391
0.45956521739130435
0.4895652173913043
0.3965217391304348
0.2956521739130435
0.3743478260869565
0.44434782608695655
0.5060869565217392
0.3878260869565217
0.31565217391304345
0.3782608695652174
0.39217391304347826
0.3939130434782609
0.33695652173913043
0.42173913043478267
0.28782608695652173
0.42478260869565215
0.3104347826086956
0.28782608695652173
0.35434782608695653
0.3173913043478261
