pet
0.3621739130434783
0.35000000000000003
0.42608695652173917
0.34695652173913044
0.21913043478260869
0.32217391304347825
0.31956521739130433
0.2917391304347826
0.24478260869565216
0.3678260869565218
0.43173913043478257
0.42130434782608694
0.34478260869565214
0.3895652173913044
0.22000000000000003
0.2791304347826087
0.34695652173913044
0.3308695652173913
0.3756521739130435
0.26130434782608697
0.3795652173913044
0.36869565217391304
0.34347826086956523
0.468695652173913
0.3365217391304348
0.3760869565217391
0.3534782608695652
0.3247826086956522
0.32869565217391306
0.3491304347826087
0.4556521739130435
0.4008695652173913
0.4
0.29869565217391303
0.40608695652173915
0.45826086956521744
0.43695652173913047
0.5917391304347825
0.5004347826086957
0.42434782608695654
0.5152173913043478
0.44869565217391305
0.4373913043478261
0.5660869565217391
0.5347826086956522
0.478695652173913
0.49391304347826087
0.3791304347826087
0.45608695652173914
0.5521739130434782
0.4752173913043478
0.5069565217391304
0.61
0.5839130434782609
0.5921739130434783
0.5552173913043478
0.5995652173913044
0.6204347826086957
0.6873913043478261
0.6939130434782609
0.7330434782608696
0.8421739130434783
0.7813043478260869
0.7408695652173912
0.7804347826086956
0.721304347826087
0.7891304347826086
0.8530434782608696
0.6895652173913043
0.76
0.9430434782608696
0.8204347826086957
0.8586956521739131
0.9134782608695652
0.8921739130434783
0.99
0.9817391304347826
0.9604347826086956
0.9978260869565218
1.071304347826087
1.1617391304347826
1.173913043478261
1.1721739130434783
1.2821739130434782
1.1717391304347826
1.2543478260869565
1.287391304347826
1.2734782608695652
1.2604347826086957
1.1391304347826086
1.1454545454545455
1.17
1.2922727272727272
1.3822727272727273
1.3690909090909091
1.4204545454545454
1.4527272727272729
1.3286363636363636
1.5236363636363635
1.46
1.4672727272727273
1.5559090909090907
1.6327272727272728
1.8972727272727274
1.804090909090909
1.8277272727272729
1.770909090909091
1.6513636363636364
1.7095454545454545
1.8195454545454546
1.7377272727272726
1.835909090909091
1.9259090909090908
1.9986363636363635
1.9736363636363636
2.0327272727272727
2.145909090909091
1.978181818181818
1.8536363636363637
1.853181818181818
2.058181818181818
2.1627272727272726
2.183181818181818
2.2686363636363636
2.2254545454545456
2.247272727272727
2.174090909090909
2.2504545454545455
2.200454545454545
2.0890909090909093
2.2854545454545456
2.2736363636363635
2.419090909090909
2.735
2.625
2.73
2.562272727272727
2.527727272727273
2.7150000000000003
2.615
2.475
2.671818181818182
2.4059090909090908
2.705909090909091
2.5518181818181818
2.6027272727272726
2.6999999999999997
2.688181818181818
2.566818181818182
2.565
2.704090909090909
2.736818181818182
2.539090909090909
2.72
2.856363636363636
2.483636363636364
2.4654545454545453
2.670909090909091
2.6654545454545455
2.5868181818181815
2.643636363636364
2.446818181818182
2.6677272727272725
2.713636363636364
2.85
2.9377272727272725
2.735
2.6472727272727274
2.604090909090909
2.7613636363636362
3.088181818181818
2.795
2.9995454545454545
2.700454545454545
2.622272727272727
2.6204545454545456
2.7354545454545454
2.765
2.6818181818181817
2.9086363636363637
2.8604545454545454
2.7677272727272726
2.8745454545454545
3.3145454545454545
2.97
2.9895454545454543
3.277727272727273
3.1136363636363638
2.799090909090909
2.811818181818182
2.554090909090909
2.8736363636363635
2.794545454545455
2.7513636363636365
2.601818181818182
2.685
2.804090909090909
2.7981818181818183
2.736818181818182
2.626818181818182
2.709090909090909
2.705
2.5595454545454546
2.6109090909090913
2.52
2.864090909090909
2.6931818181818183
2.7409090909090907
2.562272727272727
2.8440909090909092
2.555454545454545
2.3390909090909093
2.6445454545454545
2.5795454545454546
2.5250000000000004
2.485
2.4213636363636364
2.3236363636363637
2.145909090909091
2.2395454545454547
2.2513636363636365
2.3813636363636363
2.235909090909091
2.3431818181818183
2.2954545454545454
2.106818181818182
2.3659090909090907
2.5304545454545457
2.4095454545454547
2.076363636363636
2.1286363636363634
2.340909090909091
2.1795454545454547
2.201363636363636
2.065909090909091
2.16
1.9827272727272727
2.1213636363636366
2.1213636363636366
1.9613636363636362
1.856818181818182
1.9413636363636364
1.8286363636363638
1.7868181818181819
1.9045454545454545
1.8104545454545453
1.8277272727272729
1.8763636363636365
1.8504545454545456
1.635909090909091
1.7072727272727273
1.721818181818182
1.6572727272727272
1.5986363636363636
1.5963636363636362
1.5904545454545456
1.4754545454545456
1.3745454545454545
1.4000000000000001
1.3299999999999998
1.3413636363636363
1.4095454545454544
1.4045454545454545
1.240909090909091
1.2727272727272727
1.1427272727272728
1.264090909090909
1.0854545454545454
0.9872727272727272
0.9890909090909091
1.0077272727272726
1.0763636363636364
0.9772727272727273
1.1182608695652174
1.017391304347826
0.9886956521739131
0.9508695652173913
0.9226086956521738
0.9739130434782608
1.0021739130434784
0.9730434782608696
0.7469565217391304
0.8178260869565217
0.8834782608695653
0.7639130434782608
0.6865217391304348
0.7265217391304348
0.5478260869565217
0.6217391304347827
0.8091304347826087
0.7026086956521739
0.7108695652173914
0.6443478260869565
0.6634782608695652
0.69
0.6434782608695653
0.5860869565217391
0.5604347826086957
0.4695652173913043
0.5147826086956522
0.4882608695652174
0.5969565217391305
0.42260869565217396
0.46956521739130436
0.42869565217391303
0.3821739130434782
0.4869565217391304
0.4956521739130435
0.478695652173913
0.47695652173913045
0.3443478260869565
0.42130434782608694
0.5717391304347826
0.47695652173913045
0.4439130434782609
0.4404347826086957
0.5743478260869566
0.3495652173913043
0.4730434782608696
0.29
0.4252173913043478
0.3456521739130435
0.43956521739130433
0.3452173913043478
0.2782608695652174
0.4678260869565217
0.24869565217391304
0.4804347826086957
0.39869565217391306
0.3134782608695652
0.271304347826087
0.2808695652173913
0.3243478260869565
0.18782608695652175
0.22695652173913042
0.26130434782608697
0.28956521739130436
0.31782608695652176
0.1908695652173913
0.3130434782608696
0.3382608695652174
0.19521739130434784
0.2343478260869565
0.24000000000000002
0.31086956521739134
0.32304347826086954
0.2839130434782609
0.22869565217391302
0.25608695652173913
0.2756521739130435
0.35130434782608694
0.3582608695652174
0.2843478260869565
0.3139130434782609
0.2082608695652174
0.22043478260869567
0.29304347826086957
0.22391304347826088
0.2834782608695652
0.2034782608695652
0.29695652173913045
0.26956521739130435
0.27391304347826084
0.3969565217391304
0.2360869565217391
