temperature
5.26
4.624090909090909
4.566818181818181
4.489090909090909
5.441818181818181
4.887727272727273
5.071363636363636
5.231363636363636
4.983636363636363
5.440454545454545
5.539545454545455
6.126363636363636
6.082272727272727
5.284545454545455
6.167727272727273
5.450454545454545
5.392272727272727
5.413181818181818
5.742727272727273
5.246363636363636
4.850909090909091
4.779545454545455
4.571363636363636
4.506363636363637
4.755909090909091
4.322272727272727
4.321363636363636
4.590454545454545
4.653636363636363
4.400454545454545
4.333636363636364
4.595454545454546
4.285909090909091
4.405454545454545
5.6022727272727275
5.653181818181818
5.404090909090909
4.932727272727273
4.51
4.491818181818181
4.9386363636363635
5.597727272727273
5.951363636363637
5.302272727272728
4.4381818181818184
4.922727272727273
4.969545454545455
5.002727272727273
5.048181818181818
5.107272727272727
4.574090909090909
4.832727272727273
5.170454545454546
5.497272727272727
5.713181818181818
5.63
5.649545454545454
5.493636363636363
5.27
5.072272727272727
4.620454545454546
4.727727272727273
4.760909090909091
4.842727272727273
5.659545454545455
6.5
6.677272727272728
6.564545454545455
6.5590909090909095
6.352727272727273
6.071818181818182
5.703636363636364
5.947272727272727
6.9381818181818184
6.8981818181818175
7.220454545454545
6.680000000000001
6.108181818181818
6.123636363636364
6.587272727272727
6.925909090909091
7.153181818181818
7.262272727272727
7.585
7.258181818181819
6.850909090909091
7.032272727272727
7.535
7.763636363636363
8.045454545454545
8.185217391304347
8.189565217391305
7.767826086956521
7.636521739130435
7.558695652173912
8.279130434782608
7.236521739130435
7.316521739130435
7.736086956521739
8.008695652173913
7.765652173913044
7.640434782608695
7.709565217391304
8.126086956521739
8.272173913043478
8.448260869565217
8.540869565217392
8.271304347826087
7.832173913043477
8.326086956521738
9.192608695652174
9.65
10.030434782608696
10.055652173913044
10.22695652173913
10.047391304347826
10.11608695652174
10.22391304347826
10.046956521739132
10.199565217391305
10.406521739130435
10.641304347826088
10.516521739130434
10.31304347826087
10.488695652173913
10.441304347826087
10.768260869565216
10.77304347826087
10.769565217391303
11.229130434782608
11.673913043478262
11.20608695652174
10.954347826086956
10.960869565217392
11.194782608695652
11.493913043478262
11.16695652173913
11.119565217391305
11.385652173913044
11.463043478260868
11.62913043478261
11.77695652173913
12.319130434782608
12.482173913043477
12.317391304347826
12.125217391304348
12.19
12.094347826086958
12.324347826086955
12.950869565217392
13.08608695652174
13.225652173913044
13.843913043478262
13.54304347826087
13.176521739130434
13.234782608695651
13.598695652173912
13.568695652173913
13.59086956521739
13.878260869565217
13.844347826086958
13.630869565217392
13.457391304347825
13.568695652173913
14.006956521739129
14.059565217391304
14.508695652173913
14.835217391304347
14.846521739130436
15.004347826086958
14.703913043478261
14.15
14.270869565217392
14.519565217391303
14.574347826086958
14.996521739130435
15.074347826086955
15.247391304347826
15.389130434782608
15.761304347826087
15.651304347826088
15.850434782608696
15.602608695652174
15.724782608695653
15.553478260869566
15.24608695652174
15.158260869565217
15.388695652173913
15.478695652173913
15.684347826086958
16.06478260869565
15.813478260869564
15.753913043478262
15.685217391304347
16.023478260869563
16.262608695652176
16.30608695652174
15.989999999999998
16.301304347826086
16.78217391304348
16.512173913043476
16.2404347826087
16.090434782608696
16.460869565217394
16.52608695652174
16.749565217391304
16.675652173913043
16.840434782608696
16.91695652173913
16.71913043478261
16.41304347826087
16.32217391304348
16.748260869565218
16.74608695652174
16.745217391304347
16.610434782608696
16.958695652173912
16.703478260869566
16.650434782608695
16.460434782608697
16.684782608695652
16.551304347826086
16.820434782608697
16.385217391304348
15.841304347826087
15.943478260869565
16.167826086956524
15.960869565217392
16.05391304347826
16.03391304347826
16.218260869565217
16.33695652173913
16.065652173913044
16.214347826086957
15.899565217391304
15.23608695652174
15.333913043478262
15.759565217391305
15.077826086956522
14.67304347826087
14.619565217391305
15.0
15.077826086956522
14.67782608695652
14.803043478260872
15.247826086956522
14.93695652173913
14.85217391304348
14.904347826086957
14.72
14.506956521739129
14.48391304347826
14.66695652173913
14.828695652173913
14.273478260869567
13.86
13.428695652173914
13.190434782608696
13.157391304347826
13.02695652173913
13.442608695652174
13.851304347826087
13.840434782608694
13.689565217391305
13.398695652173913
13.173913043478262
12.991739130434782
12.59086956521739
12.794782608695652
13.002608695652174
13.252608695652174
13.236521739130435
13.571739130434782
13.59772727272727
12.684545454545455
12.45
11.67681818181818
11.497727272727273
11.980454545454545
11.46
12.40227272727273
12.364090909090908
12.238636363636363
12.092272727272727
11.608636363636363
11.266818181818183
11.07909090909091
11.118181818181817
11.068181818181818
10.574545454545454
10.00590909090909
10.196363636363635
9.83090909090909
10.626818181818182
10.543181818181818
10.593181818181819
10.761363636363637
10.504545454545454
10.677727272727273
10.722272727272726
10.15318181818182
10.023181818181818
10.448636363636364
10.219545454545454
9.353636363636364
9.141818181818183
9.314545454545454
8.855909090909092
9.239090909090908
8.841818181818182
8.524090909090908
9.062727272727273
8.242272727272727
8.357727272727272
8.775
8.403636363636364
8.495
7.865454545454545
7.469545454545454
7.168636363636364
7.269090909090909
7.350909090909091
6.879999999999999
6.954545454545454
6.706818181818182
6.584545454545454
6.297727272727273
6.913636363636363
6.779090909090908
6.994999999999999
6.890909090909091
6.847272727272727
6.7309090909090905
6.548181818181818
6.244999999999999
6.194999999999999
6.047727272727273
6.2268181818181825
5.926818181818183
5.717727272727273
5.591363636363637
5.672272727272728
5.500909090909091
5.457727272727272
5.44
5.669090909090909
5.677727272727273
5.001818181818181
4.755454545454546
4.8522727272727275
4.495909090909091
4.845
4.615909090909091
3.950454545454545
5.079545454545454
4.97
5.639545454545455
5.923636363636363
4.962272727272727
4.484090909090909
4.550909090909091
4.159090909090909
4.320454545454545
4.873636363636364
4.8931818181818185
