temperature
5.807727272727273
5.130909090909091
5.175
5.049545454545455
5.972272727272728
5.347272727272728
5.5181818181818185
5.610454545454545
5.412272727272728
5.903636363636363
6.009545454545455
6.617727272727273
6.458181818181819
5.754545454545455
6.7272727272727275
5.995909090909091
5.933181818181819
5.930000000000001
6.200454545454545
5.652727272727272
5.379090909090909
5.3500000000000005
5.0604545454545455
4.977727272727273
5.178181818181819
4.7263636363636365
4.723636363636364
5.098181818181818
5.1054545454545455
4.859090909090909
4.7290909090909095
5.029545454545455
4.7
4.818181818181818
6.0213636363636365
6.127272727272728
5.848181818181818
5.403181818181818
5.052727272727273
4.995909090909091
5.424090909090909
6.077272727272727
6.368181818181818
5.72
4.866363636363636
5.322272727272727
5.418181818181818
5.494545454545454
5.538636363636363
5.655
5.073636363636364
5.282272727272727
5.629545454545454
5.968181818181819
6.171363636363637
6.0231818181818175
6.047272727272727
5.842272727272728
5.6859090909090915
5.446363636363636
4.983636363636363
5.1463636363636365
5.220454545454545
5.245454545454546
6.090909090909091
6.909090909090909
7.085454545454545
6.931818181818182
6.927272727272728
6.774545454545454
6.48
6.159545454545454
6.328181818181818
7.305454545454546
7.252272727272728
7.586818181818182
7.072727272727272
6.500454545454545
6.495454545454546
6.995909090909091
7.364090909090908
7.556818181818182
7.647272727272727
7.98
7.69
7.298181818181818
7.402727272727273
7.908181818181817
8.085909090909091
8.355909090909092
8.479565217391304
8.480869565217391
8.023478260869565
7.937826086956521
7.858695652173913
8.59695652173913
7.605652173913044
7.719565217391305
8.116521739130436
8.320869565217391
8.118695652173912
8.005652173913044
8.102608695652174
8.438260869565218
8.592608695652174
8.79782608695652
8.829565217391306
8.652608695652173
8.187826086956521
8.615652173913043
9.472608695652173
9.85608695652174
10.187826086956521
10.215652173913044
10.446521739130436
10.345652173913043
10.383478260869564
10.505217391304347
10.322173913043478
10.454782608695652
10.633478260869564
10.966956521739132
10.816521739130435
10.609565217391305
10.771739130434783
10.69
11.003478260869565
11.018695652173914
11.002608695652174
11.485652173913044
11.993913043478262
11.458260869565219
11.235652173913044
11.214347826086957
11.431739130434783
11.797391304347828
11.411739130434782
11.34086956521739
11.565217391304348
11.660434782608695
11.89391304347826
12.047826086956523
12.566521739130433
12.715217391304348
12.55608695652174
12.407826086956522
12.45304347826087
12.32
12.52695652173913
13.236521739130435
13.257391304347827
13.41695652173913
14.03608695652174
13.782608695652174
13.450869565217392
13.449565217391307
13.819565217391306
13.73913043478261
13.821304347826086
14.039130434782608
14.041739130434781
13.847826086956522
13.664347826086955
13.765217391304349
14.250869565217391
14.351739130434781
14.746956521739131
15.02695652173913
15.048260869565217
15.22391304347826
14.90608695652174
14.39
14.496521739130435
14.723478260869564
14.759565217391305
15.21391304347826
15.23608695652174
15.484347826086957
15.6
15.97086956521739
15.85391304347826
16.107391304347825
15.735652173913044
15.902173913043478
15.679565217391303
15.419565217391304
15.313478260869564
15.551304347826088
15.688260869565216
15.928260869565218
16.270869565217392
16.044347826086955
15.927826086956523
15.915652173913044
16.223478260869566
16.513478260869565
16.50695652173913
16.276521739130434
16.49608695652174
16.961304347826086
16.703478260869566
16.519565217391303
16.31
16.602608695652176
16.67782608695652
16.97478260869565
16.90304347826087
17.00086956521739
17.139565217391304
16.85217391304348
16.518695652173914
16.436521739130434
16.894782608695653
16.97
16.944347826086954
16.85782608695652
17.177391304347825
16.876521739130432
16.860869565217392
16.691739130434783
16.872608695652172
16.79217391304348
16.960434782608694
16.59913043478261
16.085652173913044
16.172608695652173
16.336521739130436
16.178260869565218
16.263478260869565
16.243478260869566
16.381304347826084
16.52521739130435
16.299565217391304
16.464782608695653
16.13608695652174
15.532608695652174
15.647391304347826
16.114347826086956
15.400434782608695
15.021739130434783
14.916086956521738
15.337391304347825
15.407391304347826
14.975217391304348
15.084782608695651
15.533478260869565
15.247826086956522
15.131304347826086
15.229130434782608
15.034782608695652
14.805217391304348
14.82
14.989565217391304
15.138695652173913
14.543478260869565
14.209565217391305
13.77913043478261
13.558695652173913
13.533478260869565
13.40913043478261
13.775652173913043
14.202608695652176
14.155217391304348
14.03217391304348
13.786956521739132
13.550869565217392
13.36695652173913
12.96913043478261
13.175652173913045
13.283043478260868
13.572608695652175
13.545652173913044
13.924347826086956
13.933181818181817
13.067727272727273
12.836818181818183
12.07409090909091
11.899090909090908
12.40090909090909
11.887727272727272
12.82318181818182
12.762272727272727
12.670454545454545
12.514090909090909
12.045
11.705
11.522727272727273
11.565
11.579545454545455
10.983181818181817
10.453636363636363
10.634545454545455
10.344545454545456
11.075909090909091
10.927272727272728
11.022272727272728
11.177272727272728
10.883181818181818
11.080454545454545
11.093636363636364
10.575454545454546
10.534090909090908
10.904545454545454
10.619545454545454
9.717272727272727
9.532727272727273
9.655
9.306818181818182
9.66090909090909
9.311818181818182
8.96
9.531363636363636
8.75
8.83090909090909
9.245000000000001
8.825000000000001
8.912727272727272
8.372727272727273
7.919090909090909
7.6859090909090915
7.783181818181819
7.884090909090909
7.451363636363637
7.555454545454546
7.285
7.098181818181818
6.822272727272727
7.410454545454545
7.28
7.45090909090909
7.328181818181818
7.406363636363636
7.257727272727274
7.06
6.715
6.679090909090909
6.499545454545455
6.715454545454546
6.403636363636363
6.174545454545455
6.0636363636363635
6.194999999999999
5.997727272727272
6.002727272727273
5.966818181818183
6.133181818181819
6.121363636363636
5.512727272727273
5.273181818181818
5.304090909090909
5.021818181818182
5.390454545454546
5.150454545454545
4.641818181818182
5.695454545454545
5.465
6.143636363636364
6.379545454545454
5.421818181818182
4.934090909090909
5.034090909090909
4.648181818181818
4.925454545454546
5.46409090909091
5.440454545454545
