pet
0.36869565217391304
0.33304347826086955
0.3552173913043478
0.27869565217391307
0.16347826086956524
0.26782608695652177
0.27
0.31173913043478263
0.23782608695652172
0.30391304347826087
0.3547826086956522
0.401304347826087
0.31782608695652176
0.3560869565217391
0.16478260869565217
0.27260869565217394
0.3378260869565217
0.27391304347826084
0.3673913043478261
0.2373913043478261
0.3173913043478261
0.3234782608695652
0.31565217391304345
0.3669565217391304
0.2834782608695652
0.3530434782608696
0.3069565217391304
0.2782608695652174
0.2995652173913043
0.3060869565217391
0.3713043478260869
0.36434782608695654
0.3630434782608695
0.30782608695652175
0.4043478260869566
0.41739130434782606
0.4039130434782609
0.5317391304347826
0.44565217391304346
0.3756521739130435
0.45478260869565224
0.41478260869565214
0.39217391304347826
0.47347826086956524
0.46913043478260874
0.4121739130434783
0.42478260869565215
0.3308695652173913
0.3843478260869565
0.48
0.4491304347826087
0.4673913043478261
0.6039130434782609
0.5504347826086956
0.5226086956521739
0.4895652173913043
0.5508695652173913
0.5617391304347826
0.6339130434782608
0.6417391304347826
0.6517391304347826
0.788695652173913
0.7708695652173914
0.7539130434782608
0.7734782608695652
0.7143478260869565
0.7643478260869564
0.8147826086956521
0.6808695652173913
0.7278260869565216
0.8917391304347827
0.7930434782608695
0.7795652173913044
0.8730434782608695
0.8252173913043478
0.9073913043478261
0.9643478260869565
0.8913043478260869
0.9400000000000001
1.0195652173913043
1.0643478260869565
1.1443478260869566
1.1317391304347826
1.1769565217391305
1.09
1.1869565217391305
1.1752173913043478
1.241304347826087
1.184782608695652
1.0556521739130436
1.079090909090909
1.1404545454545454
1.12
1.2136363636363636
1.2268181818181818
1.229090909090909
1.2386363636363635
1.2218181818181817
1.3454545454545455
1.383181818181818
1.3904545454545454
1.4968181818181818
1.4877272727272726
1.7259090909090908
1.6336363636363636
1.6622727272727273
1.6218181818181818
1.5622727272727273
1.622272727272727
1.739090909090909
1.606818181818182
1.62
1.7154545454545456
1.7118181818181817
1.781818181818182
1.8913636363636364
1.8945454545454545
1.830909090909091
1.81
1.7245454545454544
1.9422727272727272
1.979090909090909
2.0040909090909094
2.061818181818182
1.9504545454545452
2.050909090909091
1.9727272727272727
2.0472727272727274
2.106818181818182
2.000909090909091
2.123181818181818
2.0595454545454546
2.2718181818181815
2.4963636363636366
2.399090909090909
2.545
2.3813636363636363
2.3000000000000003
2.494090909090909
2.3736363636363635
2.2886363636363636
2.486818181818182
2.1354545454545453
2.393636363636364
2.484090909090909
2.510909090909091
2.5090909090909093
2.4954545454545456
2.4013636363636364
2.433181818181818
2.4595454545454545
2.673636363636364
2.415909090909091
2.5731818181818182
2.6540909090909093
2.3422727272727273
2.2790909090909093
2.553181818181818
2.5595454545454546
2.397727272727273
2.5045454545454544
2.3036363636363637
2.477272727272727
2.545
2.815909090909091
2.748181818181818
2.483636363636364
2.502727272727273
2.5436363636363635
2.6550000000000002
2.8686363636363637
2.5527272727272727
2.7409090909090907
2.526818181818182
2.475
2.54
2.679090909090909
2.67
2.6890909090909094
2.9350000000000005
2.7745454545454544
2.6290909090909094
2.7572727272727273
3.054090909090909
2.8272727272727276
2.791818181818182
3.0986363636363636
2.935909090909091
2.6731818181818183
2.7463636363636366
2.523636363636364
2.8204545454545453
2.7195454545454543
2.6363636363636362
2.523636363636364
2.560909090909091
2.6654545454545455
2.6786363636363637
2.557727272727273
2.5222727272727274
2.605
2.6686363636363635
2.2790909090909093
2.42
2.4109090909090907
2.735909090909091
2.5213636363636365
2.63
2.4968181818181816
2.6763636363636363
2.4395454545454545
2.277272727272727
2.596818181818182
2.534090909090909
2.513181818181818
2.434090909090909
2.3863636363636362
2.248181818181818
2.0745454545454547
2.1377272727272727
2.18
2.2822727272727272
2.2754545454545454
2.242272727272727
2.1186363636363637
2.070909090909091
2.3345454545454545
2.4477272727272728
2.304090909090909
2.0204545454545455
1.9622727272727274
2.216818181818182
2.2245454545454546
2.096363636363636
1.9886363636363635
2.0313636363636363
1.9086363636363637
1.9895454545454543
1.995
1.905909090909091
1.7881818181818183
1.835909090909091
1.7263636363636365
1.8286363636363634
1.8518181818181818
1.6909090909090911
1.8286363636363634
1.8527272727272726
1.8240909090909092
1.5659090909090911
1.6536363636363633
1.6663636363636363
1.6227272727272728
1.5427272727272727
1.505909090909091
1.57
1.512272727272727
1.3445454545454545
1.3990909090909092
1.3381818181818181
1.365909090909091
1.3586363636363636
1.4045454545454545
1.2759090909090909
1.2181818181818183
1.0836363636363637
1.169090909090909
1.0313636363636365
0.9459090909090908
0.9718181818181818
0.9681818181818183
0.995
0.9386363636363636
1.0639130434782609
0.9843478260869566
0.9317391304347826
0.8826086956521739
0.9139130434782609
0.8960869565217391
0.9239130434782609
0.8943478260869565
0.7691304347826086
0.8082608695652174
0.8517391304347826
0.6682608695652175
0.6339130434782608
0.6282608695652173
0.528695652173913
0.5443478260869565
0.7443478260869566
0.678695652173913
0.6656521739130435
0.581304347826087
0.6360869565217392
0.6130434782608696
0.6139130434782609
0.5160869565217391
0.5243478260869565
0.4330434782608696
0.5034782608695653
0.391304347826087
0.5265217391304348
0.43173913043478257
0.4643478260869565
0.43869565217391304
0.4047826086956522
0.4360869565217391
0.44826086956521743
0.44652173913043475
0.4708695652173913
0.2856521739130435
0.3582608695652174
0.51
0.46
0.4491304347826087
0.41304347826086957
0.5065217391304347
0.3317391304347826
0.40304347826086956
0.2573913043478261
0.3673913043478261
0.32304347826086954
0.4273913043478261
0.3539130434782609
0.21739130434782608
0.3760869565217391
0.2595652173913044
0.45
0.3752173913043478
0.2926086956521739
0.2778260869565218
0.23956521739130435
0.29217391304347823
0.20043478260869566
0.21304347826086958
0.26782608695652177
0.27260869565217394
0.3073913043478261
0.17565217391304347
0.3026086956521739
0.31999999999999995
0.15478260869565216
0.18434782608695652
0.21782608695652173
0.22869565217391302
0.32608695652173914
0.2691304347826087
0.19043478260869565
0.2508695652173913
0.22260869565217392
0.2882608695652174
0.30782608695652175
0.24695652173913044
0.32173913043478264
0.2017391304347826
0.16956521739130434
0.2778260869565217
0.21043478260869564
0.2691304347826087
0.21
0.26304347826086955
0.2943478260869565
0.22956521739130437
0.3713043478260869
0.24000000000000002
