temperature
4.9804545454545455
4.446363636363636
4.309545454545455
4.197727272727272
5.255909090909091
4.642272727272727
4.890454545454546
4.904545454545455
4.7736363636363635
5.232727272727273
5.375909090909091
6.005454545454546
5.741818181818182
5.16
5.861363636363635
5.220454545454545
5.203636363636364
5.140909090909091
5.307272727272728
4.933636363636364
4.444090909090909
4.398181818181818
4.262727272727273
4.415
4.632272727272727
4.181363636363636
4.239545454545454
4.279090909090909
4.319090909090909
4.12
4.171363636363636
4.454999999999999
4.191363636363636
4.221818181818182
5.237272727272727
5.315454545454545
5.0640909090909085
4.652727272727272
4.234090909090909
4.340909090909091
4.626818181818181
5.358181818181818
5.620454545454545
5.076363636363637
4.223181818181818
4.704545454545454
4.5613636363636365
4.659090909090909
4.629545454545454
4.825454545454545
4.3568181818181815
4.458636363636364
4.919545454545455
5.081363636363637
5.175909090909091
5.2295454545454545
5.265454545454546
5.087272727272727
4.8104545454545455
4.598181818181818
4.196363636363636
4.350909090909091
4.302727272727273
4.510454545454546
5.330909090909091
6.048636363636363
6.185454545454546
6.040454545454545
6.121363636363636
5.850454545454546
5.565909090909091
5.055909090909091
5.566363636363636
6.306363636363637
6.195909090909091
6.609090909090909
6.001818181818181
5.601818181818182
5.704090909090909
6.137727272727273
6.4
6.736818181818182
6.825
7.188181818181818
6.8077272727272735
6.308636363636364
6.497727272727272
6.915
7.1018181818181825
7.340909090909091
7.613636363636363
7.65090909090909
7.234090909090909
6.993181818181818
6.904545454545455
7.489545454545455
6.659090909090909
6.649545454545454
7.137727272727273
7.343181818181819
7.065
7.004545454545454
7.083636363636364
7.575909090909092
7.655
7.71090909090909
7.815
7.426818181818181
7.027272727272727
7.585
8.477727272727272
8.882272727272728
9.259545454545455
9.328181818181818
9.411818181818182
9.231363636363637
9.194545454545455
9.283636363636363
9.121363636363636
9.225000000000001
9.608636363636363
10.06409090909091
9.966363636363637
9.853636363636364
9.836818181818181
9.608181818181817
10.090909090909092
10.058181818181819
9.948636363636364
10.227727272727272
10.625454545454545
10.359545454545454
10.159090909090908
10.170454545454545
10.617727272727272
10.72181818181818
10.347727272727273
10.269090909090908
10.558181818181819
10.729545454545455
10.778636363636364
10.945
11.287727272727274
11.281363636363636
11.218636363636364
11.223636363636363
11.417727272727273
11.305909090909092
11.571363636363635
12.127272727272727
12.240909090909092
12.330454545454545
12.816363636363635
12.641818181818183
12.27090909090909
12.228636363636362
12.550454545454546
12.506363636363636
12.497272727272728
12.742272727272727
12.69681818181818
12.692727272727273
12.411363636363637
12.462272727272728
12.93409090909091
13.092727272727274
13.489545454545453
13.845454545454546
13.822727272727274
13.984090909090908
13.634090909090908
13.112272727272726
13.325
13.572727272727274
13.659999999999998
14.129545454545456
14.115000000000002
13.975
14.251818181818182
14.69681818181818
14.614090909090908
14.715909090909092
14.568636363636363
14.512727272727272
14.424090909090909
14.337727272727273
14.163636363636364
14.377272727272727
14.494545454545454
14.731818181818182
15.426363636363636
15.019545454545455
14.988636363636363
14.805
14.864090909090908
15.003181818181817
15.060454545454546
14.855454545454545
15.458181818181817
15.855454545454545
15.432727272727272
15.134545454545453
15.116818181818182
15.370454545454544
15.42090909090909
15.833636363636366
15.707272727272727
15.633181818181818
15.532727272727271
15.534999999999998
15.37318181818182
15.262727272727274
15.718181818181819
15.75590909090909
15.780909090909091
15.742727272727272
15.977727272727272
15.610909090909091
15.495909090909093
15.30090909090909
15.515909090909092
15.583181818181817
15.828636363636365
15.410909090909092
14.962272727272728
15.079545454545455
15.014090909090909
14.971363636363636
15.203636363636365
15.016363636363637
15.18409090909091
15.265909090909092
15.007727272727273
15.267727272727273
15.12
14.465000000000002
14.58
14.969999999999999
14.317272727272728
13.94681818181818
13.934545454545455
14.040454545454544
14.211363636363636
13.812727272727273
13.940454545454545
14.442272727272728
14.280909090909091
14.249545454545455
14.076818181818181
13.865454545454547
13.594999999999999
13.54681818181818
13.98090909090909
14.15090909090909
13.577727272727271
13.327272727272726
12.799545454545456
12.654545454545454
12.455
12.513636363636364
13.013181818181819
13.227272727272727
13.191363636363635
13.115909090909092
12.80409090909091
12.678636363636365
12.393181818181818
12.077727272727271
12.350454545454545
12.409090909090908
12.818636363636363
12.783636363636363
13.206818181818182
13.172857142857143
12.157619047619047
11.964285714285714
11.111428571428572
11.030476190476191
11.363809523809524
11.106190476190475
12.026666666666667
11.738571428571428
11.604285714285714
11.485714285714286
11.088095238095239
10.777619047619048
10.830952380952382
11.068095238095239
11.01952380952381
10.463333333333333
9.943809523809524
10.163333333333334
9.57952380952381
10.087727272727273
9.993181818181817
10.094090909090909
10.22090909090909
9.995454545454546
10.216363636363637
10.327727272727273
9.705
9.587272727272726
10.042272727272728
9.830454545454545
8.992272727272727
8.850909090909092
8.915909090909091
8.590454545454547
9.042727272727273
8.574545454545454
8.257727272727273
8.717272727272727
7.944545454545454
8.056818181818182
8.40409090909091
8.167727272727273
8.283636363636363
7.734545454545454
7.462272727272727
7.060454545454546
7.2304545454545455
7.211818181818182
6.637272727272728
6.699545454545454
6.466363636363636
6.206818181818182
6.104090909090909
6.846363636363637
6.475909090909091
6.77
6.625454545454545
6.498181818181819
6.403181818181818
6.363181818181818
5.879545454545454
6.013181818181818
5.895454545454545
5.993636363636364
5.837727272727273
5.723181818181818
5.473181818181818
5.52
5.584545454545455
5.716818181818183
5.496363636363636
5.63909090909091
5.461818181818182
4.841363636363637
4.57
4.863636363636363
4.510454545454546
4.673636363636363
4.526818181818182
3.821818181818182
4.946818181818181
4.8545454545454545
5.495
5.581363636363636
4.71409090909091
4.356363636363636
4.415909090909091
3.9654545454545453
4.192272727272727
4.707272727272727
4.73590909090909
