pet
0.255
0.35625
0.37375
0.31875000000000003
0.34375
0.25625
0.28250000000000003
0.21125
0.325
0.34375
0.3125
0.43375
0.215
0.1275
0.35
0.33999999999999997
0.34875
0.43625
0.34750000000000003
0.47375
0.54875
0.32
0.24125000000000002
0.27875
0.4025
0.3075
0.4275
0.33625
0.42000000000000004
0.57125
0.65875
0.605
0.43
0.46875
0.50375
0.3175
0.29625
0.33999999999999997
0.51625
0.33999999999999997
0.35375
0.32625
0.33375
0.32625000000000004
0.24875
0.3675
0.3575
0.41125
0.37124999999999997
0.44
0.50625
0.6375
0.6075
0.52
0.5725
0.63375
0.66125
0.71375
0.7162499999999999
0.625
0.695
0.485
0.54
0.61375
0.73
0.695
0.905
0.9075
1.00125
0.76625
0.70875
0.745
0.8600000000000001
0.6325
0.6325000000000001
0.8425
0.8412499999999999
0.955
0.875
1.1300000000000001
1.05375
1.1075
0.8075
0.8262499999999999
0.87125
0.9475
0.9862500000000001
0.855
1.12875
0.9400000000000001
1.21875
1.12375
0.8474999999999999
0.87375
1.3425
0.9725
1.29375
1.19375
1.03125
1.51375
1.41875
1.34
1.4
1.35375
1.695
1.38
1.6375
1.4325
1.37375
1.31375
1.295
1.56125
1.5050000000000001
1.18625
1.43
1.345
1.61375
1.7537500000000001
1.33
1.86625
1.77625
1.92875
1.91375
1.4849999999999999
1.4749999999999999
1.6275
1.995
2.06
2.16625
1.91875
1.9325
1.99625
2.1875
2.13125
1.92375
2.0300000000000002
1.87875
1.8375
2.1825
2.0375
1.65125
1.835
1.5899999999999999
2.155
1.8725
1.73125
2.1712499999999997
2.36875
2.12625
2.52875
2.17625
2.19125
2.12
2.3075
1.94875
2.1225
2.03875
1.865
1.75125
2.225
1.925
2.03375
1.88125
1.4974999999999998
2.15375
1.995
2.03
1.77375
1.84125
1.87625
1.4312500000000001
1.9075
1.49375
1.5262499999999999
1.8287499999999999
2.11375
1.9012499999999999
2.6125
2.275
1.9925000000000002
2.565
2.49375
2.54
2.7925
1.9125
2.225
2.0925000000000002
2.29375
2.085
1.6975
1.6375000000000002
1.71875
1.90625
1.88125
1.6712500000000001
2.09875
2.04375
1.66375
1.87625
1.6975
1.99
1.9075
2.52125
1.9375
2.095
2.00125
1.65875
2.12
1.53
2.00375
1.8287499999999999
1.9537499999999999
1.46
1.5662500000000001
1.8325
2.06875
1.98625
1.73
1.7525
1.68
1.5125
1.80375
1.6225
1.6175000000000002
1.6
1.56
1.5075
1.70875
1.54
1.195
1.54375
1.50625
1.70125
1.47
1.29875
1.44125
1.5925
1.45875
1.52125
1.18625
1.385
1.30625
1.5625
1.13125
1.235
1.151111111111111
1.24
1.3644444444444446
1.1800000000000002
1.2077777777777776
1.267777777777778
1.1744444444444444
1.088888888888889
1.09
0.9733333333333333
0.8922222222222221
1.0499999999999998
0.8077777777777777
0.9922222222222222
0.8144444444444444
0.9333333333333333
0.911111111111111
1.1022222222222222
1.0522222222222224
0.7977777777777778
0.9500000000000001
0.9677777777777778
1.0022222222222221
1.1866666666666665
0.8488888888888888
0.798888888888889
0.8611111111111112
0.8433333333333333
0.9837500000000001
1.0325
0.91125
0.83875
0.9625
1.0325
0.74625
0.66375
0.63875
0.79
0.57375
0.53
0.51
0.4675
0.47625
0.57
0.5925
0.64
0.55
0.525
0.58625
0.47875
0.49125
0.71625
0.605
0.7575
0.565
0.41
0.41000000000000003
0.49624999999999997
0.41000000000000003
0.46
0.4675
0.34875
0.32125000000000004
0.28500000000000003
0.42375
0.34625
0.58875
0.40625
0.34125
0.52875
0.38625
0.32375
0.27875
0.4125
0.475
0.47625
0.2625
0.46375
0.295
0.31125
0.36375
0.4575
0.45625000000000004
0.495
0.19625
0.33875
0.4025
0.2725
0.24500000000000002
0.28875
0.3225
0.28
0.21375
0.39625
0.46499999999999997
0.28625
0.20625
0.445
0.35375
0.34125
0.245
0.28
0.2875
0.31625000000000003
0.2975
0.3025
0.275
0.30000000000000004
0.3125
0.30625
0.455
0.4375
0.37375
0.25875000000000004
0.2225
0.2925
0.27875
0.19125
0.3075
0.295
