temperature
4.0175
2.9625
3.56125
4.19
3.4924999999999997
3.56
3.405
3.6975000000000002
3.8325
3.39375
3.545
3.6062499999999997
3.015
2.8925
3.81875
3.3850000000000002
3.94875
3.90625
3.10375
3.075
3.6375
3.69625
3.6887499999999998
2.9
4.85
3.8975
4.71125
4.0525
3.5075
3.59375
3.855
2.6475
1.9224999999999999
2.91375
3.275
3.7575000000000003
3.45875
3.16875
3.7275
4.04125
3.3649999999999998
3.02625
3.1625
3.69375
4.74875
4.58875
4.525
4.93875
4.4325
3.195
3.9212499999999997
4.41875
3.48
4.81375
4.46375
4.7525
4.7725
4.59875
5.5275
5.0925
4.52375
3.46875
3.6725
4.00375
5.36125
5.99
4.51875
4.22875
4.0625
4.3925
4.92
5.1
5.1125
5.7299999999999995
5.82
5.6975
4.82625
5.3875
5.70125
5.86125
5.655
4.64
4.17625
4.2225
4.4174999999999995
4.75
4.2575
4.54875
5.08125
5.0962499999999995
5.29875
5.48
4.93875
5.5325
6.53125
6.35
5.97125
6.26375
6.9174999999999995
7.39875
6.1187499999999995
5.81625
5.785
6.785
6.73875
6.87875
6.43625
5.6375
6.1762500000000005
6.54625
7.1075
7.105
7.516249999999999
7.4037500000000005
7.16625
6.955
7.1775
7.50875
6.64625
6.78
6.28
6.1987499999999995
6.4675
7.92625
8.43125
7.922499999999999
7.77125
8.10125
8.1575
7.8525
8.12625
7.8125
7.7675
7.77375
8.4525
8.334999999999999
7.75875
8.105
8.9225
8.7225
9.16625
8.7675
9.01875
9.18625
9.01125
9.0775
9.51375
9.7275
9.6825
9.88375
9.45125
10.2075
10.55875
10.94375
9.809999999999999
9.8625
9.955
10.20375
10.629999999999999
10.685
10.16375
9.93625
9.911249999999999
9.25625
9.7025
9.88625
10.4225
11.032499999999999
10.575
10.25375
10.70875
11.03875
10.91875
11.03875
10.25
10.8175
11.60125
12.463750000000001
12.48125
12.19
13.11
13.05
13.4675
13.23
13.1375
12.92875
13.03125
12.40625
12.2425
11.786249999999999
11.54625
12.46
12.095
11.83
11.9425
12.75625
13.10125
12.9475
12.96
12.46
12.45875
12.182500000000001
12.47
12.9625
13.47875
12.895
12.78375
13.48375
13.0725
13.065
12.51
13.022499999999999
13.06
13.4525
13.975
14.04375
13.18375
13.08375
12.78375
12.6125
12.625
12.34375
12.5825
13.06875
13.13875
12.88875
12.85125
12.50625
12.71625
12.3525
13.34625
13.24125
13.0425
12.317499999999999
12.5025
12.44
12.115
11.4875
11.41
11.5725
12.1125
12.530000000000001
12.23
11.96
12.540000000000001
11.936666666666667
12.36111111111111
11.865555555555554
11.722222222222221
11.911111111111111
11.855555555555556
11.86111111111111
12.520000000000001
12.399999999999999
11.783333333333333
11.486666666666666
10.536666666666667
10.702222222222222
10.853333333333332
10.351111111111111
10.356666666666667
10.097777777777777
10.55
10.991111111111111
11.212222222222222
10.834444444444443
10.458888888888888
10.532222222222222
10.286666666666667
11.023333333333333
11.092222222222222
10.729999999999999
10.554444444444446
10.16875
10.11125
10.3025
8.8275
9.4025
9.89625
9.31
9.29
9.06625
9.1575
8.9825
8.68875
9.35125
10.48125
9.32375
8.26375
7.3675
7.63125
7.5825
7.98625
8.51
8.3225
8.89875
8.692499999999999
8.4125
8.61
7.96
7.63125
7.7025
7.99875
8.8575
7.6425
7.56875
7.081250000000001
6.88
5.6575
5.96375
6.89625
6.825
6.28625
5.80375
6.635
6.80625
6.672499999999999
7.42625
7.61125
7.59375
7.078749999999999
6.5125
7.12875
7.11625
6.49875
5.41
5.09875
4.87375
3.7912500000000002
5.29875
5.75125
5.2375
3.5962500000000004
3.34375
2.90625
2.70625
3.5
3.44875
3.2575000000000003
2.8025
2.5412500000000002
3.8725
4.72
3.9875
4.51375
3.9050000000000002
4.23625
4.875
4.60625
2.70625
2.675
2.535
2.065
2.44
3.29875
3.2837500000000004
3.2975
3.26875
3.27875
3.51375
3.17125
3.07625
2.79
3.5275
3.9175
