temperature
3.8439130434782607
3.9404347826086954
3.603913043478261
3.8039130434782606
3.8734782608695655
4.549565217391304
3.460869565217391
3.884782608695652
4.316086956521739
4.3908695652173915
4.033913043478261
3.15
3.146086956521739
3.278695652173913
3.6769565217391302
3.9426086956521735
3.3682608695652174
2.6595652173913042
3.3047826086956524
3.536521739130435
4.07695652173913
4.370869565217391
4.524347826086957
4.222608695652174
3.782608695652174
3.8156521739130436
3.4930434782608697
3.6213043478260873
3.678260869565217
3.3843478260869566
3.2934782608695654
3.471304347826087
3.5843478260869563
3.903913043478261
3.970869565217391
4.549565217391304
4.955217391304347
4.626956521739131
4.251304347826087
3.8378260869565217
3.2060869565217387
3.006521739130435
3.357391304347826
2.9808695652173913
2.373478260869565
2.221739130434783
2.3169565217391304
2.8121739130434786
3.103913043478261
3.1643478260869564
3.1939130434782608
3.779130434782609
4.194347826086957
4.340434782608695
4.3386956521739135
3.672173913043478
3.9856521739130435
3.9904347826086957
4.2
4.76
4.999130434782609
5.088695652173913
4.871739130434783
5.1286956521739135
5.224782608695652
5.732173913043479
5.815217391304348
5.78
6.074782608695652
6.4995652173913046
6.070434782608696
6.0208695652173905
5.886521739130434
5.8734782608695655
5.6000000000000005
6.335652173913044
6.49304347826087
6.5086956521739125
6.278695652173913
6.413913043478261
6.374782608695653
6.01608695652174
6.561304347826087
6.857391304347826
6.456086956521739
6.883478260869565
6.385217391304349
6.356521739130434
6.581304347826087
6.605217391304349
7.788181818181818
7.751818181818181
6.573181818181819
6.153181818181818
6.131363636363636
6.363181818181818
7.029090909090908
6.883636363636364
6.779090909090908
7.372272727272727
7.677272727272728
8.06590909090909
7.718636363636364
7.84590909090909
8.282727272727273
8.502272727272727
7.846818181818182
7.915909090909091
8.565
8.607272727272727
8.407727272727273
9.260454545454545
8.770909090909091
8.079545454545455
8.180454545454545
8.113181818181818
8.068181818181818
8.282727272727273
8.589545454545455
8.996363636363638
9.407272727272728
9.222272727272726
9.428636363636365
9.354090909090909
9.747272727272728
10.104090909090909
10.233181818181817
11.219545454545454
10.884545454545455
10.781363636363636
10.709090909090909
10.845454545454546
11.669545454545455
11.245909090909091
11.702727272727271
11.660454545454547
11.489545454545455
11.391363636363637
12.010909090909092
12.506818181818181
12.215909090909092
12.00590909090909
12.362727272727273
12.263636363636364
12.490454545454547
12.743181818181819
12.47909090909091
12.227272727272727
12.377727272727272
12.59818181818182
12.926363636363636
13.496363636363638
13.364545454545453
13.483181818181817
13.409545454545453
13.30090909090909
13.486818181818181
13.500454545454545
13.632272727272726
13.747727272727273
13.632272727272728
13.732727272727272
13.784999999999998
14.215000000000002
14.65181818181818
14.156363636363636
14.173181818181819
14.407272727272726
13.907272727272726
14.615000000000002
14.747272727272728
14.64590909090909
14.802727272727275
14.659545454545453
14.838181818181818
15.137272727272727
15.50090909090909
15.282272727272726
15.284090909090908
15.456363636363637
15.805
15.959545454545456
16.166363636363638
15.579545454545455
15.979545454545455
17.038636363636364
17.16090909090909
17.10090909090909
17.373636363636365
17.069545454545455
16.80545454545455
17.179545454545455
16.415454545454544
16.857727272727274
17.15681818181818
17.216363636363635
16.63090909090909
16.58590909090909
16.554545454545455
16.465
17.194090909090907
16.64181818181818
16.66272727272727
16.751363636363635
16.298181818181817
16.575454545454544
17.139545454545456
17.151363636363637
17.476363636363637
17.738636363636363
17.849999999999998
17.89909090909091
17.311363636363637
17.10818181818182
17.347727272727273
17.457727272727272
17.08727272727273
17.04
16.623181818181816
17.159545454545455
17.332272727272727
17.297272727272727
17.021363636363635
16.98681818181818
17.171818181818182
18.056818181818183
18.244545454545456
17.441363636363636
16.758181818181818
16.763181818181817
17.009545454545453
17.175
17.209545454545456
16.91590909090909
15.943636363636363
15.976363636363637
16.176363636363636
16.369545454545456
15.70909090909091
16.207272727272727
16.577727272727273
16.26772727272727
15.443181818181818
16.045
15.844545454545454
15.73
15.334545454545456
15.256818181818181
14.94909090909091
15.058636363636365
15.259090909090908
15.24409090909091
15.255
14.60409090909091
14.652727272727274
14.02681818181818
13.605
14.166363636363638
14.157272727272726
14.69818181818182
14.364545454545453
13.893181818181818
13.785454545454543
14.00090909090909
13.716818181818182
13.73
13.366363636363637
13.236363636363636
13.314090909090908
13.312272727272727
13.189545454545454
13.336363636363636
13.370909090909093
12.959130434782608
12.593478260869563
12.428695652173914
12.574782608695653
12.503913043478262
12.071739130434782
11.664347826086955
11.370434782608696
12.074347826086955
12.198260869565217
11.624782608695652
11.421739130434782
11.46782608695652
10.345652173913043
10.623913043478261
10.136086956521739
10.027826086956521
10.45
10.764347826086958
10.046086956521739
9.45608695652174
9.623913043478261
9.528260869565218
10.058695652173913
9.7
9.799130434782608
9.93391304347826
9.447826086956523
9.007826086956522
8.98
9.534347826086956
9.352173913043478
9.162608695652175
8.966956521739132
7.784782608695653
7.712173913043478
7.2247826086956515
7.828260869565218
8.390869565217391
8.027391304347827
7.773478260869565
8.151739130434782
6.828695652173913
6.397391304347826
5.89695652173913
6.124782608695653
6.331304347826087
6.20304347826087
6.685652173913044
6.475652173913043
5.634347826086957
5.301304347826087
5.766956521739131
6.28695652173913
6.143478260869566
6.0660869565217395
5.405652173913043
5.088260869565217
4.6665217391304346
4.220434782608695
4.329565217391305
5.044782608695653
5.163913043478261
5.662173913043477
5.665217391304348
5.881739130434783
5.15
5.021739130434782
4.7556521739130435
4.4882608695652175
3.9934782608695656
4.15391304347826
4.257391304347826
4.254782608695652
4.619565217391305
4.989130434782608
4.870869565217391
4.778260869565218
4.802173913043478
4.61695652173913
4.904782608695652
5.6265217391304345
5.02391304347826
5.1039130434782605
5.0917391304347825
5.243478260869566
4.789565217391305
5.079130434782608
4.943043478260869
4.895217391304348
3.712173913043478
3.4808695652173913
