temperature
3.6677272727272725
3.7363636363636363
3.6981818181818182
3.969090909090909
4.329999999999999
3.9690909090909092
2.9790909090909095
3.261818181818182
3.4986363636363635
2.934090909090909
2.8095454545454546
2.4222727272727274
1.903181818181818
2.187272727272727
2.966190476190476
3.0585714285714287
2.3342857142857145
2.070952380952381
2.836666666666667
3.1642857142857146
3.705238095238095
3.526666666666667
3.3676190476190477
3.544761904761905
3.3338095238095242
2.9652380952380955
2.856190476190476
2.9976190476190476
3.051428571428571
2.7685714285714287
2.7842857142857143
3.0100000000000002
3.3852380952380954
3.587619047619048
3.4833333333333334
3.6747619047619047
3.867142857142857
3.9047619047619047
3.5100000000000002
2.9838095238095237
2.4523809523809526
2.1342857142857143
2.4023809523809527
2.236190476190476
1.6990476190476191
1.4842857142857144
1.5942857142857145
1.9885714285714284
2.026666666666667
2.2847619047619045
2.243333333333333
2.7399999999999998
3.162380952380952
3.4295238095238094
3.3447619047619046
2.5233333333333334
3.0485714285714285
3.375714285714286
3.560952380952381
3.788095238095238
4.013333333333334
4.0338095238095235
4.043333333333333
4.3047619047619055
4.672380952380952
4.97952380952381
4.532857142857143
4.265714285714286
4.686190476190476
4.883809523809524
4.616190476190476
4.790952380952381
4.647142857142858
4.66952380952381
4.154761904761905
4.493809523809524
4.3585714285714285
4.390476190476191
4.255714285714286
4.44904761904762
4.546666666666667
4.606190476190476
4.61
4.994761904761905
4.86
5.140476190476191
4.908571428571428
4.887619047619047
5.4471428571428575
5.328571428571428
5.727142857142857
5.154761904761905
4.432857142857143
4.608095238095238
4.894761904761905
5.078095238095238
5.338095238095238
5.179523809523809
5.462857142857143
5.6085714285714285
6.0200000000000005
6.656666666666666
6.45952380952381
6.479523809523809
6.592380952380952
7.23142857142857
6.838095238095238
6.5390476190476186
7.194761904761905
6.958095238095238
7.098571428571428
7.555238095238095
7.579047619047619
7.215714285714286
7.161428571428571
7.1571428571428575
7.337142857142858
7.041904761904762
7.427142857142857
7.4957142857142856
7.553809523809524
7.27909090909091
7.690454545454545
7.922272727272727
8.04318181818182
8.239090909090908
8.357272727272727
8.81
8.331818181818182
8.329545454545455
9.112727272727271
8.899545454545454
9.246363636363636
9.422272727272727
9.470454545454546
9.488636363636363
9.834090909090909
10.015454545454546
9.842272727272727
10.450909090909091
10.47
10.256363636363636
10.734545454545454
11.022727272727273
10.985909090909091
10.761818181818182
10.882727272727273
10.386818181818182
10.615454545454545
10.492272727272727
10.660454545454545
11.032272727272728
10.933636363636364
11.284090909090908
11.246818181818183
11.258636363636363
11.130454545454546
11.16
11.491818181818182
11.961363636363636
11.775
11.697727272727274
11.871818181818183
11.577727272727273
11.723636363636365
11.969545454545454
12.439545454545454
12.340909090909092
12.121818181818183
12.635454545454547
12.720454545454546
12.677272727272726
12.685454545454546
12.55090909090909
12.282727272727273
12.77090909090909
13.059545454545455
13.021363636363638
13.021363636363638
13.25409090909091
13.42681818181818
13.273636363636363
13.246363636363638
13.742272727272727
14.253181818181817
14.592727272727274
14.30909090909091
14.302727272727275
14.588636363636363
14.090909090909092
14.154545454545454
14.238181818181818
14.282727272727273
14.641363636363637
14.336363636363636
14.54590909090909
14.442272727272728
14.05818181818182
13.750454545454545
14.070454545454545
14.466363636363637
14.309545454545455
14.159090909090908
14.157272727272726
14.055
14.27818181818182
14.502272727272727
14.717272727272727
14.79590909090909
14.947272727272729
14.863636363636363
14.275
13.922727272727274
14.308636363636365
14.64590909090909
13.936818181818182
14.128181818181817
14.077727272727271
13.808181818181817
13.917727272727273
14.385909090909092
13.906818181818181
14.12590909090909
14.283636363636363
14.239090909090908
14.479545454545455
14.871818181818183
14.172727272727274
13.857272727272727
13.820454545454545
14.084545454545456
14.414545454545454
14.410909090909092
14.563636363636363
13.510909090909092
13.794545454545455
13.85590909090909
13.922272727272729
13.606818181818182
13.656363636363636
13.62909090909091
13.68590909090909
13.202272727272726
13.479545454545455
13.251363636363635
13.050454545454546
12.528636363636364
12.609545454545456
12.512727272727272
12.655454545454546
13.07181818181818
12.662272727272727
12.389090909090909
11.994545454545454
12.035454545454547
11.839090909090908
11.482272727272727
11.64590909090909
11.874545454545455
11.9
11.79
11.452727272727273
11.496363636363636
11.414090909090909
10.98409090909091
11.451818181818181
11.289545454545454
10.945454545454545
10.714545454545455
10.706818181818182
11.151363636363637
10.93590909090909
10.604090909090909
10.397272727272728
10.242272727272727
10.402727272727274
10.491363636363637
10.055454545454545
10.208181818181817
10.232272727272727
9.622727272727273
10.236818181818181
10.079545454545455
9.180454545454545
9.365
8.896363636363636
8.65409090909091
8.595454545454546
8.176363636363636
7.846363636363637
8.162727272727272
8.518636363636363
8.483636363636363
7.944090909090909
7.640000000000001
7.722727272727273
7.929090909090909
8.031818181818181
8.307272727272727
8.04409090909091
7.81
7.2718181818181815
7.7322727272727265
7.985454545454545
7.681363636363637
7.593181818181819
7.159090909090909
6.901363636363637
6.576818181818182
6.3090909090909095
7.152727272727272
7.493181818181818
6.99
7.031363636363636
6.962727272727273
6.057272727272727
5.40590909090909
5.273181818181818
5.289090909090909
5.123636363636364
5.095909090909091
5.755909090909091
5.541363636363636
4.575
4.316818181818181
4.632272727272727
4.995
5.113636363636363
5.047272727272727
4.386363636363637
3.9036363636363633
3.85
3.77
3.995
4.370454545454546
4.6477272727272725
4.943181818181818
4.955
4.706818181818182
4.52
4.627727272727273
3.9645454545454544
3.5650000000000004
3.3490909090909087
3.544545454545455
3.6672727272727275
3.757727272727273
4.194090909090909
4.635909090909091
4.174090909090909
4.100909090909091
3.820909090909091
3.863181818181818
3.869545454545454
4.52
3.844090909090909
4.4390909090909085
4.547272727272727
4.344090909090909
4.413181818181818
4.348181818181818
4.448181818181818
4.532272727272727
3.790909090909091
3.6295454545454544
