temperature
0.46941176470588236
0.428235294117647
-0.6164705882352941
-0.7552941176470588
-0.38235294117647056
-0.33705882352941174
-0.46117647058823535
-0.6011764705882353
0.12823529411764711
0.03705882352941181
-0.12117647058823527
0.032941176470588175
-0.11823529411764712
0.4129411764705882
0.5576470588235294
0.17411764705882346
-0.014117647058823587
-0.27705882352941175
0.012941176470588326
-0.08117647058823528
0.16352941176470595
0.16470588235294117
-0.4664705882352941
-0.6035294117647059
-1.8294117647058825
-1.7
-1.4894117647058824
-1.1641176470588235
-0.6729411764705882
-0.25705882352941184
-0.7147058823529411
-0.49294117647058816
0.029999999999999936
0.6652941176470589
0.7776470588235295
0.9511764705882352
1.1964705882352942
-0.776470588235294
-0.6764705882352942
-0.4147058823529411
-0.691764705882353
-0.5876470588235294
-0.32117647058823534
-0.47
0.007058823529411745
-0.10941176470588238
-0.6900000000000001
-0.5052941176470588
0.032352941176470605
0.012941176470588248
0.02117647058823536
-0.3405882352941176
0.4764705882352942
0.7011764705882353
0.24941176470588236
0.025294117647058807
-0.5288235294117647
-0.15882352941176467
-0.3888235294117647
-0.3441176470588235
-0.4194117647058824
-0.1694117647058823
0.5941176470588235
1.0911764705882354
1.6694117647058824
1.968235294117647
1.2852941176470587
1.5629411764705883
1.8941176470588237
1.515294117647059
2.0811764705882356
2.110588235294118
1.796470588235294
1.2982352941176472
1.6382352941176472
1.8876470588235292
1.2870588235294118
1.0923529411764705
1.2417647058823529
0.9741176470588236
1.286875
1.13375
0.978125
1.29125
1.396875
1.426875
1.440625
1.519375
2.649375
2.87125
2.424375
1.92125
0.72875
1.0618750000000001
1.9143750000000002
2.2556249999999998
2.50125
1.980625
2.33625
2.971875
3.0425
2.593125
2.175
2.2325
2.769375
3.0168749999999998
2.96875
2.661875
2.70625
3.24875
3.38875
3.209375
3.70125
3.8600000000000003
3.63125
3.693125
4.2856250000000005
4.244375
4.419375
5.418125
5.45
5.239375
4.75625
5.1518749999999995
4.791875
4.5581249999999995
5.211875
5.034375
4.308125
4.53875
4.67125
4.61
5.220625
5.349375
5.98375
5.3875
5.354375
5.577500000000001
5.238125
5.485625
6.118125
6.030625
6.610625
6.813750000000001
6.918125
6.68625
6.351875
6.24
6.82375
7.305
7.4225
7.41
6.81625
6.9425
6.821875
6.630625
7.036875
7.5287500000000005
7.77125
8.24
7.951875
7.886875
7.763125
7.995
8.20875
8.19875
8.27125
9.01
8.8125
9.24875
9.6375
9.046875
8.819374999999999
8.32875
8.935625
9.349375
9.52625
9.809375
9.76125
9.333124999999999
9.245000000000001
9.058125
9.01875
9.52
10.515
10.216875
10.388125
10.645
10.585
10.061875
10.0375
10.946875
10.50625
10.15875
10.610624999999999
10.47875
10.191875
10.079375
10.4
10.764375
11.675
11.16625
10.6625
10.93625
10.793125
11.34875
11.15375
11.24375
11.065
11.309375000000001
10.5875
10.8175
10.694374999999999
10.94125
10.4375
10.190625
10.16125
10.345
10.5875
10.5025
10.76625
10.6175
10.349375
10.555
10.305
10.61875
10.609375
10.79
10.397499999999999
10.166875
11.226875
11.4775
10.973125
10.00875
9.6675
9.713125
9.44125
9.33125
9.393125
9.618125
9.825
9.645
9.4925
9.64375
8.615625
9.45875
8.904375
8.580625
7.78625
7.866875
8.236875
8.50125
8.15235294117647
7.915882352941176
7.595882352941176
7.280588235294117
7.534705882352942
7.537058823529412
7.54235294117647
7.875294117647059
7.66235294117647
7.7052941176470595
8.166470588235294
8.043529411764707
7.36529411764706
7.4811764705882355
6.905294117647059
6.461764705882352
6.45764705882353
6.551176470588236
6.681764705882353
7.538823529411765
7.0729411764705885
7.3217647058823525
6.947058823529411
6.671764705882353
6.87235294117647
6.714705882352941
6.586470588235294
6.12235294117647
6.024117647058823
6.28
5.661176470588235
5.343529411764706
5.438823529411764
5.207058823529412
6.020588235294118
5.29
5.244705882352941
5.108235294117647
5.005294117647059
4.331176470588235
4.160588235294118
4.586470588235294
4.247647058823529
4.118823529411764
3.9676470588235295
4.049411764705883
4.281764705882353
3.7341176470588233
3.6223529411764703
3.17
3.0894117647058823
3.4105882352941173
3.441764705882353
2.9558823529411766
2.9805882352941175
2.7758823529411765
2.8188235294117647
2.8041176470588236
3.5935294117647056
2.9911764705882353
2.7441176470588236
2.5
2.376470588235294
2.584705882352941
2.29
2.106470588235294
2.152941176470588
2.461764705882353
1.6158823529411763
1.6152941176470588
1.1464705882352941
0.9182352941176471
1.076470588235294
0.5052941176470589
0.9888235294117647
1.4976470588235296
1.3005882352941176
1.263529411764706
1.046470588235294
1.44
0.6823529411764706
0.8111764705882353
1.4558823529411764
1.7629411764705882
2.0788235294117645
0.6970588235294118
0.5970588235294116
0.17235294117647063
-0.5947058823529412
0.10588235294117651
0.468235294117647
0.6405882352941177
0.6847058823529412
0.4441176470588235
0.1870588235294118
0.04647058823529417
0.6647058823529413
0.8611764705882352
1.0576470588235294
0.39882352941176474
0.22588235294117648
-0.7152941176470589
-0.35470588235294115
-0.4870588235294117
-0.10058823529411763
0.6482352941176471
0.5441176470588235
-0.501764705882353
-1.521764705882353
-1.214705882352941
-1.1376470588235295
-0.5058823529411764
-0.18117647058823533
