temperature
3.776521739130435
3.82695652173913
3.574347826086956
3.8686956521739133
4.085217391304347
4.615652173913043
3.4878260869565216
3.986521739130435
4.406086956521739
4.311739130434782
3.896086956521739
2.9826086956521736
2.800869565217391
2.9034782608695653
3.6213043478260865
3.8308695652173914
3.257391304347826
2.665217391304348
3.3382608695652176
3.540434782608696
4.118695652173913
4.4
4.519565217391304
4.318260869565217
3.857391304347826
3.7782608695652176
3.4591304347826086
3.5917391304347825
3.614782608695652
3.2030434782608697
3.146086956521739
3.438695652173913
3.654782608695652
4.006521739130434
4.039130434782608
4.523478260869566
4.892173913043478
4.68304347826087
4.315652173913044
3.803478260869565
3.1613043478260865
2.9852173913043476
3.252173913043478
2.9556521739130437
2.3091304347826087
2.17
2.238260869565217
2.816521739130435
3.066086956521739
3.176086956521739
3.1252173913043477
3.757391304347826
4.231304347826087
4.294347826086956
4.312173913043479
3.5382608695652173
3.9747826086956524
4.010869565217392
4.289565217391305
4.802608695652174
5.035652173913044
5.106086956521739
4.899130434782609
5.0691304347826085
5.239130434782608
5.775217391304347
5.773478260869565
5.667826086956523
6.037826086956522
6.3878260869565215
5.951739130434782
5.999130434782608
5.84
5.934782608695652
5.568260869565217
6.226521739130435
6.343043478260869
6.463478260869565
6.199565217391305
6.307826086956522
6.316521739130435
6.014782608695652
6.44086956521739
6.83
6.330869565217392
6.753478260869565
6.397391304347827
6.376086956521739
6.593478260869565
6.590869565217392
7.70090909090909
7.538636363636363
6.422727272727273
6.136818181818182
6.191363636363636
6.3127272727272725
6.926818181818181
6.824090909090909
6.786363636363637
7.280454545454545
7.649090909090909
8.077727272727273
7.7731818181818175
7.969090909090909
8.325454545454546
8.541818181818181
7.92409090909091
7.931818181818182
8.649090909090908
8.649090909090908
8.475454545454546
9.397727272727273
8.872272727272728
8.19818181818182
8.299090909090909
8.167727272727273
8.219545454545456
8.290454545454544
8.523636363636363
8.913636363636364
9.31590909090909
9.148181818181818
9.42681818181818
9.513181818181819
9.80409090909091
10.148636363636363
10.366363636363637
11.183181818181819
10.73
10.685
10.865454545454545
10.806818181818182
11.637272727272727
11.263181818181819
11.660454545454543
11.568636363636363
11.489545454545455
11.448636363636364
11.874545454545455
12.47272727272727
12.219545454545454
11.998181818181818
12.414545454545454
12.371363636363638
12.546363636363635
12.748181818181818
12.556363636363637
12.145454545454545
12.32409090909091
12.534999999999998
12.799545454545456
13.349545454545455
13.265454545454547
13.443181818181818
13.27
13.223636363636365
13.4
13.391363636363637
13.581363636363637
13.736363636363636
13.581818181818182
13.671363636363635
13.741363636363637
14.043181818181818
14.460909090909091
14.069545454545453
14.293636363636363
14.465909090909092
13.87590909090909
14.72090909090909
14.774090909090908
14.70409090909091
14.784090909090908
14.59590909090909
14.768636363636364
15.089090909090908
15.508636363636363
15.259545454545453
15.187272727272727
15.408181818181818
15.735000000000001
15.896363636363638
16.027727272727272
15.705454545454545
16.21
17.07409090909091
17.11409090909091
17.01
17.305909090909093
17.002727272727274
16.85363636363636
17.03772727272727
16.436818181818182
16.992727272727272
16.94909090909091
17.168636363636367
16.57227272727273
16.448636363636364
16.409545454545455
16.44090909090909
17.05181818181818
16.55909090909091
16.572272727272725
16.646818181818183
16.25318181818182
16.564545454545456
17.092727272727274
17.06863636363636
17.365909090909092
17.53909090909091
17.677272727272726
17.61409090909091
17.06863636363636
16.96909090909091
17.262272727272727
17.12
16.855
16.856818181818184
16.296363636363637
16.895
17.057727272727274
16.989545454545453
16.757272727272728
16.767272727272726
17.009545454545453
17.674090909090907
17.869545454545456
17.076818181818183
16.530454545454546
16.487727272727273
16.69090909090909
16.96090909090909
16.920909090909092
16.73227272727273
15.640909090909092
15.899545454545455
15.996818181818183
16.23227272727273
15.598636363636365
16.032727272727275
16.28318181818182
15.999545454545455
15.175
15.791818181818183
15.508181818181818
15.369545454545454
15.069090909090908
15.069090909090908
14.697272727272725
14.853181818181817
15.017272727272728
14.976818181818182
14.888636363636364
14.271818181818183
14.408636363636363
13.773181818181818
13.365454545454547
13.806818181818182
13.925
14.31
13.985909090909091
13.539090909090909
13.531818181818181
13.65227272727273
13.33409090909091
13.512727272727272
13.198636363636364
12.996363636363638
13.014545454545454
13.012727272727272
12.92681818181818
12.94909090909091
13.02681818181818
12.66
12.294347826086955
12.17478260869565
12.329999999999998
12.099565217391305
11.73391304347826
11.420000000000002
11.062608695652173
11.85391304347826
11.87782608695652
11.341304347826087
11.222173913043479
11.033478260869567
10.063478260869564
10.348260869565218
9.760434782608696
9.719130434782608
10.134782608695652
10.535652173913043
9.894347826086957
9.259130434782607
9.301739130434783
9.26608695652174
9.775217391304349
9.52
9.578260869565218
9.721739130434782
9.18304347826087
8.588695652173913
8.887826086956522
9.421739130434782
9.207826086956521
9.12
8.821304347826086
7.730869565217391
7.613913043478261
7.0260869565217385
7.704782608695653
8.31391304347826
7.891304347826087
7.643478260869566
7.971304347826087
6.7495652173913046
6.280869565217392
5.706086956521739
5.99304347826087
6.1286956521739135
6.013913043478261
6.556956521739131
6.349130434782609
5.4656521739130435
5.139565217391304
5.555652173913043
6.127391304347826
6.067391304347827
5.982608695652174
5.24
4.923913043478261
4.5630434782608695
4.135652173913043
4.171304347826087
4.849565217391304
5.099565217391304
5.5
5.617391304347826
5.696521739130435
5.070869565217391
4.99304347826087
4.4882608695652175
4.234782608695652
3.8395652173913044
4.085217391304348
4.106521739130435
4.093478260869565
4.57695652173913
5.084347826086956
4.842173913043479
4.8365217391304345
4.697391304347827
4.501304347826087
4.781739130434783
5.5117391304347825
4.883478260869565
5.035652173913044
5.0486956521739135
5.10304347826087
4.791304347826087
4.975217391304348
4.85
4.871739130434783
3.780869565217391
3.463478260869565
