pet
0.5045
0.236
0.43200000000000005
0.375
0.2765
0.308
0.23650000000000002
0.44699999999999995
0.354
0.29500000000000004
0.264
0.409
0.3865
0.385
0.359
0.3975
0.46849999999999997
0.358
0.5255
0.273
0.321
0.361
0.39649999999999996
0.263
0.346
0.272
0.3155
0.31399999999999995
0.26949999999999996
0.348
0.39249999999999996
0.47800000000000004
0.36550000000000005
0.46749999999999997
0.5435
0.393
0.3875
0.39249999999999996
0.4165
0.3775
0.3685
0.4375
0.44299999999999995
0.5325
0.46299999999999997
0.40599999999999997
0.384
0.49349999999999994
0.5005
0.426
0.549
0.606
0.571
0.5915
0.5525
0.46699999999999997
0.5245
0.48200000000000004
0.639
0.619
0.5940000000000001
0.6094999999999999
0.8705
0.706
0.6805
0.78
0.7304999999999999
0.7474999999999999
0.74
0.7595
0.6635
0.805
0.7375
0.8240000000000001
0.7815000000000001
0.791
0.967
0.906
0.906
0.8960000000000001
0.8664999999999999
0.778
0.8945000000000001
0.923
0.9084999999999999
0.9295
1.0265
1.144
0.9175000000000001
1.0574999999999999
0.9085000000000001
1.186
1.0855000000000001
1.082
1.1175000000000002
1.1135
1.081
1.1265
1.0699999999999998
1.1995
1.1025
1.3615
1.2955
1.4004999999999999
1.486
1.3065
1.4175
1.351
1.3225
1.4064999999999999
1.4385
1.3805
1.3815
1.4865
1.4545
1.442
1.529
1.5975
1.7309999999999999
1.6190000000000002
1.9285
1.671
1.5425
1.454
1.4815
1.6260000000000001
1.6655000000000002
1.8780000000000001
1.6435
1.7129999999999999
1.746
1.9395
2.0245
2.064
2.2435
2.173
1.9985
2.045
2.068
2.1719999999999997
1.9535
1.904
2.146
2.1125
2.2155
2.2800000000000002
2.2415
2.2065
2.092
2.3495
2.1665
2.341
2.1545
2.1454999999999997
1.9055
2.0605
2.0715
1.9899999999999998
1.8325
2.075
2.0095
2.1665
2.2425
2.2800000000000002
2.194
2.2
2.169
1.9095
2.0505
2.33
2.2695
2.1495
2.1755
2.1045000000000003
2.066
2.013
2.2235
2.169
2.2785
2.2295000000000003
2.0955000000000004
2.0629999999999997
2.0780000000000003
1.991
2.21
1.8925
2.365
2.179
2.0945
2.149
2.1414999999999997
2.1710000000000003
2.165
2.1510000000000002
1.9335
1.911
1.9035
1.9114999999999998
2.0845
1.8330000000000002
1.971
2.12
2.067
1.9649999999999999
1.938
2.126
1.9274999999999998
1.941
1.9940000000000002
1.9525
1.9705
2.0185
1.9835
1.8065000000000002
1.784
1.7594999999999998
1.6875
1.565
1.5105
1.7975
1.8205000000000002
1.9809999999999999
1.9695
1.7239999999999998
1.653
1.709
1.6245
1.7605
1.6815000000000002
1.532
1.5025
1.6175000000000002
1.8745
1.7260000000000002
1.4495
1.468
1.4205
1.4304999999999999
1.6164999999999998
1.367
1.402
1.3475
1.3824999999999998
1.489
1.3715
1.2045
1.387
1.3645
1.3679999999999999
1.168
1.1960000000000002
1.0485
1.1335000000000002
1.1644999999999999
1.178
1.1675
1.1345
1.208
0.9709999999999999
1.1475
1.043
1.158
0.9709999999999999
0.9375
0.906
0.9075
0.89
0.8324999999999999
0.914
0.921
0.6105
0.7995
0.8654999999999999
0.791
0.897
0.8089999999999999
0.7015
0.5655
0.647
0.8115
0.678
0.5805
0.6465
0.7234999999999999
0.7070000000000001
0.6615
0.5535
0.546
0.596
0.6335
0.5735
0.8300000000000001
0.575
0.5165
0.5565
0.43950000000000006
0.5205
0.5654999999999999
0.4765
0.5045
0.41900000000000004
0.48900000000000005
0.434
0.383
0.4225
0.5285
0.34950000000000003
0.44000000000000006
0.39049999999999996
0.3755
0.306
0.396
0.3285
0.277
0.384
0.3485
0.38
0.29900000000000004
0.5269999999999999
0.34789473684210526
0.4205263157894737
0.34578947368421054
0.38947368421052636
0.49000000000000005
0.3305263157894737
0.29894736842105263
0.3189473684210526
0.43105263157894735
0.2968421052631579
0.26526315789473687
0.3310526315789474
0.321578947368421
0.41157894736842104
0.29789473684210527
0.3163157894736842
0.33631578947368423
0.36052631578947364
0.42315789473684207
0.2810526315789474
0.41
0.36210526315789476
0.1889473684210526
0.16473684210526315
0.2710526315789474
0.15368421052631578
0.40157894736842104
0.3589473684210526
0.21947368421052632
0.1763157894736842
0.14736842105263157
0.2473684210526316
0.3026315789473684
0.3878947368421053
0.2563157894736842
0.2236842105263158
0.3252631578947368
0.32105263157894737
0.2305263157894737
0.3957894736842105
0.32210526315789473
0.27473684210526317
0.35210526315789475
0.30210526315789477
0.3405263157894737
0.31684210526315787
