temperature
2.6405000000000003
2.3005
1.893
2.2715
2.4200000000000004
2.749
2.965
2.555
2.072
2.21
2.416
1.7129999999999999
1.9929999999999999
2.535
2.7525
2.7525
2.5004999999999997
2.3825
2.8739999999999997
3.1439999999999997
3.3215000000000003
3.1205000000000003
2.811
2.481
1.9155000000000002
1.57
1.6695
1.4365
2.585
2.7615000000000003
2.6215
2.7350000000000003
2.643
2.702
3.16
3.6064999999999996
3.5505000000000004
2.5275
2.3914999999999997
2.1260000000000003
1.783
1.777
2.1260000000000003
2.683
2.5855
1.7505
1.6305
1.8615000000000002
2.567
2.5445
2.6305
2.526
3.351
3.4524999999999997
3.3229999999999995
3.223
3.2375
3.6115000000000004
3.0455
3.007
3.116
3.1845
3.4655
4.0280000000000005
5.023000000000001
4.6125
4.6674999999999995
4.517
4.462
4.426
4.7835
4.2365
3.9715
3.3505000000000003
3.2590000000000003
3.554
3.5035
3.194
3.1785
2.932
3.3214999999999995
3.2835
3.439
3.9814999999999996
3.9735
3.8965000000000005
3.94
4.044
4.691
5.173
4.898
4.4885
3.7125
4.1405
5.005
5.0520000000000005
4.718999999999999
4.4555
4.793
5.2595
5.676
5.4445
4.9875
5.399
5.7715000000000005
5.634
5.116
5.269
5.5865
5.8825
5.9185
5.713
5.5815
6.168
5.9235
5.819
6.1095
6.311999999999999
6.5785
7.0095
6.843500000000001
6.729000000000001
6.3445
6.758
6.877
6.9
7.369
7.507000000000001
6.850499999999999
7.0615
7.3325000000000005
7.3925
7.8004999999999995
7.908499999999999
8.459999999999999
7.831999999999999
8.0955
8.365
8.0175
8.436
8.894
8.893
9.246500000000001
9.291
9.26
9.296
9.4665
8.959999999999999
9.169
9.682500000000001
9.880500000000001
10.478
10.310500000000001
10.1815
9.9615
9.675
9.761
9.416500000000001
9.6385
10.1205
9.8695
9.8185
9.9985
10.402
10.329
10.212
10.399
10.567499999999999
10.750499999999999
11.0495
11.16
10.733
10.793000000000001
10.7625
10.95
11.2185
11.132
11.4805
11.561
10.9485
11.114
11.175
11.6435
11.895
12.542
12.424
12.735
12.681000000000001
12.434000000000001
12.3015
12.144499999999999
12.3925
12.317499999999999
12.2825
12.373999999999999
12.185500000000001
11.898
12.122
12.3295
12.4735
12.752500000000001
12.076
11.9685
12.775
12.7225
13.243500000000001
13.209999999999999
13.238
13.522499999999999
13.5615
12.991
12.905000000000001
12.910999999999998
13.015
12.6365
12.229000000000001
12.219
12.217
12.4245
12.556000000000001
12.282
12.113
12.7205
12.811000000000002
12.513
12.631
12.626000000000001
12.761500000000002
12.3965
12.4265
12.975999999999999
13.0365
12.982
12.0185
11.902000000000001
12.0335
11.681999999999999
11.559999999999999
11.6755
11.765
12.245999999999999
11.7455
11.798
11.934999999999999
11.248000000000001
11.3305
11.213
10.8455
10.4525
10.583
10.798
10.814499999999999
10.687999999999999
10.3505
10.4195
10.225999999999999
10.1915
9.927
9.809999999999999
10.6325
10.2175
10.321
10.647499999999999
10.254999999999999
9.9435
10.1955
9.828999999999999
9.404
9.217
9.11
9.182500000000001
9.6595
9.555
9.503
9.6115
9.2265
9.313500000000001
9.017
9.089
8.8375
8.983500000000001
9.017
8.277
8.5205
8.657
8.2675
8.301
7.955500000000001
7.814
7.8614999999999995
7.866
7.840000000000001
7.3549999999999995
7.367
7.319500000000001
7.394
7.369
7.0265
7.3295
7.2385
7.239
6.9975
6.857000000000001
6.3420000000000005
6.101
6.3545
6.3445
6.008
6.118499999999999
5.985
6.509
5.9910000000000005
5.893
5.9375
5.3395
5.028499999999999
5.125
5.229
5.026999999999999
5.220000000000001
4.876315789473685
4.821052631578947
4.546315789473684
4.154210526315789
4.249473684210526
4.853684210526316
4.5
4.312105263157895
4.258421052631578
4.207894736842105
4.020526315789474
4.276315789473684
4.001578947368421
3.775263157894737
4.156315789473684
4.552631578947368
4.715263157894737
4.292631578947368
3.895263157894737
3.642105263157895
2.336315789473684
2.754210526315789
3.0147368421052634
3.406315789473684
3.914736842105263
3.7426315789473685
3.751052631578947
3.5426315789473684
3.437894736842105
2.9563157894736842
3.3505263157894736
2.891578947368421
2.7378947368421054
2.7426315789473685
3.0289473684210524
2.9852631578947366
3.1089473684210525
3.4415789473684213
3.7221052631578946
3.0889473684210524
2.237368421052632
2.681052631578947
2.4473684210526314
2.539473684210526
2.5305263157894737
