temperature
2.5191304347826087
2.38
1.4056521739130434
1.5756521739130436
2.1143478260869566
2.2734782608695654
2.030869565217391
2.1095652173913044
1.8569565217391304
1.732608695652174
1.923478260869565
1.1417391304347826
1.0656521739130436
1.7547826086956522
2.0217391304347827
2.1156521739130434
1.3430434782608696
1.2421739130434784
1.9795652173913043
2.138695652173913
2.4895652173913043
2.5965217391304347
2.2556521739130435
1.9930434782608697
1.7256521739130435
1.2421739130434784
1.2173913043478262
1.12
1.8834782608695653
1.828695652173913
1.3169565217391304
1.4378260869565218
2.39
2.5434782608695654
2.6721739130434785
2.637826086956522
2.8073913043478256
2.2095652173913045
2.062173913043478
1.7008695652173915
1.5626086956521739
1.067391304347826
1.1743478260869566
1.3717391304347826
1.1704347826086956
0.581304347826087
0.6052173913043479
1.0134782608695652
1.6691304347826088
1.7921739130434782
2.0756521739130434
2.32
2.823478260869565
2.790434782608696
2.7047826086956523
2.5817391304347828
2.592173913043478
2.7265217391304346
2.344782608695652
2.646086956521739
2.784347826086957
2.7282608695652173
2.9617391304347827
3.1960869565217394
4.190869565217391
4.212173913043478
4.286521739130435
3.890434782608696
3.7856521739130433
3.6873913043478264
4.062608695652174
3.645652173913043
3.1669565217391304
3.0230434782608695
3.145217391304348
3.386086956521739
3.470869565217391
2.8634782608695653
3.0895652173913044
2.867826086956522
3.0121739130434784
3.2699999999999996
3.667826086956522
3.9439130434782608
3.597391304347826
3.7091304347826086
3.827826086956522
3.932608695652174
4.371739130434783
4.648260869565218
4.516818181818182
4.14
3.4681818181818183
3.9622727272727274
4.465454545454545
4.3522727272727275
4.327727272727272
4.138181818181819
4.332272727272727
4.702272727272727
4.972727272727273
5.200454545454545
4.907272727272727
5.329090909090909
5.745
5.702727272727273
5.629090909090909
5.757272727272727
6.095454545454545
6.032727272727272
6.320909090909091
6.136363636363637
5.943636363636363
5.983636363636363
6.117727272727273
6.0590909090909095
5.859545454545454
5.723636363636364
6.0659090909090905
6.303636363636364
6.2268181818181825
6.364090909090908
6.524090909090909
6.77590909090909
6.78909090909091
7.012272727272728
7.3140909090909085
7.659090909090909
7.071363636363636
7.444999999999999
7.952272727272727
7.679090909090909
8.366363636363637
8.240909090909092
8.633181818181818
8.402272727272727
8.159545454545453
8.806363636363637
8.655
9.009090909090908
9.022727272727273
8.809545454545455
9.21409090909091
9.754545454545454
9.841818181818182
9.715
9.606818181818182
9.235000000000001
9.286818181818182
9.583181818181819
9.75090909090909
10.22409090909091
10.193181818181818
10.146818181818182
10.140454545454546
10.099545454545455
10.101363636363637
10.309545454545455
10.249090909090908
10.680909090909092
10.14
10.232272727272727
10.509090909090908
10.23
10.461363636363636
10.55909090909091
10.763636363636364
10.953636363636363
11.068636363636363
11.546818181818182
11.649545454545455
11.160454545454545
11.255
11.167727272727273
11.177272727272728
11.524090909090908
11.412272727272727
11.305
11.21
11.276818181818182
11.954545454545455
11.885909090909092
12.096363636363636
12.123181818181818
12.770454545454545
13.088181818181818
13.139090909090909
13.469090909090909
13.177727272727275
12.928636363636365
12.595454545454546
13.030909090909091
12.816363636363635
12.717727272727274
13.07181818181818
12.622272727272728
12.586363636363636
12.125454545454545
12.59818181818182
12.861818181818181
13.266363636363637
12.762272727272727
12.541818181818183
12.534999999999998
12.618636363636364
13.104545454545455
13.378636363636362
13.55318181818182
13.586363636363636
13.754090909090907
12.866363636363637
12.735454545454546
12.827727272727271
13.097272727272726
12.841363636363637
12.43909090909091
12.694090909090908
12.69590909090909
12.747727272727273
12.655454545454546
12.735454545454546
12.444545454545455
12.72409090909091
12.761363636363637
12.871363636363638
12.821363636363635
12.926363636363636
12.793636363636363
12.22590909090909
12.192727272727273
12.385909090909092
12.654545454545454
12.648636363636363
12.327272727272726
12.140454545454547
12.689545454545454
12.555909090909092
12.389999999999999
12.180454545454547
11.998636363636365
12.457272727272727
11.732272727272727
11.592727272727272
12.014545454545454
11.604545454545455
11.504545454545454
11.409545454545453
11.256818181818183
10.868181818181817
10.806363636363637
11.21
10.732272727272727
10.231818181818182
10.019545454545455
10.057272727272727
9.90090909090909
9.971363636363636
10.161363636363637
10.335909090909091
10.817727272727273
10.455
9.916818181818181
10.19090909090909
9.987727272727271
9.615909090909092
9.918636363636365
9.443181818181818
9.04
8.415909090909091
8.651363636363637
9.146818181818183
9.799999999999999
9.317272727272726
9.550869565217392
9.452608695652174
9.17086956521739
9.262608695652174
9.120434782608696
8.832173913043478
8.485217391304348
8.355652173913043
8.69695652173913
8.218260869565217
7.949565217391305
7.769130434782609
7.225652173913043
7.420434782608695
7.48695652173913
7.426521739130435
7.008260869565217
7.19
6.7126086956521736
6.646521739130435
6.565217391304348
6.632608695652174
6.901739130434783
6.9534782608695656
6.923478260869565
7.09
6.631739130434783
6.666086956521739
6.620869565217391
6.522608695652174
6.2034782608695656
5.828695652173913
6.223478260869564
5.799130434782609
5.5608695652173905
5.001304347826087
4.913043478260869
5.260434782608695
5.322173913043478
5.334782608695653
5.387391304347826
5.078695652173913
4.386521739130435
3.9526086956521738
3.683043478260869
3.958260869565217
3.604782608695652
3.458260869565217
3.6582608695652175
3.246521739130435
2.5834782608695654
3.0647826086956518
3.7973913043478262
3.786521739130435
3.8534782608695655
3.5304347826086957
3.1495652173913045
2.774782608695652
2.7730434782608695
2.34304347826087
2.7021739130434783
2.6939130434782608
3.098260869565217
3.4456521739130435
3.4843478260869567
3.535217391304348
3.1239130434782605
2.2121739130434785
2.1065217391304345
2.042173913043478
2.292608695652174
2.6230434782608696
2.6969565217391307
2.776521739130435
2.7830434782608697
3.1026086956521737
2.88
2.318695652173913
2.4530434782608697
2.7656521739130433
2.663478260869565
3.04
2.786086956521739
2.957826086956522
3.217826086956522
3.3704347826086956
3.295217391304348
2.4995652173913046
2.6908695652173913
2.168695652173913
2.049130434782609
2.334347826086957
