pet
0.3552173913043478
0.33217391304347826
0.3626086956521739
0.2843478260869565
0.1743478260869565
0.2682608695652174
0.2643478260869565
0.30043478260869566
0.23217391304347826
0.3073913043478261
0.3739130434782609
0.39999999999999997
0.3134782608695652
0.3565217391304348
0.1726086956521739
0.2591304347826087
0.32130434782608697
0.27956521739130435
0.3565217391304348
0.2365217391304348
0.32
0.32
0.31086956521739134
0.3782608695652174
0.2852173913043478
0.3443478260869565
0.3139130434782609
0.2760869565217391
0.2960869565217391
0.30391304347826087
0.3839130434782609
0.36086956521739133
0.3565217391304348
0.29217391304347823
0.3904347826086957
0.411304347826087
0.40217391304347827
0.5321739130434783
0.44478260869565217
0.36869565217391304
0.45173913043478264
0.41
0.3930434782608696
0.4808695652173913
0.46956521739130436
0.40739130434782606
0.4126086956521739
0.33260869565217394
0.3882608695652174
0.4747826086956522
0.44652173913043475
0.4617391304347826
0.591304347826087
0.5365217391304348
0.5260869565217391
0.4917391304347826
0.5313043478260869
0.5626086956521739
0.6347826086956522
0.6413043478260869
0.6534782608695652
0.7808695652173914
0.7456521739130436
0.7130434782608696
0.751304347826087
0.7000000000000001
0.7560869565217392
0.7999999999999999
0.6721739130434782
0.7208695652173912
0.8878260869565218
0.7882608695652173
0.7813043478260869
0.8726086956521739
0.831304347826087
0.9052173913043479
0.9443478260869564
0.8882608695652173
0.947391304347826
1.0117391304347827
1.057391304347826
1.122608695652174
1.1369565217391304
1.1695652173913045
1.0830434782608696
1.1891304347826088
1.1943478260869564
1.2308695652173913
1.188695652173913
1.0591304347826087
1.0886363636363636
1.1418181818181818
1.1668181818181818
1.2436363636363637
1.25
1.2704545454545455
1.29
1.2372727272727273
1.3672727272727272
1.3790909090909091
1.3927272727272728
1.4904545454545455
1.51
1.7431818181818182
1.6509090909090909
1.6904545454545454
1.6490909090909092
1.5690909090909093
1.6036363636363637
1.7404545454545455
1.6268181818181817
1.6577272727272727
1.7640909090909092
1.7727272727272727
1.8236363636363635
1.9186363636363637
1.96
1.8513636363636363
1.8031818181818182
1.7372727272727273
1.9663636363636363
2.010909090909091
2.04
2.105909090909091
2.0354545454545456
2.096818181818182
2.0127272727272727
2.0904545454545453
2.124090909090909
2.0127272727272727
2.173636363636364
2.1131818181818183
2.295909090909091
2.5522727272727272
2.446818181818182
2.5868181818181815
2.398181818181818
2.350909090909091
2.5477272727272724
2.4295454545454547
2.321818181818182
2.515909090909091
2.187272727272727
2.483636363636364
2.4986363636363635
2.5295454545454543
2.558181818181818
2.5568181818181817
2.4618181818181815
2.462727272727273
2.5086363636363633
2.661363636363636
2.4486363636363637
2.605
2.7063636363636365
2.364090909090909
2.3213636363636363
2.548636363636364
2.5740909090909088
2.4431818181818183
2.528636363636364
2.321818181818182
2.5086363636363633
2.5622727272727275
2.8045454545454547
2.7809090909090908
2.5454545454545454
2.5381818181818185
2.5477272727272724
2.674090909090909
2.930909090909091
2.6081818181818184
2.8095454545454546
2.558181818181818
2.510909090909091
2.541818181818182
2.6777272727272727
2.6940909090909093
2.6818181818181817
2.9013636363636364
2.776818181818182
2.640454545454545
2.7972727272727274
3.0850000000000004
2.8427272727272728
2.846818181818182
3.1322727272727273
2.975454545454545
2.71
2.7513636363636365
2.527727272727273
2.8286363636363636
2.729090909090909
2.64
2.5218181818181815
2.548636363636364
2.690909090909091
2.679090909090909
2.5959090909090907
2.541818181818182
2.6263636363636365
2.664090909090909
2.3445454545454543
2.4431818181818183
2.4204545454545454
2.731818181818182
2.5518181818181818
2.6354545454545453
2.4736363636363636
2.687272727272727
2.4372727272727275
2.2536363636363634
2.5636363636363635
2.492272727272727
2.477272727272727
2.413181818181818
2.3572727272727274
2.2354545454545454
2.0681818181818183
2.1236363636363635
2.192727272727273
2.27
2.239090909090909
2.2236363636363636
2.1322727272727273
2.0445454545454544
2.289090909090909
2.4268181818181818
2.291363636363636
2.007727272727273
1.9786363636363637
2.205
2.180454545454545
2.096363636363636
1.9740909090909091
2.0472727272727274
1.9036363636363638
1.9804545454545455
1.9786363636363637
1.885
1.7654545454545456
1.8218181818181818
1.7263636363636363
1.7895454545454543
1.835
1.6804545454545454
1.7777272727272726
1.8004545454545455
1.7840909090909092
1.5300000000000002
1.6145454545454547
1.6295454545454546
1.5899999999999999
1.5218181818181817
1.49
1.5299999999999998
1.4568181818181818
1.3172727272727274
1.3631818181818183
1.3054545454545454
1.3354545454545454
1.3531818181818183
1.3590909090909091
1.241818181818182
1.1963636363636363
1.0586363636363636
1.1713636363636364
1.0172727272727273
0.9245454545454546
0.9345454545454545
0.945
0.9886363636363636
0.9190909090909091
1.05
0.9669565217391304
0.9147826086956521
0.8756521739130435
0.8839130434782609
0.8965217391304349
0.9230434782608696
0.8913043478260869
0.7352173913043478
0.7934782608695652
0.8282608695652174
0.6647826086956521
0.6247826086956522
0.6317391304347826
0.5139130434782608
0.5356521739130435
0.741304347826087
0.6704347826086956
0.662608695652174
0.58
0.6252173913043478
0.61
0.601304347826087
0.5117391304347826
0.5069565217391304
0.42173913043478256
0.4921739130434783
0.3908695652173913
0.5260869565217391
0.4017391304347826
0.45
0.41826086956521735
0.3895652173913044
0.42913043478260876
0.44130434782608696
0.43565217391304345
0.45826086956521733
0.27869565217391307
0.3678260869565218
0.5060869565217392
0.4543478260869565
0.44130434782608696
0.4043478260869566
0.5026086956521739
0.3104347826086956
0.4047826086956522
0.24782608695652175
0.3695652173913043
0.31
0.41521739130434787
0.33043478260869563
0.20782608695652174
0.3865217391304348
0.2482608695652174
0.44173913043478263
0.3669565217391304
0.27999999999999997
0.2578260869565217
0.23826086956521741
0.2843478260869565
0.19130434782608696
0.20739130434782607
0.2539130434782609
0.2634782608695652
0.3060869565217391
0.17217391304347826
0.29434782608695653
0.31173913043478263
0.1508695652173913
0.17782608695652175
0.21086956521739128
0.24217391304347827
0.3104347826086956
0.26260869565217393
0.1891304347826087
0.24739130434782605
0.22913043478260867
0.29782608695652174
0.31130434782608696
0.24304347826086956
0.31
0.18608695652173915
0.17260869565217393
0.26956521739130435
0.2073913043478261
0.2647826086956522
0.19695652173913045
0.25869565217391305
0.2821739130434783
0.23347826086956522
0.3673913043478261
0.22956521739130437
