temperature
3.1517391304347826
3.09304347826087
2.614347826086956
2.8656521739130434
3.3052173913043474
3.4217391304347826
2.7108695652173913
3.1630434782608696
3.382608695652174
3.1239130434782605
2.8765217391304345
2.217391304347826
1.8021739130434784
2.2313043478260868
2.766521739130435
2.9113043478260865
2.1869565217391305
1.8891304347826088
2.681304347826087
2.741304347826087
3.3356521739130436
3.4543478260869565
3.053478260869565
3.1952173913043476
2.9186956521739127
2.54
2.3782608695652177
2.2856521739130433
2.6804347826086956
2.411304347826087
2.2021739130434783
2.280869565217391
3.106086956521739
3.425652173913043
3.4539130434782606
3.533478260869565
3.8004347826086957
3.6721739130434785
3.364347826086956
2.8447826086956525
2.4895652173913043
2.017391304347826
2.187391304347826
2.1617391304347824
1.7426086956521738
1.3630434782608696
1.3800000000000001
1.9430434782608694
2.1456521739130436
2.333913043478261
2.3730434782608696
2.882608695652174
3.3047826086956524
3.3665217391304343
3.502608695652174
2.8691304347826083
3.2617391304347825
3.247826086956522
3.3043478260869565
3.6256521739130436
3.8708695652173915
3.907391304347826
3.898695652173913
4.189565217391304
4.686521739130435
4.927826086956522
4.932608695652174
4.571304347826087
4.860434782608696
4.985652173913044
4.932608695652174
4.9021739130434785
4.512173913043478
4.558695652173912
4.312173913043478
4.819565217391304
4.852173913043478
4.641739130434783
4.578695652173913
4.700434782608696
4.60304347826087
4.611739130434783
4.8447826086956525
5.330869565217391
4.916086956521739
5.126956521739131
5.055217391304348
5.203043478260869
5.663478260869565
5.489565217391305
6.052727272727273
5.588636363636364
4.693636363636364
4.91
5.184545454545455
5.296363636363636
5.365454545454546
5.168636363636364
5.3500000000000005
5.775454545454545
6.270454545454545
6.885
6.479090909090909
6.7
7.087727272727273
7.251818181818181
6.890000000000001
7.0231818181818175
7.483181818181818
7.304090909090909
7.505000000000001
7.778636363636363
7.390454545454546
7.015454545454546
7.121363636363637
7.1059090909090905
6.972727272727273
6.858636363636363
7.305454545454546
7.525454545454545
7.553181818181819
7.381363636363636
7.915
8.184545454545455
8.31590909090909
8.51909090909091
8.85
9.454545454545455
8.791818181818181
8.831363636363635
9.442727272727273
9.08909090909091
9.821363636363635
9.607727272727272
9.858181818181817
9.766363636363637
9.67681818181818
10.133636363636363
9.962272727272728
10.670454545454545
10.602727272727272
10.405909090909091
10.710909090909091
11.05090909090909
11.150454545454545
11.100909090909092
11.038181818181819
10.567272727272726
10.751818181818182
10.755454545454546
11.010454545454545
11.56090909090909
11.541818181818183
11.70590909090909
11.625454545454545
11.688181818181818
11.584545454545456
11.774545454545455
11.832272727272727
11.947272727272725
11.872272727272728
11.794545454545455
12.112272727272728
11.94681818181818
12.224545454545455
12.156818181818181
12.617727272727272
12.732272727272727
12.45409090909091
13.182272727272727
13.193181818181818
12.854545454545455
12.887727272727272
12.839090909090908
12.838636363636363
13.400454545454545
13.45909090909091
13.27818181818182
13.233181818181817
13.42
13.79409090909091
13.996818181818183
14.07818181818182
14.242727272727272
14.617727272727272
14.932272727272727
14.944090909090908
15.089090909090908
15.306363636363637
14.855
14.85
15.146363636363635
14.813181818181818
15.05909090909091
14.856818181818182
15.041363636363634
14.819090909090908
14.402727272727274
14.240909090909092
14.577272727272726
15.039545454545454
14.667272727272728
14.565
14.505454545454546
14.466363636363637
14.94
15.15
15.42090909090909
15.426363636363636
15.623636363636363
15.30090909090909
14.868636363636364
14.617727272727272
15.010454545454547
15.091818181818182
14.623181818181818
14.818636363636363
14.870454545454544
14.305454545454547
14.471363636363636
14.779545454545454
14.444545454545453
14.575454545454546
14.784999999999998
14.986363636363636
15.133636363636363
15.349545454545455
14.713636363636363
14.30318181818182
14.245
14.382272727272728
14.808636363636365
14.681818181818182
14.67
13.955
14.424090909090909
14.408636363636363
14.307727272727272
13.87
14.06409090909091
14.322727272727274
13.856818181818182
13.287727272727272
13.887272727272727
13.376363636363635
13.42181818181818
13.197272727272729
13.137727272727272
12.84909090909091
12.836363636363636
13.241818181818182
12.864090909090908
12.57409090909091
12.172727272727274
12.252727272727272
11.950454545454544
11.778636363636364
11.872727272727273
12.237272727272726
12.491818181818182
12.149090909090908
11.469545454545456
11.849545454545455
11.742272727272727
11.372727272727273
11.880454545454546
11.448181818181817
10.848636363636363
10.763181818181819
10.72090909090909
11.192727272727273
11.332727272727272
11.108181818181817
10.93086956521739
10.83
10.651739130434782
10.79391304347826
10.359130434782609
10.198695652173912
10.016521739130434
9.662608695652175
10.278260869565218
9.993913043478262
9.547391304347826
9.496956521739131
8.903478260869566
8.626956521739132
8.667826086956522
8.481304347826086
8.20304347826087
8.400434782608697
8.578260869565218
8.294782608695652
7.738695652173914
7.849130434782609
8.071739130434782
8.305652173913044
8.25
8.145652173913044
7.981304347826087
7.74304347826087
7.353913043478261
7.715217391304349
7.894782608695651
7.471739130434782
7.575652173913044
7.349565217391304
6.901739130434783
6.464782608695652
5.92
6.477826086956522
6.835217391304348
6.546086956521739
6.514782608695652
6.581739130434783
5.692608695652174
5.078260869565217
4.564347826086957
5.012608695652174
4.894347826086956
4.714347826086957
5.178695652173913
4.89304347826087
4.094782608695652
4.050434782608695
4.595652173913043
5.109565217391305
5.093478260869565
5.003913043478261
4.443478260869566
3.933478260869565
3.8069565217391306
3.494347826086957
3.4165217391304346
3.7913043478260873
4.208695652173913
4.426521739130435
4.59304347826087
4.534782608695652
4.128695652173913
3.610869565217391
3.11695652173913
3.0095652173913043
2.991304347826087
3.2604347826086952
3.3973913043478263
3.356086956521739
3.9717391304347824
4.329565217391305
4.018695652173913
3.67
3.423478260869565
3.61695652173913
3.676521739130435
4.335652173913044
3.6234782608695655
4.047826086956522
4.06391304347826
4.141739130434783
4.089565217391304
3.7973913043478262
3.9830434782608695
3.7886956521739132
3.1595652173913042
3.0234782608695654
