pet
0.36869565217391304
0.34043478260869564
0.3991304347826087
0.3234782608695652
0.18043478260869567
0.30869565217391304
0.3104347826086956
0.2956521739130435
0.23695652173913045
0.33260869565217394
0.3821739130434783
0.39739130434782605
0.33869565217391306
0.3665217391304348
0.18043478260869567
0.28043478260869564
0.34521739130434786
0.29130434782608694
0.3660869565217391
0.23869565217391306
0.34782608695652173
0.3630434782608695
0.32565217391304346
0.42130434782608694
0.31217391304347825
0.378695652173913
0.3282608695652174
0.28652173913043477
0.3065217391304348
0.3269565217391304
0.4147826086956522
0.38130434782608696
0.3691304347826087
0.29304347826086957
0.3978260869565218
0.4373913043478261
0.40608695652173915
0.551304347826087
0.46521739130434786
0.39869565217391306
0.491304347826087
0.43043478260869567
0.3969565217391305
0.5213043478260869
0.5143478260869565
0.45478260869565224
0.468695652173913
0.3565217391304348
0.4108695652173914
0.5147826086956522
0.45956521739130435
0.48
0.6008695652173913
0.577391304347826
0.5643478260869565
0.528695652173913
0.5860869565217391
0.5752173913043478
0.6426086956521739
0.6517391304347826
0.6934782608695652
0.8139130434782608
0.7769565217391304
0.7626086956521739
0.7704347826086956
0.7121739130434782
0.7930434782608695
0.8339130434782609
0.6682608695652174
0.7439130434782608
0.9134782608695653
0.7908695652173914
0.8108695652173913
0.8804347826086957
0.8347826086956521
0.9352173913043479
0.98
0.9130434782608695
0.9517391304347826
1.037391304347826
1.115217391304348
1.162608695652174
1.1143478260869564
1.2217391304347827
1.1195652173913044
1.1947826086956521
1.1965217391304348
1.2304347826086957
1.19
1.0843478260869566
1.0945454545454547
1.124090909090909
1.1904545454545454
1.2872727272727273
1.2736363636363637
1.29
1.3027272727272727
1.235909090909091
1.4200000000000002
1.4000000000000001
1.4159090909090908
1.5227272727272727
1.5345454545454544
1.8168181818181817
1.7090909090909092
1.7368181818181818
1.6618181818181819
1.5777272727272729
1.6377272727272727
1.7422727272727272
1.633181818181818
1.7313636363636362
1.7759090909090909
1.8140909090909092
1.8572727272727272
1.9236363636363636
1.964090909090909
1.872272727272727
1.7731818181818182
1.7486363636363635
1.9386363636363635
2.048636363636364
2.0727272727272728
2.1463636363636365
2.045909090909091
2.108636363636364
2.0636363636363635
2.1313636363636363
2.138181818181818
2.0386363636363636
2.1331818181818183
2.1186363636363637
2.3113636363636365
2.591818181818182
2.505
2.6072727272727274
2.450909090909091
2.3654545454545453
2.571818181818182
2.4640909090909093
2.3213636363636363
2.5377272727272726
2.2063636363636365
2.4936363636363637
2.4690909090909092
2.525909090909091
2.5731818181818182
2.549090909090909
2.4595454545454545
2.434090909090909
2.565909090909091
2.6586363636363637
2.4477272727272728
2.5795454545454546
2.716818181818182
2.356818181818182
2.3477272727272727
2.5731818181818182
2.604090909090909
2.4527272727272726
2.5263636363636364
2.3486363636363636
2.5395454545454546
2.6313636363636363
2.791363636363636
2.8277272727272726
2.622727272727273
2.5318181818181817
2.566818181818182
2.664090909090909
2.9536363636363636
2.6586363636363637
2.854090909090909
2.58
2.549545454545455
2.559090909090909
2.705909090909091
2.6777272727272727
2.6550000000000002
2.914090909090909
2.8245454545454547
2.7177272727272728
2.7836363636363637
3.233181818181818
2.9345454545454546
2.909090909090909
3.2072727272727275
3.041818181818182
2.77
2.8004545454545453
2.5904545454545453
2.8786363636363634
2.7486363636363635
2.7395454545454543
2.604090909090909
2.66
2.747272727272727
2.768636363636364
2.683181818181818
2.5813636363636365
2.6559090909090908
2.6895454545454545
2.451363636363636
2.545
2.475909090909091
2.8545454545454545
2.6218181818181816
2.7095454545454545
2.559090909090909
2.8236363636363637
2.5495454545454543
2.349090909090909
2.68
2.6463636363636365
2.586818181818182
2.5313636363636363
2.4563636363636365
2.351818181818182
2.1422727272727276
2.26
2.2486363636363635
2.372272727272727
2.3145454545454545
2.350909090909091
2.309090909090909
2.1654545454545455
2.4404545454545454
2.565
2.388181818181818
2.061818181818182
2.125909090909091
2.3763636363636365
2.266363636363636
2.200454545454545
2.088181818181818
2.1454545454545455
1.9922727272727272
2.145
2.155
2.001818181818182
1.8936363636363636
1.9627272727272727
1.8086363636363636
1.8327272727272728
1.9386363636363635
1.825
1.9222727272727271
1.9304545454545454
1.9295454545454547
1.7004545454545452
1.7613636363636365
1.7822727272727272
1.7031818181818181
1.6286363636363637
1.630909090909091
1.6254545454545453
1.5213636363636363
1.3895454545454546
1.471818181818182
1.3690909090909091
1.3663636363636362
1.4077272727272727
1.4359090909090908
1.2945454545454547
1.2972727272727271
1.1504545454545454
1.2440909090909091
1.105
1.009090909090909
1.0422727272727272
1.035
1.075
0.9936363636363637
1.1352173913043477
1.047391304347826
0.9952173913043478
0.9478260869565218
0.956086956521739
0.9634782608695652
0.9743478260869566
0.9539130434782609
0.7813043478260869
0.8330434782608696
0.9213043478260871
0.7639130434782608
0.7065217391304348
0.7273913043478261
0.5782608695652174
0.6152173913043478
0.802608695652174
0.7130434782608696
0.698695652173913
0.6373913043478261
0.6695652173913044
0.6873913043478261
0.6591304347826087
0.5995652173913044
0.5791304347826087
0.45869565217391306
0.5430434782608696
0.47695652173913045
0.5860869565217391
0.46304347826086956
0.49
0.45608695652173914
0.3973913043478261
0.4773913043478261
0.4986956521739131
0.48869565217391303
0.4830434782608695
0.32521739130434785
0.3834782608695652
0.5682608695652174
0.47043478260869565
0.44130434782608696
0.43826086956521737
0.5604347826086957
0.3786956521739131
0.45608695652173914
0.2760869565217391
0.40304347826086956
0.3343478260869565
0.43130434782608695
0.36086956521739133
0.26913043478260873
0.44086956521739135
0.2573913043478261
0.4682608695652174
0.41043478260869565
0.31782608695652176
0.30434782608695654
0.2630434782608696
0.3365217391304348
0.19043478260869565
0.22782608695652176
0.2682608695652174
0.2886956521739131
0.2982608695652174
0.18304347826086956
0.31043478260869567
0.3382608695652174
0.1943478260869565
0.23695652173913045
0.2373913043478261
0.271304347826087
0.3365217391304348
0.2747826086956522
0.21695652173913044
0.2539130434782609
0.24608695652173915
0.3173913043478261
0.32782608695652177
0.26956521739130435
0.30782608695652175
0.20695652173913043
0.20130434782608694
0.29043478260869565
0.22043478260869567
0.2778260869565217
0.20652173913043478
0.2773913043478261
0.2752173913043478
0.2569565217391304
0.3678260869565218
0.23826086956521741
