pet
0.2072727272727273
0.2727272727272727
0.3190909090909091
0.31363636363636366
0.2859090909090909
0.23727272727272727
0.3859090909090909
0.34136363636363637
0.35454545454545455
0.33818181818181814
0.3640909090909091
0.3631818181818182
0.365
0.3290909090909091
0.3181818181818182
0.23954545454545453
0.28045454545454546
0.2990909090909091
0.3231818181818182
0.3895454545454546
0.3054545454545454
0.3104545454545455
0.29045454545454547
0.3522727272727273
0.3645454545454545
0.434090909090909
0.3909090909090909
0.45909090909090905
0.43818181818181823
0.37454545454545457
0.44090909090909086
0.4731818181818182
0.4918181818181818
0.45954545454545453
0.5490909090909091
0.5286363636363636
0.5759090909090909
0.5863636363636364
0.5645454545454546
0.5595454545454546
0.5327272727272727
0.49409090909090914
0.5622727272727273
0.5763636363636363
0.5059090909090909
0.6281818181818182
0.6640909090909091
0.5077272727272727
0.5563636363636364
0.6118181818181818
0.7268181818181818
0.72
0.8004545454545454
0.6986363636363637
0.6231818181818182
0.7072727272727273
0.7859090909090909
0.8122727272727274
0.72
0.7704545454545454
0.9309090909090909
0.8077272727272727
0.8322727272727272
0.829090909090909
0.9668181818181818
1.0072727272727273
0.9281818181818182
0.9863636363636363
1.0936363636363635
1.0677272727272729
1.1486363636363637
1.1013636363636363
1.1604545454545454
1.044090909090909
1.0972727272727274
1.1154545454545455
1.1095454545454546
1.115
1.0336363636363635
1.2027272727272729
1.2086363636363637
1.1486363636363637
1.1204545454545454
1.1604545454545454
1.2163636363636365
1.2750000000000001
1.2777272727272726
1.3140909090909092
1.3086363636363636
1.570909090909091
1.5630434782608698
1.6617391304347826
1.5282608695652173
1.5030434782608695
1.608695652173913
1.932173913043478
1.5513043478260868
1.7530434782608695
1.5121739130434784
1.7552173913043476
1.6734782608695653
1.54
1.6526086956521737
1.7834782608695654
1.6960869565217391
1.8686956521739129
1.9656521739130435
1.9391304347826088
1.5973913043478263
1.7734782608695652
2.1291304347826085
2.2778260869565217
2.1791304347826084
2.0191304347826087
2.0917391304347825
1.8534782608695652
2.2169565217391307
2.114347826086956
2.1891304347826086
2.1047826086956523
2.1895652173913045
2.1895652173913045
2.385217391304348
2.42
2.281304347826087
2.5386956521739132
2.4143478260869564
2.3126086956521736
2.5530434782608693
2.3991304347826086
2.4295652173913043
2.5460869565217394
2.3704347826086956
2.2517391304347827
2.536086956521739
2.4830434782608695
2.3191304347826085
2.630434782608696
2.697391304347826
2.3217391304347825
2.3908695652173915
2.5482608695652176
2.96304347826087
2.707826086956522
2.8443478260869566
2.677391304347826
2.4117391304347824
2.727391304347826
2.740869565217391
2.6756521739130434
2.9778260869565214
2.960434782608696
2.6208695652173915
2.8413043478260867
2.516086956521739
2.8660869565217393
2.5904347826086958
2.9121739130434783
2.9152173913043478
2.9773913043478264
2.7530434782608695
2.792608695652174
2.816086956521739
2.666086956521739
2.619565217391304
2.88
2.862173913043478
2.9804347826086954
3.1243478260869564
3.074347826086956
3.3495652173913046
3.2217391304347824
3.005652173913043
3.058695652173913
2.999565217391304
2.854782608695652
3.0873913043478263
3.0234782608695654
3.143478260869565
3.257826086956522
3.1334782608695657
3.134782608695652
3.0356521739130433
2.925217391304348
3.1560869565217393
2.9065217391304343
3.0030434782608695
2.9982608695652173
2.765217391304348
2.9856521739130435
3.082173913043478
3.282608695652174
3.005652173913043
2.84304347826087
3.2060869565217387
3.1708695652173917
3.106521739130435
2.884782608695652
3.257391304347826
3.1847826086956523
3.0517391304347825
3.0095652173913043
3.1447826086956523
3.1286956521739135
3.2482608695652173
2.967391304347826
2.967391304347826
2.9117391304347824
3.034782608695652
2.997826086956522
3.0621739130434786
2.8839130434782607
2.77
3.0678260869565217
3.1156521739130434
2.8030434782608693
3.0460869565217394
2.9052173913043475
2.6995652173913043
2.7421739130434784
2.86695652173913
2.561304347826087
2.8156521739130436
2.42
2.577391304347826
2.477391304347826
2.8082608695652174
2.8656521739130434
2.765217391304348
2.5691304347826085
2.655217391304348
2.5495652173913044
2.5504347826086957
2.4013043478260867
2.240869565217391
2.0717391304347825
2.1134782608695653
1.8721739130434785
2.3143478260869563
2.3204347826086957
2.4139130434782605
1.978695652173913
2.003478260869565
2.1252173913043477
2.057391304347826
1.8834782608695653
2.1365217391304347
1.9356521739130432
1.8304347826086957
1.9747826086956521
1.9017391304347826
1.9182608695652172
1.8673913043478263
1.8013043478260868
1.7921739130434782
1.7186956521739132
1.7347826086956522
1.4743478260869565
1.7186956521739132
1.5921739130434782
1.4478260869565216
1.4573913043478262
1.496086956521739
1.5904347826086955
1.4943478260869565
1.3717391304347826
1.24
1.19
1.1573913043478259
1.0826086956521739
1.2208695652173913
1.1504347826086956
1.1921739130434783
1.160909090909091
1.2249999999999999
1.1563636363636365
1.219090909090909
1.164090909090909
1.0668181818181817
0.9936363636363637
0.8772727272727273
0.9759090909090908
1.0609090909090908
0.9436363636363637
0.8495454545454546
0.6568181818181819
0.6931818181818182
0.6518181818181819
0.6909090909090909
0.8868181818181818
0.8527272727272728
0.7899999999999999
0.759090909090909
0.6259090909090909
0.7209090909090908
0.7168181818181818
0.7027272727272728
0.7777272727272727
0.760909090909091
0.7581818181818182
0.6368181818181818
0.4977272727272727
0.5590909090909091
0.5690909090909091
0.525
0.5163636363636364
0.52
0.43727272727272726
0.37454545454545457
0.46545454545454545
0.35454545454545455
0.385
0.36954545454545457
0.31
0.3522727272727273
0.33272727272727276
0.35318181818181815
0.42045454545454547
0.2618181818181818
0.2159090909090909
0.2545454545454545
0.305
0.24681818181818185
0.29636363636363633
0.27
0.23272727272727273
0.3140909090909091
0.25772727272727275
0.2659090909090909
0.2490909090909091
0.2259090909090909
0.19818181818181815
0.20590909090909093
0.25
0.28363636363636363
0.24045454545454545
0.3190909090909091
0.2736363636363637
0.3686363636363636
0.3522727272727273
0.34590909090909094
0.24318181818181817
0.31681818181818183
0.25
0.23681818181818182
0.21318181818181817
0.21045454545454545
0.3813636363636364
0.2809090909090909
0.2831818181818182
0.2468181818181818
0.13818181818181818
0.13136363636363638
0.15954545454545455
0.24636363636363637
0.2409090909090909
0.25
0.3440909090909091
0.29545454545454547
0.31272727272727274
0.28500000000000003
0.2968181818181818
0.1827272727272727
0.26772727272727276
0.2113636363636364
