pet
0.3173913043478261
0.3169565217391304
0.33304347826086955
0.2456521739130435
0.16521739130434784
0.22652173913043477
0.21130434782608698
0.2734782608695652
0.2082608695652174
0.27217391304347827
0.3669565217391304
0.3852173913043478
0.2947826086956522
0.3356521739130435
0.18434782608695652
0.23
0.27869565217391307
0.25608695652173913
0.33043478260869563
0.24478260869565216
0.2952173913043478
0.2765217391304348
0.27
0.3408695652173913
0.2682608695652174
0.288695652173913
0.27869565217391307
0.24
0.2817391304347826
0.2734782608695652
0.35043478260869565
0.3243478260869565
0.3373913043478261
0.29304347826086957
0.3556521739130435
0.3769565217391304
0.36869565217391304
0.46565217391304353
0.41304347826086957
0.3356521739130435
0.42260869565217396
0.3817391304347826
0.3773913043478261
0.44217391304347825
0.43086956521739134
0.3860869565217392
0.3830434782608696
0.32217391304347825
0.3634782608695652
0.43217391304347824
0.41782608695652174
0.44173913043478263
0.5652173913043478
0.4930434782608696
0.4956521739130435
0.44956521739130434
0.47695652173913045
0.5352173913043479
0.6169565217391304
0.5878260869565217
0.6356521739130434
0.7208695652173912
0.7230434782608696
0.6634782608695652
0.6926086956521739
0.6743478260869565
0.6921739130434783
0.7339130434782608
0.6682608695652174
0.6917391304347826
0.8360869565217391
0.7660869565217392
0.7239130434782608
0.8195652173913044
0.8065217391304348
0.8799999999999999
0.9078260869565217
0.8495652173913043
0.9260869565217391
0.9778260869565216
1.01
1.0343478260869565
1.123913043478261
1.1082608695652174
1.0391304347826087
1.1543478260869566
1.1843478260869567
1.1969565217391305
1.171304347826087
1.0256521739130435
1.0563636363636364
1.1263636363636365
1.173181818181818
1.2245454545454546
1.2422727272727272
1.259090909090909
1.3104545454545455
1.2545454545454546
1.3222727272727273
1.324090909090909
1.304090909090909
1.4231818181818183
1.4627272727272727
1.675
1.6295454545454546
1.6354545454545453
1.6440909090909093
1.541818181818182
1.535909090909091
1.6927272727272729
1.6136363636363635
1.5613636363636365
1.7695454545454545
1.7804545454545455
1.7931818181818182
1.9336363636363636
1.9654545454545456
1.7868181818181819
1.758181818181818
1.7159090909090908
1.9622727272727274
1.9631818181818181
1.9868181818181818
2.0559090909090907
2.0290909090909093
2.0504545454545453
1.9481818181818182
2.027727272727273
2.0245454545454544
1.9513636363636364
2.180909090909091
2.0504545454545453
2.2722727272727274
2.486818181818182
2.395909090909091
2.513181818181818
2.3240909090909088
2.3027272727272727
2.502727272727273
2.3840909090909093
2.3390909090909093
2.449090909090909
2.174090909090909
2.459090909090909
2.476363636363636
2.4704545454545457
2.5113636363636362
2.528181818181818
2.4145454545454546
2.480909090909091
2.4059090909090908
2.6218181818181816
2.41
2.5736363636363637
2.6504545454545454
2.3272727272727276
2.274090909090909
2.4863636363636363
2.495
2.4
2.4813636363636364
2.2581818181818183
2.4045454545454543
2.4231818181818183
2.727272727272727
2.701363636363636
2.459090909090909
2.495
2.4486363636363637
2.6377272727272727
2.8427272727272728
2.4986363636363635
2.7122727272727274
2.465909090909091
2.4363636363636365
2.4886363636363638
2.578181818181818
2.6495454545454544
2.6213636363636366
2.7790909090909093
2.6895454545454545
2.4536363636363636
2.7181818181818183
2.8350000000000004
2.699090909090909
2.7763636363636364
3.0204545454545455
2.8404545454545453
2.6218181818181816
2.6395454545454546
2.4131818181818185
2.729090909090909
2.6209090909090906
2.471818181818182
2.4245454545454543
2.3709090909090906
2.595
2.5222727272727274
2.492272727272727
2.4568181818181816
2.570909090909091
2.5936363636363637
2.252727272727273
2.305454545454545
2.32
2.546818181818182
2.435909090909091
2.4936363636363637
2.337727272727273
2.5609090909090906
2.335
2.1445454545454545
2.396818181818182
2.290909090909091
2.313181818181818
2.237727272727273
2.231363636363636
2.0522727272727272
1.9572727272727273
1.9904545454545455
2.130909090909091
2.1554545454545457
2.1290909090909094
2.1077272727272724
1.981818181818182
1.8954545454545455
2.091818181818182
2.273181818181818
2.1863636363636365
1.9463636363636363
1.8436363636363637
2.0322727272727272
2.0722727272727273
2.0031818181818184
1.86
1.9377272727272727
1.8177272727272729
1.8427272727272728
1.8295454545454546
1.7736363636363635
1.6386363636363634
1.6713636363636366
1.6377272727272727
1.755
1.7236363636363636
1.5781818181818181
1.6245454545454547
1.675
1.643181818181818
1.354090909090909
1.500909090909091
1.473181818181818
1.4677272727272728
1.423181818181818
1.384090909090909
1.4304545454545454
1.354090909090909
1.2463636363636363
1.240909090909091
1.23
1.3118181818181818
1.3004545454545455
1.2486363636363635
1.1645454545454546
1.085909090909091
1.0013636363636365
1.086818181818182
0.9627272727272728
0.87
0.8386363636363636
0.870909090909091
0.925
0.8786363636363635
0.9752173913043478
0.8965217391304349
0.8843478260869565
0.821304347826087
0.8269565217391304
0.84
0.8647826086956522
0.837391304347826
0.6747826086956522
0.7691304347826088
0.778695652173913
0.6126086956521739
0.577391304347826
0.5804347826086956
0.4469565217391304
0.4926086956521739
0.6782608695652174
0.5969565217391305
0.6252173913043478
0.55
0.5843478260869565
0.5669565217391304
0.568695652173913
0.43652173913043474
0.46304347826086956
0.4134782608695652
0.45782608695652177
0.37
0.5013043478260869
0.3673913043478261
0.43913043478260866
0.3930434782608696
0.38913043478260867
0.3765217391304348
0.3943478260869565
0.391304347826087
0.4434782608695652
0.26304347826086955
0.3365217391304348
0.43260869565217397
0.41739130434782606
0.43782608695652175
0.3826086956521739
0.45521739130434785
0.2752173913043478
0.3678260869565218
0.2434782608695652
0.32565217391304346
0.2682608695652174
0.37478260869565216
0.31347826086956526
0.16956521739130434
0.32956521739130434
0.23217391304347826
0.3895652173913044
0.3060869565217391
0.24217391304347827
0.20869565217391303
0.22739130434782612
0.25869565217391305
0.1926086956521739
0.18478260869565216
0.20521739130434782
0.2343478260869565
0.3086956521739131
0.17782608695652175
0.2856521739130435
0.2669565217391304
0.13130434782608696
0.15434782608695652
0.17956521739130435
0.21956521739130433
0.25521739130434784
0.25217391304347825
0.16347826086956524
0.22782608695652176
0.22391304347826088
0.27
0.271304347826087
0.22043478260869567
0.2843478260869565
0.1582608695652174
0.16478260869565217
0.2360869565217391
0.20260869565217393
0.24695652173913044
0.16347826086956524
0.24478260869565216
0.27217391304347827
0.21086956521739128
0.3417391304347826
0.20956521739130435
