pet
0.21055555555555555
0.2888888888888889
0.26166666666666666
0.29055555555555557
0.2466666666666667
0.19055555555555553
0.29500000000000004
0.2905555555555555
0.26666666666666666
0.1822222222222222
0.28611111111111115
0.2838888888888889
0.3038888888888889
0.28833333333333333
0.2994444444444444
0.2594444444444444
0.2
0.29277777777777775
0.26611111111111113
0.2922222222222222
0.305
0.2644444444444444
0.29666666666666663
0.29833333333333334
0.2866666666666667
0.33111111111111113
0.31777777777777777
0.4672222222222222
0.3788888888888889
0.36944444444444446
0.41277777777777774
0.4600000000000001
0.4627777777777778
0.41555555555555557
0.47500000000000003
0.4583333333333333
0.5038888888888889
0.5127777777777778
0.48055555555555557
0.4772222222222222
0.43555555555555553
0.37388888888888894
0.4
0.4872222222222222
0.5094444444444445
0.5383333333333333
0.6227777777777778
0.5094444444444445
0.4883333333333333
0.5655555555555556
0.5455555555555556
0.6411111111111111
0.7077777777777778
0.6144444444444445
0.5911111111111111
0.615
0.7844444444444444
0.7322222222222222
0.6172222222222222
0.6905555555555556
0.8616666666666667
0.7872222222222223
0.8411111111111111
0.9394444444444444
0.9550000000000001
0.8666666666666667
0.855
0.9650000000000001
0.9438888888888888
0.8588888888888889
1.0272222222222223
1.0216666666666667
1.0294444444444446
0.9988888888888889
1.0527777777777778
0.8722222222222222
1.0338888888888889
1.04
1.025
1.0599999999999998
1.2988888888888888
1.2694444444444446
1.165
1.0883333333333334
1.1605555555555556
1.333888888888889
1.3183333333333334
1.1366666666666667
1.1366666666666667
1.3772222222222221
1.5072222222222225
1.6188888888888888
1.4472222222222222
1.513157894736842
1.5063157894736843
1.7110526315789472
1.6636842105263157
1.9452631578947368
1.6236842105263158
1.7442105263157894
1.708421052631579
1.72
1.7273684210526317
1.6352631578947368
1.8605263157894738
1.9173684210526316
2.121052631578947
2.3021052631578947
1.7636842105263157
1.8873684210526316
2.1489473684210525
2.1857894736842107
2.03
1.924736842105263
1.81
1.7626315789473685
2.1042105263157898
2.092631578947368
1.9673684210526317
2.101578947368421
2.23
2.258421052631579
2.3552631578947367
2.261052631578947
2.106315789473684
2.3305263157894736
2.290526315789474
2.123157894736842
2.215263157894737
2.2757894736842106
2.38
2.6510526315789473
2.3678947368421053
2.2789473684210524
2.3936842105263154
2.4278947368421053
2.4078947368421053
2.194210526315789
2.6494736842105264
2.372105263157895
2.3073684210526317
2.5763157894736843
2.8889473684210527
2.75
2.9257894736842105
2.6457894736842102
2.342631578947368
2.49
2.7963157894736845
2.8247368421052634
2.915263157894737
2.7263157894736842
2.5705263157894733
2.769473684210526
2.5631578947368423
2.648421052631579
2.413684210526316
2.688421052631579
2.8884210526315792
2.840526315789474
2.8273684210526313
2.6136842105263156
2.5215789473684214
2.6184210526315788
2.658421052631579
2.743684210526316
2.748421052631579
2.7857894736842104
2.97
3.103684210526316
3.0705263157894738
3.085263157894737
2.7642105263157895
3.037894736842105
3.2068421052631577
3.005263157894737
2.9831578947368422
2.842631578947368
2.829473684210526
3.0563157894736843
2.8521052631578945
3.0347368421052634
2.7936842105263158
2.8642105263157895
2.8615789473684208
2.525263157894737
2.711578947368421
2.5710526315789473
2.5910526315789477
3.021578947368421
2.801578947368421
3.033684210526316
2.608421052631579
2.781578947368421
3.0689473684210524
3.088421052631579
2.7531578947368422
2.7273684210526317
3.040526315789474
3.101578947368421
2.8368421052631576
2.9773684210526317
2.931052631578947
2.794736842105263
3.166842105263158
3.0436842105263158
2.5189473684210526
2.646315789473684
3.0347368421052634
2.9510526315789476
3.0026315789473683
2.77
2.7126315789473683
2.829473684210526
2.683684210526316
2.5189473684210526
2.946315789473684
2.4742105263157894
2.5957894736842104
2.77
2.7373684210526315
2.442105263157895
2.6915789473684213
2.5321052631578946
2.3478947368421053
2.222631578947368
2.46
2.5405263157894735
2.281578947368421
2.296842105263158
2.3447368421052635
2.2726315789473683
2.3368421052631576
2.1478947368421055
2.0763157894736843
1.9921052631578948
1.911578947368421
1.7836842105263158
2.032631578947368
2.1110526315789473
2.1405263157894736
1.8142105263157895
2.1510526315789473
2.0536842105263156
1.9300000000000002
1.9721052631578946
2.156842105263158
1.7889473684210528
1.851578947368421
1.8863157894736844
1.8742105263157895
1.8089473684210524
1.8826315789473687
1.6463157894736842
1.8747368421052635
1.7163157894736842
1.583157894736842
1.6168421052631579
1.7415789473684213
1.5805263157894738
1.4363157894736842
1.2978947368421052
1.3894736842105262
1.52
1.3478947368421053
1.3521052631578947
1.4442105263157896
1.33
1.206842105263158
1.175263157894737
1.1331578947368421
1.1031578947368421
1.1363157894736842
1.1233333333333333
1.0388888888888888
1.0505555555555555
1.026111111111111
0.9038888888888889
0.9855555555555556
0.9777777777777779
0.8316666666666667
0.9377777777777777
1.0338888888888889
0.9655555555555555
0.9244444444444445
0.6611111111111111
0.64
0.7372222222222222
0.6572222222222223
0.8927777777777778
0.7783333333333333
0.7622222222222222
0.7644444444444445
0.6588888888888889
0.6777777777777777
0.7616666666666667
0.575
0.7327777777777778
0.6916666666666667
0.6505555555555556
0.5994444444444444
0.49444444444444446
0.5066666666666667
0.5005555555555555
0.5338888888888889
0.46888888888888886
0.5611111111111111
0.3983333333333333
0.38833333333333336
0.3888888888888889
0.39111111111111113
0.4388888888888889
0.3844444444444444
0.4211111111111111
0.39666666666666667
0.4066666666666667
0.31277777777777777
0.4211111111111111
0.21444444444444444
0.185
0.2361111111111111
0.2827777777777778
0.24833333333333332
0.21555555555555556
0.23111111111111113
0.30944444444444447
0.3611111111111111
0.22833333333333336
0.2677777777777778
0.29555555555555557
0.2411111111111111
0.21666666666666667
0.21722222222222223
0.2061111111111111
0.22277777777777777
0.30833333333333335
0.2972222222222223
0.21888888888888888
0.30222222222222217
0.2761111111111111
0.37222222222222223
0.1927777777777778
0.2588888888888889
0.2127777777777778
0.215
0.17388888888888887
0.2111111111111111
0.275
0.23833333333333334
0.21611111111111111
0.17666666666666667
0.13833333333333334
0.12555555555555553
0.1322222222222222
0.18611111111111112
0.20222222222222222
0.16611111111111113
0.24333333333333332
0.28555555555555556
0.2683333333333333
0.31222222222222223
0.28
0.1638888888888889
0.1822222222222222
0.1827777777777778
