temperature
2.6604347826086956
2.511739130434783
1.5286956521739128
1.6986956521739132
2.2243478260869565
2.400434782608696
2.143913043478261
2.232173913043478
2.027391304347826
1.8826086956521737
2.037826086956522
1.2813043478260868
1.1539130434782607
1.8456521739130436
2.1395652173913042
2.241304347826087
1.446521739130435
1.2995652173913044
2.075217391304348
2.2469565217391305
2.619565217391304
2.720869565217391
2.337391304347826
2.1365217391304347
1.8608695652173912
1.373913043478261
1.377391304347826
1.2547826086956522
2.0386956521739132
1.9669565217391305
1.4386956521739132
1.5352173913043479
2.536521739130435
2.6960869565217394
2.8004347826086957
2.7943478260869563
3.006086956521739
2.4143478260869564
2.22
1.8421739130434782
1.7091304347826088
1.1917391304347826
1.3004347826086957
1.5
1.2782608695652173
0.6895652173913043
0.7017391304347826
1.1230434782608696
1.7613043478260868
1.8717391304347826
2.1713043478260867
2.447391304347826
2.949130434782609
2.919565217391304
2.8413043478260867
2.6565217391304348
2.700869565217391
2.8156521739130436
2.453478260869565
2.7708695652173914
2.9530434782608697
2.9126086956521737
3.136086956521739
3.385217391304348
4.334782608695653
4.386521739130435
4.444347826086957
4.03695652173913
3.970869565217391
3.8778260869565218
4.23695652173913
3.8469565217391306
3.353478260869565
3.218260869565217
3.327391304347826
3.6204347826086956
3.6739130434782608
3.0569565217391306
3.2934782608695654
3.112608695652174
3.2408695652173916
3.460434782608696
3.8395652173913044
4.163043478260869
3.7943478260869568
3.9213043478260867
4.030869565217391
4.148260869565218
4.616521739130435
4.803913043478261
4.699545454545454
4.359545454545454
3.6586363636363632
4.115
4.583181818181818
4.509090909090909
4.46409090909091
4.301363636363636
4.484090909090909
4.899545454545454
5.204545454545454
5.476818181818182
5.151818181818182
5.538636363636363
5.998181818181819
5.960454545454545
5.85
6.002272727272728
6.342272727272728
6.261363636363637
6.540909090909091
6.350909090909091
6.15090909090909
6.155909090909091
6.286363636363637
6.250909090909091
6.030909090909091
5.915909090909091
6.295000000000001
6.511818181818182
6.448636363636364
6.525
6.727727272727273
6.990454545454545
7.008636363636364
7.204999999999999
7.5
7.905
7.318636363636363
7.665454545454546
8.19409090909091
7.850454545454546
8.56
8.396818181818182
8.774545454545454
8.558636363636364
8.339545454545455
9.012272727272729
8.850454545454546
9.206818181818182
9.227727272727272
9.022272727272728
9.397727272727273
9.97
10.073181818181817
9.956363636363635
9.833181818181817
9.468181818181819
9.500454545454545
9.780454545454544
9.93409090909091
10.42909090909091
10.412727272727272
10.389999999999999
10.375
10.374090909090908
10.334545454545456
10.585909090909091
10.511363636363637
10.897727272727273
10.405
10.477272727272727
10.762727272727274
10.48409090909091
10.780909090909091
10.850454545454546
11.047727272727274
11.244545454545454
11.33909090909091
11.84772727272727
11.95318181818182
11.419545454545455
11.516363636363636
11.454545454545455
11.482272727272727
11.87590909090909
11.760909090909092
11.65181818181818
11.540909090909091
11.607727272727272
12.291363636363638
12.233181818181817
12.441363636363635
12.467272727272727
13.071363636363635
13.389090909090909
13.44818181818182
13.792272727272728
13.526363636363635
13.24409090909091
12.91590909090909
13.392727272727273
13.178636363636365
13.077727272727271
13.39909090909091
12.988181818181818
12.958636363636362
12.462272727272728
12.898181818181818
13.167272727272728
13.627272727272727
13.1
12.856363636363636
12.828636363636365
12.906363636363636
13.432727272727272
13.69590909090909
13.930454545454547
13.925454545454546
14.089090909090908
13.200454545454546
13.060454545454546
13.142727272727273
13.436363636363637
13.19681818181818
12.773636363636363
13.048181818181819
13.047727272727274
13.072272727272729
12.941363636363638
13.06590909090909
12.75590909090909
13.006363636363636
13.065454545454545
13.20318181818182
13.17
13.290454545454544
13.128636363636362
12.541363636363638
12.516363636363637
12.686363636363637
12.968181818181819
12.959545454545456
12.65
12.462272727272728
13.011363636363637
12.885909090909092
12.694090909090908
12.490454545454547
12.312727272727273
12.77090909090909
12.018636363636364
11.848636363636365
12.315
11.872272727272728
11.805909090909092
11.70318181818182
11.552272727272728
11.163636363636364
11.092727272727272
11.52
11.034545454545453
10.562727272727273
10.349545454545455
10.348181818181818
10.22
10.256818181818183
10.451818181818181
10.622727272727273
11.150454545454545
10.765454545454546
10.177727272727273
10.483181818181817
10.278636363636364
9.889090909090909
10.215454545454547
9.72181818181818
9.291363636363636
8.692272727272726
8.92909090909091
9.429545454545455
10.07090909090909
9.566818181818181
9.801304347826088
9.707391304347826
9.425652173913043
9.522173913043478
9.363478260869567
9.046521739130435
8.712173913043477
8.558260869565217
8.961739130434783
8.47695652173913
8.189130434782609
7.98695652173913
7.429130434782609
7.59695652173913
7.663913043478261
7.622608695652174
7.177391304347827
7.358260869565218
6.918695652173913
6.8426086956521734
6.721304347826087
6.8
7.076956521739131
7.142608695652174
7.1234782608695655
7.280869565217392
6.818695652173914
6.813043478260869
6.778260869565218
6.689130434782609
6.41
6.002608695652174
6.380000000000001
5.990434782608696
5.7586956521739125
5.177826086956522
5.076086956521739
5.422173913043479
5.494782608695652
5.503478260869565
5.560434782608696
5.296956521739131
4.558695652173912
4.110869565217391
3.800869565217391
4.124347826086956
3.7913043478260873
3.6165217391304343
3.8391304347826085
3.433913043478261
2.7600000000000002
3.21304347826087
3.9356521739130432
3.9878260869565216
4.043913043478261
3.723913043478261
3.358260869565217
2.933043478260869
2.9056521739130434
2.4765217391304346
2.792173913043478
2.8130434782608695
3.243478260869565
3.595652173913044
3.619565217391304
3.683478260869565
3.2647826086956524
2.3491304347826087
2.2343478260869567
2.15304347826087
2.3743478260869564
2.6917391304347826
2.784782608695652
2.846086956521739
2.9565217391304346
3.246521739130435
3.0230434782608695
2.445217391304348
2.5478260869565217
2.902173913043478
2.792173913043478
3.2047826086956523
2.898695652173913
3.106086956521739
3.3339130434782605
3.4982608695652178
3.433478260869565
2.6656521739130437
2.866521739130435
2.3517391304347823
2.2026086956521738
2.471739130434783
