temperature
4.659565217391305
4.69695652173913
4.666956521739131
4.9995652173913046
5.387391304347826
5.447391304347827
4.562173913043479
5.034782608695652
5.19
4.667826086956522
4.35695652173913
3.7039130434782606
3.3795652173913044
3.59
4.295217391304347
4.434782608695652
3.9617391304347827
3.6278260869565218
4.289565217391305
4.58
5.039130434782608
5.056521739130434
5.200869565217391
5.07304347826087
4.776521739130435
4.531304347826087
4.5578260869565215
4.631739130434783
4.329565217391305
3.802608695652174
3.7469565217391305
4.199130434782608
4.601739130434782
4.834782608695653
4.771304347826087
5.096086956521739
5.251739130434783
5.349130434782609
4.858695652173913
4.379565217391304
3.7995652173913044
3.7095652173913045
4.037826086956522
3.776086956521739
3.261304347826087
2.933913043478261
2.955217391304348
3.498695652173913
3.5626086956521736
3.723913043478261
3.822173913043478
4.277391304347826
4.573913043478261
4.842173913043479
4.701739130434783
3.842608695652174
4.39
4.853478260869565
4.968260869565217
5.231304347826087
5.458695652173913
5.329565217391305
5.200434782608696
5.163043478260869
5.6234782608695655
6.004782608695653
5.624782608695653
5.794347826086957
5.995652173913044
6.246086956521739
5.82391304347826
6.060434782608695
5.857826086956521
6.107826086956521
5.712173913043478
6.087826086956523
5.9460869565217385
6.079130434782608
5.909565217391305
6.059130434782608
6.21304347826087
6.03
6.190434782608696
6.6256521739130445
6.374347826086957
6.682173913043478
6.43
6.371739130434783
6.85304347826087
6.736521739130435
7.085454545454545
6.955454545454546
6.069090909090909
5.986818181818182
6.144090909090909
6.352727272727273
6.828636363636363
6.717272727272728
6.7304545454545455
6.969090909090909
7.333636363636364
7.832272727272727
7.958181818181819
7.956818181818182
8.076363636363636
8.461818181818181
7.931818181818182
7.779090909090908
8.548636363636364
8.272727272727273
8.345454545454546
9.043636363636365
8.97409090909091
8.495909090909091
8.393181818181818
8.103636363636364
8.412727272727274
8.285454545454545
8.433636363636364
8.553181818181818
8.864545454545455
8.635
9.17909090909091
9.372272727272728
9.53590909090909
9.806363636363637
9.773636363636363
10.205
9.931363636363637
9.816818181818181
10.395909090909091
10.365909090909092
10.781363636363636
11.017727272727273
10.998181818181818
10.756818181818183
11.129545454545454
11.382272727272728
11.313636363636364
12.056363636363637
11.925454545454546
11.69818181818182
11.895
12.085
12.35590909090909
12.16909090909091
12.288636363636364
11.661818181818182
11.99590909090909
11.94
12.135000000000002
12.233636363636363
12.400454545454545
12.798181818181819
12.510909090909092
12.555909090909092
12.414545454545454
12.433181818181817
12.681363636363637
13.090454545454547
12.742272727272727
12.972272727272726
13.19681818181818
12.963181818181818
13.277727272727274
13.407272727272726
13.768181818181818
13.661363636363637
13.408636363636363
14.021818181818183
14.202272727272726
14.194545454545453
14.291818181818183
14.085909090909091
13.973181818181816
14.413636363636364
14.546818181818184
14.436363636363637
14.352727272727272
14.608636363636363
14.84909090909091
14.733181818181817
14.92
15.113181818181818
15.704545454545455
16.30727272727273
15.996818181818183
15.945454545454545
16.20909090909091
15.98
15.994545454545454
16.021818181818183
16.028636363636362
16.220000000000002
15.780000000000001
16.14181818181818
15.77
15.415454545454544
15.413636363636364
15.602272727272727
16.138636363636365
15.993636363636364
15.72272727272727
15.684545454545455
15.659999999999998
15.83
16.176363636363636
16.207272727272727
16.40681818181818
16.452272727272728
16.64272727272727
16.137272727272727
15.658181818181818
15.826818181818181
16.280454545454546
15.602272727272727
15.692727272727273
15.64409090909091
15.377272727272727
15.490454545454547
15.932272727272727
15.672727272727274
15.641363636363637
15.855454545454545
15.887272727272727
16.088636363636365
16.402272727272727
15.732727272727272
15.488636363636363
15.387272727272727
15.639999999999999
15.960909090909091
15.906363636363636
16.106818181818184
15.185454545454546
15.489999999999998
15.55318181818182
15.63
15.385909090909092
15.337727272727273
15.22090909090909
14.982727272727272
14.747272727272728
14.908181818181818
14.666363636363638
14.539090909090909
14.170454545454545
14.337272727272728
14.17
14.29090909090909
14.543636363636363
14.365000000000002
14.049545454545454
13.612272727272728
13.745
13.418636363636363
13.050454545454546
13.450454545454546
13.548636363636364
13.569545454545453
13.319545454545453
13.086818181818183
12.92681818181818
13.034999999999998
12.609545454545453
12.984545454545456
12.829545454545455
12.745909090909093
12.492727272727272
12.492727272727274
12.65409090909091
12.430909090909092
12.433636363636365
12.219565217391304
11.828695652173913
11.998260869565216
12.068260869565217
11.711304347826088
11.438260869565216
11.553043478260872
10.984782608695653
11.523043478260869
11.531739130434783
10.931739130434783
10.943913043478261
10.52304347826087
10.211304347826086
10.38782608695652
9.978260869565217
9.681304347826087
9.952608695652174
10.462173913043477
10.001739130434782
9.628695652173914
9.412173913043478
9.477391304347826
9.661739130434782
9.610869565217392
9.918695652173913
9.689565217391303
9.415652173913044
8.993478260869566
9.376521739130435
9.725217391304348
9.602608695652174
9.587826086956522
8.837391304347825
8.317826086956522
7.961739130434783
7.638695652173913
8.516521739130434
8.796956521739132
8.254347826086956
8.265652173913043
8.345652173913043
7.370869565217391
6.804347826086956
6.6286956521739135
6.763913043478261
6.752608695652174
6.9226086956521735
7.496956521739131
7.0465217391304344
6.297826086956522
6.074347826086957
6.278695652173913
6.718260869565218
6.843043478260869
6.5752173913043475
6.0465217391304344
5.776521739130436
5.558695652173912
5.168260869565217
5.418695652173913
5.846521739130435
5.955217391304347
6.229565217391304
6.272173913043478
6.203913043478261
6.0200000000000005
6.243478260869565
5.296521739130435
4.8478260869565215
4.682608695652174
5.216086956521739
5.394347826086957
5.371739130434783
5.817391304347827
6.2239130434782615
5.748260869565217
5.759130434782609
5.443043478260869
5.279565217391305
5.601304347826088
6.215217391304347
5.366521739130435
5.878260869565217
5.941739130434782
5.7752173913043485
5.824347826086957
5.730434782608696
5.381304347826087
5.495652173913044
4.7926086956521745
4.581304347826087
