pet
0.36086956521739133
0.33304347826086955
0.4643478260869565
0.5421739130434783
0.3630434782608695
0.4221739130434783
0.47347826086956524
0.30130434782608695
0.2391304347826087
0.42130434782608694
0.6126086956521739
0.54
0.5317391304347826
0.4360869565217392
0.3334782608695652
0.42434782608695654
0.41521739130434787
0.4273913043478261
0.4373913043478261
0.34
0.43826086956521737
0.5378260869565218
0.31869565217391305
0.6399999999999999
0.5260869565217391
0.45826086956521733
0.42173913043478256
0.5669565217391305
0.46913043478260874
0.5169565217391304
0.5895652173913044
0.43086956521739134
0.5852173913043479
0.28043478260869564
0.498695652173913
0.5721739130434783
0.5095652173913043
0.6247826086956522
0.6056521739130435
0.5265217391304348
0.5482608695652174
0.5365217391304348
0.5621739130434783
0.7056521739130435
0.6782608695652174
0.5978260869565217
0.6952173913043478
0.5391304347826087
0.6534782608695652
0.5978260869565217
0.49086956521739133
0.691304347826087
0.6404347826086957
0.6995652173913044
0.7282608695652174
0.7552173913043478
0.6926086956521739
0.8895652173913043
0.8221739130434783
0.802608695652174
0.8447826086956521
0.9130434782608695
0.8860869565217391
0.7821739130434784
0.7304347826086957
0.8734782608695653
0.7130434782608696
0.9291304347826087
0.748695652173913
0.938695652173913
0.8913043478260869
0.9173913043478261
0.9234782608695653
0.9339130434782609
0.9995652173913043
1.162608695652174
0.9873913043478261
0.8886956521739131
0.91
0.9969565217391304
1.3030434782608695
1.1591304347826088
1.1134782608695653
1.352608695652174
1.2021739130434783
1.2473913043478262
1.32
1.2252173913043478
1.2339130434782608
1.2508695652173913
1.0059090909090909
1.1981818181818182
1.4022727272727273
1.4054545454545455
1.3554545454545455
1.5772727272727274
1.5518181818181818
1.5104545454545453
1.653181818181818
1.46
1.5481818181818183
1.3727272727272728
1.6409090909090909
1.9522727272727274
1.8086363636363636
1.8704545454545454
1.9331818181818183
1.6272727272727272
1.8059090909090911
2.0336363636363637
1.89
1.9827272727272727
2.0395454545454546
2.2809090909090908
1.9368181818181818
2.045
2.309545454545454
2.0754545454545457
2.0281818181818183
1.695909090909091
2.025
2.1131818181818183
2.1336363636363633
2.1236363636363635
2.057272727272727
2.182272727272727
2.2140909090909093
2.221363636363636
2.1563636363636363
1.9586363636363637
2.1195454545454546
2.0913636363636363
2.2754545454545454
2.4727272727272727
2.476818181818182
2.36
2.4386363636363635
2.6345454545454547
2.4827272727272724
2.627727272727273
2.47
2.5636363636363635
2.538181818181818
2.837727272727273
2.4472727272727273
2.63
2.75
2.712727272727273
2.3227272727272728
2.4545454545454546
2.6813636363636366
2.415
2.3840909090909093
2.5645454545454545
2.5436363636363635
2.3363636363636364
2.5327272727272727
2.377272727272727
2.312727272727273
2.514090909090909
2.480909090909091
2.454090909090909
2.756818181818182
2.696818181818182
2.570909090909091
2.9299999999999997
2.8654545454545453
2.67
2.5500000000000003
2.8036363636363637
2.9927272727272727
2.747272727272727
2.8504545454545456
2.351818181818182
2.4704545454545457
2.4522727272727276
2.713636363636364
2.5454545454545454
2.5213636363636365
2.5904545454545453
2.729090909090909
2.773636363636364
2.935909090909091
3.3172727272727274
2.692727272727273
2.8745454545454545
2.99
2.7268181818181816
2.699090909090909
2.5727272727272728
2.341818181818182
2.356818181818182
2.458636363636364
2.5422727272727275
2.346818181818182
2.7077272727272725
2.6931818181818183
2.713181818181818
2.63
2.4431818181818183
2.6813636363636366
2.72
2.510909090909091
2.627727272727273
2.535
2.7904545454545455
2.6463636363636365
2.588636363636364
2.8795454545454544
2.7718181818181815
2.620909090909091
2.3363636363636364
2.6772727272727272
2.4177272727272725
2.5318181818181817
2.4313636363636366
2.212727272727273
2.3249999999999997
2.3045454545454547
2.3613636363636363
2.180454545454545
2.4318181818181817
2.125
2.2822727272727272
2.0472727272727274
2.013181818181818
2.3486363636363636
2.536818181818182
2.377272727272727
2.191818181818182
2.1495454545454544
2.3740909090909095
2.1545454545454543
2.055454545454545
1.9531818181818181
2.053181818181818
1.9286363636363637
2.2027272727272726
2.2668181818181816
2.0545454545454547
2.0768181818181817
2.049545454545455
1.8486363636363636
1.6295454545454546
1.6836363636363636
1.981818181818182
1.8186363636363636
1.9513636363636364
1.8381818181818181
1.8095454545454546
1.7327272727272727
1.7200000000000002
1.6995454545454545
1.7136363636363638
1.5154545454545454
1.565
1.5136363636363634
1.4572727272727273
1.3122727272727273
1.4009090909090909
1.31
1.4327272727272726
1.423181818181818
1.3431818181818183
1.4472727272727273
1.145
1.201818181818182
1.1718181818181819
1.174090909090909
1.083181818181818
1.1372727272727272
1.1872727272727273
1.1290909090909091
1.2047826086956521
0.9334782608695652
1.0917391304347825
1.0908695652173912
1.0556521739130436
1.09
1.066521739130435
1.0921739130434782
0.831304347826087
0.7904347826086956
0.9782608695652174
0.8882608695652173
0.8560869565217392
0.8426086956521739
0.738695652173913
0.9656521739130435
1.0008695652173913
0.7034782608695652
0.8034782608695652
0.8634782608695651
0.8317391304347825
0.6373913043478261
0.6565217391304348
0.7447826086956522
0.6847826086956522
0.7039130434782609
0.6473913043478261
0.5817391304347825
0.6873913043478261
0.5769565217391304
0.491304347826087
0.46391304347826084
0.5265217391304348
0.65
0.6534782608695652
0.6504347826086957
0.6673913043478261
0.468695652173913
0.558695652173913
0.6530434782608695
0.4956521739130435
0.4721739130434782
0.6373913043478261
0.6421739130434783
0.5847826086956521
0.5734782608695652
0.4182608695652174
0.5465217391304348
0.5130434782608696
0.4995652173913044
0.5691304347826087
0.4869565217391304
0.5747826086956522
0.3630434782608695
0.47347826086956524
0.3878260869565217
0.52
0.43086956521739134
0.5139130434782608
0.44217391304347825
0.2034782608695652
0.3904347826086957
0.3017391304347826
0.3856521739130435
0.40956521739130436
0.3073913043478261
0.4043478260869566
0.3426086956521739
0.43347826086956526
0.43521739130434783
0.46608695652173915
0.5304347826086956
0.46347826086956523
0.4978260869565217
0.4
0.3056521739130435
0.3734782608695652
0.44304347826086954
0.5108695652173914
0.3904347826086957
0.31869565217391305
0.3856521739130435
0.4073913043478261
0.3973913043478261
0.3552173913043478
0.43043478260869567
0.29130434782608694
0.4273913043478261
0.3247826086956522
0.2952173913043478
0.3573913043478261
0.3239130434782609
