temperature
4.245217391304348
4.29
4.24304347826087
4.5343478260869565
4.928260869565217
5.129565217391304
4.114347826086957
4.596521739130435
4.839565217391304
4.38304347826087
4.081304347826087
3.279130434782609
2.9482608695652175
3.133478260869565
3.9530434782608697
4.1378260869565215
3.633478260869565
3.2456521739130437
3.9143478260869564
4.174347826086957
4.666086956521739
4.745652173913044
4.924347826086957
4.753478260869565
4.4165217391304346
4.190434782608696
4.142608695652174
4.2504347826086954
4.02695652173913
3.4400000000000004
3.396086956521739
3.872608695652174
4.232608695652174
4.521304347826087
4.428260869565217
4.808260869565218
5.07
5.055217391304348
4.59304347826087
4.092173913043479
3.4843478260869567
3.364347826086956
3.68
3.462608695652174
2.845652173913044
2.5786956521739133
2.623913043478261
3.17304347826087
3.287826086956522
3.454782608695652
3.4991304347826087
4.0486956521739135
4.363913043478261
4.572173913043478
4.467826086956522
3.533478260869565
4.081304347826087
4.471304347826087
4.6869565217391305
5.036956521739131
5.26
5.173478260869565
5.00695652173913
4.984782608695652
5.339565217391304
5.817826086956522
5.528695652173913
5.595217391304348
5.883478260869565
6.166521739130435
5.72304347826087
5.9308695652173915
5.777391304347826
5.98391304347826
5.572173913043478
6.037391304347826
5.9543478260869565
6.121739130434783
5.888695652173913
6.009565217391304
6.163478260869565
5.933478260869565
6.168260869565217
6.61
6.252608695652174
6.619130434782609
6.394782608695652
6.319565217391304
6.735217391304348
6.599565217391304
7.174545454545455
7.065454545454545
6.126363636363636
5.997272727272727
6.115909090909091
6.27590909090909
6.806818181818182
6.738636363636363
6.7268181818181825
6.9736363636363645
7.371363636363637
7.869545454545454
7.890454545454546
7.948636363636364
8.120909090909091
8.51
7.881818181818182
7.767272727272727
8.533181818181818
8.336363636363636
8.34
9.173636363636364
8.99409090909091
8.44090909090909
8.412272727272727
8.108181818181817
8.39409090909091
8.255454545454546
8.402727272727274
8.572727272727272
9.000454545454545
8.763181818181819
9.226818181818182
9.432272727272727
9.645
9.936363636363636
9.973181818181818
10.465454545454547
10.106363636363637
10.05590909090909
10.604090909090909
10.494545454545454
11.01590909090909
11.169545454545455
11.229545454545455
10.988636363636363
11.30318181818182
11.43090909090909
11.497272727272728
12.211818181818181
11.999545454545455
11.772272727272728
12.080454545454545
12.219545454545454
12.475909090909092
12.391818181818183
12.442272727272728
11.792727272727273
12.098636363636365
12.154545454545454
12.318181818181818
12.536818181818182
12.644545454545455
13.002272727272727
12.701363636363636
12.680909090909092
12.650454545454545
12.687272727272727
12.95318181818182
13.328636363636365
12.992727272727272
13.166818181818183
13.356818181818182
13.231818181818182
13.62090909090909
13.630454545454546
13.953636363636365
13.908636363636363
13.50590909090909
14.246818181818183
14.387272727272727
14.370454545454544
14.492272727272727
14.288181818181819
14.236363636363636
14.59681818181818
14.844545454545454
14.706363636363637
14.606818181818182
14.866363636363637
15.114090909090908
15.05818181818182
15.19681818181818
15.328636363636365
15.939545454545454
16.650000000000002
16.410454545454545
16.28909090909091
16.54409090909091
16.284545454545455
16.296363636363637
16.324545454545454
16.193181818181817
16.51772727272727
16.10909090909091
16.472727272727273
16.007727272727273
15.67
15.690454545454545
15.851363636363637
16.38181818181818
16.168181818181818
16.00090909090909
15.953636363636365
15.82818181818182
16.05727272727273
16.459090909090907
16.463636363636365
16.67
16.748181818181816
16.887727272727272
16.541818181818183
16.003636363636364
16.095454545454547
16.54090909090909
15.954545454545455
15.981818181818182
15.893181818181818
15.598181818181816
15.853636363636362
16.267272727272726
16.038636363636364
15.895
16.08590909090909
16.135454545454547
16.468636363636364
16.748636363636365
16.051363636363636
15.735000000000001
15.611818181818181
15.853181818181817
16.201363636363638
16.132727272727273
16.286363636363635
15.241818181818182
15.565454545454545
15.638181818181819
15.77
15.396363636363638
15.473181818181816
15.409545454545453
15.175
14.820454545454545
15.075909090909091
14.79409090909091
14.65318181818182
14.315454545454545
14.423636363636364
14.183636363636365
14.340000000000002
14.552727272727275
14.43590909090909
14.164090909090909
13.677727272727275
13.85590909090909
13.408181818181818
12.978181818181817
13.427727272727275
13.533636363636363
13.653636363636364
13.375454545454545
13.112727272727273
12.966818181818182
13.090454545454547
12.672272727272729
13.016818181818183
12.85409090909091
12.761363636363637
12.533181818181818
12.538181818181817
12.59590909090909
12.405454545454546
12.464090909090912
12.222173913043479
11.831304347826087
11.901304347826088
12.031739130434783
11.658260869565217
11.348260869565218
11.377391304347826
10.834347826086956
11.505217391304347
11.521304347826087
10.921304347826087
10.890434782608695
10.483478260869566
10.024782608695652
10.228260869565217
9.753478260869565
9.516521739130434
9.872608695652174
10.37304347826087
9.839565217391305
9.45217391304348
9.204782608695652
9.245652173913044
9.5
9.419130434782607
9.691739130434783
9.545652173913044
9.181739130434783
8.65304347826087
9.07913043478261
9.533478260869567
9.39695652173913
9.351739130434783
8.70695652173913
7.98391304347826
7.68304347826087
7.268695652173913
8.149565217391304
8.574347826086957
8.064782608695653
7.988260869565217
8.12782608695652
7.073478260869565
6.481304347826087
6.187826086956521
6.385652173913043
6.399565217391304
6.4913043478260875
7.110434782608695
6.701739130434782
5.869130434782609
5.65391304347826
5.894782608695651
6.379130434782609
6.457826086956522
6.2443478260869565
5.610869565217392
5.332173913043478
5.095217391304348
4.657826086956521
4.845652173913043
5.403043478260869
5.593043478260869
5.900434782608696
5.921304347826087
5.885217391304347
5.576086956521739
5.78
4.903478260869565
4.480869565217391
4.2156521739130435
4.71
4.809565217391304
4.776521739130435
5.285217391304348
5.802173913043478
5.336086956521739
5.417826086956522
5.096956521739131
4.883478260869565
5.180434782608696
5.884347826086957
5.095217391304348
5.511304347826087
5.5456521739130435
5.409999999999999
5.4113043478260865
5.42695652173913
5.0947826086956525
5.189565217391304
4.369130434782608
4.083913043478261
