pet
0.32217391304347825
0.20956521739130435
0.41304347826086957
0.3130434782608696
0.16478260869565217
0.34130434782608693
0.2617391304347826
0.15434782608695652
0.17217391304347826
0.26130434782608697
0.31826086956521743
0.31043478260869567
0.30347826086956525
0.2717391304347826
0.22826086956521738
0.24000000000000002
0.28782608695652173
0.24391304347826087
0.28
0.17869565217391306
0.2652173913043478
0.2808695652173913
0.26565217391304347
0.46043478260869564
0.25478260869565217
0.30130434782608695
0.3104347826086956
0.3060869565217391
0.26652173913043475
0.3443478260869565
0.4008695652173913
0.3517391304347826
0.371304347826087
0.21086956521739128
0.3160869565217391
0.43086956521739134
0.3804347826086957
0.491304347826087
0.4608695652173913
0.3652173913043478
0.4973913043478261
0.3947826086956522
0.34
0.498695652173913
0.4834782608695652
0.43478260869565216
0.5230434782608696
0.3443478260869565
0.42130434782608694
0.5295652173913044
0.45260869565217393
0.4760869565217391
0.5282608695652175
0.5752173913043478
0.5673913043478261
0.4865217391304348
0.601304347826087
0.6321739130434783
0.6265217391304347
0.6834782608695652
0.7269565217391304
0.8360869565217391
0.742608695652174
0.7143478260869565
0.6591304347826087
0.7030434782608694
0.7743478260869565
0.7708695652173914
0.6734782608695652
0.7643478260869566
0.8591304347826086
0.8265217391304347
0.9026086956521739
0.8813043478260869
0.8060869565217391
0.9869565217391304
1.0078260869565216
0.8973913043478261
0.9130434782608695
1.0226086956521738
1.1569565217391304
1.0917391304347825
1.1008695652173912
1.2543478260869565
1.1221739130434782
1.136086956521739
1.2334782608695654
1.2195652173913043
1.202608695652174
1.1682608695652175
1.0918181818181818
1.1854545454545453
1.4054545454545455
1.4122727272727273
1.3154545454545454
1.4913636363636364
1.5031818181818182
1.4222727272727271
1.5836363636363635
1.538181818181818
1.5486363636363636
1.6159090909090907
1.6595454545454544
2.0113636363636362
1.8481818181818184
1.8804545454545454
1.7113636363636362
1.65
1.7540909090909091
1.8454545454545455
1.8345454545454545
1.9627272727272727
1.919090909090909
2.0854545454545454
1.950909090909091
1.9522727272727274
2.0736363636363637
2.005909090909091
1.8409090909090908
1.8327272727272728
1.9699999999999998
2.3163636363636364
2.1609090909090907
2.2172727272727273
2.119090909090909
2.1795454545454547
2.2363636363636363
2.3554545454545455
2.1550000000000002
2.2036363636363636
2.200909090909091
2.372727272727273
2.487727272727273
2.639090909090909
2.7177272727272728
2.549090909090909
2.5722727272727273
2.576363636363636
2.650909090909091
2.604090909090909
2.4477272727272728
2.5749999999999997
2.4336363636363636
2.6813636363636366
2.612727272727273
2.659090909090909
2.7104545454545454
2.7186363636363637
2.5422727272727275
2.5845454545454545
2.7381818181818183
2.644090909090909
2.5427272727272725
2.6727272727272724
2.8395454545454544
2.348181818181818
2.5636363636363635
2.6522727272727273
2.5863636363636364
2.7531818181818184
2.5913636363636363
2.5604545454545455
2.6454545454545455
2.9131818181818185
2.895909090909091
2.9672727272727273
3.034090909090909
2.575909090909091
2.765454545454545
2.737727272727273
3.0627272727272725
2.8554545454545455
3.0995454545454546
2.7245454545454546
2.8572727272727274
2.618181818181818
2.8113636363636365
2.736818181818182
2.6572727272727272
2.8895454545454546
2.9890909090909092
3.0213636363636365
2.9099999999999997
3.409090909090909
2.972272727272727
3.088181818181818
3.3845454545454543
3.255909090909091
2.9627272727272724
2.9477272727272723
2.7713636363636365
2.9863636363636363
2.7504545454545455
2.919545454545455
2.785
2.82
2.873181818181818
2.855909090909091
2.861818181818182
2.645
2.82
2.652727272727273
2.674090909090909
2.655
2.4995454545454545
3.026818181818182
2.7886363636363636
2.699090909090909
2.773181818181818
3.0204545454545455
2.6472727272727274
2.599090909090909
2.8163636363636364
2.7686363636363636
2.584090909090909
2.7140909090909093
2.478181818181818
2.472272727272727
2.2945454545454544
2.5386363636363636
2.409090909090909
2.5431818181818184
2.4272727272727272
2.3918181818181816
2.2854545454545456
2.2095454545454545
2.5395454545454546
2.705
2.3318181818181816
2.050909090909091
2.234090909090909
2.522727272727273
2.273636363636364
2.3236363636363637
2.1595454545454547
2.1204545454545456
2.0663636363636364
2.196818181818182
2.2427272727272727
2.0731818181818182
1.9686363636363637
2.0359090909090907
1.8613636363636366
1.7886363636363638
1.8322727272727273
2.0345454545454547
1.9868181818181818
1.85
1.835909090909091
1.8163636363636364
1.794090909090909
1.7240909090909091
1.7277272727272726
1.705909090909091
1.6681818181818182
1.5799999999999998
1.3913636363636364
1.395909090909091
1.3495454545454546
1.329090909090909
1.2436363636363637
1.2736363636363637
1.374090909090909
1.2013636363636364
1.3286363636363636
1.1354545454545455
1.0945454545454547
1.054090909090909
1.0354545454545454
1.0250000000000001
0.9886363636363636
0.9631818181818183
0.9222727272727272
1.103913043478261
1.0321739130434782
0.8843478260869565
0.8643478260869565
0.8343478260869565
0.9065217391304349
0.8908695652173912
0.9169565217391304
0.7352173913043478
0.66
0.8308695652173913
0.6678260869565217
0.731304347826087
0.6634782608695652
0.6378260869565218
0.7030434782608694
0.6752173913043478
0.6343478260869565
0.6739130434782609
0.6278260869565218
0.5982608695652174
0.6391304347826087
0.5056521739130434
0.577391304347826
0.48739130434782607
0.41956521739130437
0.4730434782608696
0.4817391304347826
0.4947826086956521
0.3782608695652174
0.3639130434782609
0.32304347826086954
0.30521739130434783
0.43478260869565216
0.3808695652173913
0.3843478260869565
0.3595652173913043
0.33043478260869563
0.28652173913043477
0.4947826086956522
0.3860869565217392
0.29391304347826086
0.3791304347826087
0.44086956521739135
0.3095652173913043
0.3934782608695652
0.20652173913043478
0.3969565217391304
0.2434782608695652
0.3443478260869565
0.25130434782608696
0.2534782608695652
0.3991304347826087
0.19782608695652174
0.3708695652173913
0.3713043478260869
0.23043478260869568
0.16652173913043478
0.1852173913043478
0.1926086956521739
0.1108695652173913
0.16260869565217392
0.21826086956521737
0.23782608695652172
0.1773913043478261
0.1682608695652174
0.19782608695652174
0.22695652173913042
0.2039130434782609
0.20739130434782607
0.18956521739130436
0.23782608695652172
0.27869565217391307
0.23173913043478261
0.22217391304347828
0.17565217391304347
0.21826086956521737
0.2965217391304348
0.27869565217391307
0.21173913043478262
0.2569565217391304
0.26173913043478264
0.18217391304347827
0.2843478260869565
0.17304347826086958
0.1908695652173913
0.16869565217391305
0.26130434782608697
0.1956521739130435
0.23652173913043475
0.2034782608695652
0.16695652173913042
