temperature
4.959545454545455
4.489090909090909
4.253636363636364
4.217272727272728
5.231818181818182
4.850909090909091
5.14
5.374545454545454
5.120454545454546
5.453181818181818
5.475454545454546
6.107272727272728
6.223181818181818
5.262272727272727
5.902272727272727
5.171363636363636
5.128181818181818
5.2250000000000005
5.660909090909091
5.341818181818182
4.642272727272727
4.535
4.506818181818182
4.539545454545455
4.899090909090909
4.491818181818182
4.574090909090909
4.490909090909091
4.678181818181819
4.416818181818182
4.54
4.72
4.454090909090909
4.595
5.649090909090909
5.5613636363636365
5.415909090909091
4.927727272727273
4.338636363636364
4.469090909090909
4.879545454545455
5.577727272727273
6.048181818181818
5.37
4.6059090909090905
5.168181818181818
5.005
4.97409090909091
4.979090909090909
4.861363636363636
4.565909090909091
4.857272727272727
5.190454545454545
5.526363636363636
5.675454545454546
5.708636363636364
5.757727272727273
5.719090909090909
5.380909090909091
5.209545454545455
4.828181818181818
4.864545454545454
4.750454545454546
4.987272727272727
5.6863636363636365
6.683636363636364
6.777272727272727
6.737272727272727
6.783181818181817
6.444545454545454
6.166818181818181
5.725454545454546
6.233181818181818
7.110454545454545
7.1468181818181815
7.508636363636364
6.829545454545454
6.28909090909091
6.36
6.707727272727272
7.002727272727273
7.298636363636363
7.370909090909091
7.725909090909091
7.3109090909090915
6.819999999999999
7.191363636363636
7.627727272727273
8.061818181818182
8.357272727272727
8.638636363636364
8.58909090909091
8.283636363636363
7.941818181818181
7.964545454545455
8.531363636363636
7.4809090909090905
7.339545454545455
7.926363636363636
8.397727272727273
7.973181818181818
7.716818181818183
7.770454545454545
8.471363636363636
8.568636363636363
8.601818181818182
8.742272727272727
8.194545454545455
7.790909090909091
8.462727272727273
9.488181818181818
10.207272727272727
10.662727272727274
10.711818181818181
10.699545454545454
10.226363636363637
10.368181818181817
10.483636363636364
10.178181818181818
10.281818181818183
10.682727272727274
10.888181818181819
10.922727272727274
10.77909090909091
10.911363636363637
10.881818181818183
11.255454545454546
11.143181818181818
11.13090909090909
11.358636363636363
11.518181818181818
11.312272727272727
11.121818181818183
11.212727272727273
11.714090909090908
11.80090909090909
11.424545454545454
11.541363636363636
11.835454545454546
12.102272727272727
11.953636363636365
12.082727272727272
12.502272727272727
12.579545454545455
12.538181818181817
12.456818181818182
12.537272727272727
12.57181818181818
12.79681818181818
13.172727272727274
13.62090909090909
13.71
14.202272727272726
13.849545454545455
13.34681818181818
13.507727272727273
13.887272727272727
14.04090909090909
13.852272727272727
14.245
14.046363636363635
13.952727272727271
13.835454545454546
14.0
14.29090909090909
14.344090909090909
14.897727272727273
15.355454545454545
15.366363636363637
15.483181818181817
15.283181818181818
14.634545454545453
14.748181818181818
15.051363636363636
15.121363636363638
15.441818181818183
15.548636363636364
15.513181818181819
15.75409090909091
16.088636363636365
15.939090909090908
16.134090909090908
16.214545454545455
16.14363636363636
16.119545454545456
15.898636363636363
15.85
16.036363636363635
15.92090909090909
16.177727272727275
16.69909090909091
16.417272727272728
16.503636363636364
16.26590909090909
16.471363636363638
16.562272727272727
16.63090909090909
16.275454545454547
16.90818181818182
17.38590909090909
17.077727272727273
16.62590909090909
16.56590909090909
16.961363636363636
17.082727272727272
17.25681818181818
17.207727272727272
17.386363636363637
17.248181818181816
17.305909090909093
17.112272727272725
17.06863636363636
17.470000000000002
17.25681818181818
17.320454545454545
17.095909090909092
17.467727272727274
17.331818181818182
17.076818181818183
16.849999999999998
17.063636363636363
16.993636363636366
17.38909090909091
16.866363636363637
16.38181818181818
16.46681818181818
16.730454545454545
16.466363636363635
16.62818181818182
16.495
16.75090909090909
16.732727272727274
16.473636363636363
16.657727272727275
16.451818181818183
15.654545454545454
15.702727272727271
15.927272727272726
15.376363636363635
14.93409090909091
15.031818181818181
15.103636363636362
15.282727272727271
14.92181818181818
15.135454545454547
15.532727272727273
15.43
15.416363636363638
15.241818181818182
14.949545454545454
14.731818181818182
14.55409090909091
14.917727272727273
15.157272727272728
14.77590909090909
14.092272727272729
13.717727272727274
13.464090909090908
13.346363636363636
13.245
13.742727272727274
14.003636363636362
14.105454545454545
13.945454545454545
13.568636363636363
13.403636363636364
13.162727272727272
12.805909090909092
13.070454545454545
13.27090909090909
13.623636363636365
13.620909090909093
13.849545454545455
13.72409090909091
12.771818181818183
12.56
11.725909090909092
11.6
11.937727272727273
11.533636363636363
12.374545454545455
12.351818181818182
12.156363636363636
11.990454545454547
11.601363636363637
11.27590909090909
11.143181818181818
11.13
10.887727272727274
10.585
10.01
10.202727272727273
9.63
10.530454545454546
10.595454545454546
10.537272727272727
10.706818181818182
10.567272727272726
10.690454545454545
10.789090909090909
10.138181818181819
9.752727272727272
10.325909090909091
10.236363636363636
9.508181818181818
9.209090909090909
9.47181818181818
8.835
9.228636363636364
8.688181818181818
8.524090909090908
8.960909090909091
8.017272727272728
8.214545454545455
8.604545454545455
8.40409090909091
8.441818181818181
7.794545454545456
7.58590909090909
7.108636363636363
7.141363636363637
7.119999999999999
6.630454545454546
6.649090909090909
6.497272727272727
6.285454545454545
6.13909090909091
6.793181818181818
6.546818181818182
6.933636363636364
6.900454545454545
6.572272727272727
6.479090909090909
6.370909090909091
6.08909090909091
6.063181818181818
5.985454545454545
6.026363636363637
5.843636363636364
5.7
5.505909090909092
5.464090909090909
5.443636363636363
5.499545454545454
5.399545454545454
5.6459090909090905
5.695454545454545
4.927727272727273
4.682272727272728
4.941818181818181
4.454999999999999
4.56
4.385909090909092
3.440909090909091
4.5613636363636365
4.818636363636364
5.526818181818182
5.865909090909091
4.928181818181819
4.409090909090909
4.385
3.924545454545455
3.911363636363636
4.549545454545455
4.652727272727272
