pet
0.2972727272727273
0.32
0.33999999999999997
0.29863636363636364
0.2740909090909091
0.24318181818181817
0.375
0.3231818181818182
0.2863636363636364
0.3231818181818182
0.3877272727272727
0.33999999999999997
0.33454545454545453
0.3640909090909091
0.3322727272727273
0.28454545454545455
0.33
0.2818181818181818
0.33090909090909093
0.3477272727272727
0.27772727272727277
0.30363636363636365
0.2877272727272727
0.35909090909090907
0.3877272727272727
0.42363636363636364
0.3831818181818182
0.4686363636363637
0.36727272727272725
0.39545454545454545
0.42045454545454547
0.4227272727272728
0.40454545454545454
0.3831818181818182
0.4422727272727273
0.43772727272727274
0.4918181818181818
0.4959090909090909
0.49318181818181817
0.4872727272727273
0.43818181818181823
0.41590909090909095
0.5413636363636364
0.5431818181818181
0.5077272727272727
0.5595454545454546
0.5781818181818182
0.49272727272727274
0.5859090909090909
0.6240909090909091
0.6831818181818181
0.6540909090909092
0.7013636363636363
0.61
0.5568181818181818
0.6786363636363636
0.7368181818181818
0.7181818181818183
0.7027272727272728
0.7581818181818182
0.7895454545454546
0.7159090909090909
0.7840909090909091
0.7981818181818181
0.8254545454545454
0.7918181818181819
0.8568181818181819
0.8595454545454545
0.9972727272727273
0.9218181818181819
0.9163636363636364
0.9086363636363636
0.935
0.895
0.875
0.9727272727272727
1.0436363636363637
1.125
1.0636363636363635
1.0727272727272728
1.0931818181818183
1.1613636363636364
1.1304545454545456
1.125
1.2504545454545453
1.2263636363636363
1.2545454545454546
1.3431818181818183
1.2759090909090909
1.3845454545454545
1.3695652173913044
1.4678260869565216
1.2795652173913044
1.4008695652173913
1.381304347826087
1.6526086956521737
1.5630434782608698
1.627391304347826
1.5230434782608697
1.6643478260869566
1.6321739130434783
1.5682608695652174
1.587826086956522
1.6313043478260867
1.7078260869565218
1.8660869565217393
1.7478260869565216
1.9908695652173913
1.8139130434782609
1.8104347826086957
1.8465217391304347
1.7408695652173913
1.9108695652173915
1.8039130434782609
1.8243478260869566
1.9091304347826086
2.015217391304348
2.0943478260869566
2.0786956521739133
2.1056521739130436
2.3078260869565215
2.3969565217391304
2.3965217391304345
2.3382608695652176
2.0878260869565217
2.092173913043478
2.3382608695652176
2.2313043478260868
2.3260869565217392
2.030869565217391
2.3195652173913044
2.551304347826087
2.3113043478260873
2.2869565217391306
2.3434782608695652
2.195217391304348
2.1417391304347824
2.2734782608695654
2.4082608695652175
2.1939130434782608
2.303478260869565
2.3330434782608696
2.546521739130435
2.4982608695652173
2.5469565217391303
2.382173913043478
2.2199999999999998
2.482608695652174
2.4821739130434786
2.8073913043478256
2.9543478260869565
2.753913043478261
2.5630434782608695
2.604782608695652
2.5878260869565217
2.7730434782608695
2.3865217391304347
2.8434782608695657
2.892608695652174
2.9595652173913045
2.7443478260869565
2.6934782608695653
2.3943478260869564
2.543913043478261
2.5226086956521736
2.777391304347826
2.8678260869565215
2.726086956521739
2.7256521739130433
2.7069565217391305
2.957826086956522
2.747826086956522
2.787826086956522
2.9078260869565216
2.88
2.819130434782609
2.851304347826087
2.736086956521739
2.8495652173913046
2.9834782608695654
2.721739130434783
2.6843478260869564
2.5908695652173916
2.6395652173913042
2.4817391304347827
2.6478260869565218
2.5595652173913046
2.601304347826087
2.641304347826087
2.847826086956522
2.761304347826087
2.9139130434782605
2.8143478260869568
2.733913043478261
2.8465217391304347
2.5991304347826087
2.8865217391304347
2.721739130434783
2.8104347826086955
2.824347826086956
2.6565217391304348
2.6873913043478264
2.6565217391304348
2.7095652173913045
2.7430434782608697
2.9530434782608697
2.433478260869565
2.5830434782608696
2.5986956521739133
2.3765217391304345
2.6291304347826085
2.3182608695652176
2.178695652173913
2.6395652173913042
2.542173913043478
2.1391304347826083
2.5456521739130435
2.252173913043478
2.373478260869565
2.5691304347826085
2.4856521739130435
2.223478260869565
2.3465217391304347
2.238260869565217
1.9747826086956521
2.063913043478261
2.274782608695652
2.3065217391304347
2.168695652173913
2.051304347826087
2.1156521739130434
2.0243478260869567
1.9591304347826088
2.2243478260869565
1.9234782608695653
1.8613043478260871
1.8508695652173912
1.9443478260869564
2.150434782608696
1.9539130434782608
1.81
1.7221739130434783
1.8126086956521739
1.891304347826087
1.7073913043478262
1.622608695652174
1.8347826086956522
1.576086956521739
1.6386956521739129
1.7508695652173913
1.5882608695652174
1.6843478260869567
1.6839130434782608
1.5108695652173914
1.578695652173913
1.646086956521739
1.5234782608695652
1.438695652173913
1.5521739130434784
1.461304347826087
1.3534782608695652
1.2969565217391303
1.2826086956521738
1.397391304347826
1.2682608695652173
1.2704347826086957
1.3304347826086957
1.1121739130434782
1.0443478260869565
1.0260869565217392
1.127391304347826
1.1078260869565217
1.02
1.079090909090909
1.0231818181818182
1.0250000000000001
1.1018181818181818
0.9918181818181818
0.9763636363636364
0.9245454545454546
0.884090909090909
0.8818181818181817
0.9286363636363636
0.8263636363636363
0.759090909090909
0.6872727272727273
0.7113636363636364
0.6859090909090909
0.6954545454545454
0.8422727272727273
0.8318181818181819
0.7545454545454546
0.6840909090909091
0.7222727272727273
0.6972727272727273
0.6959090909090909
0.6522727272727272
0.7431818181818183
0.7422727272727272
0.7081818181818181
0.6495454545454545
0.5922727272727273
0.5831818181818181
0.645909090909091
0.5236363636363636
0.5345454545454545
0.5063636363636363
0.4481818181818182
0.49727272727272726
0.4722727272727273
0.4827272727272728
0.4336363636363636
0.44681818181818184
0.37999999999999995
0.4486363636363636
0.42045454545454547
0.43681818181818177
0.42818181818181816
0.27
0.29227272727272724
0.3409090909090909
0.3231818181818182
0.3009090909090909
0.3181818181818182
0.27590909090909094
0.25227272727272726
0.29
0.2872727272727273
0.2959090909090909
0.32363636363636367
0.2959090909090909
0.33954545454545454
0.29818181818181816
0.30318181818181816
0.3231818181818182
0.35363636363636364
0.3690909090909091
0.3331818181818182
0.3831818181818182
0.3118181818181818
0.4772727272727273
0.27909090909090906
0.3372727272727273
0.3231818181818182
0.27499999999999997
0.21863636363636366
0.24227272727272728
0.30818181818181817
0.2595454545454545
0.31272727272727274
0.1863636363636364
0.17363636363636362
0.19045454545454546
0.2072727272727273
0.21909090909090911
0.20045454545454547
0.22045454545454543
0.3663636363636364
0.2722727272727273
0.2963636363636364
0.3190909090909091
0.2227272727272727
0.2590909090909091
0.21181818181818182
0.2781818181818182
