temperature
3.8188888888888886
3.9283333333333337
3.855555555555556
4.269444444444444
4.517222222222222
4.404444444444445
3.207777777777778
3.650555555555556
4.049444444444444
4.176111111111111
3.435
2.6872222222222226
2.395
2.632222222222222
3.2422222222222223
3.901666666666667
3.386111111111111
2.573888888888889
3.357222222222222
3.6399999999999997
4.108888888888888
4.155555555555555
4.126666666666667
3.619444444444445
3.4544444444444444
3.167222222222222
3.0005555555555556
3.708888888888889
3.981111111111111
3.476111111111111
3.5494444444444446
3.953157894736842
3.5799999999999996
3.91421052631579
4.208421052631579
4.474210526315789
4.816315789473684
4.204736842105263
3.5742105263157895
3.184736842105263
2.601578947368421
2.4257894736842105
2.656315789473684
2.464736842105263
1.7721052631578948
2.1452631578947368
2.301578947368421
2.6789473684210527
2.789473684210526
2.600526315789474
2.2294736842105265
2.5252631578947367
3.1357894736842105
3.572105263157895
3.736842105263158
3.1231578947368424
3.5794736842105266
4.341052631578948
4.807894736842105
4.739473684210526
4.597368421052631
4.8521052631578945
4.376315789473685
4.930526315789474
5.349473684210526
6.056315789473684
5.772105263157894
5.445263157894736
6.367368421052632
6.476315789473684
5.796842105263158
5.772105263157894
5.88421052631579
5.795263157894737
4.966842105263158
5.824736842105263
5.671578947368421
5.92421052631579
5.287894736842105
5.496842105263158
6.0542105263157895
6.0
6.758947368421052
6.925789473684211
6.154210526315789
6.3500000000000005
6.346315789473684
6.23
6.756842105263158
6.67
7.216315789473684
6.579473684210527
5.931578947368421
5.75
5.775789473684211
6.145789473684211
6.708421052631579
7.065789473684211
7.081578947368421
7.581578947368421
7.4810526315789465
7.6000000000000005
7.161578947368421
7.5394736842105265
7.922105263157894
8.351578947368422
7.936842105263159
7.672105263157896
8.057368421052631
8.397368421052633
7.956842105263158
9.092631578947367
9.062105263157894
8.683684210526316
8.588947368421053
8.470526315789474
9.125263157894736
8.811052631578947
9.286842105263156
9.620526315789473
9.808421052631578
9.514736842105263
9.401052631578947
9.385263157894736
9.41
10.07684210526316
10.05421052631579
10.287368421052632
9.90421052631579
9.498947368421051
10.317894736842105
10.634736842105264
11.02157894736842
11.434736842105263
11.648421052631578
11.335263157894737
11.167368421052632
10.850526315789473
10.928947368421053
11.773157894736842
11.53
11.772105263157894
12.322631578947368
12.528421052631579
12.464210526315789
12.36
12.052105263157895
11.667368421052632
12.02157894736842
12.64578947368421
13.107894736842105
13.408947368421053
13.187368421052632
13.199473684210526
13.130526315789474
12.99
13.462631578947368
13.439473684210526
13.43157894736842
13.587368421052632
13.207368421052632
13.363684210526316
13.17263157894737
13.26
14.090526315789475
13.696315789473685
14.05578947368421
14.36684210526316
14.20263157894737
14.49
14.974210526315789
14.491578947368422
14.332631578947368
13.964210526315789
13.917894736842106
14.411052631578947
15.194736842105263
15.46263157894737
15.245263157894739
15.523157894736842
15.442105263157893
15.23
15.141578947368421
15.129473684210526
15.437894736842106
16.14157894736842
15.987894736842104
15.911052631578947
16.283157894736842
16.306315789473683
16.203684210526315
16.761578947368424
16.53421052631579
16.927894736842106
16.987894736842104
17.050526315789472
16.55842105263158
15.736315789473684
16.063684210526315
16.510526315789473
16.79315789473684
16.72684210526316
16.53263157894737
16.656315789473684
16.798947368421054
16.72736842105263
16.972631578947368
17.26421052631579
17.51
17.496315789473684
17.454736842105262
17.423684210526318
16.76421052631579
16.79263157894737
17.20684210526316
16.802105263157895
16.600526315789473
16.560526315789474
16.01
16.34578947368421
16.62421052631579
16.867368421052632
16.45157894736842
16.340526315789475
15.985789473684212
16.39578947368421
16.83105263157895
16.36157894736842
16.099473684210526
16.147894736842105
16.86315789473684
17.11894736842105
16.951052631578946
16.90105263157895
15.350526315789475
15.045789473684211
15.252105263157896
15.638947368421052
15.067894736842103
15.232105263157896
15.192631578947367
15.295789473684211
14.856315789473683
14.998947368421053
14.979473684210527
14.680526315789473
14.522105263157895
14.153157894736841
13.937894736842106
14.20263157894737
14.47578947368421
14.574736842105263
14.62315789473684
14.084736842105263
14.165789473684208
13.595263157894736
13.032105263157895
13.27157894736842
13.65684210526316
14.167368421052632
13.987894736842104
13.703157894736842
13.226842105263158
13.519473684210526
13.070526315789474
12.910526315789474
12.949473684210526
12.644736842105264
12.628421052631579
12.742105263157894
12.482105263157894
12.41578947368421
12.532631578947369
12.721578947368421
11.986842105263158
11.857894736842105
11.81842105263158
11.62578947368421
11.350526315789473
11.537368421052632
11.261052631578949
12.061578947368421
11.92421052631579
11.393157894736841
11.314736842105262
11.639473684210527
10.559473684210525
10.66578947368421
9.574736842105262
9.583684210526316
9.642631578947368
9.98263157894737
9.925263157894738
9.646315789473684
9.445263157894738
8.851578947368422
9.217368421052631
9.434736842105263
9.818421052631578
9.531578947368422
9.091052631578949
8.617894736842105
8.866315789473685
9.090526315789473
9.291578947368421
8.726315789473684
8.575263157894737
8.013157894736842
7.474210526315789
6.714736842105263
7.8921052631578945
8.352105263157895
7.8578947368421055
7.891578947368421
8.108947368421052
7.451578947368421
6.728947368421053
5.9731578947368416
6.433157894736842
6.237894736842105
6.226842105263158
6.943684210526317
6.6499999999999995
5.495263157894737
5.157894736842105
5.618421052631579
5.95578947368421
6.063684210526316
6.357368421052632
5.898421052631579
5.077368421052632
4.192631578947368
4.042631578947368
5.002631578947368
5.600526315789473
5.8838888888888885
6.348888888888889
6.153333333333333
5.634444444444444
4.525555555555556
4.745
4.306666666666667
4.113888888888889
3.6583333333333337
4.025
4.191111111111111
4.59
4.42
4.953333333333333
4.79111111111111
5.123888888888889
4.955
4.4511111111111115
4.173333333333334
5.086666666666667
4.466111111111111
4.248333333333333
4.621666666666666
4.719444444444445
4.377777777777777
4.691111111111111
4.471666666666667
4.679444444444445
3.8972222222222226
3.7733333333333334
