pet
0.488
0.3975
0.5269999999999999
0.42400000000000004
0.263
0.4335
0.3355
0.244
0.2395
0.324
0.3385
0.40750000000000003
0.422
0.307
0.261
0.3825
0.33599999999999997
0.2725
0.30700000000000005
0.2845
0.3085
0.298
0.38
0.511
0.2785
0.3675
0.3075
0.306
0.2785
0.4
0.4285
0.3905
0.42400000000000004
0.3035
0.396
0.48650000000000004
0.4425
0.5305
0.5055
0.41050000000000003
0.637
0.48200000000000004
0.45099999999999996
0.421
0.5509999999999999
0.51
0.5549999999999999
0.426
0.531
0.629
0.6005
0.593
0.585
0.593
0.5465
0.53
0.7365
0.744
0.63
0.7815
0.7769999999999999
0.8949999999999999
0.8400000000000001
0.829
0.8145
0.7655000000000001
0.9550000000000001
0.8205
0.861
0.8880000000000001
1.0505
0.866
1.0295
0.9875
0.7555
1.019
1.145
0.9824999999999999
1.0074999999999998
1.186
1.083
1.0785
1.2685
1.155
1.215
1.23
1.1869999999999998
1.3465
1.1675
1.2515
1.2405
1.4449999999999998
1.4184999999999999
1.366
1.371
1.4515
1.3505
1.5275
1.525
1.5725
1.7109999999999999
1.7579999999999998
1.7105000000000001
2.032
1.9375
1.7635
1.6395
1.7169999999999999
1.7109999999999999
1.7885000000000002
1.877
1.9024999999999999
1.9434999999999998
2.0275
1.956
1.9715
1.9289999999999998
2.0940000000000003
1.9285
2.0100000000000002
1.8824999999999998
2.3274999999999997
2.3195
2.253
2.146
2.2865
2.3945
2.4645
2.299
2.2305
2.1574999999999998
2.487
2.6665
2.654
3.0255
2.6645
2.622
2.648
2.5625
2.2640000000000002
2.2995
2.718
2.666
2.6935
2.906
2.5875
2.4405
2.661
2.8215
2.6635
2.9295
2.66
2.5155000000000003
2.4855
2.804
2.4885
2.459
2.741
2.7275
2.622
2.622
2.41
2.4395
2.857
3.051
2.9400000000000004
3.0509999999999997
2.5785
2.901
2.919
3.084
2.8579999999999997
3.073
2.895
2.771
2.6399999999999997
2.9114999999999998
3.0925000000000002
3.344
3.272
3.2965000000000004
3.0300000000000002
2.9385000000000003
3.4125
3.17
3.242
3.4494999999999996
3.3880000000000003
3.2005000000000003
3.0645
3.084
3.3409999999999997
2.9835000000000003
2.9805
3.049
2.755
2.903
3.104
2.836
2.8009999999999997
3.0235
2.839
2.9204999999999997
2.887
2.6740000000000004
3.3619999999999997
2.79
2.8225000000000002
2.8525
3.0149999999999997
2.8765
2.8665
3.0620000000000003
3.1905
3.0575
2.896
2.9044999999999996
2.8585000000000003
2.4795
2.693
2.5355
2.7359999999999998
2.5335
2.572
2.544
2.65
2.873
2.9785
2.5195
2.3794999999999997
2.533
2.94
2.7705
2.484
2.4364999999999997
2.2399999999999998
2.0725000000000002
2.3985
2.377
2.306
2.1655
2.2365
1.9995
1.847
1.996
2.1865
2.1935
2.0335
1.8575
1.893
1.807
1.9649999999999999
1.8809999999999998
1.859
1.7235
1.7420000000000002
1.4545
1.4220000000000002
1.52
1.44
1.2970000000000002
1.2915
1.4705
1.3395
1.3835000000000002
1.3115
1.05
1.103
0.952
1.1975
1.0645
0.9734999999999999
0.9305
1.0965
1.0450000000000002
0.8939999999999999
1.0195
0.8859999999999999
1.0154999999999998
1.0185
0.999
0.7969999999999999
0.7665
0.9285
0.7070000000000001
0.841
0.681
0.739
0.8665
0.7925
0.7224999999999999
0.743
0.63
0.6214999999999999
0.6719999999999999
0.639
0.661
0.487
0.379
0.5045
0.4845
0.49749999999999994
0.45499999999999996
0.4335
0.35150000000000003
0.4035
0.42750000000000005
0.40499999999999997
0.422
0.449
0.3445
0.313
0.48
0.303
0.341
0.325
0.4215
0.3135
0.47450000000000003
0.21400000000000002
0.3895
0.23500000000000001
0.4035
0.33049999999999996
0.3045
0.35950000000000004
0.233
0.45899999999999996
0.3885
0.277
0.21800000000000003
0.189
0.265
0.13999999999999999
0.256
0.28650000000000003
0.32
0.24700000000000003
0.22400000000000003
0.231
0.3365
0.1785
0.3245
0.1805
0.2495
0.3545
0.205
0.2665
0.166
0.3035
0.33599999999999997
0.2995
0.3135
0.314
0.3755
0.164
0.3855
0.236
0.221
0.2645
0.29700000000000004
0.308
0.27749999999999997
0.23200000000000004
0.2905
