temperature
4.94391304347826
5.044347826086956
4.831304347826086
5.129565217391304
5.518695652173913
5.333043478260869
4.687391304347826
5.0465217391304344
5.243913043478261
4.711304347826087
4.313478260869565
3.930869565217391
3.5595652173913046
3.8365217391304345
4.415652173913044
4.527826086956522
3.9586956521739127
3.8443478260869566
4.385652173913043
4.666086956521739
5.142173913043478
5.033478260869565
4.98695652173913
5.060869565217391
4.881739130434783
4.60304347826087
4.543043478260869
4.496521739130435
4.354782608695652
3.848695652173913
3.8634782608695653
4.15695652173913
4.714782608695652
4.924347826086956
4.883913043478261
4.991739130434783
5.093913043478261
5.189565217391304
4.7965217391304344
4.400869565217391
3.9186956521739127
3.6891304347826086
4.00695652173913
3.733913043478261
3.353913043478261
3.0547826086956524
3.0760869565217392
3.497391304347826
3.5143478260869565
3.6869565217391305
3.723913043478261
4.140434782608696
4.4656521739130435
4.7443478260869565
4.631739130434783
4.02695652173913
4.440434782608696
4.795217391304348
4.834347826086956
4.958695652173913
5.271304347826087
5.067391304347826
4.967391304347826
5.073913043478261
5.662608695652175
5.815652173913043
5.499130434782608
5.510869565217392
5.747826086956521
5.959565217391304
5.698695652173913
5.891304347826087
5.551304347826087
5.744782608695652
5.420869565217392
5.740434782608696
5.663043478260869
5.644347826086956
5.496521739130435
5.686521739130434
5.752608695652174
5.723478260869566
5.822173913043478
6.2239130434782615
6.0826086956521745
6.265652173913044
6.01608695652174
6.033478260869566
6.58
6.5200000000000005
6.743636363636364
6.41409090909091
5.701363636363636
5.767272727272727
6.028636363636363
6.210909090909092
6.471818181818182
6.204090909090909
6.332727272727272
6.662727272727272
6.947272727272727
7.523636363636364
7.5590909090909095
7.586818181818182
7.659545454545454
8.011363636363637
7.629545454545454
7.509545454545455
8.086363636363636
7.790909090909091
8.085909090909091
8.457727272727272
8.428181818181818
8.101363636363637
8.017727272727273
7.829090909090909
8.035454545454545
7.865
8.08090909090909
8.22090909090909
8.305454545454545
8.239090909090908
8.639545454545454
8.911818181818182
9.054545454545455
9.251818181818182
9.197727272727272
9.604545454545455
9.149090909090908
9.110909090909091
9.753181818181817
9.831363636363635
10.202272727272726
10.429545454545455
10.316363636363635
10.15409090909091
10.521818181818182
10.833636363636364
10.701363636363636
11.344545454545456
11.271818181818182
11.078181818181818
11.257727272727273
11.503181818181817
11.601363636363637
11.455
11.587272727272728
11.158636363636363
11.396363636363636
11.331363636363635
11.460909090909091
11.618181818181817
11.735000000000001
12.113636363636363
12.055
11.9
11.71
11.80409090909091
12.017272727272728
12.362727272727273
12.111363636363636
12.25090909090909
12.503636363636362
12.186363636363637
12.32181818181818
12.594545454545454
13.038181818181819
12.861363636363636
12.805909090909092
13.310454545454546
13.494545454545454
13.393636363636364
13.399545454545454
13.375454545454545
13.027727272727274
13.565454545454545
13.64409090909091
13.537272727272727
13.47
13.763636363636364
14.053636363636365
13.962272727272728
14.008636363636363
14.55090909090909
14.859090909090908
15.32409090909091
15.058181818181817
15.135454545454547
15.425
15.072272727272725
15.094090909090909
15.252272727272727
15.325
15.396818181818183
14.93
15.139090909090909
14.956818181818182
14.649545454545455
14.490454545454547
14.770454545454545
15.22090909090909
15.183181818181817
14.967727272727274
14.887727272727272
14.896818181818183
15.159545454545453
15.355
15.409999999999998
15.476363636363637
15.582727272727272
15.714090909090908
14.975
14.666818181818183
15.068636363636363
15.373181818181818
14.837272727272728
14.94681818181818
14.873636363636365
14.630454545454546
14.673636363636364
15.132272727272726
14.660909090909092
14.855
15.088181818181818
15.111363636363636
15.156818181818181
15.491363636363637
14.890454545454544
14.649090909090908
14.689545454545454
14.963181818181818
15.188636363636363
15.272272727272728
15.501363636363635
14.771363636363638
14.92818181818182
14.991818181818182
14.943636363636363
14.714545454545457
14.670454545454545
14.72181818181818
14.44681818181818
14.169545454545455
14.389090909090909
14.161363636363637
14.090909090909092
13.787272727272727
13.80909090909091
13.736363636363636
13.762272727272727
14.166818181818183
13.756818181818181
13.427272727272726
13.159545454545453
13.186363636363637
12.862727272727273
12.719999999999999
13.01909090909091
13.107727272727272
13.040454545454544
12.826818181818181
12.424090909090909
12.57318181818182
12.517272727272728
12.242727272727274
12.697272727272729
12.493181818181819
12.17590909090909
11.995454545454544
11.950909090909091
12.381818181818181
12.17818181818182
12.000454545454545
11.896521739130435
11.595217391304347
11.77
11.844347826086958
11.38391304347826
11.321739130434782
11.42304347826087
10.962173913043477
11.334347826086956
11.208695652173914
10.609130434782609
10.784782608695652
10.290869565217392
10.117826086956523
10.072173913043478
9.91
9.562173913043479
9.766521739130434
10.126521739130435
9.821739130434782
9.35391304347826
9.323478260869566
9.469565217391304
9.613913043478261
9.564347826086957
9.749130434782609
9.457391304347826
9.354782608695652
9.011739130434783
9.37
9.6
9.252173913043478
9.340434782608696
8.771304347826087
8.52608695652174
8.054347826086957
7.737391304347827
8.530869565217392
8.657391304347826
8.192173913043478
8.281739130434783
8.27608695652174
7.443478260869565
6.898260869565218
6.780434782608695
6.883478260869565
6.802173913043478
6.90391304347826
7.3908695652173915
6.95
6.302173913043478
6.1091304347826085
6.391739130434782
6.866521739130435
6.921304347826087
6.721304347826087
6.231739130434783
5.958260869565217
5.81391304347826
5.444782608695652
5.713478260869565
5.925652173913043
6.022173913043478
6.214347826086957
6.346521739130435
6.242608695652175
6.100869565217391
6.088260869565217
5.32695652173913
4.946521739130435
4.981739130434782
5.314347826086957
5.536521739130435
5.654782608695652
5.969565217391305
6.346521739130435
5.940434782608696
5.679130434782609
5.439565217391304
5.513478260869565
5.727826086956522
6.164782608695652
5.278695652173913
5.823478260869565
5.884347826086957
5.858695652173913
5.967826086956522
5.68
5.514347826086956
5.533478260869565
5.079130434782608
4.973478260869565
