pet
0.40869565217391307
0.33826086956521734
0.43782608695652175
0.35000000000000003
0.1834782608695652
0.3769565217391304
0.3291304347826087
0.28695652173913044
0.23826086956521741
0.3069565217391304
0.34695652173913044
0.41130434782608694
0.3530434782608696
0.35130434782608694
0.1947826086956522
0.29782608695652174
0.3852173913043478
0.27391304347826084
0.38565217391304346
0.23217391304347826
0.34391304347826085
0.3626086956521739
0.33695652173913043
0.45739130434782604
0.28652173913043477
0.3908695652173913
0.3204347826086957
0.2856521739130435
0.30478260869565216
0.3517391304347826
0.41826086956521735
0.3934782608695652
0.4039130434782609
0.30782608695652175
0.3873913043478261
0.4708695652173913
0.41304347826086957
0.5595652173913043
0.48652173913043484
0.3978260869565218
0.5434782608695652
0.45695652173913043
0.3830434782608696
0.5017391304347827
0.51
0.42913043478260876
0.4691304347826087
0.34478260869565214
0.4056521739130435
0.5313043478260869
0.4978260869565217
0.4930434782608696
0.6421739130434783
0.6117391304347827
0.5660869565217391
0.5243478260869565
0.6621739130434783
0.5869565217391305
0.6273913043478261
0.7004347826086956
0.7134782608695652
0.8665217391304347
0.8069565217391304
0.8047826086956522
0.8121739130434783
0.7495652173913044
0.8765217391304347
0.8660869565217392
0.6969565217391305
0.7721739130434784
0.9652173913043478
0.8217391304347825
0.8830434782608695
0.9408695652173913
0.8473913043478261
0.9656521739130435
1.0778260869565217
0.9578260869565218
0.9808695652173914
1.126086956521739
1.1643478260869566
1.232608695652174
1.17
1.2691304347826087
1.1565217391304348
1.2130434782608694
1.211304347826087
1.2917391304347827
1.1856521739130435
1.1495652173913045
1.1786363636363637
1.2095454545454545
1.2536363636363637
1.3131818181818182
1.2977272727272728
1.336818181818182
1.3381818181818181
1.3154545454545454
1.5195454545454545
1.5218181818181817
1.564090909090909
1.595909090909091
1.6304545454545454
1.8986363636363637
1.7404545454545455
1.7699999999999998
1.6663636363636363
1.6095454545454544
1.7118181818181817
1.829090909090909
1.7304545454545455
1.8409090909090908
1.7777272727272726
1.8004545454545455
1.9127272727272726
1.939090909090909
1.91
1.9663636363636363
1.8327272727272728
1.8045454545454547
1.9763636363636363
2.1972727272727273
2.148181818181818
2.2199999999999998
2.015
2.127727272727273
2.1931818181818183
2.256818181818182
2.252272727272727
2.2150000000000003
2.1263636363636365
2.2354545454545454
2.4909090909090907
2.611818181818182
2.627727272727273
2.68
2.5940909090909092
2.396818181818182
2.585909090909091
2.486818181818182
2.3963636363636365
2.6522727272727273
2.3231818181818182
2.520454545454545
2.6631818181818185
2.6545454545454543
2.6645454545454546
2.647272727272727
2.5177272727272726
2.4909090909090907
2.6472727272727274
2.7172727272727273
2.5213636363636365
2.6695454545454544
2.8077272727272726
2.43
2.4654545454545453
2.786818181818182
2.7463636363636366
2.5445454545454544
2.652727272727273
2.51
2.6495454545454544
2.877727272727273
2.914090909090909
2.9268181818181818
2.835
2.5940909090909092
2.81
2.6931818181818183
3.0127272727272727
2.8181818181818183
3.0009090909090905
2.7113636363636364
2.752727272727273
2.6609090909090907
2.865
2.7572727272727273
2.7818181818181817
3.1040909090909095
3.0095454545454543
2.9663636363636368
2.855
3.391818181818182
3.0131818181818186
2.975454545454545
3.3709090909090906
3.190909090909091
2.938636363636364
2.9495454545454547
2.7790909090909093
3.0604545454545455
2.8022727272727272
2.9181818181818184
2.8477272727272727
2.8645454545454547
2.887272727272727
2.960909090909091
2.794545454545455
2.695
2.7572727272727273
2.783181818181818
2.5436363636363635
2.6313636363636363
2.5681818181818183
3.0377272727272726
2.6954545454545453
2.8172727272727274
2.737727272727273
2.973181818181818
2.715
2.6368181818181817
2.888181818181818
2.953181818181818
2.7186363636363637
2.744545454545454
2.645909090909091
2.6404545454545456
2.2981818181818183
2.4518181818181817
2.381818181818182
2.4681818181818183
2.4872727272727273
2.478181818181818
2.4186363636363635
2.4072727272727272
2.7277272727272726
2.813181818181818
2.446818181818182
2.155
2.252727272727273
2.57
2.414090909090909
2.3172727272727274
2.2104545454545454
2.1704545454545454
2.0386363636363636
2.237727272727273
2.2845454545454547
2.0936363636363637
2.041818181818182
2.084090909090909
1.8577272727272727
1.9413636363636364
2.04
2.010909090909091
2.1213636363636366
2.067727272727273
2.0222727272727274
1.854090909090909
1.9268181818181818
1.9213636363636362
1.8854545454545453
1.7804545454545455
1.7627272727272727
1.725
1.6272727272727272
1.4736363636363636
1.5713636363636363
1.4445454545454546
1.3618181818181818
1.3836363636363638
1.533181818181818
1.3354545454545454
1.3872727272727272
1.2368181818181818
1.255
1.1263636363636365
1.0718181818181818
1.105909090909091
1.0872727272727274
1.0454545454545454
0.9845454545454545
1.1495652173913045
1.1234782608695653
0.9821739130434782
0.9273913043478261
0.988695652173913
1.0017391304347825
1.0091304347826087
0.9630434782608696
0.821304347826087
0.788695652173913
0.9278260869565217
0.7130434782608696
0.751304347826087
0.6900000000000001
0.6373913043478261
0.6834782608695652
0.7630434782608696
0.7143478260869565
0.7330434782608696
0.6608695652173913
0.6508695652173914
0.6808695652173913
0.6086956521739131
0.6673913043478261
0.592608695652174
0.44782608695652176
0.5278260869565218
0.4817391304347826
0.5495652173913044
0.47565217391304343
0.44086956521739135
0.4230434782608696
0.3873913043478261
0.4834782608695652
0.4934782608695652
0.4869565217391304
0.4678260869565217
0.3769565217391304
0.3378260869565217
0.5904347826086956
0.4682608695652174
0.3969565217391305
0.45652173913043476
0.5439130434782609
0.3917391304347826
0.42782608695652175
0.2482608695652174
0.41695652173913045
0.31826086956521743
0.43260869565217386
0.34608695652173915
0.271304347826087
0.4360869565217391
0.25608695652173913
0.49434782608695654
0.44652173913043475
0.3165217391304348
0.31173913043478263
0.2426086956521739
0.2926086956521739
0.16695652173913042
0.2234782608695652
0.29739130434782607
0.2947826086956522
0.26130434782608697
0.20434782608695654
0.2947826086956522
0.34391304347826085
0.17956521739130435
0.22565217391304349
0.2543478260869565
0.23782608695652172
0.3756521739130435
0.2752173913043478
0.23391304347826086
0.24608695652173915
0.23869565217391306
0.3282608695652174
0.32521739130434785
0.25608695652173913
0.3339130434782609
0.26652173913043475
0.16478260869565217
0.3126086956521739
0.22869565217391302
0.26652173913043475
0.22478260869565217
0.2956521739130435
0.27869565217391307
0.2647826086956522
0.3247826086956522
0.24304347826086956
