temperature
3.862608695652174
3.989130434782609
3.6230434782608696
3.7699999999999996
3.823913043478261
4.502608695652174
3.4417391304347826
3.88
4.279565217391305
4.369999999999999
4.025217391304348
3.2604347826086952
3.247826086956522
3.361304347826087
3.6900000000000004
4.011739130434783
3.4160869565217387
2.717391304347826
3.347391304347826
3.5169565217391305
4.066086956521739
4.342173913043479
4.4369565217391305
4.1665217391304346
3.7269565217391305
3.751304347826087
3.432608695652174
3.5356521739130433
3.6317391304347826
3.471304347826087
3.3382608695652176
3.42
3.5582608695652174
3.8678260869565215
4.002173913043478
4.512608695652174
4.89304347826087
4.629130434782609
4.265652173913043
3.863913043478261
3.2969565217391303
3.036521739130435
3.3747826086956523
3.000434782608696
2.4856521739130435
2.256086956521739
2.3917391304347824
2.85
3.107391304347826
3.2060869565217387
3.244347826086957
3.783913043478261
4.1869565217391305
4.3386956521739135
4.355217391304348
3.7321739130434786
4.003478260869565
3.9869565217391307
4.168695652173913
4.696086956521739
4.94695652173913
5.015652173913043
4.868695652173913
5.17304347826087
5.246086956521739
5.72304347826087
5.867391304347826
5.841304347826087
6.04304347826087
6.496086956521739
6.07391304347826
6.007391304347825
5.8734782608695655
5.81391304347826
5.530869565217391
6.289999999999999
6.4626086956521736
6.415652173913044
6.225217391304348
6.407826086956521
6.270434782608696
5.967391304347826
6.497826086956521
6.800434782608695
6.448695652173913
6.832173913043479
6.321304347826087
6.271304347826088
6.515217391304348
6.537826086956522
7.732272727272728
7.706363636363636
6.4818181818181815
6.06
6.084090909090909
6.330454545454546
6.971818181818182
6.759545454545455
6.680454545454546
7.27909090909091
7.59
8.036363636363637
7.638181818181818
7.745909090909091
8.18590909090909
8.382272727272728
7.759545454545455
7.855
8.526818181818182
8.527272727272727
8.34590909090909
9.109545454545454
8.567727272727273
7.941363636363636
8.05409090909091
7.984999999999999
7.925454545454546
8.203636363636363
8.534090909090908
8.933636363636364
9.306818181818182
9.067272727272726
9.328636363636365
9.207727272727272
9.621363636363636
9.960454545454546
10.083636363636364
11.102727272727272
10.773181818181818
10.677727272727273
10.54
10.677272727272728
11.57090909090909
11.116818181818182
11.53
11.546363636363637
11.29590909090909
11.256818181818183
11.85409090909091
12.371818181818183
12.117272727272727
11.898636363636363
12.232727272727272
12.085909090909091
12.32409090909091
12.58409090909091
12.339090909090908
12.139090909090909
12.331818181818182
12.454545454545455
12.81
13.357272727272727
13.262272727272727
13.355
13.297272727272729
13.236818181818181
13.435
13.397727272727273
13.514999999999999
13.613181818181818
13.559545454545455
13.610000000000001
13.745909090909093
14.136818181818182
14.521363636363638
13.997272727272728
13.974545454545455
14.280454545454546
13.85409090909091
14.482727272727272
14.59590909090909
14.458181818181817
14.657272727272726
14.569090909090908
14.716363636363637
15.113181818181818
15.378636363636362
15.125454545454545
15.185909090909092
15.338636363636363
15.657272727272726
15.833181818181817
16.085454545454546
15.39409090909091
15.762272727272727
16.808636363636364
16.92
16.925454545454546
17.204545454545453
16.83
16.663181818181815
17.08
16.25681818181818
16.597727272727273
17.06772727272727
17.095454545454547
16.46318181818182
16.481363636363636
16.42727272727273
16.335454545454546
17.115909090909092
16.46090909090909
16.529999999999998
16.616363636363637
16.189545454545456
16.387272727272727
16.980454545454545
17.015
17.39090909090909
17.695454545454545
17.709545454545456
17.763636363636365
17.188636363636363
17.035
17.200454545454548
17.326818181818183
17.022727272727273
16.98590909090909
16.572272727272725
17.048636363636362
17.211363636363636
17.12409090909091
16.940454545454546
16.939545454545456
17.069999999999997
17.997272727272726
18.229545454545455
17.386363636363637
16.650454545454547
16.64636363636364
16.903636363636362
17.062727272727273
17.10909090909091
16.787272727272725
15.860454545454546
15.886363636363637
16.104545454545455
16.20909090909091
15.575
16.137727272727275
16.56681818181818
16.21227272727273
15.368636363636364
16.05090909090909
15.782272727272726
15.760909090909092
15.325
15.173181818181819
14.916818181818183
14.99409090909091
15.257727272727273
15.193636363636363
15.25
14.561363636363637
14.578636363636365
14.046363636363635
13.676363636363636
14.116818181818182
14.152727272727274
14.716363636363637
14.366363636363637
13.860909090909091
13.813181818181818
13.986363636363636
13.767272727272728
13.781818181818181
13.347272727272726
13.175454545454546
13.256363636363636
13.278636363636364
13.199545454545454
13.319090909090908
13.39409090909091
12.953478260869565
12.60086956521739
12.427826086956523
12.601304347826087
12.55782608695652
12.136086956521739
11.75695652173913
11.446956521739132
12.06
12.146521739130435
11.627391304347826
11.414782608695653
11.48913043478261
10.395217391304348
10.583043478260869
10.23608695652174
10.04304347826087
10.431304347826087
10.746956521739131
10.014347826086956
9.406521739130435
9.69304347826087
9.644782608695653
10.131304347826088
9.721304347826088
9.797391304347826
9.899565217391304
9.515217391304347
9.111739130434783
8.994347826086956
9.512173913043478
9.298695652173913
9.089130434782609
8.96782608695652
7.8252173913043475
7.764347826086957
7.261739130434783
7.856521739130434
8.352608695652174
7.99304347826087
7.810869565217391
8.154782608695653
6.80304347826087
6.371739130434783
5.954782608695653
6.182173913043478
6.321304347826087
6.23304347826087
6.677391304347825
6.499130434782608
5.660434782608696
5.320434782608696
5.851304347826086
6.34
6.184347826086957
6.137391304347826
5.475652173913043
5.1726086956521735
4.768260869565218
4.28695652173913
4.374782608695653
5.122608695652174
5.23695652173913
5.694347826086957
5.70304347826087
5.940434782608696
5.155652173913043
4.9534782608695656
4.826521739130435
4.558695652173912
4.0169565217391305
4.22304347826087
4.3273913043478265
4.292173913043478
4.611304347826087
4.983913043478261
4.854782608695652
4.7556521739130435
4.760434782608695
4.623043478260869
4.9134782608695655
5.668695652173913
5.021304347826087
5.136086956521739
5.098695652173913
5.236086956521739
4.772608695652174
5.089565217391304
5.0139130434782615
4.92695652173913
3.744782608695652
3.5226086956521736
