temperature
2.6586363636363637
2.195
2.815909090909091
2.515909090909091
2.7418181818181817
2.6027272727272726
2.8236363636363637
2.4095454545454547
3.0399999999999996
2.9522727272727276
2.9345454545454546
3.7545454545454544
3.445909090909091
3.1604545454545456
3.575909090909091
2.6763636363636363
2.64
3.026818181818182
2.9622727272727274
2.387272727272727
2.944090909090909
3.075454545454545
2.9054545454545457
2.766363636363636
2.640909090909091
2.8068181818181817
3.127272727272727
2.8213636363636363
2.446818181818182
2.26
2.5586363636363636
2.7199999999999998
2.3709090909090906
3.0290909090909093
3.035909090909091
3.0404545454545455
3.133181818181818
1.9963636363636363
2.316818181818182
2.6390909090909087
2.4109090909090907
3.2204545454545452
3.1727272727272724
2.9327272727272726
3.4477272727272723
3.9968181818181816
3.4622727272727274
3.3863636363636362
2.8227272727272728
2.45
2.7418181818181817
2.8018181818181818
2.648636363636364
3.7609090909090908
2.9840909090909093
3.159545454545454
2.9622727272727274
2.9745454545454546
3.0672727272727274
2.5172727272727276
2.35
2.5086363636363633
2.8695454545454546
3.0295454545454548
3.5263636363636364
4.7690909090909095
4.1440909090909095
3.8463636363636367
3.9395454545454545
4.016363636363637
3.828181818181818
4.2690909090909095
4.556818181818182
4.331818181818182
4.766363636363637
5.3131818181818184
4.388636363636364
4.031363636363636
4.105
4.241818181818181
4.6040909090909095
4.494090909090909
4.197272727272727
4.505454545454546
4.539545454545455
4.642272727272727
4.709545454545455
4.671363636363636
5.274545454545454
5.658181818181818
5.736086956521739
5.338695652173913
5.009565217391304
5.041739130434783
5.966086956521739
5.710434782608695
5.339565217391304
5.271739130434782
6.160869565217391
6.900869565217391
6.005217391304348
5.412173913043478
5.069565217391304
5.924347826086956
6.010434782608696
6.089130434782609
5.835217391304348
5.21695652173913
5.262173913043478
5.923043478260869
6.89695652173913
7.163043478260869
7.647391304347827
7.619130434782609
7.156086956521739
6.78608695652174
7.105217391304348
7.1982608695652175
7.185217391304348
7.095217391304348
7.024782608695652
7.144347826086956
7.110869565217392
7.752173913043479
7.920869565217392
7.550434782608695
7.748695652173913
7.739565217391304
7.757826086956522
8.058695652173913
7.7708695652173905
7.486521739130435
7.532608695652174
7.848260869565217
8.083913043478262
8.242173913043478
8.26304347826087
8.171304347826087
8.26086956521739
8.751304347826087
8.87
8.969130434782608
9.271739130434783
9.167391304347825
9.180434782608696
9.230434782608697
9.020434782608696
9.334347826086956
9.525652173913043
9.743478260869566
9.809565217391304
10.521739130434783
10.35086956521739
10.412608695652175
10.11086956521739
9.967391304347826
10.589130434782609
10.789130434782608
10.918695652173913
10.799565217391304
10.86695652173913
10.868695652173912
10.355652173913043
10.374347826086955
10.19695652173913
10.661739130434782
11.040869565217392
11.722173913043479
11.535217391304348
11.487391304347826
11.50391304347826
11.316086956521739
11.204347826086956
11.42782608695652
11.348260869565218
11.425652173913045
11.862608695652172
11.843478260869563
12.332173913043478
12.259130434782607
12.285217391304348
12.613913043478261
12.792173913043479
12.779565217391305
12.919565217391304
12.464782608695652
12.639565217391304
12.61695652173913
12.695652173913043
12.776521739130436
12.459565217391305
12.758260869565218
12.541304347826086
12.186521739130436
12.42086956521739
13.027826086956521
13.046086956521739
13.491304347826087
13.017826086956523
13.036956521739132
13.392173913043477
13.155217391304348
13.144782608695651
13.639130434782608
13.477826086956522
13.178695652173914
13.48391304347826
13.530434782608696
13.411739130434784
13.502173913043478
13.222173913043479
13.458695652173914
13.688260869565216
13.705652173913045
13.716956521739132
14.075652173913044
13.75
13.504347826086958
13.235652173913044
12.767826086956523
12.91
12.887391304347828
12.766521739130434
13.137826086956522
13.382173913043479
13.351304347826087
13.202608695652172
13.184782608695652
13.234782608695651
12.864347826086956
13.39521739130435
13.291739130434781
13.116521739130436
12.10608695652174
12.095217391304347
12.248695652173915
12.098695652173912
11.972173913043479
11.679130434782609
12.117391304347825
12.33608695652174
12.209999999999999
12.28391304347826
12.21391304347826
12.547826086956523
12.39391304347826
12.373478260869565
12.334782608695651
11.89304347826087
11.580434782608696
11.61695652173913
11.34695652173913
11.863913043478261
12.017826086956523
11.48304347826087
11.280434782608696
10.647826086956522
10.500869565217391
10.427826086956522
10.382173913043477
10.405217391304348
10.58695652173913
10.76391304347826
11.526086956521738
11.182608695652174
10.491304347826087
10.049130434782608
10.265652173913043
9.925217391304347
10.132608695652175
10.284782608695652
10.244347826086956
10.28
9.920454545454545
9.674090909090909
9.626818181818182
8.821363636363635
9.062272727272727
9.11
9.247272727272728
9.38
9.22
8.828636363636365
8.508181818181818
8.436363636363636
8.595454545454546
9.185454545454546
8.625909090909092
7.676363636363636
7.498181818181819
7.311818181818182
7.432272727272727
7.106363636363636
7.520454545454545
7.631818181818182
7.38909090909091
7.570454545454546
7.737727272727272
7.673181818181818
7.258636363636364
7.299545454545455
6.681363636363637
7.232727272727273
7.364545454545455
6.983636363636363
6.374545454545455
6.615
6.502272727272728
5.957272727272727
5.786363636363636
6.419545454545454
6.170000000000001
5.2286363636363635
5.4372727272727275
5.653636363636363
5.806818181818182
5.3140909090909085
6.005454545454546
5.960454545454545
5.666363636363636
4.791818181818182
4.366818181818181
4.625
5.151818181818182
5.080454545454545
3.9463636363636367
4.36090909090909
4.629545454545454
3.9790909090909095
4.743181818181818
5.049090909090909
4.841818181818182
4.124090909090909
4.004545454545454
3.480454545454546
3.719090909090909
3.8445454545454543
3.0209090909090905
3.3904545454545456
3.1513636363636364
2.615
3.3459090909090907
4.4350000000000005
4.663181818181818
3.6122727272727273
2.569545454545455
3.252727272727273
3.6186363636363637
3.5654545454545454
2.686818181818182
2.7854545454545456
1.5972727272727274
1.3736363636363635
1.0177272727272728
1.7836363636363637
2.124090909090909
3.308181818181818
3.174090909090909
1.9963636363636363
1.1222727272727273
0.895909090909091
0.6027272727272727
0.6831818181818182
1.735
2.084090909090909
