pet
0.225
0.1968181818181818
0.33681818181818185
0.24181818181818182
0.1918181818181818
0.20681818181818182
0.21409090909090908
0.19863636363636364
0.2740909090909091
0.27045454545454545
0.2818181818181818
0.40136363636363637
0.22227272727272726
0.24227272727272728
0.34
0.23636363636363636
0.2690909090909091
0.2690909090909091
0.28
0.26045454545454544
0.2972727272727273
0.3018181818181818
0.2440909090909091
0.2913636363636364
0.26636363636363636
0.2631818181818182
0.29227272727272724
0.32045454545454544
0.26136363636363635
0.35318181818181815
0.3259090909090909
0.3459090909090909
0.36
0.40863636363636363
0.3690909090909091
0.3159090909090909
0.3740909090909091
0.34909090909090906
0.4209090909090909
0.4027272727272727
0.3604545454545454
0.335
0.3281818181818182
0.36272727272727273
0.37545454545454543
0.47136363636363643
0.47818181818181815
0.3709090909090909
0.3804545454545455
0.49227272727272725
0.46727272727272723
0.4895454545454545
0.5436363636363637
0.5390909090909092
0.5263636363636364
0.5813636363636364
0.5763636363636363
0.520909090909091
0.5818181818181819
0.5509090909090909
0.5831818181818181
0.5181818181818182
0.6490909090909092
0.6709090909090909
0.6886363636363636
0.7104545454545454
0.6959090909090909
0.7436363636363637
0.7995454545454546
0.8086363636363636
0.78
0.8222727272727273
0.7795454545454547
0.8045454545454546
0.7522727272727273
0.860909090909091
0.8509090909090908
0.9345454545454545
0.8631818181818183
0.9213636363636364
0.8159090909090909
0.9722727272727273
0.9527272727272728
0.9368181818181818
0.9722727272727273
1.0345454545454547
1.01
1.0627272727272727
0.995
1.13
1.1978260869565218
1.2182608695652173
1.1030434782608696
1.152608695652174
1.3039130434782609
1.2095652173913043
1.2221739130434783
1.2173913043478262
1.2239130434782608
1.4578260869565218
1.2526086956521738
1.4052173913043478
1.3643478260869564
1.3617391304347826
1.5226086956521738
1.521304347826087
1.6208695652173915
1.4108695652173915
1.6430434782608696
1.5808695652173912
1.5282608695652173
1.453478260869565
1.6117391304347826
1.5430434782608697
1.5169565217391305
1.576086956521739
1.567391304347826
1.6552173913043478
1.8191304347826085
1.752608695652174
1.877391304347826
1.8417391304347825
1.9491304347826086
1.8691304347826088
1.7865217391304349
1.9265217391304348
1.9486956521739132
2.0852173913043477
2.077391304347826
2.143478260869565
2.0882608695652176
1.9647826086956521
2.16
2.198695652173913
1.8930434782608696
1.9395652173913043
1.835217391304348
1.998695652173913
1.8621739130434782
1.9913043478260868
2.114782608695652
2.3069565217391306
2.3143478260869563
2.4743478260869565
2.2430434782608697
2.3530434782608696
2.095217391304348
2.1560869565217393
2.073478260869565
2.2982608695652176
2.3286956521739133
2.2508695652173913
2.175217391304348
2.3030434782608693
2.117391304347826
2.1713043478260867
2.2717391304347827
2.36304347826087
2.3065217391304347
2.3439130434782607
2.32695652173913
2.331304347826087
2.1247826086956523
2.0682608695652176
2.404347826086956
2.0991304347826087
2.1443478260869564
2.3082608695652174
2.072173913043478
2.2243478260869565
2.336521739130435
2.1713043478260867
2.1708695652173913
2.2086956521739127
2.1939130434782608
2.200869565217391
2.4456521739130435
2.3943478260869564
2.3717391304347823
2.2265217391304346
2.046521739130435
2.3078260869565215
2.1360869565217393
2.278260869565217
2.2421739130434784
2.177391304347826
2.046521739130435
2.168695652173913
2.3169565217391304
2.45
2.0556521739130433
2.2404347826086957
2.042173913043478
2.2995652173913044
2.1508695652173913
2.411304347826087
2.251304347826087
2.3530434782608696
2.276086956521739
2.02
2.1491304347826086
2.1843478260869564
2.4356521739130437
2.1469565217391304
2.223913043478261
2.1365217391304347
2.2117391304347827
2.2595652173913043
1.8508695652173912
1.9878260869565216
2.090869565217391
1.978695652173913
1.9882608695652175
1.9165217391304348
2.0408695652173914
2.1560869565217393
2.0656521739130436
1.8721739130434785
1.8708695652173915
1.934782608695652
1.8465217391304347
1.7421739130434784
1.5821739130434782
1.7065217391304348
1.8804347826086956
1.6300000000000001
1.8326086956521739
1.7878260869565217
1.75
1.4956521739130435
1.7460869565217394
1.7373913043478262
1.7599999999999998
1.784782608695652
1.5256521739130435
1.7573913043478262
1.5613043478260868
1.6782608695652175
1.4608695652173913
1.4891304347826086
1.6334782608695653
1.4856521739130435
1.5008695652173913
1.26
1.434782608695652
1.3604347826086955
1.4152173913043478
1.3613043478260871
1.278695652173913
1.381304347826087
1.4021739130434783
1.3295652173913042
1.3508695652173912
1.1491304347826088
1.1530434782608696
1.183913043478261
1.17
1.1469565217391304
1.0817391304347825
1.0395652173913044
1.0047826086956522
1.0291304347826087
1.058695652173913
1.0213043478260868
1.103913043478261
0.9895652173913044
0.9426086956521739
0.9069565217391304
0.9686956521739131
0.8482608695652173
0.7682608695652174
0.7847826086956522
0.8156521739130433
0.8418181818181818
0.7372727272727272
0.8536363636363636
0.8009090909090909
0.8168181818181818
0.8309090909090909
0.764090909090909
0.6627272727272727
0.7245454545454546
0.7609090909090909
0.6136363636363636
0.5750000000000001
0.47818181818181815
0.5204545454545454
0.4881818181818182
0.5309090909090909
0.5245454545454545
0.5695454545454545
0.5381818181818182
0.49954545454545457
0.4763636363636364
0.39136363636363636
0.36772727272727274
0.4668181818181818
0.5313636363636364
0.44909090909090904
0.49500000000000005
0.4531818181818182
0.39681818181818185
0.405
0.38863636363636367
0.3731818181818182
0.3731818181818182
0.4018181818181818
0.35409090909090907
0.30318181818181816
0.3422727272727273
0.32863636363636367
0.35818181818181816
0.31636363636363635
0.24863636363636363
0.35818181818181816
0.3004545454545455
0.24909090909090906
0.2931818181818182
0.25863636363636366
0.24954545454545454
0.26227272727272727
0.28863636363636364
0.23909090909090908
0.3059090909090909
0.2868181818181818
0.21636363636363634
0.21227272727272728
0.24863636363636363
0.2618181818181818
0.23590909090909087
0.2595454545454545
0.1831818181818182
0.20272727272727273
0.24045454545454545
0.21454545454545454
0.19863636363636364
0.24727272727272728
0.18227272727272725
0.2290909090909091
0.24181818181818182
0.24454545454545454
0.2509090909090909
0.22863636363636364
0.2659090909090909
0.1781818181818182
0.16318181818181818
0.19454545454545455
0.26045454545454544
0.27772727272727277
0.2440909090909091
0.2636363636363636
0.17863636363636365
0.1781818181818182
0.1859090909090909
0.23136363636363635
0.17772727272727273
0.18636363636363634
0.2540909090909091
0.18636363636363634
0.12090909090909091
0.12454545454545456
0.13863636363636364
0.14454545454545456
0.16181818181818183
0.18
