temperature
3.9109090909090907
3.4154545454545455
3.2145454545454544
3.1290909090909094
4.202272727272727
3.6727272727272724
3.9572727272727275
3.982727272727273
3.865
4.291818181818182
4.391818181818182
5.028636363636363
4.848181818181818
4.205454545454545
4.807727272727273
4.153636363636363
4.152272727272727
4.141818181818182
4.328181818181818
3.980909090909091
3.410909090909091
3.352727272727273
3.286363636363636
3.4822727272727274
3.712727272727273
3.3127272727272725
3.4004545454545454
3.3099999999999996
3.36
3.155
3.2972727272727274
3.569090909090909
3.308181818181818
3.358636363636364
4.304090909090909
4.324090909090909
4.108636363636363
3.652272727272727
3.188636363636364
3.362727272727273
3.6254545454545455
4.3977272727272725
4.699545454545454
4.157272727272727
3.352727272727273
3.887272727272727
3.64
3.7013636363636366
3.6245454545454545
3.7736363636363635
3.3840909090909093
3.5259090909090913
3.9718181818181817
4.157272727272727
4.209545454545455
4.341363636363637
4.348636363636364
4.237272727272727
3.899545454545454
3.6931818181818183
3.314090909090909
3.4395454545454545
3.3709090909090906
3.617272727272727
4.396818181818182
5.1854545454545455
5.281818181818182
5.150909090909091
5.252727272727273
4.930909090909091
4.646818181818182
4.135909090909091
4.741363636363636
5.4422727272727265
5.351818181818182
5.776363636363636
5.130454545454546
4.736363636363636
4.863636363636363
5.251818181818181
5.49
5.857727272727273
5.931818181818182
6.287727272727272
5.895454545454545
5.386818181818182
5.65090909090909
6.025
6.277272727272727
6.542272727272728
6.761739130434783
6.7208695652173915
6.385652173913043
6.11
6.180000000000001
6.710869565217391
5.893913043478261
5.879130434782609
6.450869565217391
6.604782608695652
6.285217391304348
6.228260869565218
6.210869565217391
6.750869565217392
6.798260869565218
6.921304347826087
7.1234782608695655
6.636521739130434
6.373913043478261
6.930000000000001
7.748260869565217
8.174782608695653
8.663478260869566
8.654347826086957
8.613478260869567
8.424347826086956
8.478260869565217
8.604782608695652
8.527826086956523
8.625217391304348
8.881739130434783
9.107391304347827
9.023478260869565
8.987391304347826
9.011739130434783
8.853478260869565
9.3
9.272608695652172
9.212608695652175
9.52913043478261
9.975652173913044
9.692173913043478
9.395652173913044
9.360434782608696
9.724347826086957
9.840434782608694
9.656956521739131
9.48695652173913
9.819565217391304
9.902608695652173
10.011304347826087
10.218695652173913
10.698695652173912
10.768695652173914
10.549565217391304
10.402173913043478
10.618695652173912
10.605217391304349
10.87
11.353478260869565
11.528260869565216
11.725652173913044
12.183478260869567
11.935652173913043
11.582608695652173
11.546521739130435
11.906521739130437
11.866521739130436
11.873478260869565
12.27304347826087
12.262608695652172
12.044782608695652
11.733478260869566
11.772608695652172
12.126521739130435
12.252173913043478
12.73608695652174
13.162173913043478
13.094782608695652
13.221739130434784
12.87217391304348
12.320869565217391
12.580434782608696
12.815217391304348
12.873913043478263
13.295652173913044
13.481739130434782
13.299999999999999
13.63391304347826
14.024782608695652
13.962608695652174
14.012608695652174
13.950869565217392
13.959130434782608
13.904782608695653
13.635652173913044
13.443478260869565
13.712608695652174
13.792608695652175
13.857391304347825
14.510434782608696
14.10608695652174
14.15608695652174
13.91695652173913
14.122608695652174
14.253913043478262
14.4
14.100434782608696
14.633478260869564
15.03086956521739
14.673913043478262
14.262608695652174
14.303043478260872
14.743913043478262
14.692608695652174
14.96391304347826
14.869565217391305
14.895217391304346
14.77695652173913
14.875217391304348
14.651304347826088
14.57217391304348
14.972173913043479
14.968260869565217
15.000434782608695
14.882173913043479
15.104782608695654
14.805217391304348
14.669999999999998
14.475217391304348
14.801304347826088
14.697391304347827
15.044347826086955
14.550869565217392
14.067391304347826
14.299130434782608
14.290434782608695
14.132173913043479
14.379565217391304
14.243478260869566
14.507391304347827
14.604782608695654
14.267391304347825
14.332608695652173
14.137826086956522
13.500434782608695
13.561739130434784
13.914782608695653
13.298695652173913
13.053043478260872
13.076086956521738
13.260000000000002
13.39391304347826
13.068260869565217
13.21608695652174
13.644347826086957
13.281739130434783
13.251304347826085
13.117826086956521
13.013478260869565
12.82391304347826
12.718260869565217
13.090869565217393
13.228260869565217
12.589130434782609
12.455217391304348
11.874782608695652
11.654782608695653
11.480434782608697
11.545652173913044
12.081304347826087
12.365652173913045
12.360434782608696
12.270869565217392
11.91
11.662608695652175
11.395652173913044
11.14695652173913
11.304347826086957
11.466521739130435
11.86608695652174
11.88173913043478
12.13391304347826
12.090454545454547
11.132727272727273
11.001818181818182
10.147727272727273
10.132727272727273
10.388636363636364
10.134545454545455
10.914545454545454
10.762727272727274
10.571363636363635
10.408636363636363
10.079545454545455
9.69909090909091
9.674545454545454
9.826818181818181
9.603636363636364
9.167727272727273
8.774090909090908
8.917727272727273
8.364090909090908
9.09590909090909
9.064545454545454
9.107727272727272
9.253636363636364
9.088636363636363
9.286818181818182
9.403636363636364
8.758181818181818
8.513181818181819
9.049090909090909
8.905909090909091
8.120454545454546
7.912272727272727
8.031363636363636
7.625909090909091
8.070454545454545
7.555454545454546
7.333181818181817
7.716818181818183
6.882272727272727
7.051818181818181
7.407272727272727
7.225454545454545
7.319090909090909
6.755454545454546
6.545909090909091
6.08590909090909
6.217272727272728
6.161363636363637
5.5627272727272725
5.637272727272727
5.420454545454546
5.153181818181818
5.073181818181818
5.861818181818182
5.428181818181819
5.802272727272727
5.701363636363636
5.448636363636364
5.356363636363636
5.317727272727272
4.850909090909091
5.008181818181819
4.928181818181819
4.9354545454545455
4.83409090909091
4.751818181818181
4.49
4.463636363636364
4.641363636363637
4.765454545454546
4.48
4.602727272727273
4.4818181818181815
3.8545454545454545
3.597727272727273
3.936363636363636
3.5186363636363636
3.560909090909091
3.4136363636363636
2.5604545454545455
3.772272727272728
3.831363636363636
4.498181818181819
4.589545454545455
3.7072727272727275
3.3099999999999996
3.338181818181818
2.880909090909091
3.036818181818182
3.5936363636363637
3.6599999999999997
