pet
0.36434782608695654
0.33391304347826084
0.4652173913043478
0.5278260869565218
0.3665217391304348
0.41956521739130437
0.45652173913043476
0.30043478260869566
0.2452173913043478
0.41478260869565214
0.5917391304347825
0.53
0.5008695652173912
0.42434782608695654
0.32565217391304346
0.39565217391304347
0.40391304347826085
0.42869565217391303
0.4330434782608696
0.341304347826087
0.43521739130434783
0.5243478260869565
0.3269565217391304
0.6330434782608696
0.5152173913043478
0.4534782608695652
0.41739130434782606
0.5565217391304348
0.45608695652173914
0.5043478260869565
0.5839130434782609
0.4295652173913044
0.5695652173913043
0.2839130434782609
0.49434782608695654
0.5691304347826087
0.5134782608695653
0.6382608695652173
0.6091304347826086
0.5265217391304348
0.5495652173913044
0.5373913043478261
0.5447826086956521
0.6873913043478261
0.6760869565217391
0.5956521739130435
0.6873913043478261
0.5130434782608696
0.6456521739130434
0.6165217391304347
0.4847826086956522
0.6695652173913044
0.6208695652173912
0.6791304347826087
0.7143478260869565
0.741304347826087
0.6817391304347826
0.8730434782608695
0.8269565217391304
0.7930434782608695
0.8382608695652174
0.9069565217391304
0.8786956521739131
0.7795652173913044
0.7391304347826086
0.8539130434782609
0.7139130434782609
0.9278260869565217
0.7530434782608696
0.927391304347826
0.9
0.9165217391304349
0.9417391304347826
0.9530434782608697
1.0004347826086957
1.1656521739130434
0.9843478260869566
0.91
0.9447826086956522
1.0213043478260868
1.297391304347826
1.162608695652174
1.1169565217391304
1.368695652173913
1.22
1.2573913043478262
1.3473913043478263
1.2378260869565216
1.2547826086956522
1.2478260869565216
1.0386363636363636
1.1995454545454545
1.4145454545454546
1.42
1.3809090909090909
1.6004545454545456
1.5763636363636364
1.5086363636363636
1.6713636363636362
1.4854545454545454
1.5718181818181818
1.425
1.6759090909090908
1.9854545454545454
1.8595454545454544
1.9136363636363638
1.9586363636363637
1.6563636363636363
1.8281818181818181
2.0272727272727273
1.919090909090909
2.007727272727273
2.0663636363636364
2.312272727272727
1.9922727272727272
2.0863636363636364
2.3636363636363638
2.117272727272727
2.0663636363636364
1.7531818181818182
2.0731818181818182
2.1577272727272727
2.1813636363636366
2.1750000000000003
2.1177272727272727
2.2372727272727273
2.2486363636363635
2.266363636363636
2.1936363636363634
2.0
2.1818181818181817
2.1772727272727272
2.328181818181818
2.5654545454545454
2.5336363636363637
2.4495454545454547
2.5113636363636362
2.684090909090909
2.5745454545454547
2.69
2.535
2.62
2.5804545454545456
2.8963636363636365
2.4795454545454545
2.6890909090909094
2.8104545454545455
2.7745454545454544
2.3795454545454544
2.535
2.752727272727273
2.5054545454545454
2.4536363636363636
2.6550000000000002
2.6554545454545457
2.394090909090909
2.5745454545454547
2.450454545454545
2.3877272727272727
2.5813636363636365
2.5322727272727272
2.5063636363636363
2.8077272727272726
2.795909090909091
2.6554545454545457
3.002272727272727
2.9277272727272727
2.727272727272727
2.6113636363636363
2.858636363636364
3.094090909090909
2.8013636363636363
2.9486363636363637
2.4622727272727274
2.545
2.5254545454545454
2.7627272727272727
2.622727272727273
2.619545454545454
2.6463636363636365
2.7790909090909093
2.8272727272727276
2.9818181818181815
3.402727272727273
2.778181818181818
2.953181818181818
3.0790909090909087
2.869090909090909
2.724090909090909
2.6245454545454545
2.39
2.445
2.5309090909090908
2.6
2.388181818181818
2.765909090909091
2.744090909090909
2.7695454545454545
2.6845454545454546
2.4986363636363635
2.73
2.7586363636363633
2.580454545454545
2.6722727272727274
2.5890909090909093
2.8268181818181817
2.7068181818181816
2.670909090909091
2.9145454545454546
2.8236363636363637
2.6495454545454544
2.354545454545455
2.7022727272727276
2.4645454545454544
2.5704545454545453
2.466818181818182
2.255909090909091
2.3204545454545453
2.3249999999999997
2.373181818181818
2.2063636363636365
2.4554545454545456
2.1545454545454543
2.321818181818182
2.109090909090909
2.023181818181818
2.3595454545454544
2.557272727272727
2.4145454545454546
2.23
2.1554545454545457
2.3936363636363636
2.164090909090909
2.087727272727273
1.9836363636363636
2.0931818181818183
1.966818181818182
2.209090909090909
2.272727272727273
2.044090909090909
2.065909090909091
2.07
1.875
1.6618181818181819
1.700909090909091
1.9827272727272727
1.8131818181818182
1.9309090909090911
1.845909090909091
1.7895454545454543
1.7495454545454547
1.7322727272727272
1.7063636363636363
1.7172727272727273
1.544090909090909
1.5909090909090908
1.4981818181818183
1.470909090909091
1.3272727272727272
1.3986363636363637
1.3168181818181817
1.4463636363636363
1.4345454545454546
1.3381818181818181
1.4381818181818182
1.1618181818181819
1.2263636363636363
1.1768181818181818
1.1545454545454545
1.0763636363636364
1.1186363636363637
1.19
1.1154545454545455
1.2060869565217391
0.96
1.083913043478261
1.0930434782608696
1.0508695652173914
1.0860869565217393
1.0804347826086957
1.0930434782608696
0.8173913043478261
0.7921739130434782
0.9730434782608696
0.8926086956521739
0.841304347826087
0.8565217391304347
0.7156521739130435
0.9456521739130435
0.9878260869565217
0.711304347826087
0.8017391304347826
0.8513043478260869
0.8160869565217391
0.6495652173913044
0.6552173913043479
0.7273913043478261
0.6665217391304348
0.6847826086956522
0.6291304347826088
0.5795652173913044
0.681304347826087
0.5604347826086957
0.4930434782608696
0.46043478260869564
0.5173913043478261
0.6356521739130435
0.6352173913043478
0.6221739130434782
0.6365217391304349
0.47782608695652173
0.5534782608695652
0.6534782608695652
0.4865217391304348
0.4678260869565217
0.6156521739130435
0.6508695652173914
0.558695652173913
0.5504347826086956
0.4082608695652174
0.5413043478260869
0.5052173913043478
0.4926086956521739
0.5521739130434782
0.4739130434782609
0.5808695652173913
0.34782608695652173
0.4830434782608695
0.3843478260869565
0.49434782608695654
0.39999999999999997
0.4986956521739131
0.42913043478260865
0.19521739130434784
0.36000000000000004
0.2956521739130435
0.3734782608695652
0.40956521739130436
0.2943478260869565
0.3947826086956522
0.33956521739130435
0.4221739130434783
0.40869565217391307
0.44434782608695655
0.5178260869565218
0.45260869565217393
0.47782608695652173
0.38130434782608696
0.29391304347826086
0.3756521739130435
0.45130434782608697
0.5069565217391304
0.3869565217391305
0.32173913043478264
0.3717391304347826
0.3878260869565217
0.3978260869565218
0.32956521739130434
0.4078260869565218
0.28130434782608693
0.42
0.3091304347826087
0.29869565217391303
0.3717391304347826
0.3130434782608696
