pet
0.25545454545454543
0.28863636363636364
0.22999999999999998
0.2672727272727273
0.2640909090909091
0.1731818181818182
0.27090909090909093
0.2877272727272727
0.26545454545454544
0.2081818181818182
0.27636363636363637
0.3131818181818182
0.3422727272727273
0.29772727272727273
0.24545454545454548
0.29363636363636364
0.23136363636363635
0.2972727272727273
0.24363636363636362
0.3140909090909091
0.31136363636363634
0.2809090909090909
0.3159090909090909
0.3190909090909091
0.3009090909090909
0.3918181818181818
0.34863636363636363
0.45772727272727276
0.33409090909090905
0.37227272727272726
0.3995454545454546
0.4163636363636364
0.4395454545454545
0.3995454545454545
0.4636363636363637
0.43318181818181817
0.49954545454545457
0.4959090909090909
0.4777272727272727
0.4722727272727273
0.4645454545454546
0.3963636363636364
0.4440909090909091
0.5740909090909091
0.57
0.5559090909090909
0.6713636363636364
0.5945454545454546
0.6045454545454546
0.6190909090909091
0.6295454545454545
0.6886363636363636
0.6540909090909092
0.6063636363636363
0.5590909090909091
0.6759090909090909
0.8263636363636363
0.7318181818181819
0.6204545454545455
0.7350000000000001
0.9168181818181819
0.7945454545454546
0.8136363636363636
0.9054545454545455
0.9772727272727273
0.8086363636363636
0.8268181818181819
0.9327272727272727
0.9863636363636363
0.885909090909091
1.065
1.0304545454545453
1.079090909090909
1.0609090909090908
1.1172727272727272
0.9154545454545455
1.0654545454545454
1.1604545454545454
1.0922727272727273
1.0886363636363636
1.2522727272727272
1.1963636363636363
1.2172727272727273
1.1272727272727272
1.1881818181818182
1.3827272727272728
1.3963636363636363
1.2804545454545455
1.2245454545454546
1.4363636363636365
1.5047826086956522
1.6365217391304347
1.5195652173913046
1.5473913043478262
1.5439130434782609
1.7608695652173914
1.59
1.875217391304348
1.5756521739130436
1.701304347826087
1.6930434782608694
1.7408695652173913
1.6721739130434783
1.695217391304348
1.803478260869565
1.8795652173913044
2.0330434782608693
2.217391304347826
1.7243478260869565
1.9317391304347826
2.197391304347826
2.1856521739130437
1.953478260869565
1.891304347826087
1.8895652173913045
1.8313043478260869
2.1004347826086955
2.1943478260869567
2.0195652173913046
2.1430434782608696
2.262608695652174
2.278695652173913
2.4060869565217393
2.3191304347826085
2.192608695652174
2.3717391304347823
2.3395652173913044
2.276521739130435
2.261304347826087
2.3895652173913042
2.4417391304347826
2.477391304347826
2.431304347826087
2.2886956521739132
2.464782608695652
2.377391304347826
2.2621739130434784
2.183478260869565
2.5739130434782607
2.223913043478261
2.3056521739130433
2.587391304347826
2.844782608695652
2.642608695652174
2.7047826086956523
2.5599999999999996
2.227826086956522
2.3921739130434783
2.7917391304347823
2.8069565217391306
2.993913043478261
2.7726086956521736
2.5191304347826087
2.646086956521739
2.4956521739130433
2.695217391304348
2.548695652173913
2.7956521739130435
3.021304347826087
2.706086956521739
2.777391304347826
2.5408695652173914
2.486086956521739
2.681304347826087
2.7030434782608697
2.866521739130435
2.7756521739130435
2.811304347826087
2.96304347826087
3.1230434782608696
3.071739130434783
2.991304347826087
2.8947826086956523
3.098695652173913
3.2600000000000002
2.9791304347826086
3.034347826086957
3.0165217391304346
2.999565217391304
3.2378260869565216
3.0121739130434784
3.0804347826086955
2.776521739130435
2.8552173913043477
2.8921739130434783
2.6639130434782605
2.7256521739130433
2.6639130434782605
2.6091304347826085
3.0156521739130433
2.8782608695652177
3.0921739130434784
2.7295652173913045
2.6334782608695653
3.0599999999999996
2.9565217391304346
2.7991304347826085
2.8256521739130434
2.9869565217391307
3.0991304347826087
2.9156521739130437
3.0865217391304345
3.1308695652173917
2.988695652173913
3.1595652173913042
3.1469565217391304
2.5843478260869563
2.615217391304348
2.882608695652174
2.8995652173913045
2.960434782608696
2.7930434782608695
2.8256521739130434
2.9086956521739133
2.895652173913043
2.5982608695652174
3.0608695652173914
2.6317391304347826
2.6604347826086956
2.842608695652174
2.7743478260869563
2.5078260869565216
2.6034782608695655
2.526086956521739
2.412608695652174
2.367391304347826
2.5030434782608695
2.5382608695652173
2.4030434782608694
2.438695652173913
2.493913043478261
2.4630434782608694
2.393913043478261
2.203478260869565
2.1139130434782607
2.1021739130434782
1.9747826086956521
1.893913043478261
2.128695652173913
2.2482608695652173
2.0986956521739133
1.8456521739130436
2.1008695652173914
1.978695652173913
1.9517391304347826
1.9169565217391307
2.128695652173913
1.8534782608695652
1.818695652173913
1.8817391304347826
1.89
1.8721739130434785
1.8891304347826088
1.6373913043478259
1.8
1.7573913043478262
1.583913043478261
1.5408695652173912
1.7065217391304348
1.57
1.4621739130434783
1.342608695652174
1.3917391304347826
1.5126086956521738
1.3995652173913042
1.3547826086956523
1.3734782608695653
1.2843478260869565
1.1265217391304347
1.193478260869565
1.1539130434782607
1.0960869565217393
1.102608695652174
1.0609090909090908
1.0027272727272727
1.0259090909090909
1.0413636363636363
0.990909090909091
1.0318181818181817
0.9131818181818182
0.8327272727272728
0.920909090909091
0.9977272727272727
0.9286363636363636
0.9072727272727273
0.6945454545454545
0.6909090909090909
0.7818181818181817
0.6713636363636364
0.9409090909090909
0.8090909090909091
0.7754545454545454
0.7536363636363635
0.6831818181818181
0.6795454545454546
0.7840909090909091
0.6977272727272728
0.759090909090909
0.6863636363636364
0.6781818181818182
0.5977272727272728
0.5486363636363637
0.5304545454545454
0.5254545454545455
0.5372727272727272
0.4895454545454545
0.5322727272727272
0.4122727272727273
0.4190909090909091
0.4509090909090909
0.4422727272727273
0.40090909090909094
0.3527272727272727
0.38818181818181824
0.3645454545454545
0.37863636363636366
0.3109090909090909
0.44045454545454543
0.265
0.20636363636363636
0.2595454545454545
0.2618181818181818
0.2636363636363636
0.2509090909090909
0.2218181818181818
0.2677272727272727
0.3240909090909091
0.20318181818181816
0.24954545454545454
0.2768181818181818
0.2322727272727273
0.19863636363636364
0.23863636363636365
0.2109090909090909
0.235
0.2772727272727273
0.33090909090909093
0.26045454545454544
0.32045454545454544
0.29
0.3386363636363636
0.16727272727272727
0.3054545454545454
0.18727272727272729
0.24136363636363634
0.21636363636363634
0.19454545454545455
0.3318181818181818
0.25181818181818183
0.22954545454545452
0.1668181818181818
0.1309090909090909
0.11454545454545455
0.13636363636363635
0.19545454545454544
0.19045454545454543
0.18136363636363637
0.28954545454545455
0.2831818181818182
0.28954545454545455
0.2631818181818182
0.2631818181818182
0.23
0.23727272727272727
0.20590909090909093
