pet
0.25
0.27
0.362
0.32199999999999995
0.354
0.26
0.28300000000000003
0.19
0.403
0.343
0.414
0.537
0.27
0.14300000000000002
0.453
0.331
0.302
0.385
0.368
0.41500000000000004
0.487
0.337
0.279
0.317
0.382
0.304
0.41200000000000003
0.343
0.369
0.554
0.5890000000000001
0.553
0.391
0.51
0.461
0.391
0.32399999999999995
0.297
0.513
0.386
0.383
0.348
0.258
0.281
0.31
0.5389999999999999
0.48600000000000004
0.406
0.323
0.42800000000000005
0.493
0.592
0.5599999999999999
0.527
0.597
0.6639999999999999
0.7020000000000001
0.682
0.6719999999999999
0.673
0.6980000000000001
0.501
0.588
0.742
0.795
0.741
0.885
0.882
1.003
0.835
0.833
0.905
0.923
0.8009999999999999
0.769
0.908
0.9269999999999999
1.0619999999999998
0.9400000000000001
1.113
1.107
1.16
1.026
0.861
0.916
1.016
0.9970000000000001
1.028
1.047
1.113
1.256
1.181
1.0710000000000002
1.073
1.433
1.117
1.365
1.332
1.248
1.598
1.514
1.6149999999999998
1.4849999999999999
1.59
1.732
1.703
1.7899999999999998
1.5390000000000001
1.6190000000000002
1.4869999999999999
1.503
1.707
1.6669999999999998
1.5370000000000001
1.596
1.7120000000000002
1.7149999999999999
1.884
1.672
2.0300000000000002
1.7530000000000001
1.959
1.985
1.641
1.706
1.8829999999999998
2.13
2.214
2.3440000000000003
2.1550000000000002
1.927
1.8510000000000002
2.254
2.245
1.8980000000000001
2.05
1.9
1.934
2.168
2.2670000000000003
2.0780000000000003
2.3
2.008
2.322
2.194
2.0989999999999998
2.341
2.407
2.136
2.511
2.379
2.347
2.339
2.376
1.9419999999999997
2.067
2.261
2.012
1.948
2.289
2.223
2.307
2.096
1.9200000000000004
2.506
2.036
1.925
1.848
2.041
2.071
1.8359999999999999
1.966
1.6599999999999997
1.591
1.9620000000000002
2.123
2.157
2.632
2.407
2.126
2.543
2.653
2.396
2.561
2.0309999999999997
2.402
2.1990000000000003
2.263
2.246
2.125
1.8530000000000002
1.9789999999999999
1.879
2.053
1.964
2.5
2.1870000000000003
1.967
1.9620000000000002
1.739
2.107
2.005
2.3760000000000003
2.164
2.276
2.165
1.9759999999999998
2.213
1.607
2.089
2.101
2.088
1.7489999999999999
1.6300000000000001
1.9739999999999998
2.2800000000000002
2.1670000000000003
1.732
1.7260000000000002
1.873
1.81
1.65
1.597
1.6190000000000002
1.779
1.634
1.6300000000000001
1.6060000000000003
1.6960000000000002
1.28
1.657
1.5550000000000002
1.6809999999999998
1.566
1.332
1.596
1.768
1.579
1.551
1.373
1.547
1.576
1.625
1.277
1.526
1.326
1.379
1.463
1.417
1.4369999999999998
1.464
1.307
1.316
1.173
1.176
1.0559999999999998
1.074
0.992
1.098
0.9640000000000001
0.9269999999999999
0.99
1.129
1.035
1.079
1.042
0.909
1.021
1.131
0.884
0.8699999999999999
0.8469999999999999
0.881
0.9133333333333334
0.8933333333333332
0.9322222222222223
0.8444444444444446
0.9144444444444445
0.9344444444444444
0.8566666666666667
0.6744444444444445
0.7188888888888889
0.7555555555555555
0.6211111111111111
0.5666666666666668
0.49666666666666665
0.5444444444444445
0.4844444444444444
0.5477777777777777
0.5122222222222222
0.5788888888888889
0.5055555555555555
0.496
0.509
0.45999999999999996
0.45199999999999996
0.6849999999999999
0.5730000000000001
0.678
0.635
0.516
0.497
0.542
0.553
0.523
0.43200000000000005
0.376
0.31599999999999995
0.359
0.5349999999999999
0.445
0.622
0.42800000000000005
0.409
0.594
0.4640000000000001
0.39
0.403
0.383
0.42699999999999994
0.434
0.23500000000000001
0.392
0.40700000000000003
0.379
0.275
0.352
0.42699999999999994
0.417
0.277
0.39
0.384
0.30500000000000005
0.269
0.23500000000000001
0.27
0.24500000000000002
0.199
0.263
0.33599999999999997
0.194
0.183
0.364
0.398
0.403
0.25
0.327
0.40499999999999997
0.366
0.292
0.275
0.262
0.29300000000000004
0.29100000000000004
0.356
0.39099999999999996
0.43
0.325
0.21000000000000002
0.186
0.193
0.191
0.209
0.311
0.246
