temperature
3.4769565217391305
3.4508695652173915
3.0904347826086958
3.3843478260869566
3.577391304347826
4.019565217391304
3.143913043478261
3.675217391304348
3.9730434782608692
3.9373913043478264
3.507391304347826
2.955217391304348
2.6617391304347824
2.890869565217392
3.3421739130434784
3.532173913043478
2.929130434782609
2.3982608695652172
3.0943478260869566
3.101304347826087
3.715652173913044
4.039130434782609
3.723478260869565
3.7913043478260873
3.318260869565217
3.1495652173913045
2.885652173913044
2.880434782608696
3.1365217391304347
3.061304347826087
2.8082608695652174
2.8091304347826087
3.3447826086956525
3.657391304347826
3.888695652173913
4.139565217391304
4.398695652173913
4.409130434782608
4.052173913043478
3.4617391304347827
3.010434782608696
2.6891304347826086
2.7578260869565216
2.6017391304347828
2.212608695652174
1.9082608695652175
1.9943478260869565
2.634782608695652
2.7734782608695654
2.931739130434783
2.9213043478260867
3.3465217391304347
3.8439130434782607
3.853913043478261
4.081304347826087
3.4591304347826086
3.8126086956521736
3.65695652173913
3.8517391304347828
4.2
4.461739130434783
4.565652173913044
4.562608695652174
4.898695652173913
5.07
5.485217391304348
5.579565217391305
5.381739130434783
5.6204347826086964
5.8734782608695655
5.590869565217392
5.55
5.323913043478261
5.375217391304347
5.015217391304348
5.641739130434782
5.7556521739130435
5.739130434782608
5.563478260869565
5.834347826086956
5.59
5.430434782608696
5.73391304347826
6.20695652173913
5.797391304347826
5.970434782608695
5.722608695652174
5.779565217391305
6.003913043478261
6.015652173913044
7.0218181818181815
6.691818181818181
5.5204545454545455
5.404090909090909
5.598636363636364
5.713181818181818
6.065454545454545
5.859999999999999
5.9390909090909085
6.5
6.956818181818182
7.542727272727273
7.0181818181818185
7.270454545454545
7.643636363636364
7.625909090909091
7.319999999999999
7.426363636363636
8.123181818181818
7.989090909090908
7.936818181818182
8.467727272727272
7.709545454545455
7.294090909090909
7.347272727272727
7.368181818181818
7.336363636363637
7.493181818181818
7.870909090909091
8.229545454545455
8.315
8.040454545454544
8.529545454545454
8.646363636363636
8.787272727272727
9.091818181818182
9.457272727272727
10.303636363636365
9.861363636363636
9.752272727272727
9.875454545454545
9.721363636363636
10.736363636363636
10.070454545454545
10.385
10.496818181818183
10.201818181818181
10.47409090909091
10.630454545454546
11.368636363636364
11.17590909090909
11.025454545454545
11.335
11.211818181818181
11.452272727272726
11.714090909090908
11.502272727272727
11.238181818181818
11.450909090909091
11.458181818181817
11.752272727272727
12.317727272727273
12.333636363636362
12.430454545454547
12.286363636363637
12.443181818181818
12.680454545454545
12.536363636363637
12.546818181818184
12.588181818181818
12.703181818181816
12.668181818181818
12.915454545454544
13.121818181818183
13.406818181818181
12.910909090909092
13.23
13.533181818181818
13.175454545454546
13.868181818181819
13.764999999999999
13.478636363636362
13.623181818181818
13.539090909090909
13.791363636363638
14.359545454545456
14.612272727272728
14.262272727272727
14.245909090909093
14.405454545454546
14.629090909090907
15.067272727272728
15.236818181818181
14.862272727272726
15.133636363636363
15.571363636363635
15.67909090909091
15.772272727272728
16.098636363636363
15.674545454545454
15.795
16.04
15.381363636363636
15.77909090909091
15.852272727272727
16.14363636363636
15.575454545454546
15.495
15.30409090909091
15.455454545454545
16.06863636363636
15.351363636363637
15.451363636363636
15.553636363636365
15.30318181818182
15.49590909090909
15.954545454545455
16.077272727272728
16.51772727272727
16.661363636363635
16.507272727272724
16.41
16.038181818181815
16.229545454545455
16.31954545454545
16.072727272727274
15.984545454545456
16.176363636363636
15.338181818181818
15.856818181818182
15.841818181818182
15.736363636363636
15.767272727272728
15.872727272727273
16.168181818181818
16.66318181818182
16.965454545454545
16.10181818181818
15.545
15.465000000000002
15.569090909090908
15.940454545454545
15.905909090909091
15.566818181818183
14.697727272727274
15.082272727272727
15.050454545454546
15.108636363636363
14.588181818181818
15.19181818181818
15.56
15.133636363636363
14.227727272727272
15.097272727272726
14.58409090909091
14.67909090909091
14.410454545454547
14.232272727272727
13.970454545454546
14.049090909090909
14.292727272727273
14.15181818181818
14.09818181818182
13.440454545454545
13.455454545454545
13.206818181818182
12.997272727272728
12.984545454545456
13.34590909090909
13.747727272727273
13.384090909090908
12.735909090909091
13.08090909090909
12.962727272727273
12.68
13.042727272727273
12.538636363636364
12.072272727272725
12.195
12.212272727272728
12.337727272727273
12.30909090909091
12.453636363636365
12.011739130434782
11.784782608695652
11.666956521739133
11.757826086956522
11.562173913043479
11.218695652173912
10.965652173913044
10.657826086956522
11.256521739130434
11.040434782608695
10.747391304347826
10.714347826086957
10.398695652173913
9.576956521739131
9.67695652173913
9.375652173913045
9.205217391304348
9.490434782608697
9.772608695652174
9.278260869565218
8.554782608695652
8.873478260869565
8.996956521739131
9.459130434782608
9.145217391304348
9.001739130434782
9.118695652173912
8.731739130434784
8.172173913043478
8.538260869565217
8.821304347826086
8.444347826086956
8.444782608695652
8.412608695652175
7.5004347826086954
7.3713043478260865
6.647391304347826
7.2156521739130435
7.7
7.27695652173913
7.148695652173912
7.373043478260869
6.262608695652173
5.884347826086957
5.3478260869565215
5.69695652173913
5.650434782608696
5.530869565217391
5.969565217391305
5.86695652173913
5.088260869565217
4.755217391304348
5.296956521739131
5.849565217391304
5.767391304347826
5.7843478260869565
5.067391304347826
4.699565217391305
4.410434782608696
4.050869565217392
3.8843478260869566
4.566086956521739
4.877826086956522
5.084347826086956
5.363913043478261
5.384782608695652
4.794347826086956
4.286086956521739
4.065652173913044
3.9504347826086956
3.643043478260869
3.904782608695652
3.9352173913043473
3.8704347826086956
4.306956521739131
4.751304347826087
4.455652173913044
4.391739130434782
4.135652173913043
4.15695652173913
4.362608695652173
5.110869565217391
4.45
4.68304347826087
4.665217391304347
4.68
4.364782608695652
4.456956521739131
4.641739130434783
4.554347826086956
3.5782608695652174
3.279565217391305
