pet
0.34904761904761905
0.24666666666666665
0.46523809523809523
0.37333333333333335
0.19238095238095237
0.3619047619047619
0.32
0.19285714285714284
0.21285714285714288
0.28476190476190477
0.3685714285714286
0.35523809523809524
0.35333333333333333
0.30333333333333334
0.23238095238095238
0.2638095238095238
0.34
0.24238095238095236
0.30952380952380953
0.19904761904761903
0.32047619047619047
0.3219047619047619
0.3038095238095238
0.4519047619047619
0.25666666666666665
0.3504761904761905
0.2795238095238095
0.3028571428571429
0.28476190476190477
0.3871428571428571
0.4390476190476191
0.3522727272727273
0.38636363636363635
0.23363636363636361
0.3422727272727273
0.46318181818181814
0.4090909090909091
0.5363636363636364
0.49
0.3918181818181818
0.51
0.4063636363636363
0.37772727272727274
0.48363636363636364
0.5009090909090909
0.45136363636363636
0.5554545454545455
0.3577272727272727
0.44272727272727275
0.5509090909090909
0.4881818181818182
0.47818181818181815
0.5372727272727272
0.5886363636363636
0.5940909090909091
0.535909090909091
0.6131818181818182
0.6572727272727273
0.6645454545454546
0.6809090909090909
0.7436363636363637
0.8486363636363637
0.7645454545454545
0.7390909090909091
0.6913636363636363
0.7077272727272728
0.8122727272727274
0.7968181818181819
0.655
0.7809090909090909
0.8759090909090909
0.8272727272727273
0.8981818181818183
0.884090909090909
0.8295454545454546
1.0022727272727272
1.0272727272727273
0.9222727272727272
0.9386363636363637
1.0063636363636363
1.1386363636363637
1.1063636363636364
1.1245454545454547
1.2486363636363635
1.1490909090909092
1.1595454545454547
1.2718181818181817
1.2477272727272728
1.1868181818181818
1.169090909090909
1.086818181818182
1.155909090909091
1.3468181818181817
1.4327272727272726
1.365909090909091
1.5740909090909092
1.4677272727272728
1.3822727272727273
1.589090909090909
1.485
1.4904545454545455
1.5590909090909089
1.6304545454545454
1.9986363636363635
1.8636363636363635
1.9186363636363637
1.6977272727272728
1.65
1.783181818181818
1.8813636363636363
1.7913636363636363
1.9327272727272728
1.9604545454545457
2.119090909090909
1.960909090909091
1.9404545454545454
2.1295454545454544
2.039090909090909
1.9122727272727273
1.8522727272727273
1.9354545454545453
2.2677272727272726
2.1345454545454547
2.1981818181818182
2.152727272727273
2.2254545454545456
2.3154545454545454
2.338636363636364
2.185
2.1809090909090907
2.2895454545454546
2.335
2.397727272727273
2.5945454545454543
2.7372727272727273
2.559090909090909
2.522727272727273
2.585909090909091
2.641818181818182
2.527727272727273
2.434090909090909
2.560909090909091
2.5295454545454543
2.762272727272727
2.580909090909091
2.652727272727273
2.682727272727273
2.7118181818181815
2.5504545454545453
2.5927272727272728
2.76
2.6159090909090907
2.436818181818182
2.5795454545454546
2.7722727272727274
2.438181818181818
2.6836363636363636
2.7363636363636363
2.688181818181818
2.7545454545454544
2.64
2.5213636363636365
2.6704545454545454
2.8954545454545455
2.8677272727272727
3.022727272727273
2.959090909090909
2.605909090909091
2.752272727272727
2.799090909090909
3.141818181818182
2.9318181818181817
3.0154545454545456
2.726818181818182
2.7922727272727275
2.7054545454545456
2.799545454545455
2.8000000000000003
2.6981818181818182
2.997272727272727
3.022272727272727
3.0313636363636363
2.9681818181818183
3.4404545454545454
3.044090909090909
3.13
3.3704545454545456
3.2095454545454545
2.881818181818182
2.824090909090909
2.6895454545454545
2.880909090909091
2.732727272727273
2.773181818181818
2.68
2.7022727272727276
2.808181818181818
2.8313636363636365
2.8022727272727272
2.6159090909090907
2.778181818181818
2.6486363636363635
2.6863636363636365
2.690909090909091
2.5213636363636365
3.0068181818181823
2.7818181818181817
2.7068181818181816
2.773636363636364
2.8963636363636365
2.635
2.4963636363636366
2.7854545454545456
2.7477272727272726
2.679090909090909
2.6468181818181815
2.4863636363636363
2.377727272727273
2.3181818181818183
2.4863636363636363
2.4004545454545454
2.6104545454545454
2.3363636363636364
2.458636363636364
2.355909090909091
2.1999999999999997
2.555
2.7113636363636364
2.3668181818181817
2.0536363636363637
2.2468181818181816
2.541363636363636
2.26
2.2922727272727275
2.1672727272727275
2.21
2.013181818181818
2.2113636363636364
2.21
2.083636363636364
1.979090909090909
2.079090909090909
1.9072727272727272
1.7677272727272728
1.8627272727272726
2.0095454545454547
1.9695454545454545
1.8550000000000002
1.8363636363636362
1.805
1.7149999999999999
1.6813636363636364
1.7186363636363637
1.6759090909090908
1.6050000000000002
1.5995454545454544
1.4454545454545455
1.405
1.3604545454545454
1.3304545454545453
1.2504545454545455
1.3381818181818181
1.3490909090909091
1.1927272727272729
1.3145454545454547
1.1518181818181819
1.1618181818181819
1.0981818181818181
1.03
1.008181818181818
1.0027272727272727
1.0027272727272727
0.9454545454545454
1.0931818181818183
0.9290909090909092
0.8704545454545454
0.9672727272727273
0.825909090909091
0.9145454545454546
0.97
0.9390909090909091
0.7786363636363636
0.7036363636363636
0.8804545454545455
0.7236363636363636
0.7622727272727272
0.7509090909090909
0.6254545454545455
0.7127272727272728
0.7581818181818182
0.6613636363636364
0.6495454545454545
0.5909090909090909
0.6190909090909091
0.6627272727272727
0.5631818181818182
0.6145454545454545
0.5068181818181818
0.4422727272727273
0.48227272727272724
0.52
0.5499999999999999
0.435
0.40454545454545454
0.3227272727272727
0.3609090909090909
0.39545454545454545
0.385
0.40772727272727277
0.4068181818181818
0.3195454545454546
0.30863636363636365
0.475
0.3790909090909091
0.33409090909090905
0.4227272727272728
0.48772727272727273
0.41181818181818186
0.43681818181818177
0.2595454545454545
0.3695454545454545
0.27454545454545454
0.3372727272727273
0.25363636363636366
0.27136363636363636
0.3981818181818182
0.23545454545454544
0.38272727272727275
0.3690909090909091
0.27090909090909093
0.2081818181818182
0.2581818181818182
0.27954545454545454
0.13136363636363638
0.18095238095238098
0.24904761904761907
0.250952380952381
0.22571428571428573
0.1657142857142857
0.23142857142857146
0.2642857142857143
0.24
0.24904761904761907
0.21857142857142856
0.26761904761904765
0.30238095238095236
0.2557142857142857
0.22285714285714284
0.21428571428571427
0.23666666666666666
0.3223809523809524
0.3276190476190476
0.25857142857142856
0.2638095238095238
0.2795238095238095
0.22476190476190475
0.3166666666666667
0.19238095238095237
0.22666666666666666
0.1933333333333333
0.28809523809523807
0.22333333333333336
0.2623809523809524
0.24952380952380954
0.19714285714285712
