pet
0.38130434782608696
0.3343478260869565
0.3843478260869565
0.3008695652173913
0.15913043478260872
0.30391304347826087
0.2947826086956522
0.30130434782608695
0.2360869565217391
0.3091304347826087
0.3539130434782609
0.40304347826086956
0.32652173913043475
0.36086956521739133
0.17304347826086958
0.27434782608695657
0.35043478260869565
0.27391304347826084
0.3734782608695652
0.22739130434782612
0.3365217391304348
0.3426086956521739
0.3282608695652174
0.4017391304347826
0.28304347826086956
0.37
0.31565217391304345
0.28478260869565214
0.2952173913043478
0.3178260869565217
0.3926086956521739
0.3739130434782609
0.3713043478260869
0.3008695652173913
0.39
0.4360869565217392
0.4091304347826087
0.5478260869565217
0.45826086956521744
0.3852173913043478
0.48782608695652174
0.4273913043478261
0.3947826086956522
0.4969565217391304
0.4852173913043478
0.42347826086956525
0.43782608695652175
0.33304347826086955
0.39565217391304347
0.4986956521739131
0.4708695652173913
0.4752173913043478
0.61
0.5743478260869566
0.5360869565217391
0.5078260869565218
0.5991304347826086
0.5756521739130435
0.6339130434782608
0.6730434782608696
0.6860869565217391
0.8291304347826087
0.782608695652174
0.7743478260869565
0.7934782608695652
0.7256521739130435
0.8095652173913044
0.8504347826086956
0.6860869565217391
0.7495652173913043
0.9278260869565217
0.8139130434782608
0.83
0.9065217391304349
0.8430434782608696
0.9369565217391305
0.9973913043478262
0.9252173913043479
0.9682608695652174
1.0695652173913044
1.1243478260869566
1.2060869565217391
1.1534782608695653
1.2386956521739132
1.1243478260869566
1.2152173913043478
1.2121739130434783
1.2704347826086957
1.2060869565217391
1.1143478260869564
1.1372727272727272
1.1686363636363637
1.1931818181818181
1.2813636363636365
1.2731818181818182
1.29
1.2968181818181819
1.2604545454545455
1.4304545454545454
1.4336363636363636
1.4722727272727274
1.5486363636363636
1.5645454545454547
1.8213636363636363
1.6981818181818182
1.7309090909090907
1.6509090909090909
1.6018181818181818
1.6872727272727273
1.7945454545454547
1.6672727272727272
1.74
1.7636363636363634
1.7727272727272727
1.8659090909090907
1.9354545454545453
1.9440909090909089
1.9049999999999998
1.830909090909091
1.7909090909090908
1.9913636363636364
2.088181818181818
2.100909090909091
2.166818181818182
2.023181818181818
2.1259090909090905
2.0954545454545457
2.1545454545454543
2.2100000000000004
2.106363636363636
2.1540909090909093
2.1568181818181817
2.3745454545454545
2.598181818181818
2.527727272727273
2.6418181818181816
2.494090909090909
2.374090909090909
2.5818181818181816
2.471818181818182
2.352272727272727
2.600909090909091
2.230909090909091
2.484545454545455
2.5522727272727272
2.5959090909090907
2.61
2.598181818181818
2.462727272727273
2.4727272727272727
2.5845454545454545
2.716818181818182
2.500909090909091
2.627727272727273
2.751818181818182
2.399090909090909
2.4
2.6545454545454543
2.685
2.489090909090909
2.5890909090909093
2.4
2.596363636363636
2.709090909090909
2.8786363636363634
2.8390909090909093
2.6427272727272726
2.5645454545454545
2.6677272727272725
2.7104545454545454
2.9740909090909087
2.6931818181818183
2.900909090909091
2.626818181818182
2.5995454545454546
2.6240909090909095
2.786363636363636
2.7254545454545456
2.739090909090909
3.016818181818182
2.8863636363636362
2.7845454545454547
2.815
3.2540909090909094
2.946818181818182
2.875909090909091
3.2245454545454546
3.0427272727272725
2.765
2.8477272727272727
2.627272727272727
2.9236363636363634
2.7804545454545457
2.777727272727273
2.6468181818181815
2.703181818181818
2.7763636363636364
2.815909090909091
2.6986363636363637
2.604090909090909
2.6704545454545454
2.7209090909090907
2.4213636363636364
2.5477272727272724
2.5031818181818184
2.8831818181818183
2.6159090909090907
2.727272727272727
2.599090909090909
2.8145454545454545
2.560909090909091
2.4054545454545457
2.724090909090909
2.7045454545454546
2.6136363636363638
2.567727272727273
2.49
2.4013636363636364
2.1563636363636363
2.255909090909091
2.247727272727273
2.367272727272727
2.3436363636363637
2.3536363636363635
2.2881818181818185
2.199090909090909
2.4945454545454546
2.5959090909090907
2.3718181818181816
2.07
2.098181818181818
2.369090909090909
2.2886363636363636
2.186818181818182
2.080909090909091
2.096818181818182
1.9568181818181818
2.0959090909090907
2.1081818181818184
1.9772727272727273
1.8872727272727274
1.9368181818181818
1.7881818181818183
1.8518181818181818
1.9368181818181818
1.805
1.9436363636363636
1.9304545454545454
1.9077272727272727
1.6768181818181818
1.7509090909090907
1.7754545454545456
1.7277272727272726
1.6418181818181816
1.6090909090909091
1.6286363636363637
1.5672727272727272
1.3886363636363637
1.4672727272727273
1.3704545454545454
1.354090909090909
1.3913636363636364
1.4504545454545454
1.294090909090909
1.2931818181818182
1.1427272727272728
1.2231818181818181
1.07
0.9890909090909091
1.0213636363636363
1.0154545454545454
1.0245454545454544
0.9613636363636363
1.098695652173913
1.0243478260869565
0.9621739130434782
0.9039130434782608
0.9382608695652174
0.9395652173913043
0.956086956521739
0.918695652173913
0.7808695652173914
0.7991304347826087
0.8721739130434782
0.6965217391304348
0.6673913043478261
0.6495652173913044
0.5465217391304348
0.5882608695652174
0.7478260869565218
0.6965217391304348
0.6904347826086956
0.6021739130434782
0.6395652173913043
0.6378260869565218
0.6052173913043478
0.5682608695652174
0.5482608695652174
0.42260869565217396
0.4921739130434783
0.42608695652173917
0.5339130434782609
0.4469565217391304
0.43869565217391304
0.43043478260869567
0.3726086956521739
0.45130434782608697
0.46478260869565224
0.45695652173913043
0.45739130434782604
0.3134782608695652
0.3521739130434782
0.5452173913043478
0.46304347826086956
0.4165217391304348
0.42434782608695654
0.5191304347826087
0.34608695652173915
0.41304347826086957
0.2508695652173913
0.3860869565217392
0.32173913043478264
0.43130434782608695
0.34043478260869564
0.23521739130434782
0.40391304347826085
0.2565217391304348
0.46565217391304353
0.401304347826087
0.2952173913043478
0.2882608695652174
0.23478260869565218
0.2821739130434783
0.17782608695652175
0.21130434782608698
0.2726086956521739
0.2782608695652174
0.2752173913043478
0.17521739130434782
0.29043478260869565
0.32608695652173914
0.15956521739130433
0.19695652173913045
0.23086956521739133
0.23391304347826086
0.34652173913043477
0.26652173913043475
0.20695652173913043
0.2504347826086956
0.23130434782608697
0.2991304347826087
0.3165217391304348
0.24695652173913044
0.32130434782608697
0.21304347826086958
0.16347826086956524
0.28608695652173916
0.21
0.26304347826086955
0.21521739130434783
0.27260869565217394
0.2752173913043478
0.24130434782608695
0.3595652173913043
0.23521739130434782
