pet
0.3427272727272727
0.34181818181818185
0.33545454545454545
0.3140909090909091
0.27772727272727277
0.24318181818181817
0.3795454545454545
0.34590909090909094
0.2972727272727273
0.2736363636363637
0.38863636363636367
0.3318181818181818
0.3572727272727273
0.3909090909090909
0.3663636363636364
0.3281818181818182
0.28545454545454546
0.32136363636363635
0.2831818181818182
0.38272727272727275
0.3559090909090909
0.3159090909090909
0.3359090909090909
0.3359090909090909
0.3740909090909091
0.4913636363636364
0.3890909090909091
0.5877272727272728
0.40136363636363637
0.4295454545454545
0.4540909090909091
0.4372727272727273
0.43454545454545457
0.37000000000000005
0.5254545454545455
0.5159090909090909
0.5177272727272727
0.5036363636363637
0.5181818181818182
0.515
0.4936363636363636
0.4413636363636364
0.5922727272727273
0.6077272727272727
0.6
0.6204545454545455
0.6809090909090909
0.6081818181818182
0.66
0.6722727272727272
0.6768181818181819
0.785
0.7431818181818183
0.6722727272727272
0.629090909090909
0.7481818181818182
0.8350000000000001
0.7636363636363637
0.7268181818181818
0.8454545454545456
0.9277272727272727
0.7881818181818182
0.8677272727272727
0.8927272727272727
0.9936363636363637
0.8627272727272728
0.9090909090909091
0.9963636363636362
1.038181818181818
0.9927272727272727
1.008181818181818
1.1081818181818182
1.071818181818182
1.0113636363636365
1.074090909090909
1.0645454545454547
1.1336363636363638
1.2754545454545454
1.2168181818181818
1.1618181818181819
1.214090909090909
1.291818181818182
1.1963636363636363
1.2086363636363637
1.335909090909091
1.3777272727272727
1.423181818181818
1.404090909090909
1.4086363636363635
1.505
1.521304347826087
1.6395652173913045
1.4043478260869564
1.5952173913043477
1.5669565217391304
1.8
1.7626086956521738
1.9034782608695653
1.7378260869565216
1.8708695652173915
1.8143478260869563
1.8304347826086957
1.752608695652174
1.7082608695652173
1.8930434782608696
2.0269565217391303
1.9634782608695651
2.4478260869565216
1.9117391304347826
1.9208695652173913
2.137826086956522
1.9278260869565218
1.9395652173913043
1.8682608695652174
1.9026086956521737
1.9365217391304348
2.17
2.338695652173913
2.1382608695652174
2.216086956521739
2.333913043478261
2.533913043478261
2.496521739130435
2.432608695652174
2.2804347826086957
2.2543478260869567
2.41
2.3078260869565215
2.356086956521739
2.137826086956522
2.4704347826086956
2.6639130434782605
2.392608695652174
2.4356521739130437
2.546521739130435
2.3330434782608696
2.243478260869565
2.3930434782608696
2.456086956521739
2.3995652173913045
2.4391304347826086
2.6456521739130436
2.819565217391304
2.6565217391304348
2.6208695652173915
2.513478260869565
2.356521739130435
2.552608695652174
2.6508695652173913
2.8373913043478263
3.092608695652174
2.856086956521739
2.6443478260869564
2.8395652173913044
2.824782608695652
2.890434782608696
2.6365217391304347
2.9321739130434783
3.1895652173913045
3.050869565217391
2.87
2.694782608695652
2.3908695652173915
2.816521739130435
2.8126086956521736
3.0895652173913044
3.0578260869565215
2.8813043478260867
3.006086956521739
3.177826086956522
3.1282608695652177
2.976086956521739
2.96
3.2469565217391305
3.218695652173913
3.199130434782609
3.0234782608695654
3.072173913043478
3.039130434782609
3.1882608695652173
3.137391304347826
3.0643478260869568
2.7795652173913044
2.9139130434782605
2.723913043478261
2.4982608695652173
2.7756521739130435
2.7821739130434784
2.8386956521739135
3.063478260869565
2.8765217391304345
3.208260869565217
2.9143478260869564
2.7269565217391305
3.0330434782608697
2.7943478260869563
2.8230434782608693
3.034347826086957
2.9534782608695656
3.070869565217391
3.07695652173913
3.1952173913043476
3.0252173913043476
2.964782608695652
3.0808695652173914
3.273913043478261
2.6356521739130434
2.6930434782608694
2.9395652173913045
2.7230434782608697
2.8147826086956518
2.549130434782609
2.522608695652174
2.8069565217391306
2.779130434782609
2.3991304347826086
2.8408695652173916
2.4173913043478263
2.707826086956522
2.951304347826087
2.6739130434782608
2.464782608695652
2.5769565217391306
2.6139130434782607
2.3521739130434782
2.286086956521739
2.5430434782608695
2.617826086956522
2.283913043478261
2.2604347826086957
2.351304347826087
2.3752173913043477
2.2604347826086957
2.318695652173913
2.08
2.09
2.008695652173913
2.101304347826087
2.3569565217391304
2.2691304347826087
2.022608695652174
1.9095652173913045
2.1091304347826085
2.1165217391304347
1.9460869565217391
1.8230434782608695
2.0856521739130436
1.7786956521739128
1.916086956521739
1.916086956521739
1.8569565217391304
1.8808695652173912
1.9060869565217389
1.6691304347826088
1.8278260869565217
1.8078260869565217
1.664782608695652
1.6526086956521737
1.8195652173913044
1.712608695652174
1.4513043478260867
1.4352173913043478
1.4360869565217391
1.5321739130434784
1.4026086956521737
1.4539130434782608
1.441304347826087
1.3469565217391304
1.07
1.184782608695652
1.1817391304347826
1.2008695652173913
1.0426086956521738
1.080909090909091
1.071818181818182
1.1577272727272727
1.1195454545454544
1.065909090909091
1.085
1.0240909090909092
0.9686363636363636
0.9290909090909092
1.030909090909091
0.9522727272727273
0.8931818181818181
0.7440909090909091
0.8409090909090909
0.7918181818181819
0.7418181818181818
0.9809090909090908
0.884090909090909
0.8454545454545456
0.765909090909091
0.8268181818181819
0.7281818181818182
0.8218181818181819
0.7100000000000001
0.8177272727272726
0.7740909090909092
0.7436363636363637
0.6395454545454545
0.6190909090909091
0.5627272727272727
0.6054545454545455
0.5931818181818183
0.57
0.5504545454545454
0.47363636363636363
0.4945454545454545
0.5086363636363637
0.5009090909090909
0.49227272727272725
0.45454545454545453
0.4113636363636364
0.40954545454545455
0.3868181818181818
0.38272727272727275
0.5031818181818182
0.28
0.2968181818181818
0.3186363636363636
0.3559090909090909
0.35363636363636364
0.34590909090909094
0.3054545454545454
0.28
0.34409090909090906
0.2959090909090909
0.2640909090909091
0.3377272727272727
0.29409090909090907
0.34363636363636363
0.315
0.29454545454545455
0.33045454545454545
0.38863636363636367
0.4122727272727273
0.3422727272727273
0.4104545454545454
0.3140909090909091
0.4540909090909091
0.2631818181818182
0.30363636363636365
0.25727272727272726
0.2863636363636364
0.235
0.26681818181818184
0.4081818181818182
0.29954545454545456
0.27590909090909094
0.16227272727272726
0.20863636363636362
0.14727272727272728
0.195
0.21227272727272728
0.20909090909090908
0.2509090909090909
0.36954545454545457
0.2727272727272727
0.3090909090909091
0.37454545454545457
0.28681818181818186
0.2736363636363637
0.2168181818181818
0.27590909090909094
