temperature
5.6454545454545455
4.891363636363637
4.984545454545454
4.872727272727273
5.699545454545454
5.122272727272727
5.251818181818182
5.360454545454545
5.132727272727273
5.6431818181818185
5.722272727272728
6.294545454545454
6.244090909090909
5.495
6.513636363636365
5.7704545454545455
5.702272727272727
5.7318181818181815
6.039545454545455
5.386818181818182
5.23590909090909
5.199545454545454
4.899090909090909
4.685
4.853181818181818
4.455454545454545
4.397272727272727
4.8909090909090915
4.878636363636364
4.6040909090909095
4.440909090909091
4.734090909090909
4.392272727272727
4.539545454545455
5.830454545454546
5.918636363636364
5.635909090909091
5.130909090909091
4.835
4.723181818181818
5.203636363636364
5.8140909090909085
6.120909090909091
5.433181818181819
4.610454545454545
5.066818181818181
5.266818181818182
5.292727272727273
5.348181818181818
5.445909090909091
4.807727272727273
5.085
5.371363636363636
5.795454545454546
6.054090909090909
5.864545454545455
5.847727272727273
5.642727272727273
5.524545454545454
5.285454545454545
4.79
4.930909090909091
5.08
5.045
5.887727272727273
6.729090909090909
6.916818181818183
6.783636363636364
6.699090909090909
6.595454545454545
6.324090909090909
6.097727272727273
6.141363636363637
7.199545454545454
7.170909090909091
7.445454545454546
6.98590909090909
6.338181818181818
6.305454545454546
6.807272727272727
7.1863636363636365
7.331363636363636
7.430000000000001
7.738181818181818
7.48590909090909
7.181818181818182
7.255000000000001
7.796363636363637
7.961818181818182
8.262727272727274
8.35695652173913
8.39391304347826
7.910869565217391
7.893913043478261
7.735652173913043
8.49391304347826
7.438260869565217
7.602608695652173
7.9339130434782605
8.234782608695653
8.050869565217392
7.887391304347826
8.012173913043478
8.315652173913042
8.496086956521738
8.681304347826087
8.707826086956521
8.581739130434782
8.091304347826087
8.515217391304347
9.376086956521739
9.75478260869565
10.048695652173913
10.114347826086956
10.39608695652174
10.296521739130435
10.357826086956521
10.434347826086958
10.282608695652174
10.43304347826087
10.572608695652173
10.874782608695652
10.68608695652174
10.448695652173912
10.668260869565218
10.626521739130435
10.92608695652174
10.974347826086957
10.968260869565217
11.538695652173912
12.002173913043478
11.4
11.201739130434783
11.23217391304348
11.32695652173913
11.759565217391305
11.376956521739132
11.312608695652173
11.53608695652174
11.666521739130435
11.883478260869564
12.025652173913045
12.547391304347824
12.751739130434784
12.632608695652175
12.47
12.410869565217391
12.26304347826087
12.474782608695653
13.208695652173914
13.218260869565217
13.364782608695652
14.038695652173912
13.768695652173914
13.431739130434783
13.464347826086957
13.824782608695651
13.775217391304347
13.848695652173912
13.997826086956522
14.051304347826088
13.830434782608696
13.697826086956523
13.843913043478262
14.343478260869563
14.388260869565217
14.769130434782609
15.048695652173913
15.05913043478261
15.256521739130434
14.960869565217392
14.48
14.499130434782609
14.75
14.824347826086955
15.243478260869566
15.250434782608695
15.579565217391304
15.642608695652175
16.006521739130434
15.874347826086957
16.18695652173913
15.753913043478262
15.953478260869565
15.724347826086957
15.441304347826087
15.382608695652175
15.590434782608694
15.73
16.02521739130435
16.21608695652174
16.083913043478262
15.890869565217391
15.894347826086957
16.29391304347826
16.64782608695652
16.628695652173914
16.419565217391302
16.488695652173913
16.983478260869564
16.77782608695652
16.656086956521737
16.389565217391304
16.683913043478263
16.789565217391303
17.01086956521739
16.95608695652174
17.123478260869568
17.308695652173913
16.924347826086954
16.574782608695653
16.506521739130434
16.945652173913043
17.006521739130434
16.97826086956522
16.92608695652174
17.274347826086956
16.997391304347826
17.011304347826087
16.808695652173913
16.98
16.858260869565218
16.99608695652174
16.68086956521739
16.18130434782609
16.180434782608696
16.440434782608694
16.259565217391305
16.273913043478263
16.313913043478262
16.437826086956523
16.56478260869565
16.349565217391305
16.482608695652175
16.12782608695652
15.563913043478262
15.669130434782607
16.199565217391303
15.438695652173912
15.000869565217391
14.90086956521739
15.367391304347825
15.420000000000002
14.962608695652174
15.08608695652174
15.533913043478263
15.252608695652174
15.123478260869565
15.278260869565216
15.044782608695652
14.808695652173913
14.835217391304347
14.930869565217392
15.108260869565218
14.566956521739131
14.090434782608694
13.71913043478261
13.490869565217393
13.528260869565216
13.281304347826088
13.626086956521737
14.1
14.038695652173912
13.94217391304348
13.71913043478261
13.480434782608697
13.302608695652173
12.875652173913043
13.064347826086957
13.308260869565219
13.459130434782608
13.42608695652174
13.843043478260869
13.85409090909091
12.995454545454544
12.720454545454546
12.021363636363638
11.761363636363637
12.345454545454546
11.743181818181819
12.735454545454546
12.731818181818182
12.635909090909092
12.488636363636363
11.921363636363635
11.640909090909092
11.408636363636363
11.375909090909092
11.383181818181818
10.854090909090909
10.237727272727273
10.460454545454546
10.251818181818182
10.997727272727273
10.855909090909092
10.92
11.088636363636363
10.817727272727273
10.980454545454545
10.928636363636365
10.459090909090909
10.413636363636364
10.742727272727272
10.456818181818182
9.564545454545454
9.336818181818181
9.502272727272727
9.109545454545454
9.39090909090909
9.120454545454546
8.798181818181819
9.350909090909092
8.549545454545454
8.641363636363637
9.091818181818182
8.622272727272728
8.668181818181818
8.136818181818182
7.613181818181818
7.41090909090909
7.481363636363636
7.627272727272728
7.256363636363637
7.367272727272728
7.069090909090909
6.995909090909091
6.608181818181818
7.155454545454545
7.125454545454545
7.245454545454546
7.157727272727272
7.285
7.134090909090909
6.829545454545454
6.586818181818182
6.46090909090909
6.260909090909092
6.475454545454546
6.116818181818181
5.849545454545455
5.819999999999999
5.932272727272727
5.714090909090909
5.580909090909091
5.637272727272727
5.784090909090909
5.863181818181818
5.263181818181819
5.054090909090909
4.949090909090909
4.6868181818181816
5.122727272727273
4.844545454545455
4.345454545454545
5.473636363636364
5.2304545454545455
5.915
6.230909090909091
5.232272727272727
4.683181818181819
4.763636363636364
4.404545454545454
4.672727272727273
5.224545454545455
5.202272727272727
