temperature
3.8433333333333333
2.9386666666666668
3.452
3.1813333333333333
3.5493333333333337
3.4353333333333333
3.792666666666667
3.51
3.674
3.957333333333333
3.8493333333333335
4.422
4.230666666666667
3.4626666666666663
4.4366666666666665
3.5533333333333332
3.2886666666666664
3.6473333333333335
3.964
3.457333333333333
3.3673333333333333
3.469333333333333
3.776666666666667
3.624666666666667
4.3373333333333335
4.316
4.626666666666667
3.774666666666667
3.2239999999999998
2.786
3.427333333333334
3.445333333333333
3.2893333333333334
3.505333333333333
3.4013333333333335
3.456
3.291333333333333
3.266
3.1593333333333335
3.2766666666666664
3.19
3.8353333333333333
3.8626666666666667
3.572
3.881333333333333
4.387333333333333
4.258
4.2
3.2033333333333336
2.94
3.3886666666666665
3.872666666666667
3.759333333333333
4.440666666666667
4.1339999999999995
4.3133333333333335
4.223333333333334
3.9626666666666663
3.9440000000000004
3.1846666666666668
2.862
3.2113333333333336
3.7
4.125333333333334
4.675333333333333
5.578666666666667
5.266
4.954
4.864
4.474
4.16
4.101333333333333
4.923333333333333
5.475333333333333
5.53
6.258666666666667
5.367999999999999
5.032666666666667
4.986
5.3453333333333335
5.519333333333333
5.368666666666667
5.244
5.672
5.690666666666667
5.96
5.958
5.5953333333333335
6.1979999999999995
6.657333333333333
6.662000000000001
6.7266666666666675
7.0233333333333325
6.654
7.048666666666667
6.812666666666667
5.9673333333333325
6.201333333333333
7.297333333333333
7.784666666666666
7.150666666666667
6.816666666666666
6.792
8.166666666666666
8.041333333333334
7.481333333333334
7.359333333333334
6.772666666666667
6.862666666666667
7.338666666666667
8.255333333333333
8.804
9.105333333333334
9.129999999999999
8.824666666666667
8.23
8.133333333333333
8.139333333333333
8.168
7.966666666666667
7.895333333333332
8.198
8.356666666666666
9.136
9.706666666666667
9.398
9.314
9.397333333333334
9.325999999999999
9.616000000000001
9.613333333333333
9.162
9.050666666666666
9.184666666666667
9.421333333333333
9.876
10.192666666666666
9.750666666666666
10.117333333333333
10.852666666666666
10.693999999999999
10.684
10.722000000000001
10.883999999999999
10.836
10.968
10.7
11.078666666666667
11.192666666666668
11.397333333333334
11.648
12.54
12.607333333333335
12.574666666666667
11.910666666666666
11.681333333333333
12.203333333333335
12.238
12.421999999999999
12.652666666666667
12.707333333333334
12.664
12.039333333333333
11.960666666666667
11.869333333333334
12.363333333333333
12.873999999999999
13.51
13.142
12.844
12.71
12.667333333333334
13.014666666666667
13.334
12.926666666666668
13.09
13.798
13.313333333333333
13.671333333333333
13.866000000000001
14.319333333333333
14.878666666666668
15.005333333333333
14.639333333333333
14.686666666666667
14.422
14.151333333333334
14.367333333333333
13.843333333333334
14.116666666666667
14.098666666666668
14.139999999999999
14.046
13.659333333333334
14.028666666666668
14.717999999999998
14.717333333333332
15.228000000000002
14.984666666666667
14.595333333333334
14.190666666666665
14.199333333333334
14.49
14.877333333333333
15.046666666666665
15.001333333333333
15.104666666666667
14.890666666666668
14.619333333333335
14.775333333333332
14.508666666666667
14.416
14.848
14.762666666666666
15.025333333333332
15.227333333333332
15.210666666666667
14.848
14.277333333333333
14.091333333333333
14.433333333333334
14.215333333333332
14.116666666666667
14.308666666666666
14.67
14.662
14.334666666666667
14.114666666666666
14.496666666666666
14.074666666666667
14.24
14.343333333333334
14.392666666666665
13.812000000000001
13.895333333333333
13.767333333333333
13.283999999999999
13.195333333333334
12.762666666666666
13.24
13.489333333333333
13.389333333333333
13.426
12.871333333333332
13.581333333333333
13.436666666666667
13.792
13.733333333333333
13.075333333333333
12.785333333333334
12.693999999999999
12.387333333333334
13.169333333333332
13.338
13.466666666666667
13.214666666666666
12.246
11.732
11.596666666666666
11.479333333333333
11.545333333333334
11.737333333333334
11.978000000000002
12.489333333333333
12.220666666666666
11.140666666666668
10.727333333333332
11.261333333333335
11.016
11.58
12.248666666666667
11.99
11.818000000000001
11.611428571428572
11.042857142857143
11.222142857142858
9.812857142857142
10.422857142857143
10.149285714285714
10.01142857142857
10.505714285714287
10.17357142857143
9.896428571428572
10.071428571428571
9.801428571428572
9.782142857142857
10.394285714285715
9.721428571428572
8.593571428571428
8.509285714285713
8.663571428571428
8.475
8.245000000000001
8.670714285714286
8.709999999999999
8.287142857142857
8.278571428571428
8.881428571428572
9.287857142857144
9.139285714285714
8.947142857142858
8.338571428571429
8.722857142857142
8.883571428571429
7.945714285714286
7.8950000000000005
7.569285714285714
7.215714285714285
7.085
6.9278571428571425
7.367142857142857
6.922142857142857
5.8185714285714285
7.018571428571429
7.439285714285715
7.069285714285714
6.554285714285713
7.205
7.117857142857143
6.4957142857142856
6.101333333333333
5.860666666666666
6.005333333333334
6.478666666666667
5.794666666666667
4.504666666666666
4.897333333333333
5.752666666666667
4.706
5.453333333333333
6.117999999999999
5.36
5.302666666666666
4.685333333333333
4.008
4.186000000000001
4.118
4.351333333333333
4.663333333333333
4.02
3.5993333333333335
3.747333333333333
5.057333333333333
5.2139999999999995
4.218666666666667
3.1333333333333333
4.258
4.597333333333333
4.238666666666666
3.232
2.6886666666666668
2.054
1.864
2.086666666666667
3.354
3.6073333333333335
4.918
4.465333333333334
3.210666666666667
2.886
2.643333333333333
2.0173333333333336
1.848
2.619333333333333
3.174
