pet
0.3491304347826087
0.2708695652173913
0.43043478260869567
0.32173913043478264
0.16130434782608696
0.358695652173913
0.28478260869565214
0.19391304347826085
0.19
0.2756521739130435
0.3273913043478261
0.34347826086956523
0.31999999999999995
0.30434782608695654
0.21217391304347827
0.25086956521739134
0.3247826086956522
0.24956521739130436
0.31521739130434784
0.19521739130434784
0.2917391304347826
0.3134782608695652
0.29260869565217396
0.4643478260869565
0.25565217391304346
0.3317391304347826
0.3160869565217391
0.2917391304347826
0.2747826086956522
0.34304347826086956
0.40782608695652167
0.3647826086956522
0.3660869565217391
0.25173913043478263
0.341304347826087
0.43956521739130433
0.3878260869565217
0.5130434782608696
0.46695652173913044
0.3808695652173913
0.5208695652173914
0.41521739130434787
0.3526086956521739
0.5013043478260869
0.4895652173913043
0.4339130434782609
0.4982608695652174
0.33695652173913043
0.4034782608695653
0.5226086956521739
0.46565217391304353
0.49
0.5717391304347826
0.591304347826087
0.5634782608695652
0.48869565217391303
0.6373913043478261
0.6017391304347826
0.6234782608695653
0.6969565217391305
0.7273913043478261
0.8443478260869566
0.7630434782608696
0.7273913043478261
0.7204347826086956
0.7039130434782609
0.83
0.8052173913043478
0.6882608695652174
0.7656521739130434
0.9160869565217391
0.8269565217391304
0.8973913043478261
0.9169565217391304
0.8121739130434783
0.9747826086956523
1.0456521739130435
0.9239130434782609
0.9556521739130435
1.0626086956521739
1.1578260869565218
1.157391304347826
1.144782608695652
1.2630434782608695
1.1378260869565218
1.1643478260869566
1.2278260869565216
1.2582608695652175
1.202173913043478
1.1621739130434783
1.1449999999999998
1.2027272727272729
1.364090909090909
1.375
1.3154545454545454
1.446818181818182
1.4672727272727273
1.3981818181818182
1.575
1.5431818181818182
1.5572727272727271
1.6113636363636366
1.6704545454545454
1.9759090909090908
1.8154545454545454
1.844090909090909
1.6981818181818182
1.6418181818181816
1.7395454545454543
1.835
1.7813636363636363
1.9409090909090911
1.8795454545454546
1.9590909090909092
1.9454545454545453
1.954090909090909
2.0054545454545454
1.9954545454545454
1.8240909090909092
1.829090909090909
1.9863636363636366
2.2927272727272725
2.178181818181818
2.255
2.1095454545454544
2.192272727272727
2.260909090909091
2.3436363636363637
2.209090909090909
2.234090909090909
2.184090909090909
2.355909090909091
2.5281818181818183
2.650909090909091
2.73
2.643181818181818
2.5931818181818183
2.518181818181818
2.658181818181818
2.559090909090909
2.454090909090909
2.6263636363636365
2.4063636363636363
2.644090909090909
2.6727272727272724
2.6813636363636366
2.7045454545454546
2.703181818181818
2.567272727272727
2.558181818181818
2.7354545454545454
2.6554545454545457
2.5686363636363634
2.68
2.849090909090909
2.3922727272727276
2.5527272727272727
2.735
2.6863636363636365
2.687272727272727
2.6377272727272727
2.5654545454545454
2.6504545454545454
2.911363636363636
2.8763636363636365
2.9536363636363636
2.966818181818182
2.5954545454545457
2.7718181818181815
2.715909090909091
3.041818181818182
2.8922727272727276
3.085909090909091
2.747727272727273
2.835
2.608636363636364
2.858636363636364
2.7436363636363637
2.7195454545454543
2.9736363636363636
3.0136363636363637
3.033181818181818
2.856818181818182
3.402727272727273
3.0090909090909093
3.056363636363636
3.408181818181818
3.247272727272727
2.987727272727273
2.963636363636364
2.7881818181818185
3.0349999999999997
2.7745454545454544
2.9404545454545454
2.8236363636363637
2.8545454545454545
2.8954545454545455
2.9145454545454546
2.851818181818182
2.685
2.812272727272727
2.7104545454545454
2.651818181818182
2.66
2.527727272727273
3.0399999999999996
2.757727272727273
2.7540909090909094
2.7445454545454546
3.0236363636363635
2.685909090909091
2.627727272727273
2.837727272727273
2.862727272727273
2.64
2.7363636363636363
2.555454545454545
2.5904545454545453
2.2913636363636365
2.4886363636363638
2.405
2.5104545454545453
2.4690909090909092
2.4086363636363637
2.3554545454545455
2.2945454545454544
2.6463636363636365
2.7627272727272727
2.374090909090909
2.0927272727272728
2.2718181818181815
2.5645454545454545
2.3304545454545456
2.340909090909091
2.196818181818182
2.143181818181818
2.0495454545454543
2.231818181818182
2.275909090909091
2.0818181818181816
1.9995454545454547
2.062272727272727
1.882272727272727
1.8399999999999999
1.954090909090909
2.050909090909091
2.0454545454545454
1.9395454545454547
1.9118181818181819
1.8299999999999998
1.8518181818181818
1.8163636363636364
1.7972727272727271
1.7368181818181818
1.723181818181818
1.63
1.4727272727272727
1.4222727272727271
1.444090909090909
1.3627272727272728
1.2836363636363637
1.3072727272727274
1.4354545454545453
1.2431818181818182
1.3531818181818183
1.1868181818181818
1.1822727272727274
1.0695454545454546
1.045909090909091
1.0572727272727274
1.0222727272727274
0.9945454545454545
0.9381818181818182
1.1169565217391304
1.075217391304348
0.9108695652173913
0.8821739130434783
0.8986956521739131
0.9513043478260869
0.9413043478260869
0.9352173913043479
0.7634782608695652
0.7156521739130435
0.8726086956521739
0.6826086956521739
0.7356521739130436
0.6708695652173913
0.6321739130434783
0.6939130434782609
0.7147826086956522
0.6569565217391304
0.6978260869565218
0.6373913043478261
0.611304347826087
0.6578260869565218
0.5404347826086956
0.6221739130434782
0.5234782608695653
0.41304347826086957
0.4930434782608696
0.4826086956521739
0.5178260869565218
0.4078260869565218
0.3908695652173913
0.3426086956521739
0.3195652173913044
0.45217391304347826
0.42826086956521736
0.41739130434782606
0.3952173913043478
0.34521739130434786
0.2947826086956522
0.5291304347826087
0.41086956521739126
0.32130434782608697
0.4056521739130435
0.48000000000000004
0.3373913043478261
0.41086956521739126
0.22260869565217392
0.4004347826086957
0.26130434782608697
0.3769565217391304
0.2608695652173913
0.25608695652173913
0.4082608695652174
0.20478260869565218
0.41434782608695647
0.4082608695652174
0.26304347826086955
0.21521739130434783
0.1947826086956522
0.22434782608695653
0.1252173913043478
0.17782608695652175
0.2360869565217391
0.2526086956521739
0.19956521739130434
0.17869565217391306
0.2343478260869565
0.2752173913043478
0.17478260869565218
0.20608695652173914
0.21
0.23
0.3139130434782609
0.2391304347826087
0.22956521739130437
0.19347826086956524
0.21869565217391304
0.3130434782608696
0.2826086956521739
0.22478260869565217
0.28521739130434787
0.2573913043478261
0.1691304347826087
0.29608695652173916
0.1973913043478261
0.21086956521739128
0.1856521739130435
0.28043478260869564
0.22434782608695653
0.2530434782608696
0.24173913043478262
0.1882608695652174
