pet
0.34
0.3663636363636364
0.3245454545454545
0.4572727272727273
0.5972727272727273
0.36
0.37545454545454543
0.3718181818181818
0.46727272727272723
0.3963636363636364
0.5372727272727272
0.5527272727272727
0.3436363636363637
0.4
0.5381818181818182
0.4327272727272727
0.4290909090909091
0.4681818181818182
0.5336363636363637
0.6554545454545454
0.6281818181818182
0.3790909090909091
0.3509090909090909
0.3836363636363636
0.3563636363636364
0.38636363636363635
0.32
0.37545454545454543
0.48000000000000004
0.6527272727272727
0.5427272727272727
0.4481818181818182
0.42
0.7281818181818182
0.49090909090909096
0.49272727272727274
0.34909090909090906
0.41545454545454547
0.5727272727272728
0.46181818181818185
0.47818181818181815
0.5045454545454545
0.4163636363636364
0.4090909090909091
0.31181818181818177
0.5490909090909091
0.57
0.4681818181818182
0.45
0.49
0.47
0.4509090909090909
0.5345454545454545
0.5027272727272727
0.6718181818181819
0.7190909090909091
0.7036363636363636
0.6436363636363637
0.53
0.5736363636363637
0.6027272727272727
0.5009090909090909
0.7654545454545455
0.7036363636363636
0.7036363636363636
0.6799999999999999
0.8900000000000001
0.9372727272727274
0.9245454545454546
0.8981818181818183
0.8581818181818182
0.9036363636363636
0.85
0.7945454545454546
0.9090909090909091
0.91
0.8381818181818183
0.95
1.029090909090909
0.9045454545454544
0.9709090909090908
1.22
1.1845454545454546
0.9963636363636365
1.038181818181818
1.13
1.2381818181818183
1.0272727272727271
1.0618181818181818
1.1572727272727272
1.3054545454545454
1.3136363636363635
1.1127272727272728
1.2181818181818183
1.1472727272727272
0.97
1.1309090909090909
1.160909090909091
1.2127272727272727
1.5354545454545454
1.4054545454545455
1.5127272727272727
1.5845454545454545
1.6527272727272726
1.4745454545454544
1.4418181818181817
1.7672727272727273
1.5518181818181818
1.8018181818181818
1.79
1.8372727272727274
1.8081818181818183
1.7445454545454546
1.7036363636363634
1.6245454545454547
1.8572727272727272
1.7481818181818183
1.6136363636363635
1.960909090909091
2.1263636363636365
2.3127272727272725
2.09
2.036363636363636
1.4627272727272727
1.4845454545454544
1.982727272727273
2.018181818181818
2.341818181818182
2.351818181818182
1.950909090909091
1.971818181818182
2.2618181818181817
2.5345454545454547
2.248181818181818
1.6872727272727273
1.81
1.8581818181818184
2.171818181818182
2.037272727272727
1.7699999999999998
1.507272727272727
2.158181818181818
1.6245454545454547
2.078181818181818
2.08
2.1609090909090907
2.5
2.46
2.07
2.3963636363636365
2.8445454545454543
2.147272727272727
1.8245454545454545
2.1281818181818184
2.4827272727272724
2.501818181818182
2.3863636363636362
2.3563636363636364
2.6981818181818182
2.7418181818181817
2.7345454545454544
2.48
2.075454545454545
1.91
2.74
2.2945454545454544
1.8745454545454547
2.02
2.0572727272727276
1.96
1.3690909090909091
1.7090909090909092
1.5481818181818179
1.5933333333333335
2.313333333333333
1.9100000000000001
2.2925
2.3091666666666666
2.285833333333333
2.1316666666666664
2.0458333333333334
2.1525
1.8641666666666667
2.563333333333333
2.1825
2.4025
1.9075
1.8958333333333333
2.3291666666666666
1.995
1.7141666666666666
2.249166666666667
1.6516666666666666
2.19
1.97
1.8566666666666667
1.9583333333333333
1.5391666666666666
1.8608333333333331
1.7908333333333333
2.021666666666667
2.21
2.151666666666667
2.2591666666666668
1.9775
2.17
1.8866666666666667
1.9075
1.4866666666666666
1.7149999999999999
1.985
1.5708333333333335
1.6641666666666666
1.7449999999999999
1.6433333333333333
1.5558333333333332
1.585
1.7391666666666667
1.8541666666666667
1.8125
1.6058333333333332
1.32
1.6325
1.3675
1.6641666666666666
1.6666666666666667
1.7516666666666667
1.3675
1.6591666666666667
1.6075
1.6375
1.4083333333333332
1.325
1.6608333333333334
1.4191666666666667
1.6541666666666666
1.6358333333333333
1.6125
1.3766666666666667
1.4066666666666665
1.4508333333333334
1.2066666666666668
1.2791666666666666
1.1558333333333335
1.3558333333333332
1.3525
1.1775
1.1224999999999998
1.4966666666666668
1.3425
1.5758333333333334
1.305
1.375
1.075
1.0683333333333334
1.0608333333333333
1.1891666666666667
1.1466666666666667
1.2691666666666668
1.0675000000000001
1.0466666666666666
1.0058333333333334
1.0483333333333333
0.9008333333333334
1.04
1.0325
0.9641666666666667
1.0433333333333332
1.1841666666666668
0.985
0.9258333333333333
0.9183333333333333
0.9049999999999999
0.9436363636363635
1.0054545454545456
0.9581818181818181
0.9545454545454546
1.029090909090909
1.0136363636363637
0.9063636363636364
0.7427272727272727
0.8363636363636363
0.7672727272727272
0.6663636363636364
0.629090909090909
0.6927272727272727
0.620909090909091
0.6445454545454545
0.6854545454545454
0.7445454545454545
0.7109090909090909
0.6363636363636364
0.6090909090909091
0.5863636363636364
0.45363636363636367
0.4954545454545455
0.67
0.7118181818181818
0.6090909090909091
0.6854545454545454
0.5981818181818181
0.5781818181818182
0.5445454545454546
0.5627272727272726
0.48363636363636364
0.5109090909090909
0.5272727272727272
0.41818181818181815
0.42363636363636364
0.6154545454545455
0.42636363636363633
0.5472727272727274
0.4854545454545454
0.5145454545454545
0.7054545454545454
0.6254545454545455
0.5936363636363636
0.5418181818181819
0.41363636363636364
0.45545454545454545
0.4809090909090909
0.48272727272727267
0.4872727272727273
0.48727272727272725
0.5145454545454545
0.4681818181818182
0.3854545454545455
0.47
0.49090909090909096
0.35363636363636364
0.43818181818181823
0.3518181818181818
0.4
0.26272727272727275
0.33090909090909093
0.27090909090909093
0.33181818181818185
0.3590909090909091
0.3436363636363637
0.41545454545454547
0.33454545454545453
0.41181818181818186
0.5027272727272727
0.519090909090909
0.520909090909091
0.3172727272727273
0.3918181818181818
0.5609090909090909
0.5436363636363637
0.48363636363636364
0.3909090909090909
0.3763636363636364
0.3981818181818182
0.48090909090909084
0.5181818181818181
0.42454545454545456
0.5781818181818182
0.3181818181818182
0.3009090909090909
0.33999999999999997
0.31727272727272726
0.3190909090909091
0.4563636363636364
0.35818181818181816
0.3309090909090909
