date	precipitation	temperature	discharge_spec
20040622	0.0	10.61	2.04
20040623	0.0	11.85	1.99
20040624	0.0	10.92	1.62
20040625	0.0	11.38	1.28
20040626	7.15	12.25	1.1
20040627	0.32	13.45	0.98
20040628	0.32	12.22	0.86
20040629	11.1	12.42	0.83
20040630	0.24	12.89	1.01
20040701	0.66	12.23	0.89
20040702	0.42	12.24	0.84
20040703	0.8	11.96	0.85
20040704	0.94	10.74	0.79
20040705	5.43	11.24	0.74
20040706	8.29	10.96	0.91
20040707	0.0	11.29	1.04
20040708	0.39	10.91	1.06
20040709	0.0	11.21	0.99
20040710	0.43	11.13	0.85
20040711	0.8	11.42	0.71
20040712	0.0	12.19	0.5
20040713	1.93	12.45	0.34
20040714	2.25	13.39	0.78
20040715	2.13	12.76	0.57
20040716	13.49	12.26	0.42
20040717	2.37	13.23	0.54
20040718	6.62	12.16	0.51
20040719	4.13	12.4	0.71
20040720	10.58	13.28	1.42
20040721	0.9	14.87	1.64
20040722	0.43	14.14	1.31
20040723	6.27	12.89	1.11
20040724	2.57	11.91	1.0
20040725	0.0	12.16	0.83
20040726	0.08	13.17	0.67
20040727	0.0	14.56	0.54
20040728	0.52	15.42	0.53
20040729	1.27	15.9	0.62
20040730	0.0	14.0	0.55
20040731	0.0	14.4	0.44
20040801	0.0	15.5	0.33
20040802	6.06	18.76	0.28
20040803	1.9	16.23	0.28
20040804	0.0	13.62	0.27
20040805	0.06	16.13	0.26
20040806	0.0	16.25	0.25
20040807	0.0	15.71	0.24
20040808	2.08	19.58	0.23
20040809	8.66	17.91	0.4
20040810	0.07	18.05	0.35
20040811	1.24	16.93	0.28
20040812	0.2	16.28	0.26
20040813	0.0	14.67	0.24
20040814	15.49	14.41	0.21
20040815	5.32	15.26	0.33
20040816	15.94	14.26	1.19
20040817	0.62	14.36	1.42
20040818	20.41	13.66	2.18
20040819	4.02	12.27	3.33
20040820	1.26	11.3	2.57
20040821	0.0	10.25	1.99
20040822	0.0	11.44	1.48
20040823	0.62	13.59	1.13
20040824	0.09	14.18	0.87
20040825	0.01	12.62	0.7
20040826	24.45	11.83	2.62
20040827	4.43	12.03	5.18
20040828	8.37	12.07	4.47
20040829	4.84	11.76	7.02
20040830	0.0	11.8	5.55
20040831	0.0	10.8	3.69
20040901	3.88	13.3	2.6
20040902	6.34	13.19	2.12
20040903	9.34	14.39	3.18
20040904	0.82	14.45	4.18
20040905	0.19	12.92	3.57
20040906	0.0	10.77	2.62
20040907	0.0	11.78	1.88
20040908	0.0	13.59	1.43
20040909	0.0	13.99	1.41
20040910	1.49	11.95	1.19
20040911	9.22	13.24	1.11
20040912	3.91	12.2	1.66
20040913	4.32	9.84	2.09
20040914	3.81	9.38	2.58
20040915	4.65	9.63	2.87
20040916	7.36	12.56	4.07
20040917	24.21	12.63	6.98
20040918	5.36	11.24	11.6
20040919	22.33	11.13	12.22
20040920	17.38	11.39	14.66
20040921	2.08	10.3	11.78
20040922	5.8	10.5	7.33
20040923	0.01	9.71	6.13
20040924	4.35	9.59	4.51
20040925	2.53	11.99	3.7
20040926	0.38	12.74	3.21
20040927	10.51	10.88	3.05
20040928	0.0	10.1	3.42
20040929	7.87	10.1	3.04
20040930	1.14	11.65	3.48
20041001	3.73	10.91	3.11
20041002	9.94	9.46	3.63
20041003	13.84	8.99	6.87
20041004	11.42	8.07	9.45
20041005	19.61	8.69	11.79
20041006	3.65	9.66	12.68
20041007	0.79	9.1	7.65
20041008	0.04	6.78	5.03
20041009	0.0	7.48	3.71
20041010	0.0	7.97	2.81
20041011	0.0	8.99	2.19
20041012	0.0	9.25	1.77
20041013	5.62	9.85	1.51
20041014	6.32	8.75	1.75
20041015	1.31	10.41	2.53
20041016	4.61	9.61	2.31
20041017	5.15	8.06	2.32
20041018	10.84	6.77	3.34
20041019	8.84	6.53	8.8
20041020	17.72	5.67	8.62
20041021	8.73	8.42	14.95
20041022	0.83	8.99	8.36
20041023	1.74	7.74	5.3
20041024	9.35	7.93	5.27
20041025	0.0	7.11	6.0
20041026	12.69	5.4	4.93
20041027	1.84	8.67	5.9
20041028	5.9	9.46	6.1
20041029	0.0	9.8	5.32
20041030	0.87	8.97	4.04
20041031	2.41	9.28	3.26
20041101	0.66	10.02	2.78
20041102	0.0	8.88	2.38
20041103	8.45	9.18	2.28
20041104	5.69	7.07	3.32
20041105	6.65	8.61	3.55
20041106	4.77	10.89	4.71
20041107	2.47	10.06	5.38
20041108	3.76	8.52	4.59
20041109	5.0	8.03	4.46
20041110	4.03	8.02	3.97
20041111	5.82	11.04	4.19
20041112	3.12	5.93	4.6
20041113	2.24	6.37	3.84
20041114	18.17	10.28	4.31
20041115	0.08	7.04	7.44
20041116	1.33	4.41	5.21
20041117	6.48	6.13	4.18
20041118	0.17	2.08	3.65
20041119	0.9	0.97	2.98
20041120	8.61	-0.18	2.38
20041121	41.49	5.92	16.24
20041122	1.03	9.13	15.82
20041123	7.43	8.33	7.87
20041124	7.28	10.61	6.53
20041125	3.26	10.28	5.47
20041126	3.94	7.13	4.6
20041127	2.81	5.22	4.4
20041128	0.12	4.87	4.15
20041129	7.57	8.04	3.52
20041130	0.85	6.63	3.26
20041201	0.59	3.72	2.93
20041202	6.66	5.08	2.69
20041203	1.63	8.58	3.0
20041204	10.83	9.95	4.04
20041205	4.06	8.41	4.81
20041206	4.41	8.59	4.45
20041207	1.61	7.44	3.77
20041208	4.47	9.89	3.28
20041209	19.08	9.68	4.02
20041210	0.58	7.32	6.81
20041211	0.62	7.24	5.02
20041212	0.0	9.65	3.7
20041213	16.73	8.44	3.16
20041214	10.31	7.82	6.46
20041215	14.27	6.12	7.58
20041216	8.62	5.98	9.16
20041217	10.51	2.71	7.04
20041218	0.42	1.41	5.92
20041219	7.37	0.45	4.87
20041220	4.9	3.79	4.91
20041221	15.72	6.22	7.97
20041222	9.0	8.38	9.95
20041223	4.94	5.95	8.35
20041224	5.3	2.18	7.16
20041225	14.49	2.19	6.42
20041226	0.22	4.42	8.07
20041227	12.61	7.23	6.65
20041228	10.76	2.76	7.01
20041229	6.8	8.67	8.02
20041230	1.26	6.14	7.66
20041231	8.58	5.13	5.62
20050101	6.97	4.61	7.0
20050102	5.32	3.23	6.93
20050103	16.03	8.57	7.82
20050104	5.01	5.95	10.76
20050105	13.61	5.66	10.28
20050106	12.85	8.24	11.85
20050107	1.44	7.01	10.09
20050108	9.13	3.41	6.99
20050109	20.48	6.61	10.85
20050110	5.74	7.41	10.66
20050111	27.56	6.55	12.92
20050112	3.87	4.7	13.61
20050113	0.72	3.2	8.08
20050114	12.7	7.56	6.24
20050115	5.04	7.93	8.27
20050116	8.82	6.97	6.46
20050117	4.09	2.05	6.97
20050118	9.81	2.2	6.95
20050119	5.23	4.97	7.72
20050120	5.55	4.86	7.04
20050121	2.38	2.73	5.48
20050122	0.91	0.24	4.26
20050123	3.16	3.62	3.54
20050124	3.31	3.94	3.54
20050125	1.72	6.94	3.58
20050126	2.2	6.76	3.45
20050127	1.32	5.69	3.3
20050128	1.2	6.24	3.15
20050129	0.75	7.08	3.01
20050130	1.33	7.52	2.83
20050131	2.18	8.87	2.81
20050201	0.51	7.06	2.82
20050202	1.13	7.35	2.61
20050203	3.34	7.5	2.35
20050204	10.11	4.82	3.2
20050205	4.72	3.74	4.13
20050206	0.21	2.6	4.53
20050207	6.9	4.17	4.16
20050208	2.95	5.88	3.98
20050209	8.99	5.91	4.17
20050210	7.51	2.76	5.56
20050211	2.5	3.93	5.36
20050212	7.54	3.46	5.16
20050213	1.88	3.11	4.6
20050214	1.02	3.43	3.69
20050215	0.43	3.13	2.97
20050216	3.13	6.71	2.49
20050217	3.49	5.72	2.32
20050218	4.61	4.67	2.73
20050219	1.33	1.74	3.27
20050220	10.43	1.48	3.51
20050221	0.0	2.61	5.62
20050222	1.96	2.0	4.53
20050223	0.2	1.21	3.44
20050224	0.34	1.57	2.68
20050225	0.41	1.57	2.12
20050226	0.72	4.37	1.76
20050227	3.56	3.04	1.54
20050228	5.81	3.39	1.84
20050301	2.1	2.05	2.25
20050302	3.32	1.59	2.37
20050303	6.53	3.48	2.35
20050304	0.0	3.95	2.3
20050305	0.58	4.25	1.97
20050306	2.19	3.36	1.66
20050307	1.18	5.18	1.39
20050308	1.07	5.85	1.22
20050309	6.97	5.83	1.3
20050310	5.04	6.37	1.46
20050311	8.72	3.44	2.07
20050312	4.05	1.65	2.76
20050313	2.42	0.2	2.81
20050314	4.33	2.48	2.51
20050315	31.77	5.79	6.27
20050316	5.89	9.91	13.03
20050317	12.24	9.48	9.59
20050318	10.95	9.92	10.0
20050319	0.0	10.49	7.41
20050320	0.28	8.28	4.71
20050321	15.98	8.1	4.83
20050322	1.2	10.3	5.38
20050323	0.3	9.45	4.22
20050324	1.1	10.48	3.28
20050325	0.0	9.19	2.59
20050326	0.0	8.15	2.06
20050327	0.0	7.75	1.69
20050328	0.0	7.28	1.39
20050329	0.0	6.4	1.18
20050330	0.0	7.35	1.01
20050331	1.25	7.9	0.85
20050401	0.54	9.8	0.75
20050402	0.8	11.02	0.63
20050403	5.16	8.13	0.59
20050404	7.64	5.43	0.71
20050405	5.03	6.34	1.15
20050406	9.42	5.91	2.13
20050407	0.86	3.48	3.14
20050408	7.99	1.74	3.21
20050409	4.22	6.75	4.5
20050410	1.97	8.67	4.14
20050411	4.97	9.11	3.4
20050412	6.19	5.66	3.07
20050413	5.09	4.84	3.58
20050414	0.89	5.86	3.36
20050415	1.69	4.46	2.76
20050416	0.0	5.7	2.11
20050417	9.29	7.03	2.03
20050418	4.16	8.35	2.73
20050419	0.0	8.81	2.79
20050420	0.0	8.18	2.28
20050421	0.0	6.64	1.82
20050422	0.0	7.63	1.43
20050423	0.0	7.02	1.14
20050424	0.0	7.91	0.52
20050425	0.0	7.82	0.36
20050426	0.0	9.62	0.36
20050427	8.97	8.03	0.6
20050428	33.53	7.25	10.81
20050429	7.41	9.45	12.93
20050430	0.0	8.98	9.38
20050501	8.5	9.41	6.0
20050502	2.17	11.63	4.79
20050503	0.41	8.86	3.4
20050504	7.83	7.04	2.73
20050505	5.43	8.43	3.71
20050506	2.7	7.18	3.91
20050507	5.42	6.01	3.14
20050508	2.95	6.22	2.68
20050509	0.0	5.33	2.25
20050510	0.56	6.39	1.82
20050511	1.37	7.95	1.48
20050512	0.0	8.02	1.18
20050513	0.0	9.04	0.95
20050514	0.45	8.88	0.79
20050515	0.2	9.29	0.64
20050516	0.19	5.15	0.5
20050517	0.0	5.07	0.4
20050518	0.0	6.04	0.3
20050519	4.65	9.46	0.28
20050520	3.41	10.92	0.28
20050521	2.18	10.47	0.28
20050522	0.16	8.91	0.27
20050523	0.07	8.61	0.27
20050524	0.19	8.93	0.29
20050525	2.93	9.72	0.28
20050526	1.73	9.77	0.28
20050527	11.32	9.0	0.26
20050528	5.25	8.05	1.11
20050529	2.19	7.7	2.1
20050530	1.97	8.0	2.83
20050531	0.24	8.83	2.67
20050601	19.51	9.39	3.79
20050602	35.33	10.67	14.4
20050603	1.3	11.57	12.24
20050604	0.0	10.78	5.81
20050605	0.0	9.17	3.26
20050606	0.0	8.74	2.24
20050607	0.09	11.64	1.67
20050608	0.22	13.22	1.27
20050609	0.0	11.6	0.98
20050610	0.0	9.09	0.75
20050611	1.89	9.24	0.59
20050612	5.68	8.79	0.31
20050613	0.15	9.5	0.27
20050614	7.77	9.92	0.28
20050615	1.27	10.53	0.4
20050616	0.0	11.15	0.33
20050617	2.47	12.01	0.29
20050618	2.93	15.44	0.29
20050619	0.35	14.04	0.29
20050620	9.59	12.89	0.63
20050621	4.8	12.77	0.98
20050622	7.8	12.79	1.51
20050623	5.83	12.87	1.53
20050624	0.0	11.07	2.27
20050625	0.0	11.12	1.86
20050626	1.53	11.92	1.46
20050627	0.08	13.84	1.2
20050628	0.0	13.88	0.98
20050629	2.86	15.72	0.82
20050630	7.57	14.0	0.75
20050701	0.08	13.21	0.82
20050702	15.7	12.68	1.34
20050703	1.49	12.59	2.91
20050704	0.02	12.52	2.07
20050705	2.34	10.74	1.49
20050706	0.35	11.78	1.16
20050707	0.44	11.6	1.3
20050708	1.13	14.02	1.24
20050709	0.2	14.46	0.85
20050710	0.04	14.49	0.64
20050711	0.21	16.12	0.52
20050712	0.22	13.74	0.45
20050713	7.7	13.91	0.39
20050714	2.98	13.15	0.47
20050715	0.09	12.34	0.54
20050716	2.64	13.64	0.66
20050717	20.49	14.32	1.96
20050718	6.22	12.84	3.58
20050719	10.48	11.73	4.68
20050720	0.66	12.15	5.31
20050721	0.22	12.49	3.62
20050722	0.0	11.88	2.62
20050723	0.18	11.92	1.99
20050724	0.0	11.79	1.5
20050725	0.0	10.78	1.16
20050726	0.0	11.32	0.88
20050727	0.0	11.73	0.68
20050728	0.0	12.63	0.52
20050729	0.43	11.91	0.41
20050730	0.0	11.55	0.33
20050731	0.0	11.61	0.29
20050801	3.45	12.03	0.29
20050802	7.93	13.57	0.39
20050803	1.15	12.93	0.45
20050804	12.1	12.98	0.62
20050805	2.36	12.12	1.14
20050806	0.0	11.61	1.28
20050807	0.0	12.18	1.03
20050808	0.26	12.36	0.68
20050809	0.4	15.01	0.5
20050810	0.0	13.99	0.4
20050811	0.46	13.03	0.42
20050812	15.26	12.82	0.62
20050813	0.24	13.32	2.38
20050814	1.74	13.91	3.17
20050815	1.76	14.0	2.42
20050816	10.22	15.22	2.13
20050817	3.26	14.49	3.91
20050818	2.21	13.65	3.72
20050819	5.57	12.52	2.98
20050820	0.53	12.6	2.4
20050821	3.86	14.46	1.95
20050822	10.24	13.13	1.72
20050823	22.45	13.07	4.64
20050824	5.94	11.85	7.97
20050825	3.65	10.43	5.69
20050826	0.26	10.13	3.74
20050827	17.43	10.91	3.16
20050828	1.53	13.78	6.86
20050829	0.2	12.64	4.82
20050830	1.97	14.63	3.2
20050831	5.72	13.52	2.58
20050901	0.17	11.49	2.28
20050902	0.15	11.91	1.84
20050903	0.0	14.99	1.49
20050904	0.31	17.2	1.22
20050905	0.0	15.13	1.03
20050906	7.27	14.59	0.97
20050907	2.21	12.68	1.01
20050908	0.0	9.75	0.99
20050909	0.08	9.48	0.91
20050910	0.27	10.83	0.82
20050911	0.29	12.79	0.73
20050912	17.67	13.51	1.21
20050913	40.04	13.95	12.91
20050914	0.93	11.4	11.53
20050915	1.53	9.22	5.79
20050916	5.08	8.45	3.74
20050917	4.1	11.44	5.06
20050918	5.85	12.92	4.22
20050919	0.72	12.47	4.3
20050920	3.78	11.63	3.49
20050921	18.98	13.06	6.17
20050922	12.72	14.71	8.42
20050923	3.39	10.9	8.81
20050924	6.53	9.16	5.73
20050925	8.54	10.19	5.69
20050926	17.71	12.25	9.99
20050927	9.55	9.82	10.15
20050928	19.27	8.64	12.88
20050929	7.42	9.43	9.82
20050930	10.25	11.86	8.56
20051001	2.43	9.04	6.97
20051002	1.74	10.8	5.1
20051003	0.27	11.94	4.06
20051004	0.0	12.22	3.35
20051005	0.0	12.45	2.75
20051006	2.8	12.93	2.27
20051007	8.39	13.09	2.17
20051008	4.24	8.67	3.39
20051009	30.1	9.7	10.82
20051010	7.35	9.1	13.4
20051011	0.12	8.62	8.21
20051012	1.63	7.91	5.33
20051013	0.28	7.58	4.11
20051014	0.0	9.27	3.18
20051015	0.08	12.23	2.5
20051016	0.0	11.93	2.02
20051017	0.08	11.67	1.66
20051018	0.0	11.19	1.4
20051019	1.24	10.87	1.2
20051020	2.48	10.25	1.08
20051021	4.63	10.07	0.98
20051022	2.94	7.78	1.24
20051023	0.2	5.57	1.44
20051024	15.52	8.17	3.05
20051025	3.5	9.18	4.45
20051026	20.15	9.39	8.9
20051027	0.43	16.13	8.83
20051028	2.82	13.01	5.21
20051029	22.52	10.46	6.62
20051030	3.48	13.32	8.11
20051031	7.0	11.21	5.6
20051101	3.95	8.83	5.64
20051102	1.07	7.8	4.74
20051103	6.92	10.58	4.25
20051104	0.69	8.0	4.85
20051105	2.7	7.94	4.57
20051106	4.32	9.45	3.97
20051107	13.4	7.24	4.93
20051108	1.44	7.39	7.8
20051109	18.02	7.76	9.87
20051110	15.24	8.48	10.3
20051111	15.55	9.0	17.94
20051112	4.5	6.45	14.45
20051113	5.1	6.38	8.82
20051114	8.59	10.28	10.97
20051115	3.51	5.43	8.54
20051116	0.49	3.26	6.28
20051117	0.16	1.96	4.72
20051118	0.12	1.11	3.7
20051119	0.06	6.28	2.99
20051120	0.0	9.91	2.48
20051121	0.0	9.44	2.06
20051122	0.02	6.52	1.74
20051123	7.87	9.52	1.78
20051124	5.0	3.74	2.54
20051125	6.67	4.14	5.23
20051126	2.95	5.1	5.44
20051127	1.89	3.54	5.02
20051128	2.91	1.7	4.56
20051129	4.63	1.9	4.14
20051130	4.02	6.76	4.72
20051201	0.87	8.35	4.71
20051202	0.94	5.51	3.87
20051203	0.08	6.06	3.09
20051204	1.16	6.51	2.54
20051205	0.43	6.43	2.15
20051206	0.3	3.9	1.87
20051207	0.45	3.08	1.6
20051208	0.63	6.47	1.42
20051209	6.44	9.29	1.52
20051210	1.68	10.81	1.85
20051211	1.42	8.48	1.9
20051212	0.61	5.91	1.88
20051213	0.43	8.47	1.75
20051214	0.3	8.86	1.57
20051215	12.69	8.76	2.84
20051216	0.38	3.5	3.7
20051217	3.75	1.46	3.16
20051218	9.43	5.98	4.04
20051219	1.73	6.99	4.1
20051220	10.92	9.19	4.08
20051221	10.33	6.2	6.21
20051222	15.85	8.16	12.89
20051223	0.35	8.83	8.34
20051224	0.0	5.42	5.0
20051225	0.0	4.59	3.6
20051226	0.64	3.12	2.72
20051227	0.0	2.44	2.13
20051228	0.0	2.18	1.7
20051229	9.74	2.12	1.52
20051230	5.89	4.72	3.18
20051231	0.45	3.5	3.41
20060101	0.59	5.38	2.95
20060102	7.11	7.49	2.71
20060103	0.0	5.37	2.72
20060104	0.0	5.87	2.39
20060105	0.12	4.82	1.97
20060106	0.0	3.75	1.59
20060107	0.0	4.66	1.29
20060108	2.2	3.84	1.05
20060109	12.71	5.98	1.66
20060110	15.86	7.74	4.22
20060111	1.01	5.61	6.2
20060112	13.85	8.05	6.38
20060113	6.9	9.04	9.24
20060114	0.87	4.91	7.16
20060115	21.72	7.63	8.6
20060116	6.75	3.68	12.55
20060117	2.97	3.14	8.55
20060118	6.35	8.06	6.51
20060119	17.27	9.79	9.36
20060120	1.41	5.24	9.63
20060121	1.46	7.72	5.82
20060122	7.08	8.26	5.07
20060123	3.54	8.02	4.95
20060124	0.07	6.68	4.2
20060125	0.2	1.63	3.41
20060126	0.07	0.82	2.73
20060127	0.0	2.69	2.23
20060128	0.0	4.56	1.87
20060129	0.0	4.35	1.58
20060130	0.0	3.54	1.34
20060131	0.2	1.86	1.14
20060201	0.22	2.46	0.98
20060202	0.26	4.54	0.87
20060203	0.0	7.62	0.63
20060204	0.0	7.47	0.52
20060205	1.57	8.51	0.47
20060206	23.13	9.62	1.8
20060207	7.22	7.39	4.8
20060208	1.41	3.13	5.72
20060209	1.54	2.12	4.02
20060210	0.52	2.0	2.88
20060211	1.37	5.24	2.13
20060212	7.28	6.06	1.93
20060213	11.61	8.59	3.17
20060214	9.26	7.26	5.99
20060215	11.98	5.42	7.95
20060216	2.21	5.09	7.57
20060217	0.0	3.95	4.89
20060218	0.22	3.04	3.42
20060219	0.0	3.24	2.51
20060220	1.22	3.95	1.93
20060221	0.0	2.63	1.57
20060222	0.0	1.64	1.28
20060223	0.0	4.4	1.02
20060224	0.56	5.72	0.85
20060225	0.0	3.61	0.69
20060226	3.04	4.09	0.59
20060227	4.02	4.05	0.93
20060228	2.74	0.18	1.18
20060301	4.62	0.09	1.22
20060302	2.86	-2.24	1.19
20060303	7.48	-0.91	1.25
20060304	6.83	0.04	1.49
20060305	4.08	1.28	1.57
20060306	2.59	1.44	1.95
20060307	2.44	4.92	4.24
20060308	0.34	4.92	7.81
20060309	0.39	4.37	6.5
20060310	2.95	5.26	4.35
20060311	16.4	4.28	4.61
20060312	2.04	5.06	6.45
20060313	7.41	7.12	4.96
20060314	0.0	6.46	4.42
20060315	0.0	4.51	3.52
20060316	0.0	3.19	2.72
20060317	0.0	3.53	2.1
20060318	0.28	4.13	1.68
20060319	2.29	5.78	1.42
20060320	0.22	3.26	1.22
20060321	1.1	0.43	1.07
20060322	7.16	-0.67	1.07
20060323	6.88	3.08	2.27
20060324	4.58	4.43	2.66
20060325	8.47	5.07	4.93
20060326	14.24	6.85	5.86
20060327	8.03	6.68	9.25
20060328	1.62	5.52	7.35
20060329	0.88	5.03	4.82
20060330	1.79	4.89	3.48
20060331	11.54	5.55	3.38
20060401	0.93	5.94	4.96
20060402	11.89	5.49	4.79
20060403	3.76	2.83	6.35
20060404	0.97	2.94	4.96
20060405	11.66	5.79	5.26
20060406	5.75	4.54	5.95
20060407	8.42	2.2	5.8
20060408	2.63	3.75	5.62
20060409	1.24	2.41	4.48
20060410	11.95	4.64	3.9
20060411	3.15	7.12	4.43
20060412	10.71	7.24	4.9
20060413	6.01	6.58	6.35
20060414	0.77	6.72	5.58
20060415	4.45	7.0	4.21
20060416	7.36	5.92	3.79
20060417	9.8	5.56	4.57
20060418	1.33	5.81	4.59
20060419	1.4	5.01	4.11
20060420	3.87	6.84	3.78
20060421	0.0	8.23	3.11
20060422	7.96	8.46	2.83
20060423	0.8	7.99	2.61
20060424	7.62	8.89	2.32
20060425	10.19	7.86	2.93
20060426	1.2	7.36	3.26
20060427	0.21	8.78	2.79
20060428	0.0	8.13	2.27
20060429	0.0	8.09	1.83
20060430	17.46	8.16	1.77
20060501	2.09	6.61	3.88
20060502	12.34	7.36	4.72
20060503	1.43	9.07	5.16
20060504	20.34	11.8	5.91
20060505	0.02	12.5	7.55
20060506	0.0	11.38	4.65
20060507	0.3	11.4	3.33
20060508	0.0	12.88	2.43
20060509	0.0	12.95	1.86
20060510	0.0	11.54	1.47
20060511	1.97	8.55	1.15
20060512	1.19	6.26	0.93
20060513	0.52	6.06	0.75
20060514	0.17	6.69	0.59
20060515	15.22	8.34	0.52
20060516	7.61	9.42	1.83
20060517	13.0	11.63	2.8
20060518	3.58	10.7	5.25
20060519	0.53	9.26	4.8
20060520	2.11	7.56	3.61
20060521	1.11	5.85	2.74
20060522	2.21	5.13	2.11
20060523	7.03	6.11	1.97
20060524	2.29	7.23	2.58
20060525	1.44	7.7	2.22
20060526	6.48	7.91	2.12
20060527	6.88	10.02	2.93
20060528	0.82	8.97	2.92
20060529	1.2	6.34	2.16
20060530	0.0	6.92	1.37
20060531	3.29	8.01	0.76
20060601	0.0	11.29	0.86
20060602	6.09	11.66	1.17
20060603	1.32	10.58	1.98
20060604	0.0	10.65	1.73
20060605	0.0	13.15	1.64
20060606	0.97	12.83	1.35
20060607	0.0	12.0	1.14
20060608	0.0	12.27	1.0
20060609	0.0	15.31	0.88
20060610	0.41	18.45	0.8
20060611	0.0	17.59	0.74
20060612	2.02	13.69	0.68
20060613	1.11	11.66	0.6
20060614	0.29	12.31	0.54
20060615	3.26	11.97	0.52
20060616	5.49	12.23	0.51
20060617	3.12	11.7	0.56
20060618	10.68	11.31	1.04
20060619	1.57	10.17	1.85
20060620	14.31	10.42	3.34
20060621	4.62	10.87	5.29
20060622	1.02	11.43	3.67
20060623	3.54	10.71	2.66
20060624	0.0	11.08	2.26
20060625	0.0	10.49	1.65
20060626	0.0	10.97	1.26
20060627	0.12	11.27	1.01
20060628	0.49	14.02	0.82
20060629	7.58	14.18	0.72
20060630	0.08	14.14	0.68
20060701	0.19	15.59	0.59
20060702	0.0	12.94	0.52
20060703	0.0	12.9	0.47
20060704	0.11	16.11	0.43
20060705	0.32	16.43	0.42
20060706	0.76	14.44	0.37
20060707	6.8	12.8	0.33
20060708	0.04	11.69	0.32
20060709	1.97	12.84	0.28
20060710	18.06	12.89	0.82
20060711	2.51	12.98	1.81
20060712	0.45	12.52	1.33
20060713	0.07	12.37	0.97
20060714	0.0	13.11	0.58
20060715	0.0	15.15	0.45
20060716	6.26	15.1	0.49
20060717	0.06	15.34	0.52
20060718	0.52	16.55	0.46
20060719	0.0	18.43	0.4
20060720	0.26	18.15	0.35
20060721	0.0	15.88	0.31
20060722	0.62	15.47	0.28
20060723	1.16	16.13	0.28
20060724	1.71	15.19	0.28
20060725	0.12	17.34	0.37
20060726	0.11	14.98	0.34
20060727	3.37	15.56	0.28
20060728	4.31	15.58	0.43
20060729	5.5	17.26	0.39
20060730	0.41	15.75	0.28
20060731	19.61	14.11	0.42
20060801	0.74	13.98	0.73
20060802	0.27	13.1	0.57
20060803	0.41	13.2	0.47
20060804	0.1	14.2	0.37
20060805	7.57	16.36	0.41
20060806	0.73	14.51	0.75
20060807	0.21	12.99	0.88
20060808	5.23	12.67	0.86
20060809	3.31	12.27	0.86
20060810	1.06	11.69	1.03
20060811	1.88	11.79	1.07
20060812	0.22	12.16	1.0
20060813	0.1	11.65	0.87
20060814	0.86	11.71	0.74
20060815	1.65	11.51	0.6
20060816	7.02	11.39	0.89
20060817	0.0	13.56	1.63
20060818	0.17	14.67	1.63
20060819	0.0	14.28	1.38
20060820	0.0	13.08	1.12
20060821	0.12	12.34	0.87
20060822	2.4	13.5	0.68
20060823	0.42	13.91	0.58
20060824	3.59	12.69	0.62
20060825	8.84	13.32	0.58
20060826	4.25	12.86	1.44
20060827	5.0	12.34	2.24
20060828	1.56	11.82	3.4
20060829	0.23	11.98	3.42
20060830	3.94	12.25	2.71
20060831	7.62	14.18	2.52
20060901	3.85	13.89	3.68
20060902	3.28	13.45	3.19
20060903	6.46	13.47	3.14
20060904	0.22	12.79	2.76
20060905	2.99	12.36	2.33
20060906	0.73	12.92	2.0
20060907	0.0	11.52	1.68
20060908	0.0	12.26	1.35
20060909	0.0	13.89	1.06
20060910	2.82	14.02	0.85
20060911	1.04	16.0	0.7
20060912	0.23	15.71	0.58
20060913	2.07	16.26	0.47
20060914	3.21	13.47	0.44
20060915	0.0	12.45	0.39
20060916	0.35	14.04	0.32
20060917	0.2	13.69	0.28
20060918	13.47	12.58	0.42
20060919	9.72	12.32	0.87
20060920	13.77	13.17	3.25
20060921	6.99	15.01	5.63
20060922	2.71	16.07	5.2
20060923	0.2	14.42	3.69
20060924	20.78	12.91	3.84
20060925	0.34	14.33	4.2
20060926	10.24	13.44	3.51
20060927	9.74	14.63	3.99
20060928	0.95	13.13	3.59
20060929	1.9	12.55	2.94
20060930	0.0	10.56	2.39
20061001	0.4	11.76	1.89
20061002	5.41	10.82	1.56
20061003	0.62	10.84	1.57
20061004	1.81	9.09	1.55
20061005	8.78	10.31	1.79
20061006	2.47	11.3	2.73
20061007	4.7	10.61	3.06
20061008	6.66	12.71	3.33
20061009	0.64	11.92	4.62
20061010	0.0	12.07	3.77
20061011	9.43	13.18	3.3
20061012	0.42	12.64	3.1
20061013	0.0	13.78	2.55
20061014	0.0	12.76	2.04
20061015	0.0	10.5	1.63
20061016	0.0	8.57	1.31
20061017	5.79	11.0	1.09
20061018	15.89	10.34	3.16
20061019	2.86	11.1	4.72
20061020	0.53	12.65	4.14
20061021	1.92	11.67	3.34
20061022	19.7	11.11	3.14
20061023	11.81	10.0	7.14
20061024	9.03	8.04	12.94
20061025	25.95	8.47	10.78
20061026	11.7	7.62	25.23
20061027	4.21	8.15	12.4
20061028	1.69	11.24	7.8
20061029	17.88	9.83	7.26
20061030	15.05	12.03	12.44
20061031	0.44	7.17	11.25
20061101	0.84	5.04	6.83
20061102	0.98	6.72	4.96
20061103	5.09	9.35	4.16
20061104	0.0	10.06	3.71
20061105	0.0	11.52	3.09
20061106	4.62	11.5	2.52
20061107	1.01	8.07	2.34
20061108	7.59	5.34	2.49
20061109	2.75	6.36	2.55
20061110	14.93	8.46	3.77
20061111	2.97	6.63	5.32
20061112	14.63	8.49	5.71
20061113	7.85	8.79	7.29
20061114	6.32	5.49	7.26
20061115	5.35	6.17	6.23
20061116	2.69	4.8	4.91
20061117	11.02	4.8	4.3
20061118	10.66	3.47	5.54
20061119	18.0	5.79	11.29
20061120	17.1	5.89	13.38
20061121	3.53	6.94	11.21
20061122	0.0	4.09	6.75
20061123	15.62	6.2	5.08
20061124	7.9	7.23	7.16
20061125	4.17	7.0	7.67
20061126	2.02	6.33	5.97
20061127	2.46	10.34	4.63
20061128	12.02	8.99	4.37
20061129	11.24	8.44	5.12
20061130	13.44	10.18	9.63
20061201	18.0	7.37	9.91
20061202	16.55	6.77	9.43
20061203	22.17	7.78	13.82
20061204	12.47	7.88	14.87
20061205	11.71	6.86	15.7
20061206	9.73	4.35	10.85
20061207	15.86	5.44	13.36
20061208	2.99	5.08	10.85
20061209	12.93	5.0	8.39
20061210	15.62	9.23	16.52
20061211	10.21	5.3	12.15
20061212	10.32	6.25	10.81
20061213	20.86	8.71	17.19
20061214	8.21	7.06	11.43
20061215	4.5	5.8	8.6
20061216	8.27	3.4	7.25
20061217	0.08	4.0	6.56
20061218	0.49	3.83	4.97
20061219	0.45	7.98	3.98
20061220	0.0	8.17	3.27
20061221	1.62	8.93	2.71
20061222	1.09	9.77	2.34
20061223	0.0	8.72	2.01
20061224	0.0	4.15	1.76
20061225	0.0	5.73	1.52
20061226	2.06	7.11	1.33
20061227	1.16	6.3	1.23
20061228	2.35	5.48	1.18
20061229	18.7	9.83	2.14
20061230	3.4	6.04	5.06
20061231	12.29	5.96	7.1
20070101	5.13	4.67	7.77
20070102	9.13	5.2	6.34
20070103	18.66	9.18	11.39
20070104	6.82	7.13	9.0
20070105	6.96	7.19	8.02
20070106	7.29	6.31	7.04
20070107	5.51	5.99	6.25
20070108	19.78	5.73	9.22
20070109	8.57	6.1	11.65
20070110	18.37	3.57	12.15
20070111	8.26	6.37	12.64
20070112	11.49	8.63	10.65
20070113	24.39	6.19	15.92
20070114	11.39	7.29	12.95
20070115	16.87	7.29	15.58
20070116	8.02	3.74	10.19
20070117	5.03	3.44	9.25
20070118	0.22	3.31	7.08
20070119	9.83	4.08	5.6
20070120	4.92	3.15	6.55
20070121	7.18	2.81	7.01
20070122	2.99	2.15	6.71
20070123	3.92	3.56	6.44
20070124	0.08	3.54	5.74
20070125	2.04	4.31	4.48
20070126	2.36	6.98	3.81
20070127	4.18	6.67	3.54
20070128	2.82	8.85	3.95
20070129	0.77	7.85	3.96
20070130	16.28	8.53	4.64
20070131	1.6	9.72	9.21
20070201	5.28	9.54	6.68
20070202	0.0	7.07	5.88
20070203	3.66	7.24	4.48
20070204	1.03	5.34	3.84
20070205	2.7	1.94	3.36
20070206	4.86	0.93	3.15
20070207	1.8	-0.1	2.79
20070208	0.0	1.52	2.41
20070209	0.0	3.05	2.14
20070210	0.36	3.04	1.71
20070211	0.49	4.64	1.53
20070212	0.98	5.03	1.4
20070213	4.61	5.89	1.28
20070214	0.99	5.88	1.44
20070215	9.7	8.24	1.88
20070216	7.81	8.16	3.78
20070217	1.01	5.37	4.77
20070218	0.47	4.02	4.13
20070219	4.62	6.64	3.16
20070220	1.54	7.72	2.85
20070221	4.09	6.06	2.51
20070222	7.18	6.68	3.2
20070223	0.95	7.69	3.51
20070224	7.4	6.85	3.31
20070225	2.07	6.28	3.42
20070226	10.82	3.33	3.21
20070227	20.89	5.68	10.49
20070228	10.53	6.09	10.99
20070301	1.35	3.97	10.36
20070302	3.86	3.85	6.0
20070303	1.81	5.68	4.8
20070304	7.16	5.87	4.19
20070305	20.3	6.61	7.71
20070306	9.9	6.48	11.9
20070307	2.59	6.53	8.2
20070308	5.99	6.54	6.04
20070309	8.06	5.46	5.21
20070310	9.0	9.64	7.63
20070311	0.96	8.17	7.13
20070312	7.22	6.56	5.16
20070313	0.69	7.26	4.6
20070314	8.36	9.25	3.97
20070315	6.07	6.75	3.91
20070316	6.9	6.57	4.76
20070317	7.09	7.57	5.82
20070318	8.25	2.7	6.75
20070319	3.31	2.43	7.83
20070320	3.04	1.23	5.84
20070321	7.3	4.37	4.92
20070322	0.19	6.13	5.01
20070323	0.0	6.91	4.0
20070324	0.0	6.71	3.04
20070325	0.0	6.18	2.36
20070326	0.0	7.43	1.88
20070327	0.19	7.4	1.53
20070328	1.25	4.66	1.28
20070329	0.0	5.38	1.05
20070330	0.19	7.2	0.89
20070331	0.19	5.17	0.78
20070401	0.0	5.18	0.68
20070402	0.33	7.21	0.59
20070403	0.2	7.45	0.51
20070404	0.03	8.53	0.45
20070405	1.97	7.85	0.39
20070406	0.05	8.13	0.34
20070407	0.0	8.95	0.3
20070408	1.6	9.56	0.3
20070409	0.73	8.87	0.28
20070410	1.07	9.37	0.28
20070411	0.0	10.56	0.27
20070412	0.0	11.02	0.26
20070413	0.0	10.84	0.25
20070414	0.0	11.73	0.23
20070415	5.14	11.11	0.23
20070416	4.5	7.63	0.24
20070417	0.85	7.11	0.25
20070418	12.34	8.43	0.39
20070419	0.0	6.32	1.07
20070420	3.12	6.32	1.12
20070421	6.32	9.93	1.36
20070422	2.34	10.57	1.81
20070423	4.64	11.37	2.13
20070424	12.48	10.98	2.75
20070425	7.23	9.78	6.05
20070426	0.0	8.61	5.36
20070427	0.0	8.32	3.65
20070428	0.0	10.87	2.62
20070429	0.0	11.42	1.91
20070430	0.0	11.72	1.43
20070501	0.0	11.45	1.08
20070502	0.0	11.05	0.83
20070503	0.37	8.84	0.61
20070504	0.2	8.85	0.45
20070505	17.3	10.41	0.54
20070506	4.14	9.22	1.4
20070507	1.77	8.75	1.68
20070508	5.25	8.23	1.82
20070509	20.24	8.64	5.29
20070510	3.81	7.42	5.72
20070511	0.0	6.28	4.56
20070512	0.2	6.96	3.22
20070513	0.38	6.85	2.33
20070514	3.25	5.77	1.75
20070515	0.73	6.81	1.32
20070516	6.25	7.22	1.2
20070517	4.61	9.93	1.18
20070518	8.72	9.78	1.83
20070519	2.88	9.04	2.17
20070520	1.28	9.92	1.93
20070521	15.92	9.18	2.94
20070522	1.95	8.44	3.77
20070523	9.24	10.68	3.27
20070524	2.3	9.45	3.82
20070525	4.12	7.56	3.38
20070526	0.1	6.63	2.89
20070527	0.56	6.78	2.22
20070528	0.77	7.19	1.67
20070529	14.6	8.25	1.79
20070530	43.89	8.91	18.19
20070531	0.0	13.44	13.96
20070601	0.04	14.4	6.24
20070602	5.86	14.63	4.3
20070603	0.0	12.34	3.59
20070604	0.0	10.98	2.74
20070605	0.0	11.56	2.08
20070606	0.0	11.69	1.64
20070607	0.0	11.51	1.3
20070608	0.0	14.44	1.04
20070609	0.0	13.27	0.82
20070610	0.0	12.77	0.64
20070611	0.0	16.67	0.47
20070612	0.75	11.87	0.29
20070613	0.0	9.82	0.26
20070614	0.0	10.55	0.21
20070615	0.0	11.38	0.16
20070616	0.14	10.34	0.13
20070617	0.0	11.08	0.12
20070618	0.0	12.56	0.11
20070619	0.0	13.66	0.09
20070620	1.6	12.37	0.08
20070621	0.55	12.52	0.08
20070622	0.0	12.86	0.08
20070623	5.96	10.41	0.12
20070624	0.41	10.81	0.2
20070625	0.14	9.61	0.22
20070626	1.99	10.07	0.19
20070627	4.02	8.3	0.18
20070628	9.45	9.17	0.48
20070629	0.0	11.0	1.08
20070630	1.39	11.62	0.78
20070701	19.45	13.67	0.83
20070702	3.45	13.28	2.68
20070703	0.15	13.91	2.01
20070704	0.38	13.18	1.67
20070705	1.13	13.24	1.4
20070706	0.28	13.54	1.13
20070707	12.81	12.46	0.97
20070708	4.72	11.79	2.62
20070709	0.0	13.48	2.78
20070710	0.06	11.47	2.3
20070711	0.06	11.63	1.47
20070712	1.33	12.24	1.0
20070713	12.79	13.97	0.88
20070714	2.86	12.56	1.38
20070715	0.21	13.29	1.63
20070716	11.49	12.52	1.93
20070717	0.21	12.99	2.4
20070718	0.0	11.83	1.93
20070719	0.0	11.84	1.44
20070720	0.0	12.49	1.07
20070721	0.0	11.77	0.82
20070722	9.46	11.97	0.68
20070723	0.23	13.24	0.57
20070724	1.54	13.06	0.52
20070725	5.26	13.74	0.53
20070726	9.53	13.17	1.17
20070727	5.79	12.78	1.49
20070728	4.44	10.9	1.81
20070729	0.07	10.97	1.92
20070730	0.85	11.79	1.6
20070731	9.03	13.45	1.89
20070801	6.18	13.05	2.16
20070802	1.62	12.81	2.19
20070803	22.11	14.27	3.59
20070804	3.4	13.99	5.63
20070805	0.78	13.5	4.45
20070806	72.42	10.78	30.29
20070807	1.43	10.33	26.44
20070808	0.2	12.17	8.39
20070809	2.95	14.27	5.14
20070810	3.82	14.21	4.19
20070811	10.32	13.78	3.68
20070812	5.67	12.91	4.21
20070813	5.11	11.58	4.65
20070814	2.58	12.79	4.05
20070815	5.81	10.99	3.44
20070816	0.42	10.88	3.09
20070817	7.42	11.3	2.52
20070818	7.3	10.73	3.61
20070819	0.0	10.62	3.34
20070820	0.41	10.7	2.61
20070821	0.38	12.44	2.03
20070822	0.0	11.67	1.54
20070823	1.29	13.13	1.16
20070824	0.75	13.57	0.84
20070825	1.78	12.79	0.75
20070826	2.6	12.52	0.77
20070827	0.74	11.55	0.82
20070828	0.28	10.74	0.87
20070829	4.01	11.12	0.9
20070830	8.66	13.13	1.77
20070831	1.41	12.29	2.74
20070901	6.27	13.1	3.03
20070902	1.39	11.73	2.93
20070903	1.12	9.8	2.34
20070904	6.42	12.85	1.91
20070905	1.45	14.49	2.81
20070906	0.45	14.32	2.92
20070907	0.66	14.29	2.47
20070908	0.76	13.26	1.96
20070909	1.53	13.19	1.59
20070910	0.07	11.43	1.24
20070911	1.49	13.24	1.02
20070912	0.0	12.95	0.83
20070913	10.98	12.83	1.14
20070914	12.78	9.4	1.68
20070915	29.32	11.01	13.26
20070916	7.69	10.85	11.73
20070917	2.41	7.06	7.54
20070918	11.81	8.68	6.27
20070919	4.42	10.9	6.03
20070920	1.19	9.78	5.06
20070921	10.65	10.01	5.2
20070922	7.66	12.26	5.56
20070923	3.3	12.19	6.09
20070924	6.14	10.1	6.78
20070925	4.95	8.07	5.39
20070926	0.0	6.23	4.34
20070927	0.0	6.57	3.3
20070928	0.0	7.98	2.48
20070929	0.17	8.44	1.91
20070930	0.22	7.21	1.52
20071001	0.0	9.51	1.31
20071002	0.0	12.09	1.25
20071003	2.68	12.0	1.21
20071004	0.05	11.22	1.12
20071005	7.3	13.4	1.04
20071006	0.01	10.56	1.12
20071007	0.0	8.53	1.04
20071008	2.72	9.32	0.94
20071009	0.0	10.98	0.89
20071010	3.72	11.93	0.87
20071011	2.78	12.43	1.0
20071012	0.0	13.26	1.16
20071013	5.44	13.27	1.2
20071014	2.63	12.27	1.33
20071015	9.84	11.1	1.73
20071016	5.02	8.57	2.67
20071017	0.08	7.01	3.24
20071018	1.11	7.47	2.92
20071019	0.59	11.36	2.39
20071020	0.0	11.76	1.89
20071021	14.91	11.74	1.73
20071022	4.26	12.36	3.16
20071023	0.23	12.47	3.0
20071024	0.38	10.9	2.61
20071025	17.18	10.16	2.13
20071026	2.9	10.15	3.39
20071027	20.29	9.8	7.26
20071028	8.19	7.33	10.97
20071029	2.55	6.39	7.55
20071030	6.46	8.68	5.69
20071031	16.92	12.44	7.72
20071101	2.64	11.78	11.98
20071102	2.03	12.05	6.38
20071103	1.53	8.15	4.32
20071104	14.57	9.32	4.12
20071105	3.26	8.13	5.01
20071106	2.24	8.83	4.35
20071107	5.85	10.46	3.62
20071108	2.91	6.41	3.29
20071109	10.85	7.07	2.95
20071110	5.1	9.41	5.73
20071111	0.0	5.06	5.46
20071112	4.64	4.86	3.86
20071113	4.57	7.27	3.83
20071114	1.08	6.97	3.75
20071115	0.0	6.61	3.14
20071116	14.03	8.93	2.82
20071117	3.79	8.38	5.93
20071118	4.67	5.76	5.58
20071119	0.22	7.53	4.5
20071120	0.22	6.78	3.32
20071121	2.23	5.95	2.42
20071122	1.0	3.86	1.97
20071123	16.61	3.87	2.07
20071124	4.67	6.65	4.34
20071125	0.8	4.21	4.17
20071126	4.88	5.48	3.2
20071127	19.01	10.02	6.25
20071128	5.13	5.22	8.19
20071129	9.97	5.79	6.15
20071130	3.13	6.97	6.99
20071201	8.71	4.79	6.63
20071202	4.39	4.46	5.8
20071203	14.72	4.75	5.99
20071204	28.95	8.71	16.98
20071205	5.98	9.19	15.13
20071206	8.89	7.21	8.42
20071207	6.55	5.24	10.08
20071208	4.87	3.4	6.53
20071209	2.08	5.05	5.56
20071210	0.95	2.7	4.89
20071211	1.61	6.57	4.0
20071212	3.58	9.9	3.34
20071213	4.46	9.95	3.59
20071214	0.08	8.89	4.04
20071215	0.0	7.53	3.27
20071216	0.0	4.46	2.53
20071217	0.0	1.91	2.0
20071218	0.0	1.01	1.61
20071219	0.0	1.3	1.32
20071220	0.21	2.04	1.1
20071221	2.82	3.71	0.95
20071222	2.27	4.32	0.94
20071223	15.1	7.47	2.54
20071224	1.51	5.66	3.74
20071225	15.77	5.7	5.34
20071226	21.6	8.39	9.11
20071227	1.35	6.64	8.97
20071228	6.46	4.44	6.13
20071229	2.12	4.62	5.25
20071230	5.11	3.21	4.28
20071231	0.06	5.47	4.06
20080101	2.5	7.6	3.53
20080102	0.23	7.11	3.03
20080103	0.0	2.8	2.44
20080104	3.85	2.85	2.04
20080105	15.15	5.52	2.89
20080106	0.08	4.36	3.78
20080107	4.81	1.45	3.37
20080108	16.57	2.91	3.95
20080109	11.7	3.44	10.62
20080110	4.74	3.13	7.15
20080111	0.46	3.63	5.08
20080112	11.4	0.66	4.02
20080113	9.65	4.54	7.08
20080114	5.57	3.9	7.17
20080115	4.09	3.7	5.64
20080116	0.64	1.98	5.21
20080117	3.04	3.73	4.28
20080118	19.08	5.51	6.83
20080119	2.99	4.89	6.94
20080120	3.84	5.33	5.65
20080121	2.38	2.27	4.84
20080122	7.42	4.92	4.43
20080123	7.37	7.67	4.28
20080124	21.42	4.62	6.06
20080125	8.03	7.9	11.69
20080126	15.83	6.08	11.23
20080127	0.73	9.83	9.08
20080128	5.51	9.12	6.07
20080129	7.18	2.99	5.58
20080130	26.24	4.32	8.76
20080131	16.7	4.22	12.5
20080201	1.18	1.12	9.78
20080202	23.4	-0.07	9.77
20080203	5.85	6.54	16.9
20080204	7.12	4.49	11.47
20080205	0.77	2.54	7.46
20080206	8.52	4.28	5.81
20080207	1.34	7.59	6.16
20080208	0.85	8.69	4.99
20080209	1.41	8.23	4.09
20080210	0.08	4.76	3.4
20080211	0.0	6.5	2.82
20080212	0.0	6.84	2.29
20080213	0.12	2.08	1.91
20080214	0.08	2.37	1.6
20080215	0.08	2.07	1.37
20080216	0.0	4.69	1.19
20080217	0.86	7.4	1.03
20080218	0.08	6.66	0.93
20080219	2.3	3.96	0.83
20080220	9.0	5.6	0.93
20080221	11.35	9.02	2.87
20080222	11.75	5.05	5.32
20080223	9.97	7.86	8.55
20080224	5.88	4.47	9.27
20080225	12.79	5.73	10.59
20080226	6.54	7.2	9.06
20080227	3.45	4.67	7.16
20080228	7.84	5.08	5.59
20080229	15.97	6.81	10.47
20080301	9.44	4.42	8.66
20080302	4.91	3.26	8.59
20080303	13.89	2.16	8.18
20080304	2.23	2.58	7.91
20080305	14.51	7.84	8.34
20080306	8.56	8.64	11.02
20080307	13.93	4.94	9.61
20080308	8.76	5.94	11.88
20080309	3.1	3.43	9.26
20080310	2.52	4.55	6.92
20080311	13.19	5.22	6.24
20080312	3.06	5.07	7.52
20080313	6.66	4.82	5.79
20080314	2.89	4.84	5.6
20080315	0.95	5.34	4.51
20080316	0.42	5.23	3.58
20080317	1.48	3.23	2.91
20080318	0.09	3.6	2.41
20080319	8.02	4.59	2.2
20080320	9.62	6.74	3.42
20080321	2.32	3.45	4.25
20080322	9.27	2.57	4.51
20080323	1.65	1.71	4.96
20080324	1.91	0.49	4.15
20080325	2.01	1.7	3.45
20080326	0.0	1.9	2.81
20080327	6.23	2.83	2.24
20080328	6.01	5.16	2.56
20080329	3.44	5.54	3.23
20080330	5.57	5.5	3.14
20080331	10.7	6.24	3.91
20080401	1.07	7.47	4.53
20080402	0.39	6.68	3.77
20080403	3.11	9.86	3.07
20080404	7.5	6.79	2.59
20080405	6.52	2.44	3.35
20080406	7.32	2.3	4.28
20080407	7.34	4.5	4.93
20080408	2.3	4.64	4.75
20080409	7.05	3.68	3.97
20080410	1.51	4.01	4.22
20080411	1.76	4.0	3.81
20080412	1.01	5.48	3.17
20080413	3.21	4.93	2.67
20080414	4.74	4.79	2.28
20080415	0.21	4.56	2.07
20080416	0.0	5.78	1.73
20080417	0.0	5.56	1.41
20080418	0.0	6.0	1.13
20080419	0.0	6.11	0.94
20080420	0.0	6.88	0.79
20080421	0.0	7.83	0.67
20080422	3.42	8.76	0.57
20080423	0.21	9.79	0.52
20080424	1.49	8.41	0.45
20080425	14.8	9.29	0.61
20080426	0.12	10.41	1.29
20080427	0.01	9.65	1.19
20080428	1.69	6.84	1.07
20080429	0.0	6.92	0.96
20080430	1.54	6.8	0.77
20080501	4.03	8.72	0.76
20080502	1.77	9.63	1.12
20080503	0.25	11.09	0.98
20080504	0.64	12.34	0.85
20080505	0.0	11.48	0.71
20080506	0.0	13.23	0.59
20080507	0.0	13.91	0.48
20080508	0.0	14.36	0.37
20080509	0.44	14.71	0.3
20080510	0.0	11.61	0.28
20080511	0.0	11.85	0.26
20080512	0.0	13.28	0.24
20080513	0.0	12.44	0.21
20080514	0.0	10.47	0.17
20080515	0.06	9.97	0.14
20080516	0.0	8.46	0.13
20080517	0.0	9.29	0.1
20080518	0.0	7.91	0.09
20080519	0.0	8.86	0.08
20080520	0.0	9.97	0.07
20080521	0.0	11.19	0.07
20080522	0.0	10.79	0.07
20080523	0.0	10.68	0.06
20080524	0.0	10.48	0.05
20080525	0.0	10.63	0.05
20080526	0.0	10.4	0.04
20080527	0.0	11.34	0.03
20080528	5.85	11.06	0.04
20080529	0.0	12.23	0.04
20080530	0.0	12.26	0.04
20080531	0.0	11.91	0.04
20080601	0.19	12.84	0.04
20080602	0.17	12.43	0.04
20080603	0.14	12.02	0.04
20080604	0.92	13.18	0.04
20080605	1.85	12.33	0.03
20080606	0.98	12.8	0.03
20080607	0.69	13.15	0.03
20080608	0.88	13.9	0.03
20080609	1.01	12.87	0.03
20080610	3.42	11.39	0.03
20080611	0.42	9.86	0.03
20080612	0.55	8.73	0.03
20080613	1.31	8.91	0.03
20080614	1.16	8.59	0.03
20080615	0.27	8.93	0.03
20080616	9.22	9.2	0.03
20080617	8.77	10.74	0.04
20080618	5.27	10.99	0.04
20080619	4.02	10.21	0.06
20080620	0.58	10.13	0.07
20080621	12.92	10.85	0.1
20080622	6.51	9.03	0.21
20080623	0.0	9.11	0.48
20080624	8.52	9.47	0.56
20080625	22.81	11.46	1.21
20080626	8.69	11.08	6.22
20080627	3.67	11.96	5.63
20080628	6.79	11.87	4.32
20080629	4.18	11.67	4.01
20080630	6.83	11.67	3.22
20080701	12.7	13.79	4.05
20080702	0.48	13.81	4.61
20080703	0.31	13.72	3.56
20080704	0.1	14.06	2.59
20080705	0.0	14.34	1.89
20080706	1.01	12.3	0.81
20080707	12.21	11.58	0.75
20080708	0.0	13.34	0.84
20080709	0.02	13.03	0.76
20080710	1.0	11.51	0.66
20080711	1.7	10.28	0.58
20080712	0.0	11.13	0.59
20080713	1.8	11.99	0.57
20080714	9.0	13.81	0.71
20080715	5.99	12.37	0.62
20080716	0.11	11.85	0.54
20080717	2.51	11.79	0.6
20080718	4.67	11.89	0.66
20080719	5.24	11.28	0.72
20080720	0.37	10.53	0.72
20080721	0.45	11.84	0.62
20080722	0.26	14.44	0.56
20080723	0.1	15.26	0.54
20080724	0.0	17.56	0.47
20080725	0.25	18.05	0.43
20080726	0.0	16.64	0.4
20080727	0.16	15.96	0.3
20080728	0.0	15.22	0.26
20080729	1.72	17.34	0.21
20080730	9.77	17.23	0.19
20080731	9.49	17.54	0.21
20080801	14.49	15.28	0.3
20080802	3.72	13.84	0.87
20080803	7.29	13.54	1.97
20080804	0.12	12.87	2.11
20080805	0.0	12.98	1.63
20080806	0.0	12.86	1.08
20080807	0.61	12.31	0.69
20080808	3.14	11.2	0.42
20080809	7.11	12.53	0.36
20080810	4.91	13.77	0.34
20080811	0.94	13.62	0.41
20080812	0.0	14.76	0.42
20080813	0.0	13.28	0.32
20080814	6.31	11.54	0.25
20080815	1.47	12.18	0.24
20080816	0.0	14.5	0.25
20080817	0.0	15.95	0.24
20080818	0.0	15.97	0.22
20080819	0.0	13.8	0.21
20080820	0.7	13.55	0.2
20080821	0.92	11.69	0.19
20080822	0.0	11.29	0.18
20080823	3.17	13.0	0.18
20080824	21.68	14.5	0.2
20080825	2.55	12.69	1.17
20080826	3.77	12.59	1.16
20080827	3.46	13.42	1.1
20080828	0.28	13.73	1.05
20080829	0.82	15.2	0.95
20080830	2.48	15.93	0.78
20080831	1.18	12.94	0.73
20080901	4.0	10.34	0.7
20080902	2.95	10.73	0.73
20080903	8.89	9.31	1.18
20080904	5.72	10.5	1.62
20080905	0.0	11.52	2.02
20080906	0.01	11.29	1.67
20080907	0.0	11.31	1.18
20080908	0.0	11.51	0.77
20080909	1.23	13.27	0.52
20080910	3.02	12.85	0.4
20080911	0.65	14.63	0.32
20080912	0.0	13.67	0.27
20080913	2.11	12.25	0.26
20080914	4.02	12.77	0.25
20080915	4.34	12.07	0.32
20080916	0.07	11.35	0.45
20080917	2.88	11.23	0.46
20080918	1.94	11.97	0.48
20080919	0.31	10.83	0.44
20080920	0.07	13.92	0.37
20080921	0.38	11.52	0.28
20080922	0.21	9.48	0.26
20080923	0.07	11.55	0.24
20080924	0.0	11.3	0.22
20080925	0.0	12.64	0.21
20080926	5.55	13.63	0.21
20080927	1.16	11.0	0.19
20080928	7.09	9.64	0.21
20080929	15.81	9.74	1.46
20080930	7.91	9.09	4.09
20081001	9.17	7.22	6.62
20081002	10.3	6.96	8.93
20081003	17.5	5.79	8.08
20081004	2.31	6.55	13.47
20081005	0.17	8.2	9.3
20081006	4.42	9.85	6.77
20081007	5.51	11.7	6.83
20081008	0.44	10.11	6.67
20081009	3.63	11.61	6.2
20081010	3.65	12.94	5.76
20081011	1.09	10.33	5.56
20081012	15.35	10.51	6.09
20081013	1.5	9.62	7.34
20081014	4.33	9.02	6.44
20081015	5.89	8.57	6.73
20081016	1.59	8.2	6.56
20081017	6.88	9.19	6.09
20081018	9.11	8.02	6.67
20081019	13.55	10.69	11.09
20081020	7.23	8.06	12.08
20081021	6.84	4.87	10.96
20081022	14.9	7.1	10.54
20081023	14.06	10.42	17.51
20081024	21.14	7.01	15.9
20081025	8.66	9.13	23.46
20081026	7.85	5.48	15.24
20081027	2.47	5.03	11.99
20081028	7.02	2.48	9.78
20081029	3.88	4.09	8.85
20081030	5.73	4.31	8.06
20081031	0.24	3.94	7.28
20081101	2.2	5.37	6.32
20081102	2.86	7.49	5.69
20081103	1.37	9.48	5.36
20081104	0.0	8.48	5.0
20081105	0.54	5.85	4.6
20081106	0.87	7.67	4.23
20081107	3.13	8.54	3.96
20081108	4.79	8.4	3.98
20081109	8.83	4.49	4.16
20081110	11.46	6.19	5.54
20081111	7.15	6.9	8.97
20081112	2.1	6.93	8.1
20081113	15.21	9.49	7.25
20081114	16.16	10.9	15.45
20081115	2.25	7.27	12.41
20081116	1.9	4.72	8.33
20081117	6.03	6.92	7.41
20081118	1.62	8.65	6.85
20081119	5.36	9.64	6.77
20081120	8.67	6.79	6.6
20081121	2.31	3.48	6.31
20081122	15.73	2.23	6.27
20081123	14.28	5.56	12.45
20081124	0.72	5.17	11.52
20081125	3.08	6.64	8.28
20081126	11.2	9.69	7.45
20081127	6.55	4.26	9.79
20081128	2.2	0.89	8.35
20081129	30.26	0.22	9.48
20081130	12.88	2.23	16.08
20081201	7.3	2.31	13.32
20081202	1.65	-0.34	10.26
20081203	9.54	0.53	8.27
20081204	0.67	2.85	10.15
20081205	0.21	3.33	7.73
20081206	3.88	2.81	6.54
20081207	16.64	7.57	8.72
20081208	7.39	3.92	11.28
20081209	1.89	3.69	10.07
20081210	0.0	3.7	7.71
20081211	5.4	1.94	6.23
20081212	10.74	5.12	7.52
20081213	3.34	3.63	7.26
20081214	0.51	3.65	6.55
20081215	16.87	7.06	6.85
20081216	6.11	6.73	10.02
20081217	11.57	6.63	10.76
20081218	5.98	5.21	11.92
20081219	11.79	5.95	13.83
20081220	10.06	5.15	10.7
20081221	1.09	8.45	10.05
20081222	0.56	8.3	7.26
20081223	1.55	6.69	5.9
20081224	0.0	7.12	5.05
20081225	0.68	6.9	4.35
20081226	0.62	5.2	3.79
20081227	0.82	1.61	3.38
20081228	1.13	0.13	3.04
20081229	0.0	0.41	2.76
20081230	0.0	-0.36	2.53
20081231	0.0	1.89	2.33
20090101	0.02	1.97	2.17
20090102	0.43	0.26	2.02
20090103	6.19	2.76	1.99
20090104	2.48	4.67	2.5
20090105	8.56	1.74	2.68
20090106	5.05	5.58	5.06
20090107	1.13	4.1	5.19
20090108	0.22	7.43	4.77
20090109	3.41	6.89	4.12
20090110	29.47	6.64	5.45
20090111	10.28	9.65	13.15
20090112	7.01	6.69	11.59
20090113	0.91	3.11	9.31
20090114	6.92	2.46	6.57
20090115	4.34	7.97	6.52
20090116	13.87	6.46	7.11
20090117	11.79	5.32	11.26
20090118	7.73	2.72	10.97
20090119	6.02	2.82	9.32
20090120	3.99	2.91	8.01
20090121	9.39	3.37	7.2
20090122	9.56	5.02	8.44
20090123	12.37	4.05	9.27
20090124	2.41	3.04	9.46
20090125	7.22	3.56	8.3
20090126	3.55	5.54	7.09
20090127	2.47	5.25	6.14
20090128	4.31	6.0	5.65
20090129	3.31	7.55	5.37
20090130	9.66	9.21	5.66
20090131	0.26	7.39	6.91
20090201	0.0	4.5	5.67
20090202	0.23	1.48	4.62
20090203	3.75	3.89	3.92
20090204	4.37	2.61	4.07
20090205	3.78	0.87	3.98
20090206	6.39	2.12	3.9
20090207	3.33	0.41	3.66
20090208	0.61	-2.48	3.22
20090209	1.0	-1.11	2.83
20090210	1.93	0.33	2.83
20090211	9.07	-0.21	2.62
20090212	1.89	3.07	5.01
20090213	1.39	3.77	5.53
20090214	1.37	6.45	5.33
20090215	5.6	7.02	4.75
20090216	3.52	8.91	5.33
20090217	0.23	8.93	5.43
20090218	1.85	7.34	4.69
20090219	1.89	5.68	4.06
20090220	6.26	7.02	4.5
20090221	1.87	8.53	4.66
20090222	9.06	7.23	4.6
20090223	2.12	8.01	5.97
20090224	5.23	7.55	5.61
20090225	6.28	5.88	5.43
20090226	5.19	6.52	5.51
20090227	4.64	7.86	5.5
20090228	13.28	7.32	7.61
20090301	6.34	5.49	9.03
20090302	7.08	5.11	8.23
20090303	5.31	1.25	7.86
20090304	8.98	2.03	6.81
20090305	0.55	2.76	8.11
20090306	6.83	4.71	6.85
20090307	18.12	5.7	9.47
20090308	9.62	4.18	9.77
20090309	6.78	4.93	9.35
20090310	2.54	4.13	7.35
20090311	11.05	6.65	8.06
20090312	0.81	7.33	7.67
20090313	6.84	7.07	5.75
20090314	4.6	7.73	6.78
20090315	2.25	8.44	5.8
20090316	0.68	5.86	4.91
20090317	0.0	5.01	4.17
20090318	0.72	7.39	3.54
20090319	0.0	7.93	3.03
20090320	0.66	7.94	2.61
20090321	1.58	6.99	2.32
20090322	13.18	7.75	2.56
20090323	2.8	5.21	3.42
20090324	7.01	4.87	3.84
20090325	8.91	6.01	4.46
20090326	13.24	5.57	6.5
20090327	9.63	5.08	8.98
20090328	2.96	1.95	7.53
20090329	2.17	5.41	5.79
20090330	0.81	7.79	4.82
20090331	0.19	9.39	4.02
20090401	0.0	9.39	3.36
20090402	0.0	8.85	2.8
20090403	10.72	9.55	2.42
20090404	10.38	6.6	3.64
20090405	10.98	7.36	6.33
20090406	3.89	7.14	6.46
20090407	4.72	7.15	5.34
20090408	2.09	6.58	4.67
20090409	3.05	8.26	4.1
20090410	1.86	8.55	3.81
20090411	3.13	7.07	3.47
20090412	0.22	8.12	3.08
20090413	0.0	8.74	2.61
20090414	0.0	8.26	2.26
20090415	0.0	8.36	1.99
20090416	0.0	8.59	1.73
20090417	0.0	7.82	1.56
20090418	0.0	6.79	1.45
20090419	0.44	7.76	1.34
20090420	4.83	9.78	1.24
20090421	0.66	8.81	1.18
20090422	2.66	8.96	0.84
20090423	5.63	9.67	0.7
20090424	4.82	7.34	1.36
20090425	0.31	6.95	1.36
20090426	3.15	8.06	1.31
20090427	2.11	8.47	1.7
20090428	0.13	9.96	1.62
20090429	1.17	10.42	1.56
20090430	2.57	9.84	1.51
20090501	3.93	9.08	1.47
20090502	8.25	7.38	1.55
20090503	6.43	6.67	2.15
20090504	1.19	8.55	2.63
20090505	4.08	7.36	2.6
20090506	8.84	7.21	3.25
20090507	12.34	6.74	4.53
20090508	4.77	7.01	5.72
20090509	2.22	7.13	5.05
20090510	0.12	7.68	4.05
20090511	0.0	8.19	3.23
20090512	0.0	10.01	2.58
20090513	0.0	11.21	2.09
20090514	0.31	11.74	1.73
20090515	4.75	8.95	1.49
20090516	3.11	10.01	1.39
20090517	0.0	10.53	1.3
20090518	0.36	9.35	1.19
20090519	6.14	10.67	1.1
20090520	4.71	9.79	1.09
20090521	4.69	9.35	1.17
20090522	5.87	10.18	1.37
20090523	7.81	9.59	3.05
20090524	2.65	9.89	3.46
20090525	2.01	10.04	3.21
20090526	3.36	8.68	2.85
20090527	1.75	9.12	2.41
20090528	0.06	11.09	2.13
20090529	0.0	15.27	1.81
20090530	0.0	16.68	1.55
20090531	0.0	12.3	1.33
20090601	0.0	11.77	1.17
20090602	0.0	10.67	1.01
20090603	0.0	9.41	0.89
20090604	0.5	9.18	0.78
20090605	1.73	8.07	0.63
20090606	1.03	8.57	0.51
20090607	0.12	8.72	0.32
20090608	0.18	9.37	0.27
20090609	0.0	8.55	0.26
20090610	2.35	8.34	0.24
20090611	0.15	8.48	0.21
20090612	0.56	10.04	0.19
20090613	0.68	11.54	0.18
20090614	0.41	12.02	0.17
20090615	0.0	12.31	0.15
20090616	9.22	13.54	0.15
20090617	5.98	11.95	0.15
20090618	10.0	10.54	0.2
20090619	1.47	10.8	0.21
20090620	0.0	11.54	0.17
20090621	1.96	12.11	0.16
20090622	0.2	13.18	0.17
20090623	0.0	14.07	0.15
20090624	0.0	16.34	0.14
20090625	0.0	15.45	0.13
20090626	0.64	17.24	0.12
20090627	0.12	18.17	0.11
20090628	0.22	16.29	0.1
20090629	0.0	17.37	0.1
20090630	0.66	18.61	0.1
20090701	5.26	17.29	0.1
20090702	6.36	17.56	0.11
20090703	2.42	18.17	0.1
20090704	6.22	16.47	0.12
20090705	0.08	15.99	0.13
20090706	0.31	14.65	0.12
20090707	0.85	12.98	0.12
20090708	1.53	11.61	0.12
20090709	0.0	11.27	0.11
20090710	0.0	11.22	0.11
20090711	0.19	13.12	0.1
20090712	4.93	12.96	0.37
20090713	2.44	13.37	0.91
20090714	0.12	13.33	0.83
20090715	0.08	13.52	0.72
20090716	18.45	13.82	0.43
20090717	4.32	13.2	0.19
20090718	13.43	12.51	0.49
20090719	14.48	12.02	1.41
20090720	2.56	12.08	1.74
20090721	9.27	14.33	2.07
20090722	19.83	14.04	3.47
20090723	29.67	13.58	14.36
20090724	1.8	11.93	16.33
20090725	4.22	12.35	7.63
20090726	5.66	14.02	5.64
20090727	3.1	14.13	5.01
20090728	13.14	13.49	4.62
20090729	2.96	13.4	4.16
20090730	0.88	12.46	3.45
20090731	11.21	12.65	3.24
20090801	3.27	14.44	3.37
20090802	0.05	13.44	3.18
20090803	0.86	14.37	2.89
20090804	1.98	16.14	2.56
20090805	3.51	14.89	2.3
20090806	0.0	14.67	2.02
20090807	0.99	13.62	1.77
20090808	0.28	13.5	1.59
20090809	5.81	13.35	1.45
20090810	0.38	13.28	1.34
20090811	1.12	13.23	1.27
20090812	0.45	13.53	1.18
20090813	0.62	13.0	1.1
20090814	11.53	12.48	1.49
20090815	6.5	13.51	2.16
20090816	11.92	13.32	2.51
20090817	0.08	12.76	3.92
20090818	8.96	13.83	4.21
20090819	4.54	15.2	4.8
20090820	3.22	12.78	4.74
20090821	9.84	12.2	4.7
20090822	11.38	12.17	5.23
20090823	11.17	13.8	8.52
20090824	1.45	13.11	7.29
20090825	8.29	12.43	5.63
20090826	3.08	12.65	5.36
20090827	14.03	11.34	5.52
20090828	7.03	11.65	8.64
20090829	5.62	11.8	8.21
20090830	0.49	12.66	6.83
20090831	5.6	12.11	5.41
20090901	1.98	11.49	4.94
20090902	2.66	11.28	4.36
20090903	8.12	10.91	4.34
20090904	6.91	11.66	5.31
20090905	11.14	12.39	6.39
20090906	8.3	12.99	9.13
20090907	9.26	12.77	7.91
20090908	3.18	13.36	8.0
20090909	0.55	12.68	6.1
20090910	0.0	13.29	4.92
20090911	0.0	12.87	4.01
20090912	0.23	12.43	3.29
20090913	0.46	12.18	2.76
20090914	0.35	13.11	2.41
20090915	0.43	12.15	2.13
20090916	0.0	11.61	1.91
20090917	0.0	11.64	1.75
20090918	0.01	12.48	1.62
20090919	2.46	11.13	1.57
20090920	2.38	11.23	1.51
20090921	6.33	12.83	1.51
20090922	6.93	11.65	1.57
20090923	4.53	10.96	1.88
20090924	0.98	12.12	2.08
20090925	0.0	12.63	1.99
20090926	3.38	13.31	1.88
20090927	10.89	12.87	2.81
20090928	11.0	11.77	5.56
20090929	0.07	9.68	7.01
20090930	0.54	7.91	5.49
20091001	2.11	7.7	4.36
20091002	24.11	8.55	6.1
20091003	6.19	8.73	10.7
20091004	0.39	6.6	8.08
20091005	8.85	7.71	6.61
20091006	2.86	8.54	6.2
20091007	2.09	7.2	5.05
20091008	0.0	6.99	4.29
20091009	6.08	8.87	3.77
20091010	9.39	9.8	4.1
20091011	0.07	8.55	5.27
20091012	7.89	7.96	5.18
20091013	6.53	12.43	6.71
20091014	0.16	12.49	7.08
20091015	0.64	9.93	5.63
20091016	0.07	6.76	4.6
20091017	5.4	7.13	3.82
20091018	0.14	8.54	3.53
20091019	0.67	6.92	3.2
20091020	1.7	10.66	2.85
20091021	0.64	11.41	2.64
20091022	0.39	10.79	2.44
20091023	0.38	10.67	2.23
20091024	12.89	10.37	3.07
20091025	0.99	10.98	3.82
20091026	2.04	9.1	3.66
20091027	15.12	10.08	5.08
20091028	1.0	12.84	5.88
20091029	0.55	13.14	5.29
20091030	8.88	14.38	5.32
20091031	13.28	12.15	6.64
20091101	23.13	9.57	14.48
20091102	7.88	8.48	14.64
20091103	9.87	7.69	13.51
20091104	0.23	7.05	10.28
20091105	1.52	6.08	7.06
20091106	11.14	5.79	8.35
20091107	4.72	4.53	7.79
20091108	0.12	5.29	6.83
20091109	10.74	6.75	6.65
20091110	0.16	5.89	7.05
20091111	0.25	3.92	5.92
20091112	5.96	8.15	5.03
20091113	6.26	7.74	6.07
20091114	13.05	6.29	8.14
20091115	18.09	8.36	13.15
20091116	2.26	8.6	13.17
20091117	1.54	7.2	8.92
20091118	11.22	7.31	7.61
20091119	6.36	10.73	8.86
20091120	2.0	8.33	7.67
20091121	10.36	8.71	7.12
20091122	1.75	7.42	8.1
20091123	3.79	6.29	6.64
20091124	16.33	6.72	8.0
20091125	11.58	6.55	10.74
20091126	18.25	6.62	13.02
20091127	2.1	4.84	19.25
20091128	4.2	4.44	10.35
20091129	1.92	2.76	8.09
20091130	1.29	1.56	6.31
20091201	4.82	4.66	5.54
20091202	22.92	6.83	7.38
20091203	0.36	3.95	8.61
20091204	4.44	3.02	6.59
20091205	6.23	7.02	5.9
20091206	7.87	7.73	6.71
20091207	0.51	6.46	6.24
20091208	11.07	7.49	5.8
20091209	5.14	7.14	6.56
20091210	0.23	4.95	5.77
20091211	0.14	5.41	4.91
20091212	0.0	3.04	4.13
20091213	0.61	1.21	3.49
20091214	1.93	7.09	3.2
20091215	0.66	5.85	3.05
20091216	3.79	6.42	2.97
20091217	0.6	3.66	3.25
20091218	7.08	2.01	3.53
20091219	1.66	1.14	4.76
20091220	13.83	1.64	5.05
20091221	6.45	2.31	5.2
20091222	1.1	-0.69	4.59
20091223	0.92	-2.41	3.81
20091224	0.0	-2.31	3.13
20091225	0.15	-0.37	2.67
20091226	1.86	-0.92	2.33
20091227	1.83	-0.22	2.04
20091228	2.85	-1.34	1.92
20091229	5.44	-1.46	1.79
20091230	3.59	1.88	1.66
20091231	8.56	0.82	1.65
20100101	4.98	1.21	1.83
20100102	0.24	1.24	2.21
20100103	4.59	-0.35	2.03
20100104	10.13	1.05	2.04
20100105	4.09	1.41	2.03
20100106	4.38	-1.42	1.93
20100107	0.57	-2.69	1.79
20100108	3.73	-1.69	1.96
20100109	3.31	0.74	2.02
20100110	0.0	-0.62	2.27
20100111	2.56	2.09	2.4
20100112	0.0	3.75	5.24
20100113	0.13	3.37	5.5
20100114	3.37	3.38	5.91
20100115	12.79	6.44	21.46
20100116	6.43	6.88	22.21
20100117	5.87	5.82	10.41
20100118	0.0	5.4	7.46
20100119	0.0	5.5	5.63
20100120	10.33	4.3	5.48
20100121	11.97	4.84	5.99
20100122	0.0	5.39	6.85
20100123	0.2	2.4	5.41
20100124	0.08	2.34	4.42
20100125	2.75	3.17	3.71
20100126	3.08	6.41	3.48
20100127	2.38	6.8	3.64
20100128	7.73	4.39	4.29
20100129	0.43	0.63	4.65
20100130	3.29	0.67	4.16
20100131	4.32	1.16	3.65
20100201	7.86	2.2	3.78
20100202	2.03	0.98	4.34
20100203	7.58	-0.84	4.07
20100204	3.92	4.26	5.01
20100205	0.0	5.39	7.53
20100206	0.0	4.66	6.83
20100207	0.0	4.53	5.11
20100208	0.3	3.08	4.08
20100209	1.27	2.54	3.31
20100210	0.75	2.15	2.74
20100211	0.51	3.09	2.38
20100212	0.88	2.53	2.14
20100213	3.67	4.11	1.24
20100214	6.64	6.0	1.31
20100215	6.39	3.05	2.5
20100216	1.14	1.95	2.78
20100217	5.36	2.64	2.62
20100218	2.21	0.33	2.49
20100219	2.9	-0.6	2.49
20100220	2.95	-1.17	2.24
20100221	1.95	-1.13	1.9
20100222	0.69	-1.87	1.55
20100223	2.6	-1.18	1.31
20100224	1.09	0.67	1.11
20100225	4.13	1.61	1.07
20100226	0.26	2.34	1.12
20100227	0.0	2.01	1.05
20100228	0.1	2.45	0.99
20100301	1.24	0.12	0.95
20100302	0.21	1.39	0.91
20100303	0.21	1.01	0.86
20100304	2.68	1.88	0.84
20100305	3.57	5.73	1.07
20100306	0.37	5.68	1.5
20100307	0.08	4.35	1.55
20100308	0.21	2.04	1.37
20100309	0.0	1.73	1.14
20100310	1.33	4.62	0.96
20100311	4.97	6.7	0.98
20100312	1.33	5.35	0.95
20100313	2.65	6.34	0.97
20100314	7.08	7.2	1.44
20100315	2.07	6.7	3.78
20100316	1.43	6.05	3.69
20100317	6.78	7.95	3.3
20100318	11.48	9.04	3.85
20100319	0.0	7.94	4.54
20100320	0.0	6.75	3.76
20100321	6.9	5.79	3.05
20100322	1.46	6.57	2.93
20100323	1.33	7.2	2.59
20100324	6.32	6.42	2.74
20100325	2.07	5.67	2.75
20100326	5.43	6.43	3.2
20100327	6.24	6.22	3.59
20100328	0.56	4.83	3.96
20100329	0.79	2.6	3.65
20100330	0.25	3.58	3.04
20100331	4.55	2.48	2.58
20100401	3.03	3.07	2.3
20100402	1.51	3.78	2.09
20100403	2.56	3.16	1.94
20100404	8.66	4.64	1.84
20100405	3.21	8.5	2.97
20100406	1.87	7.05	3.18
20100407	1.57	6.6	3.07
20100408	1.3	7.89	2.71
20100409	0.02	8.37	2.3
20100410	0.0	9.74	1.93
20100411	0.0	9.43	1.62
20100412	0.0	6.96	1.39
20100413	0.0	7.54	1.22
20100414	0.0	5.96	1.07
20100415	0.0	7.52	0.95
20100416	0.91	6.37	0.87
20100417	8.17	6.43	0.86
20100418	0.66	3.46	0.87
20100419	4.9	3.61	0.94
20100420	2.52	3.32	0.95
20100421	4.75	4.72	1.09
20100422	0.66	4.94	1.29
20100423	13.4	2.69	1.9
20100424	0.06	9.01	3.1
20100425	6.74	9.67	3.1
20100426	2.33	9.44	3.68
20100427	11.73	9.75	4.36
20100428	1.98	10.31	5.37
20100429	0.46	9.64	4.78
20100430	1.6	7.99	3.85
20100501	0.0	6.2	3.02
20100502	0.84	5.76	2.41
20100503	0.27	6.37	1.93
20100504	1.78	8.34	1.07
20100505	1.27	8.86	0.82
20100506	0.12	7.64	0.78
20100507	0.12	8.09	0.75
20100508	0.08	7.29	0.72
20100509	0.65	7.13	0.68
20100510	6.94	3.98	0.68
20100511	0.47	3.66	0.71
20100512	3.24	5.63	0.67
20100513	1.91	7.32	0.73
20100514	2.43	8.46	0.75
20100515	2.08	7.68	0.83
20100516	0.09	8.22	0.78
20100517	0.0	9.14	0.68
20100518	4.85	11.6	0.62
20100519	0.0	11.49	0.63
20100520	1.32	11.48	0.62
20100521	15.11	13.13	2.45
20100522	0.01	13.05	3.75
20100523	0.0	11.87	2.93
20100524	1.09	8.64	1.95
20100525	0.86	6.52	1.48
20100526	4.51	6.51	1.22
20100527	1.1	7.0	1.11
20100528	7.97	7.05	1.14
20100529	7.34	7.88	2.28
20100530	0.0	9.32	2.48
20100531	3.32	11.72	2.03
20100601	0.0	12.04	1.8
20100602	0.0	12.1	1.51
20100603	0.0	12.82	1.23
20100604	1.58	13.8	1.07
20100605	0.0	12.28	0.92
20100606	0.0	11.72	0.9
20100607	3.98	11.2	0.91
20100608	15.08	11.77	2.37
20100609	0.0	11.24	1.22
20100610	1.4	10.22	0.98
20100611	0.0	10.42	0.64
20100612	8.58	10.2	0.43
20100613	1.43	10.37	0.54
20100614	0.08	10.03	0.5
20100615	1.08	10.66	0.51
20100616	0.11	13.79	0.3
20100617	0.33	13.1	0.32
20100618	0.0	10.86	0.28
20100619	0.01	9.82	0.26
20100620	0.54	11.66	0.25
20100621	3.06	12.64	0.25
20100622	1.2	13.33	0.25
20100623	1.61	13.74	0.24
20100624	0.27	13.12	0.23
20100625	1.2	13.18	0.21
20100626	5.11	14.94	0.22
20100627	2.89	14.69	0.22
20100628	0.03	14.12	0.21
20100629	0.05	14.03	0.19
20100630	4.36	14.73	0.18
20100701	8.01	15.17	0.2
20100702	2.66	14.69	0.23
20100703	9.56	12.71	0.21
20100704	10.4	12.49	0.59
20100705	2.9	12.26	0.69
20100706	8.56	12.1	1.03
20100707	9.27	12.79	1.43
20100708	0.52	12.95	1.75
20100709	8.88	11.72	2.51
20100710	9.34	12.53	2.19
20100711	1.05	11.9	2.94
20100712	0.26	11.54	2.62
20100713	0.07	13.28	1.9
20100714	5.56	11.65	1.39
20100715	7.55	10.9	1.7
20100716	5.02	10.66	2.15
20100717	1.66	11.56	2.65
20100718	0.24	13.3	2.33
20100719	5.24	14.09	1.78
20100720	0.27	13.64	1.49
20100721	0.0	11.48	1.28
20100722	0.0	11.1	1.11
20100723	0.61	12.11	0.93
20100724	4.48	13.4	0.82
20100725	2.06	13.4	0.81
20100726	5.68	13.35	1.15
20100727	5.89	13.0	1.54
20100728	0.57	13.57	1.91
20100729	1.38	12.42	1.77
20100730	4.83	11.97	1.78
20100731	2.06	13.03	2.0
20100801	0.0	12.13	1.99
20100802	1.63	12.31	1.7
20100803	0.73	12.72	1.83
20100804	5.88	12.62	1.44
20100805	0.0	13.16	1.56
20100806	0.11	13.31	1.42
20100807	0.0	13.56	1.18
20100808	12.78	13.25	1.17
20100809	0.43	13.34	1.99
20100810	2.85	12.1	1.83
20100811	1.98	12.61	1.59
20100812	0.34	11.82	1.47
20100813	0.0	11.91	1.27
20100814	0.0	12.89	1.07
20100815	1.64	14.04	0.87
20100816	17.51	13.4	1.34
20100817	0.0	13.27	2.12
20100818	3.82	12.3	1.97
20100819	0.96	11.76	1.69
20100820	8.26	13.66	1.52
20100821	1.71	13.21	1.48
20100822	0.88	11.89	1.42
20100823	4.25	11.83	1.25
20100824	1.49	11.43	1.17
20100825	0.44	10.64	0.98
20100826	6.48	9.57	0.99
20100827	9.43	10.6	1.9
20100828	3.7	11.6	2.64
20100829	0.14	10.41	2.36
20100830	0.0	11.12	1.9
20100831	0.0	10.28	1.42
20100901	1.07	12.17	1.08
20100902	0.0	13.05	0.83
20100903	0.0	13.7	0.64
20100904	1.18	15.01	0.51
20100905	0.0	15.44	0.42
20100906	0.0	15.46	0.32
20100907	0.45	13.57	0.3
20100908	0.48	14.98	0.37
20100909	4.93	13.21	0.43
20100910	2.87	12.78	0.44
20100911	9.2	12.09	0.7
20100912	5.46	12.47	0.88
20100913	14.0	13.55	1.72
20100914	16.04	9.87	4.47
20100915	5.95	10.92	7.2
20100916	0.63	9.64	5.04
20100917	8.02	9.28	3.47
20100918	0.74	9.61	3.33
20100919	21.06	10.51	5.09
20100920	4.81	11.35	5.72
20100921	7.23	13.57	4.5
20100922	22.61	11.99	9.46
20100923	1.01	9.65	6.07
20100924	0.0	7.62	3.92
20100925	0.0	7.85	2.92
20100926	0.07	6.7	2.23
20100927	0.0	8.13	1.76
20100928	5.96	12.12	1.47
20100929	0.15	10.29	1.51
20100930	0.0	10.85	1.31
20101001	6.12	11.6	1.23
20101002	3.43	11.61	1.29
20101003	3.7	11.59	1.3
20101004	8.7	11.81	1.61
20101005	2.64	11.25	2.18
20101006	4.63	11.14	2.52
20101007	0.12	12.53	3.02
20101008	0.19	13.49	2.72
20101009	0.0	13.73	2.18
20101010	0.0	10.58	1.7
20101011	0.11	8.03	1.35
20101012	0.0	7.7	1.09
20101013	0.11	9.18	0.91
20101014	1.05	10.03	0.79
20101015	2.17	8.92	0.72
20101016	0.68	7.45	0.65
20101017	7.84	10.37	0.68
20101018	4.3	8.47	1.25
20101019	3.32	4.68	1.86
20101020	11.15	3.4	2.37
20101021	1.22	5.76	3.19
20101022	0.77	4.68	2.88
20101023	1.4	5.43	2.42
20101024	0.19	4.38	2.08
20101025	4.63	6.96	1.87
20101026	19.29	11.37	2.87
20101027	8.04	9.06	6.45
20101028	30.24	8.67	13.08
20101029	5.84	10.18	14.17
20101030	3.35	8.58	6.53
20101031	0.07	6.18	4.63
20101101	15.95	6.55	3.89
20101102	9.01	8.63	5.29
20101103	3.01	6.32	5.1
20101104	1.91	4.54	3.94
20101105	2.33	4.99	3.21
20101106	0.27	4.16	2.65
20101107	20.11	3.1	2.98
20101108	0.13	6.34	5.05
20101109	0.0	4.6	3.85
20101110	20.71	3.88	3.24
20101111	2.46	6.32	4.83
20101112	4.58	6.46	4.37
20101113	4.15	5.11	3.89
20101114	0.0	4.08	3.35
20101115	5.29	2.25	2.94
20101116	0.15	5.83	2.64
20101117	0.81	7.98	2.18
20101118	0.03	8.09	1.76
20101119	0.21	7.55	1.48
20101120	0.08	3.66	1.23
20101121	1.5	2.8	1.04
20101122	2.54	3.31	0.89
20101123	5.24	3.47	0.92
20101124	3.06	2.76	1.06
20101125	6.57	1.96	1.27
20101126	4.92	1.88	1.63
20101127	0.57	-0.53	1.64
20101128	1.35	-0.85	1.46
20101129	0.77	-0.56	1.25
20101130	0.65	-2.7	1.05
20101201	0.98	-4.07	0.87
20101202	18.28	-4.89	1.06
20101203	8.19	2.18	2.47
20101204	2.5	2.68	2.9
20101205	2.28	0.52	2.87
20101206	1.84	0.36	2.4
20101207	0.37	-1.13	1.93
20101208	2.99	-0.24	1.56
20101209	6.29	4.93	2.49
20101210	3.12	7.83	11.69
20101211	0.13	6.72	6.69
20101212	0.0	1.72	3.74
20101213	0.56	1.06	2.72
20101214	0.22	4.19	2.11
20101215	3.85	7.0	1.83
20101216	3.95	0.4	1.62
20101217	9.67	-2.02	1.39
20101218	0.0	-3.11	1.2
20101219	0.0	-0.88	1.05
20101220	0.0	-1.8	0.95
20101221	0.0	-2.97	0.88
20101222	0.0	-4.62	1.12
20101223	0.0	-5.23	1.39
20101224	6.73	-1.66	1.39
20101225	0.33	0.66	1.38
20101226	7.7	3.23	1.56
20101227	0.02	3.92	3.77
20101228	0.28	5.72	3.18
20101229	0.54	6.39	2.53
20101230	1.36	5.22	2.38
20101231	1.03	6.43	2.16
20110101	0.0	2.83	1.85
20110102	9.04	1.67	1.63
20110103	2.92	5.72	2.7
20110104	1.07	4.05	2.76
20110105	7.76	2.05	3.06
20110106	3.13	-0.5	3.06
20110107	5.54	0.51	2.54
20110108	6.91	-2.12	2.14
20110109	8.25	1.38	2.21
20110110	1.54	1.48	2.2
20110111	4.5	0.25	1.87
20110112	4.09	4.91	4.51
20110113	11.15	6.62	7.12
20110114	10.38	6.49	9.05
20110115	6.63	8.57	6.77
20110116	6.12	7.7	5.08
20110117	3.6	4.39	5.02
20110118	1.2	3.86	3.96
20110119	0.0	5.61	3.24
20110120	1.11	5.44	2.66
20110121	0.75	7.29	2.25
20110122	0.33	6.08	1.93
20110123	2.42	6.33	1.69
20110124	3.94	7.27	1.98
20110125	1.25	6.7	2.3
20110126	0.0	4.36	2.11
20110127	0.0	1.75	1.79
20110128	1.63	3.94	1.56
20110129	0.69	4.45	1.57
20110130	6.01	5.09	1.73
20110131	12.12	7.77	2.92
20110201	6.69	5.49	3.16
20110202	5.24	6.1	3.57
20110203	14.02	3.23	5.32
20110204	7.77	3.27	4.92
20110205	1.79	3.8	4.13
20110206	6.64	4.58	3.45
20110207	2.11	3.36	3.34
20110208	0.97	4.37	2.77
20110209	1.47	6.5	2.3
20110210	0.17	3.45	1.91
20110211	14.98	4.22	1.99
20110212	9.4	5.08	2.44
20110213	7.13	4.98	2.19
20110214	8.17	2.31	2.07
20110215	0.61	3.85	2.14
20110216	0.59	5.01	1.74
20110217	2.19	4.46	1.42
20110218	5.57	5.07	1.19
20110219	0.47	5.47	1.19
20110220	0.87	5.75	1.09
20110221	0.68	5.43	0.97
20110222	8.66	6.21	0.98
20110223	11.4	8.73	1.92
20110224	4.23	9.56	2.96
20110225	5.6	9.01	3.52
20110226	3.11	5.14	3.12
20110227	0.25	4.5	2.64
20110228	0.0	4.28	2.13
20110301	0.94	7.18	1.76
20110302	6.05	6.83	1.64
20110303	0.22	4.41	1.7
20110304	0.02	5.67	1.61
20110305	0.45	5.76	1.39
20110306	0.72	6.52	1.21
20110307	19.81	7.44	1.43
20110308	4.39	4.85	3.2
20110309	17.53	1.69	4.11
20110310	5.55	3.24	5.91
20110311	4.45	2.06	4.91
20110312	3.46	0.51	3.76
20110313	4.65	2.63	3.5
20110314	0.0	3.27	2.96
20110315	0.22	4.43	2.34
20110316	5.57	5.14	1.9
20110317	3.9	4.14	1.72
20110318	3.76	3.89	1.94
20110319	2.68	5.7	2.12
20110320	0.0	7.72	2.01
20110321	1.22	9.72	1.7
20110322	0.74	8.38	1.35
20110323	0.0	8.9	1.14
20110324	0.31	7.7	0.96
20110325	0.97	7.67	0.8
20110326	0.24	7.17	0.71
20110327	0.48	5.91	0.62
20110328	1.86	5.67	0.55
20110329	6.59	6.08	0.53
20110330	10.72	7.34	0.76
20110331	5.77	7.74	2.06
20110401	11.67	9.99	3.24
20110402	3.37	7.6	3.61
20110403	3.44	6.5	2.99
20110404	12.75	7.62	3.02
20110405	8.48	9.41	4.0
20110406	9.98	8.67	5.68
20110407	0.14	7.95	4.68
20110408	0.17	9.54	3.17
20110409	0.08	10.66	2.42
20110410	3.32	11.53	1.9
20110411	2.11	7.95	1.6
20110412	4.31	6.65	1.32
20110413	1.02	7.59	1.16
20110414	0.0	9.2	1.04
20110415	1.15	8.78	0.91
20110416	0.0	8.48	0.82
20110417	0.08	9.98	0.68
20110418	0.0	10.19	0.59
20110419	0.86	8.55	0.52
20110420	0.66	7.91	0.44
20110421	0.0	10.31	0.3
20110422	1.08	14.5	0.27
20110423	2.1	10.54	0.27
20110424	0.12	8.88	0.26
20110425	0.0	8.55	0.26
20110426	0.0	7.48	0.24
20110427	0.23	9.45	0.24
20110428	0.0	10.72	0.22
20110429	0.0	12.34	0.2
20110430	0.0	13.95	0.17
20110501	0.0	11.29	0.16
20110502	0.13	9.63	0.15
20110503	0.0	9.38	0.14
20110504	1.21	9.14	0.12
20110505	6.45	10.12	0.12
20110506	3.38	12.16	0.14
20110507	1.65	14.21	0.15
20110508	0.62	12.62	0.15
20110509	2.01	12.83	0.14
20110510	7.83	11.06	0.19
20110511	8.68	10.17	0.27
20110512	8.25	9.46	1.22
20110513	12.27	8.55	2.55
20110514	4.24	8.8	3.14
20110515	12.25	9.2	3.24
20110516	0.24	10.35	4.19
20110517	5.71	9.1	2.89
20110518	6.45	8.94	3.23
20110519	7.71	8.72	2.9
20110520	12.08	7.02	3.65
20110521	11.46	9.21	4.97
20110522	9.65	8.33	4.31
20110523	9.78	8.2	4.83
20110524	3.33	7.86	4.03
20110525	13.37	7.81	4.29
20110526	3.84	8.16	4.14
20110527	9.06	8.26	3.92
20110528	8.06	7.92	4.68
20110529	11.71	7.92	8.95
20110530	0.71	8.19	5.41
20110531	23.77	9.18	3.69
20110601	4.36	11.27	7.77
20110602	0.0	12.4	4.73
20110603	0.18	13.11	2.87
20110604	0.07	9.62	2.02
20110605	8.91	10.11	1.6
20110606	1.02	8.96	1.53
20110607	11.53	9.22	2.17
20110608	4.23	10.1	3.6
20110609	1.38	8.43	2.7
20110610	0.18	9.56	1.98
20110611	1.19	9.78	1.54
20110612	3.03	10.68	1.34
20110613	7.49	9.54	1.57
20110614	0.74	10.9	1.6
20110615	0.49	11.87	1.43
20110616	0.0	10.88	1.18
20110617	1.52	11.52	0.96
20110618	0.55	12.83	0.79
20110619	0.1	10.46	0.69
20110620	1.06	10.4	0.61
20110621	0.8	11.55	0.55
20110622	1.28	10.5	0.5
20110623	0.67	9.46	0.45
20110624	3.83	9.73	0.41
20110625	1.14	11.77	0.36
20110626	5.11	12.5	0.35
20110627	0.22	11.75	0.3
20110628	0.79	11.65	0.28
20110629	2.2	11.22	0.27
20110630	0.52	11.18	0.26
20110701	0.0	11.87	0.25
20110702	0.0	13.53	0.25
20110703	0.0	13.38	0.24
20110704	0.31	15.71	0.22
20110705	2.13	15.74	0.2
20110706	0.54	13.34	0.18
20110707	0.29	14.01	0.17
20110708	0.0	12.77	0.16
20110709	9.94	12.91	0.16
20110710	9.37	12.88	0.29
20110711	0.0	12.39	0.42
20110712	0.0	12.71	0.83
20110713	0.0	12.93	0.83
20110714	0.99	13.1	0.7
20110715	7.56	12.78	0.77
20110716	6.92	13.78	0.64
20110717	12.87	12.87	1.36
20110718	2.95	12.63	3.62
20110719	0.2	10.94	4.23
20110720	0.0	10.97	2.74
20110721	0.07	11.3	1.88
20110722	0.0	10.94	1.42
20110723	0.0	10.89	1.08
20110724	0.0	11.01	0.83
20110725	0.0	11.12	0.83
20110726	0.42	11.51	0.68
20110727	2.0	13.59	0.53
20110728	0.19	12.94	0.5
20110729	0.0	12.17	0.53
20110730	1.89	14.05	0.5
20110731	0.52	14.43	0.49
20110801	0.07	13.8	0.48
20110802	0.07	13.47	0.46
20110803	1.04	13.7	0.41
20110804	8.08	13.95	0.41
20110805	0.0	13.73	0.36
20110806	0.0	12.55	0.39
20110807	0.84	12.21	0.29
20110808	2.93	11.06	0.29
20110809	9.59	10.41	0.26
20110810	9.36	10.16	0.49
20110811	0.0	12.35	0.71
20110812	7.62	13.33	0.82
20110813	1.08	13.49	1.08
20110814	0.93	12.8	1.07
20110815	6.05	12.04	0.92
20110816	5.98	10.94	1.3
20110817	0.17	11.05	1.55
20110818	7.19	10.99	1.41
20110819	8.67	10.68	1.54
20110820	7.28	12.87	2.03
20110821	1.44	13.04	2.01
20110822	5.07	12.31	1.81
20110823	0.96	11.88	1.49
20110824	1.06	12.87	1.22
20110825	0.28	11.02	0.99
20110826	0.24	11.98	0.8
20110827	3.24	11.85	0.67
20110828	2.42	9.89	0.58
20110829	4.07	10.54	0.54
20110830	0.99	11.09	0.54
20110831	0.16	10.68	0.57
20110901	9.92	12.07	0.59
20110902	4.76	12.73	0.9
20110903	0.84	12.21	1.19
20110904	0.08	12.14	1.25
20110905	22.59	11.75	1.35
20110906	6.07	11.69	2.34
20110907	13.07	10.71	3.55
20110908	1.33	10.82	4.92
20110909	10.09	10.41	3.88
20110910	6.59	14.66	4.69
20110911	14.15	12.74	5.32
20110912	19.59	12.55	6.9
20110913	3.05	11.9	8.27
20110914	1.79	9.54	5.1
20110915	0.0	9.73	3.51
20110916	3.34	10.68	2.66
20110917	1.7	12.12	2.12
20110918	1.02	11.85	1.73
20110919	4.83	10.83	1.53
20110920	15.35	10.75	1.63
20110921	9.99	10.43	3.5
20110922	5.44	10.5	4.35
20110923	4.3	12.62	4.1
20110924	11.63	12.17	3.78
20110925	14.91	12.22	4.92
20110926	6.91	10.99	6.01
20110927	5.02	13.5	5.41
20110928	0.53	16.86	4.54
20110929	0.0	15.71	3.32
20110930	1.11	15.18	2.6
20111001	0.06	10.09	2.02
20111002	5.92	10.16	1.67
20111003	8.04	11.31	2.09
20111004	5.45	9.97	2.82
20111005	8.34	10.57	3.56
20111006	3.9	7.7	5.56
20111007	3.41	8.89	4.3
20111008	8.66	9.91	4.79
20111009	1.98	10.52	4.66
20111010	4.96	9.08	3.67
20111011	0.85	7.84	3.48
20111012	0.17	7.58	2.88
20111013	0.07	10.35	2.34
20111014	2.64	13.37	1.92
20111015	1.1	11.53	1.68
20111016	11.14	9.57	1.84
20111017	12.1	6.89	3.46
20111018	7.67	6.66	5.61
20111019	1.4	4.66	5.21
20111020	6.92	7.7	4.23
20111021	11.17	10.71	4.41
20111022	7.86	9.85	7.28
20111023	20.23	9.72	9.15
20111024	0.27	13.68	9.4
20111025	0.14	12.03	5.71
20111026	2.63	8.43	4.19
20111027	2.47	8.46	3.58
20111028	3.04	9.25	3.46
20111029	6.1	11.93	3.6
20111030	13.25	11.35	4.95
20111031	3.28	12.76	7.01
20111101	5.8	9.19	5.31
20111102	0.21	11.95	4.6
20111103	2.39	13.45	3.7
20111104	0.68	10.66	3.0
20111105	0.75	6.99	2.45
20111106	0.0	10.14	2.09
20111107	0.22	10.43	1.73
20111108	0.0	6.92	1.49
20111109	2.49	10.94	1.34
20111110	0.0	10.98	1.24
20111111	0.08	11.23	1.13
20111112	1.5	10.11	1.1
20111113	0.22	9.0	1.03
20111114	0.08	9.52	0.97
20111115	0.22	6.73	0.9
20111116	9.92	3.77	0.85
20111117	13.55	8.28	2.13
20111118	2.6	11.64	3.45
20111119	3.88	11.31	3.78
20111120	6.17	10.24	3.64
20111121	0.45	8.57	4.83
20111122	30.6	7.46	7.84
20111123	5.4	7.88	9.45
20111124	17.77	7.57	11.25
20111125	18.03	4.68	8.95
20111126	11.22	10.19	11.38
20111127	4.48	6.55	9.45
20111128	16.54	8.19	6.95
20111129	8.41	4.87	8.25
20111130	20.47	6.36	10.37
20111201	3.65	2.96	10.2
20111202	13.32	5.02	7.71
20111203	6.63	4.36	8.27
20111204	1.97	1.74	6.38
20111205	3.82	0.53	4.82
20111206	17.75	1.33	4.28
20111207	25.14	2.76	7.23
20111208	8.5	4.58	19.61
20111209	0.39	2.47	9.67
20111210	6.93	2.13	6.01
20111211	6.99	4.2	5.9
20111212	13.4	4.19	6.86
20111213	12.77	4.4	9.93
20111214	14.66	5.57	10.41
20111215	0.21	2.4	8.15
20111216	3.01	1.61	5.46
20111217	2.52	1.8	4.45
20111218	4.77	0.97	3.79
20111219	19.91	4.26	9.18
20111220	9.03	3.36	8.8
20111221	2.92	7.75	8.55
20111222	4.5	10.34	6.93
20111223	6.81	4.48	5.63
20111224	8.58	7.19	5.84
20111225	6.43	8.86	6.51
20111226	11.31	9.15	8.76
20111227	8.28	4.94	7.54
20111228	9.63	6.6	7.7
20111229	3.09	3.62	6.46
20111230	15.63	4.96	7.69
20111231	6.81	8.2	7.91
20120101	6.92	4.64	6.64
20120102	16.8	2.28	6.13
20120103	8.14	3.37	8.65
20120104	27.8	5.03	13.09
20120105	2.3	4.58	9.99
20120106	9.64	5.77	6.73
20120107	1.59	6.24	5.55
20120108	8.29	8.12	4.88
20120109	19.56	6.39	5.53
20120110	14.62	7.81	10.05
20120111	19.05	6.8	10.3
20120112	3.2	4.94	10.55
20120113	0.68	2.77	6.43
20120114	0.0	5.45	4.65
20120115	0.0	3.59	3.68
20120116	0.24	3.63	2.98
20120117	8.28	7.82	2.59
20120118	13.61	5.54	3.17
20120119	9.56	3.22	4.68
20120120	7.28	4.96	4.98
20120121	14.83	5.18	5.28
20120122	9.17	4.26	6.58
20120123	2.54	3.1	5.67
20120124	8.62	4.49	4.67
20120125	7.71	7.39	5.49
20120126	5.82	2.08	5.31
20120127	0.68	1.89	4.51
20120128	1.9	4.74	3.83
20120129	0.0	4.69	3.3
20120130	0.0	3.46	2.72
20120131	0.0	2.83	2.23
20120201	0.0	1.41	1.86
20120202	0.0	2.03	1.57
20120203	5.39	1.99	1.39
20120204	15.93	5.47	2.53
20120205	3.62	4.76	3.62
20120206	0.13	3.57	3.52
20120207	0.52	4.24	3.01
20120208	1.15	5.65	2.45
20120209	0.84	7.13	1.95
20120210	0.55	7.51	1.66
20120211	0.08	6.21	1.4
20120212	1.54	4.82	1.24
20120213	0.21	7.06	1.1
20120214	1.24	7.15	1.0
20120215	6.15	7.34	1.01
20120216	2.37	7.28	1.54
20120217	17.55	6.1	3.43
20120218	3.76	2.08	5.22
20120219	8.47	1.78	4.69
20120220	2.47	7.64	4.56
20120221	8.65	8.85	4.74
20120222	3.48	7.77	4.8
20120223	3.49	8.99	4.34
20120224	3.87	5.68	3.77
20120225	2.61	6.66	3.64
20120226	4.95	8.04	3.39
20120227	0.51	9.4	3.17
20120228	0.16	9.92	2.73
20120229	4.05	8.75	2.33
20120301	0.23	7.27	2.08
20120302	0.77	7.71	1.89
20120303	4.41	7.37	1.72
20120304	2.12	3.33	1.75
20120305	1.09	4.34	1.74
20120306	15.47	6.92	2.63
20120307	8.02	4.46	4.18
20120308	8.57	7.3	4.83
20120309	2.22	8.05	5.34
20120310	0.21	7.61	4.33
20120311	1.85	8.79	3.47
20120312	0.45	8.26	2.86
20120313	0.3	8.04	2.37
20120314	2.35	7.96	2.02
20120315	6.88	8.45	1.96
20120316	1.56	7.17	2.36
20120317	1.88	4.6	2.25
20120318	5.79	3.51	2.07
20120319	6.08	8.31	2.5
20120320	4.02	10.08	2.92
20120321	0.08	9.1	2.76
20120322	0.22	7.79	2.37
20120323	0.0	6.97	1.98
20120324	0.0	9.4	1.62
20120325	0.0	11.98	1.33
20120326	0.0	11.68	1.08
20120327	0.0	10.24	0.91
20120328	0.49	9.12	0.77
20120329	0.46	8.34	0.66
20120330	0.13	8.55	0.57
20120331	0.59	6.7	0.47
20120401	2.04	7.5	0.44
20120402	13.45	4.3	1.19
20120403	5.32	2.05	2.72
20120404	1.92	3.76	2.75
20120405	4.37	6.92	2.52
20120406	0.91	7.54	2.69
20120407	1.29	7.0	2.63
20120408	7.46	7.52	2.75
20120409	5.58	5.49	3.53
20120410	2.01	5.45	3.51
20120411	2.52	5.56	3.01
20120412	3.22	4.91	2.58
20120413	2.2	4.0	2.14
20120414	1.9	3.25	1.85
20120415	0.43	3.04	1.64
20120416	19.36	4.8	1.69
20120417	2.22	5.33	4.66
20120418	0.0	5.71	4.05
20120419	0.38	6.76	3.15
20120420	0.4	7.27	2.39
20120421	0.34	7.35	1.84
20120422	0.7	7.06	1.44
20120423	0.34	6.59	1.15
20120424	0.44	6.86	0.91
20120425	2.13	6.67	0.69
20120426	1.53	5.21	0.63
20120427	0.21	4.21	0.57
20120428	0.0	4.42	0.5
20120429	0.0	5.72	0.42
20120430	0.0	7.46	0.33
20120501	0.12	8.65	0.28
20120502	0.0	8.48	0.27
20120503	0.26	8.25	0.25
20120504	0.4	4.65	0.22
20120505	1.55	3.95	0.2
20120506	0.89	3.61	0.18
20120507	3.28	4.46	0.16
20120508	13.06	6.1	0.22
20120509	0.0	6.51	0.46
20120510	3.0	6.55	0.72
20120511	0.14	6.12	0.82
20120512	9.72	8.16	0.84
20120513	15.25	8.24	2.27
20120514	2.24	6.78	2.61
20120515	0.28	5.52	2.2
20120516	1.05	4.3	1.62
20120517	3.38	5.19	1.21
20120518	0.26	5.97	1.0
20120519	0.0	7.46	0.83
20120520	0.25	9.28	0.66
20120521	0.07	11.32	0.52
20120522	0.0	13.12	0.42
20120523	0.0	14.44	0.33
20120524	0.0	13.23	0.28
20120525	0.0	14.51	0.26
20120526	0.0	17.37	0.23
20120527	0.0	16.77	0.19
20120528	0.0	11.65	0.14
20120529	0.0	10.4	0.12
20120530	0.07	10.57	0.12
20120531	0.0	9.99	0.12
20120601	0.0	9.06	0.12
20120602	0.67	8.59	0.1
20120603	0.34	8.33	0.09
20120604	0.0	7.44	0.09
20120605	0.0	8.07	0.08
20120606	0.0	11.09	0.08
20120607	0.0	12.65	0.09
20120608	0.15	11.62	0.08
20120609	0.0	10.63	0.07
20120610	0.01	10.45	0.07
20120611	0.36	9.8	0.06
20120612	0.5	9.33	0.06
20120613	0.25	9.34	0.06
20120614	0.0	10.04	0.05
20120615	0.52	9.52	0.05
20120616	2.33	8.82	0.05
20120617	0.25	8.68	0.05
20120618	0.0	8.51	0.05
20120619	0.0	9.28	0.05
20120620	0.0	10.68	0.04
20120621	5.25	12.6	0.04
20120622	0.18	12.59	0.05
20120623	2.24	11.89	0.04
20120624	0.06	11.06	0.05
20120625	0.0	10.84	0.05
20120626	3.5	12.71	0.05
20120627	4.34	12.78	0.05
20120628	9.47	13.86	0.07
20120629	2.42	14.05	0.08
20120630	1.36	11.73	0.08
20120701	0.0	9.97	0.08
20120702	0.0	11.58	0.08
20120703	0.7	15.17	0.08
20120704	0.0	15.22	0.08
20120705	0.03	13.05	0.07
20120706	0.13	14.44	0.07
20120707	1.17	11.39	0.06
20120708	8.15	10.43	0.07
20120709	1.01	10.97	0.07
20120710	0.59	10.28	0.08
20120711	0.33	10.29	0.08
20120712	0.13	10.71	0.08
20120713	0.19	10.19	0.07
20120714	2.31	11.02	0.07
20120715	2.97	11.99	0.07
20120716	0.0	12.32	0.08
20120717	0.0	12.85	0.07
20120718	0.18	11.14	0.07
20120719	1.18	10.65	0.06
20120720	1.37	11.16	0.06
20120721	6.18	12.61	0.07
20120722	19.56	14.13	0.18
20120723	0.81	13.59	0.36
20120724	1.38	13.35	0.48
20120725	0.0	13.19	0.5
20120726	6.76	12.6	0.48
20120727	9.63	11.6	0.6
20120728	11.49	11.2	1.02
20120729	3.97	10.79	1.88
20120730	5.25	10.77	2.02
20120731	14.3	11.99	2.59
20120801	4.91	14.17	2.6
20120802	4.44	12.8	2.33
20120803	0.15	13.31	1.99
20120804	0.0	12.26	1.5
20120805	2.41	11.64	1.28
20120806	0.37	12.31	1.13
20120807	0.04	12.13	0.97
20120808	0.0	11.96	0.82
20120809	0.0	12.64	0.66
20120810	0.13	13.78	0.52
20120811	0.0	14.82	0.47
20120812	0.67	15.35	0.44
20120813	1.85	16.78	0.45
20120814	0.15	16.8	0.48
20120815	0.07	16.5	0.37
20120816	2.19	16.59	0.31
20120817	5.73	14.54	0.28
20120818	2.91	14.0	0.33
20120819	5.07	15.7	0.35
20120820	2.86	14.36	0.45
20120821	9.07	13.83	0.69
20120822	9.03	13.26	1.18
20120823	0.24	13.53	1.22
20120824	0.71	12.49	1.24
20120825	0.0	11.46	1.15
20120826	2.5	12.03	0.98
20120827	3.36	13.79	0.92
20120828	19.58	13.06	1.03
20120829	18.08	11.09	2.73
20120830	1.06	9.34	3.95
20120831	6.19	10.96	3.73
20120901	14.43	13.79	4.65
20120902	8.11	13.71	5.27
20120903	3.95	14.19	5.04
20120904	2.2	12.79	3.96
20120905	11.04	11.85	2.99
20120906	6.71	12.67	4.25
20120907	0.26	12.47	3.98
20120908	1.32	14.17	3.16
20120909	3.74	13.83	2.51
20120910	4.62	10.3	2.12
20120911	8.96	8.26	2.33
20120912	15.56	8.39	2.62
20120913	26.67	11.53	9.61
20120914	1.05	11.19	8.67
20120915	6.05	12.27	5.26
20120916	6.63	10.72	4.13
20120917	6.98	9.21	3.91
20120918	4.46	7.83	3.65
20120919	2.23	7.78	3.22
20120920	2.04	7.25	2.75
20120921	1.18	6.5	2.47
20120922	0.0	7.42	2.12
20120923	0.0	9.95	1.75
20120924	0.08	9.5	1.39
20120925	3.67	10.36	1.16
20120926	1.37	9.2	1.06
20120927	6.21	8.94	1.0
20120928	8.53	9.09	1.33
20120929	4.7	9.7	2.09
20120930	7.79	11.32	2.74
20121001	5.46	9.84	3.01
20121002	8.62	7.94	3.71
20121003	1.29	6.89	4.39
20121004	1.65	7.11	3.84
20121005	2.89	6.95	3.2
20121006	0.0	7.74	2.81
20121007	1.87	8.64	2.34
20121008	0.07	7.82	1.93
20121009	0.53	7.38	1.61
20121010	3.87	8.08	1.35
20121011	28.96	9.48	3.56
20121012	19.58	8.64	12.51
20121013	0.01	9.78	10.65
20121014	2.91	7.87	5.9
20121015	1.72	5.26	4.5
20121016	0.0	4.32	3.58
20121017	3.3	4.86	2.87
20121018	4.06	6.86	3.08
20121019	0.26	4.4	2.98
20121020	3.96	4.4	2.59
20121021	0.0	8.7	2.34
20121022	0.3	6.28	1.99
20121023	0.07	5.35	1.68
20121024	0.53	7.02	1.45
20121025	0.33	5.9	1.24
20121026	1.12	3.16	1.1
20121027	17.08	4.76	1.71
20121028	6.24	7.59	4.33
20121029	4.42	5.88	5.21
20121030	14.26	6.14	5.48
20121031	0.15	4.88	6.61
20121101	6.76	3.85	5.41
20121102	10.47	3.9	5.41
20121103	11.46	3.77	7.39
20121104	5.27	3.81	7.8
20121105	6.98	4.23	5.72
20121106	2.93	9.13	6.78
20121107	8.88	9.12	6.54
20121108	10.01	7.96	6.52
20121109	5.24	6.77	6.64
20121110	4.18	6.85	5.71
20121111	1.53	5.09	4.98
20121112	7.85	7.57	5.01
20121113	3.28	9.16	4.79
20121114	0.54	8.19	4.05
20121115	3.26	7.67	3.37
20121116	6.32	6.49	3.13
20121117	5.78	3.8	3.5
20121118	17.47	3.86	4.03
20121119	5.11	7.76	8.73
20121120	11.08	8.6	7.65
20121121	8.38	7.59	6.83
20121122	11.85	7.11	7.04
20121123	6.17	4.54	6.59
20121124	0.12	5.97	5.91
20121125	4.46	2.6	4.3
20121126	2.3	3.66	3.99
20121127	1.95	3.92	3.47
20121128	0.51	2.83	3.16
20121129	1.24	1.86	2.76
20121130	4.15	3.04	2.48
20121201	1.5	2.18	2.43
20121202	6.27	0.72	2.33
20121203	3.54	4.08	3.23
20121204	1.43	2.24	3.2
20121205	11.09	0.66	3.06
20121206	8.36	2.68	5.31
20121207	0.61	3.81	5.59
20121208	4.58	5.97	4.68
20121209	1.99	5.2	3.86
20121210	0.33	1.65	3.17
20121211	0.0	-0.83	2.52
20121212	0.0	0.35	1.99
20121213	8.54	-0.27	1.76
20121214	7.72	3.63	2.3
20121215	0.84	3.93	3.67
20121216	1.3	5.39	3.68
20121217	0.0	2.42	3.16
20121218	0.64	0.7	2.48
20121219	13.98	5.23	3.2
20121220	12.5	6.06	5.71
20121221	3.03	5.22	8.0
20121222	39.89	5.89	10.46
20121223	4.74	7.6	17.58
20121224	8.11	6.11	9.51
20121225	0.55	4.82	7.1
20121226	2.72	2.22	5.04
20121227	11.46	2.07	4.2
20121228	15.36	8.39	8.09
20121229	7.02	5.96	8.28
20121230	11.76	4.34	6.64
20121231	3.44	4.58	7.21
20130101	9.33	4.57	6.49
20130102	0.98	8.58	7.28
20130103	1.0	8.9	5.34
20130104	0.08	9.61	4.07
20130105	4.15	8.82	3.38
20130106	4.44	8.07	3.32
20130107	7.49	8.23	3.24
20130108	1.04	7.77	3.76
20130109	0.03	6.46	3.34
20130110	0.78	4.68	2.79
20130111	0.69	4.73	2.33
20130112	14.81	1.98	2.71
20130113	8.61	3.98	5.52
20130114	5.57	2.79	7.07
20130115	1.7	1.75	5.98
20130116	0.49	2.17	4.37
20130117	0.41	3.55	3.43
20130118	0.0	2.35	2.62
20130119	0.0	2.06	2.07
20130120	0.0	0.81	1.57
20130121	0.0	2.05	1.17
20130122	0.12	1.97	1.08
20130123	0.0	1.03	0.91
20130124	5.32	1.21	0.88
20130125	4.91	4.2	0.92
20130126	12.01	4.42	1.7
20130127	4.89	4.57	3.75
20130128	5.16	5.47	4.91
20130129	16.9	6.68	7.26
20130130	7.14	6.14	8.76
20130131	1.79	4.17	5.77
20130201	1.65	2.77	4.2
20130202	7.82	2.5	3.89
20130203	12.56	6.74	5.54
20130204	11.86	2.66	7.4
20130205	7.15	4.25	8.89
20130206	3.69	2.79	6.06
20130207	2.25	2.11	4.38
20130208	0.63	4.69	3.48
20130209	1.11	5.22	2.82
20130210	7.85	3.51	2.3
20130211	2.76	3.13	3.15
20130212	2.86	2.65	2.96
20130213	9.99	4.49	3.71
20130214	6.22	6.46	5.51
20130215	0.5	5.93	5.31
20130216	0.2	7.39	3.97
20130217	0.0	6.81	3.1
20130218	0.12	3.23	2.41
20130219	0.07	2.09	1.92
20130220	0.2	3.43	1.54
20130221	0.12	0.68	1.26
20130222	1.58	0.2	1.06
20130223	0.0	2.63	0.96
20130224	0.07	1.13	0.88
20130225	0.33	2.28	0.8
20130226	0.07	3.57	0.71
20130227	0.4	4.85	0.64
20130228	0.4	6.8	0.59
20130301	1.01	5.95	0.56
20130302	0.41	6.89	0.55
20130303	0.28	5.68	0.55
20130304	0.14	5.22	0.53
20130305	0.0	5.11	0.48
20130306	0.0	5.41	0.37
20130307	0.14	6.0	0.33
20130308	0.25	4.83	0.28
20130309	0.07	4.38	0.28
20130310	0.29	1.44	0.27
20130311	0.6	0.55	0.27
20130312	1.78	2.27	0.27
20130313	2.76	0.96	0.27
20130314	9.24	3.68	0.31
20130315	1.64	4.13	0.6
20130316	17.21	2.97	0.99
20130317	1.53	4.19	3.55
20130318	0.27	3.31	3.68
20130319	0.0	1.64	2.89
20130320	0.0	2.02	2.12
20130321	0.0	1.52	1.47
20130322	0.0	2.29	0.97
20130323	0.0	1.71	0.74
20130324	0.0	1.61	0.6
20130325	0.0	1.92	0.5
20130326	0.0	1.01	0.42
20130327	0.0	0.87	0.33
20130328	0.0	1.79	0.28
20130329	0.0	1.44	0.27
20130330	0.0	1.04	0.26
20130331	0.0	1.76	0.25
20130401	0.0	1.83	0.24
20130402	0.08	2.0	0.23
20130403	0.0	2.66	0.22
20130404	0.08	4.31	0.15
20130405	0.64	2.95	0.12
20130406	3.88	2.08	0.12
20130407	0.0	2.2	0.12
20130408	0.91	2.7	0.22
20130409	0.08	2.54	0.22
20130410	0.08	3.56	0.19
20130411	1.21	4.21	0.17
20130412	0.08	4.74	0.12
20130413	14.45	4.86	0.12
20130414	7.26	8.95	0.23
20130415	8.92	8.25	0.27
20130416	6.39	7.48	1.5
20130417	15.71	6.83	4.18
20130418	3.21	6.39	5.88
20130419	2.05	6.35	4.15
20130420	11.07	7.92	4.15
20130421	3.92	6.29	4.92
20130422	3.16	7.41	3.82
20130423	5.14	6.72	2.85
20130424	3.09	6.39	2.36
20130425	4.63	5.86	2.09
20130426	3.64	4.51	2.0
20130427	7.31	4.24	2.02
20130428	4.31	5.98	2.32
20130429	2.81	5.68	2.34
20130430	8.05	5.36	2.56
20130501	0.24	5.69	2.39
20130502	23.74	2.86	4.61
20130503	1.3	3.63	5.41
20130504	4.49	5.92	4.13
20130505	1.35	8.72	3.18
20130506	1.66	7.62	2.45
20130507	0.0	11.15	1.96
20130508	6.93	12.2	1.6
20130509	0.0	9.38	1.55
20130510	7.26	7.41	1.37
20130511	1.99	8.19	1.17
20130512	6.4	6.68	1.22
20130513	14.65	5.4	3.05
20130514	8.72	6.49	5.71
20130515	1.13	6.2	6.05
20130516	0.79	6.49	4.24
20130517	0.57	7.03	2.95
20130518	0.0	8.4	2.25
20130519	0.07	10.6	1.84
20130520	0.47	9.36	1.38
20130521	0.54	8.13	1.01
20130522	4.65	6.91	0.78
20130523	2.28	4.81	0.71
20130524	0.0	7.03	0.69
20130525	1.73	8.81	0.64
20130526	11.7	9.28	0.68
20130527	0.0	9.38	1.31
20130528	0.0	11.37	1.08
20130529	0.0	10.95	0.91
20130530	1.17	10.03	0.76
20130531	0.2	8.98	0.66
20130601	0.71	8.67	0.56
20130602	0.0	9.88	0.46
20130603	0.0	11.97	0.38
20130604	0.0	12.77	0.3
20130605	0.0	11.47	0.28
20130606	0.0	10.07	0.27
20130607	0.0	10.73	0.26
20130608	0.0	11.04	0.25
20130609	0.0	13.16	0.24
20130610	0.0	14.64	0.24
20130611	13.42	12.71	0.23
20130612	3.0	11.72	0.25
20130613	0.22	10.89	0.25
20130614	3.96	11.97	0.24
20130615	0.0	11.71	0.24
20130616	0.0	11.49	0.23
20130617	0.0	11.46	0.22
20130618	0.43	12.3	0.21
20130619	2.91	11.44	0.2
20130620	1.09	11.65	0.19
20130621	4.25	10.76	0.19
20130622	6.01	11.31	0.2
20130623	1.73	9.88	0.23
20130624	0.0	9.96	0.25
20130625	0.42	10.85	0.26
20130626	2.94	11.23	0.25
20130627	2.17	12.1	0.26
20130628	0.52	11.91	0.26
20130629	1.99	11.07	0.25
20130630	1.19	11.83	0.26
20130701	2.02	10.49	0.25
20130702	6.19	10.91	0.32
20130703	6.29	11.72	0.47
20130704	1.75	12.7	0.87
20130705	0.83	12.63	0.85
20130706	2.32	12.54	0.8
20130707	0.0	11.63	0.69
20130708	0.0	15.34	0.58
20130709	0.0	14.47	0.46
20130710	0.19	13.71	0.35
20130711	0.0	14.02	0.29
20130712	0.68	15.27	0.27
20130713	0.0	11.85	0.26
20130714	5.85	12.71	0.26
20130715	0.55	14.15	0.26
20130716	4.41	14.83	0.25
20130717	0.0	14.56	0.26
20130718	0.0	16.19	0.25
20130719	0.0	13.9	0.25
20130720	0.0	16.49	0.24
20130721	0.0	16.66	0.23
20130722	0.0	15.94	0.22
20130723	0.27	17.13	0.21
20130724	0.0	18.15	0.19
20130725	3.18	16.67	0.16
20130726	8.14	15.93	0.15
20130727	0.19	15.31	0.13
20130728	1.38	14.07	0.12
20130729	7.41	14.94	0.17
20130730	0.07	14.62	0.33
20130731	2.04	14.36	0.48
20130801	34.13	14.59	1.96
20130802	4.21	16.55	5.61
20130803	7.53	12.93	3.97
20130804	1.25	13.08	3.41
20130805	2.06	12.72	2.32
20130806	0.91	12.12	1.76
20130807	0.0	12.57	1.59
20130808	7.43	13.63	1.36
20130809	0.65	13.01	1.29
20130810	6.33	12.26	1.19
20130811	5.29	11.56	1.35
20130812	1.99	11.77	1.49
20130813	0.55	12.14	1.36
20130814	6.15	14.37	1.21
20130815	0.97	14.4	1.15
20130816	4.91	13.55	1.02
20130817	6.81	13.33	1.08
20130818	1.26	11.83	1.32
20130819	0.83	12.42	1.29
20130820	18.08	13.41	1.75
20130821	0.31	14.57	2.98
20130822	0.43	15.87	2.59
20130823	1.54	14.93	2.11
20130824	0.0	12.75	1.63
20130825	0.0	13.29	1.25
20130826	1.52	13.73	0.97
20130827	0.13	12.37	0.75
20130828	1.95	10.85	0.6
20130829	0.84	13.49	0.84
20130830	5.62	12.82	0.71
20130831	2.05	10.79	0.58
20130901	7.87	12.35	0.65
20130902	3.26	14.07	1.16
20130903	1.54	13.93	1.59
20130904	6.9	13.56	1.9
20130905	2.08	10.09	2.15
20130906	0.95	8.23	1.87
20130907	0.4	10.81	1.49
20130908	0.13	11.59	1.17
20130909	0.43	10.73	0.91
20130910	3.31	11.24	0.73
20130911	0.0	11.85	0.62
20130912	3.19	10.54	0.59
20130913	0.49	8.94	0.57
20130914	22.21	10.06	0.91
20130915	11.63	9.46	3.74
20130916	3.85	8.53	5.05
20130917	6.31	8.62	4.41
20130918	5.16	8.45	4.01
20130919	0.45	8.8	3.47
20130920	1.39	10.97	2.8
20130921	8.12	12.23	2.47
20130922	0.0	14.49	2.78
20130923	0.92	14.68	2.42
20130924	0.0	12.93	1.94
20130925	0.07	10.83	1.72
20130926	0.0	9.09	1.45
20130927	13.25	11.76	1.53
20130928	0.27	13.5	2.42
20130929	0.0	12.38	2.31
20130930	0.01	11.73	1.95
20131001	0.0	12.29	1.59
20131002	2.58	13.8	1.3
20131003	5.46	14.05	1.24
20131004	0.42	12.45	1.24
20131005	6.93	11.96	1.37
20131006	13.79	13.88	1.94
20131007	12.71	14.08	5.26
20131008	8.04	11.4	6.19
20131009	1.55	7.06	5.58
20131010	0.0	7.16	4.25
20131011	0.08	7.42	3.24
20131012	0.21	7.22	2.47
20131013	0.0	8.46	1.91
20131014	0.0	9.53	1.53
20131015	0.28	8.77	1.26
20131016	0.0	7.08	1.06
20131017	0.0	8.7	0.89
20131018	3.87	9.88	0.78
20131019	6.55	11.15	0.78
20131020	0.0	11.14	1.15
20131021	3.18	9.85	1.2
20131022	22.22	11.14	3.27
20131023	3.65	9.38	6.29
20131024	2.36	7.52	5.17
20131025	6.97	8.98	4.8
20131026	18.39	8.5	4.95
20131027	10.07	9.13	9.95
20131028	9.1	7.64	8.56
20131029	2.73	7.59	7.28
20131030	11.89	7.48	6.08
20131031	7.71	7.3	5.76
20131101	5.94	7.41	7.29
20131102	12.05	5.55	7.32
20131103	3.99	5.96	6.33
20131104	0.64	4.65	5.3
20131105	8.42	3.78	4.88
20131106	6.95	5.13	5.82
20131107	11.9	4.33	6.68
20131108	4.53	5.5	6.21
20131109	5.97	3.09	5.87
20131110	11.59	4.8	5.81
20131111	5.9	9.1	6.33
20131112	3.08	6.2	5.64
20131113	13.5	7.94	5.6
20131114	0.34	6.59	5.01
20131115	1.07	10.11	4.17
20131116	2.02	9.33	3.36
20131117	4.78	5.87	2.91
20131118	3.1	3.37	3.21
20131119	23.08	2.38	5.83
20131120	3.15	3.91	7.09
20131121	0.7	1.9	5.02
20131122	1.9	4.39	3.89
20131123	0.63	5.77	3.22
20131124	0.0	3.88	2.72
20131125	2.92	5.31	2.34
20131126	0.54	9.84	2.23
20131127	0.67	9.13	2.04
20131128	7.44	7.59	1.99
20131129	1.42	6.19	2.6
20131130	1.62	7.47	2.61
20131201	0.15	7.65	2.42
20131202	14.46	8.34	2.36
20131203	3.41	5.17	3.78
20131204	24.33	4.87	6.06
20131205	0.31	2.82	9.35
20131206	6.39	-0.04	5.64
20131207	18.21	5.92	6.51
20131208	12.81	9.71	10.32
20131209	0.88	10.37	8.55
20131210	4.35	10.67	5.7
20131211	8.75	11.48	4.83
20131212	10.61	9.86	5.55
20131213	5.43	9.57	6.32
20131214	19.49	6.98	10.31
20131215	13.21	6.32	9.09
20131216	5.95	4.42	7.46
20131217	7.82	6.13	6.19
20131218	10.95	8.3	6.96
20131219	6.2	3.46	7.19
20131220	19.19	5.59	8.61
20131221	6.78	5.92	8.75
20131222	8.23	3.22	8.79
20131223	21.54	3.76	9.24
20131224	19.88	4.61	13.96
20131225	14.81	5.36	13.89
20131226	7.5	4.16	9.64
20131227	23.8	4.78	8.34
20131228	1.6	4.93	12.37
20131229	11.64	3.97	8.68
20131230	0.34	4.14	7.7
20131231	10.81	5.42	6.18
20140101	2.12	5.88	6.59
20140102	3.26	5.53	5.33
20140103	11.85	6.12	5.83
20140104	0.03	4.58	5.82
20140105	7.6	3.93	5.33
20140106	19.8	6.89	7.07
20140107	4.58	7.02	7.79
20140108	2.56	6.03	6.31
20140109	3.17	4.75	5.58
20140110	2.94	4.64	5.11
20140111	1.94	2.51	4.62
20140112	6.34	4.02	4.12
20140113	1.34	4.49	4.22
20140114	8.0	3.49	3.99
20140115	7.04	6.26	5.69
20140116	0.2	3.76	5.35
20140117	0.4	4.64	4.16
20140118	2.4	5.64	3.36
20140119	2.02	6.69	2.86
20140120	1.28	4.88	2.55
20140121	1.27	6.21	2.34
20140122	11.46	6.13	2.26
20140123	4.23	3.33	4.63
20140124	10.01	6.27	5.65
20140125	14.51	4.59	6.18
20140126	26.63	4.63	11.04
20140127	0.01	4.61	13.94
20140128	0.89	3.37	6.86
20140129	0.0	5.22	4.66
20140130	3.68	3.73	3.63
20140131	12.47	3.75	3.12
20140201	10.48	2.87	4.66
20140202	2.24	5.83	5.9
20140203	10.23	7.7	5.07
20140204	0.24	4.56	4.66
20140205	0.46	5.06	3.73
20140206	3.95	4.07	3.09
20140207	8.86	3.46	2.77
20140208	12.24	4.09	5.06
20140209	7.35	4.88	8.7
20140210	4.37	4.51	6.94
20140211	5.22	2.62	5.35
20140212	12.85	2.32	5.53
20140213	8.13	3.79	9.66
20140214	0.68	3.77	6.93
20140215	5.71	4.56	5.18
20140216	0.34	2.81	4.28
20140217	10.04	2.34	3.7
20140218	2.58	3.93	5.82
20140219	21.45	5.37	5.61
20140220	16.41	5.08	13.89
20140221	6.24	4.7	10.29
20140222	22.55	6.29	8.9
20140223	5.5	6.76	12.39
20140224	2.01	6.07	7.44
20140225	11.92	6.51	5.61
20140226	4.72	6.68	6.74
20140227	3.69	5.29	5.68
20140228	8.36	4.88	5.38
20140301	8.78	4.47	5.72
20140302	2.06	4.45	5.79
20140303	11.79	4.52	4.91
20140304	2.47	4.49	6.51
20140305	11.09	6.66	6.06
20140306	3.31	5.71	5.39
20140307	11.56	3.92	4.92
20140308	8.6	7.3	7.37
20140309	0.63	6.22	6.67
20140310	0.0	5.5	4.73
20140311	0.0	6.94	3.68
20140312	0.9	6.55	2.93
20140313	7.5	7.85	2.41
20140314	4.73	7.44	2.73
20140315	0.85	8.19	3.08
20140316	0.61	8.39	3.05
20140317	4.82	8.26	2.74
20140318	6.03	7.87	2.96
20140319	29.62	8.87	5.63
20140320	4.64	5.45	7.97
20140321	6.46	3.73	5.77
20140322	4.46	3.95	5.61
20140323	0.89	3.48	4.75
20140324	0.0	4.58	3.64
20140325	0.34	7.62	2.85
20140326	0.0	7.4	2.26
20140327	0.0	6.15	1.81
20140328	0.41	5.58	1.49
20140329	0.06	7.32	1.25
20140330	0.0	8.71	1.09
20140331	0.0	9.5	0.95
20140401	0.0	8.18	0.82
20140402	0.81	7.07	0.7
20140403	0.81	8.11	0.66
20140404	0.07	8.15	0.6
20140405	4.05	8.27	0.56
20140406	10.11	9.08	1.2
20140407	2.74	7.4	1.4
20140408	2.85	6.78	1.36
20140409	9.24	8.51	1.97
20140410	2.21	6.71	2.63
20140411	12.42	6.32	2.78
20140412	5.58	7.49	3.84
20140413	8.28	6.86	4.54
20140414	0.0	6.82	4.1
20140415	3.17	7.57	3.25
20140416	10.45	8.33	3.27
20140417	0.31	6.28	3.4
20140418	4.79	6.79	2.81
20140419	0.89	8.84	2.57
20140420	0.07	7.51	2.25
20140421	0.0	9.42	1.82
20140422	2.67	9.75	1.48
20140423	6.92	11.54	1.33
20140424	0.48	9.7	1.49
20140425	10.46	7.87	1.61
20140426	0.52	9.72	2.32
20140427	0.0	10.65	2.21
20140428	0.0	10.26	1.88
20140429	0.61	9.53	1.54
20140430	1.63	8.24	1.21
20140501	0.0	6.68	0.98
20140502	0.0	6.87	0.85
20140503	8.27	9.06	0.8
20140504	1.38	10.62	0.85
20140505	3.82	10.13	0.53
20140506	2.64	10.35	0.5
20140507	2.66	9.12	0.62
20140508	6.2	9.31	0.97
20140509	7.68	9.4	2.46
20140510	0.9	9.3	2.11
20140511	2.0	9.36	1.83
20140512	0.16	9.44	1.65
20140513	0.0	7.63	1.33
20140514	0.19	8.73	1.1
20140515	0.31	11.47	0.92
20140516	1.79	10.07	0.77
20140517	11.96	8.55	0.77
20140518	0.69	8.58	1.13
20140519	0.08	10.37	1.09
20140520	2.49	10.24	0.95
20140521	15.44	7.62	2.27
20140522	1.14	7.5	3.18
20140523	1.68	7.03	3.14
20140524	0.09	8.8	2.71
20140525	0.0	9.49	2.24
20140526	0.35	10.51	1.83
20140527	0.15	11.59	1.46
20140528	0.0	11.98	1.15
20140529	0.0	11.25	0.93
20140530	0.0	11.21	0.74
20140531	0.42	11.82	0.61
20140601	5.74	12.82	0.52
20140602	0.65	11.92	0.47
20140603	0.28	10.67	0.41
20140604	1.4	10.34	0.33
20140605	8.25	10.7	0.42
20140606	0.0	12.49	0.46
20140607	13.33	14.04	0.57
20140608	6.52	13.88	1.65
20140609	2.75	13.55	2.23
20140610	0.51	13.25	2.2
20140611	0.34	13.31	1.8
20140612	2.25	13.09	1.42
20140613	5.56	13.17	1.32
20140614	0.0	13.42	1.11
20140615	0.38	12.95	0.88
20140616	0.19	13.15	0.74
20140617	0.17	14.69	0.6
20140618	0.07	13.0	0.49
20140619	0.52	12.12	0.39
20140620	1.13	12.41	0.32
20140621	2.42	12.95	0.28
20140622	3.39	12.59	0.28
20140623	0.1	13.54	0.27
20140624	0.0	13.57	0.26
20140625	0.0	13.31	0.25
20140626	0.0	12.47	0.22
20140627	1.23	10.91	0.2
20140628	0.68	10.52	0.19
20140629	0.55	11.15	0.18
20140630	0.0	12.28	0.17
20140701	0.0	13.08	0.17
20140702	7.02	13.73	0.15
20140703	15.48	12.8	0.15
20140704	0.4	12.74	0.29
20140705	2.65	12.21	0.51
20140706	3.16	12.08	0.6
20140707	0.53	12.03	0.59
20140708	0.0	13.62	0.52
20140709	0.0	13.1	0.44
20140710	0.0	13.1	0.35
20140711	0.48	14.2	0.29
20140712	13.88	14.33	0.31
20140713	0.2	13.67	0.52
20140714	15.33	13.08	1.8
20140715	3.09	13.39	2.24
20140716	2.02	13.22	2.05
20140717	0.0	14.41	1.67
20140718	0.0	16.84	1.13
20140719	2.12	16.66	0.8
20140720	0.0	15.63	0.65
20140721	0.0	15.61	0.51
20140722	0.0	18.33	0.4
20140723	0.0	19.23	0.31
20140724	0.0	19.56	0.28
20140725	0.0	18.59	0.26
20140726	8.46	16.26	0.27
20140727	4.11	14.8	0.27
20140728	0.36	14.73	0.3
20140729	1.11	13.77	0.42
20140730	1.05	13.36	0.4
20140731	0.0	12.7	0.32
20140801	1.71	13.6	0.29
20140802	19.32	13.02	0.47
20140803	4.3	14.23	1.62
20140804	0.38	13.23	1.72
20140805	6.59	14.16	1.62
20140806	5.47	14.58	1.64
20140807	9.56	13.47	2.32
20140808	4.54	13.29	2.17
20140809	0.53	13.47	1.98
20140810	24.69	13.08	1.88
20140811	37.48	11.89	15.35
20140812	2.36	12.56	16.49
20140813	1.34	12.55	7.77
20140814	0.95	12.32	5.08
20140815	1.65	11.83	3.83
20140816	15.32	12.43	3.25
20140817	4.09	11.74	4.2
20140818	3.02	9.5	4.09
20140819	0.4	9.86	3.89
20140820	24.25	9.66	6.16
20140821	1.33	10.32	9.0
20140822	4.74	10.22	5.66
20140823	0.59	9.34	4.11
20140824	0.37	9.91	3.16
20140825	0.0	11.35	2.44
20140826	0.05	11.82	1.93
20140827	6.12	12.37	1.56
20140828	3.17	13.36	1.45
20140829	1.04	13.91	1.38
20140830	0.34	13.02	1.36
20140831	2.22	13.44	1.38
20140901	0.0	13.31	1.24
20140902	0.0	13.14	1.07
20140903	0.0	13.09	0.92
20140904	2.71	14.16	0.81
20140905	6.09	11.73	0.73
20140906	2.25	10.99	0.95
20140907	0.18	11.26	0.97
20140908	0.41	11.4	0.88
20140909	0.0	12.15	0.79
20140910	0.05	12.99	0.69
20140911	0.0	11.93	0.59
20140912	0.0	13.67	0.51
20140913	0.0	13.77	0.44
20140914	0.0	13.28	0.38
20140915	0.64	13.11	0.33
20140916	0.0	14.09	0.37
20140917	0.21	13.14	0.35
20140918	0.05	11.89	0.32
20140919	0.69	12.74	0.29
20140920	0.05	11.77	0.28
20140921	0.0	11.16	0.27
20140922	3.97	11.18	0.27
20140923	13.82	10.93	0.47
20140924	4.74	10.99	1.02
20140925	2.8	13.72	1.6
20140926	1.23	11.49	1.78
20140927	4.94	13.0	1.67
20140928	5.15	12.19	1.79
20140929	0.52	12.46	2.15
20140930	4.89	13.55	2.15
20141001	4.91	10.81	2.64
20141002	17.16	12.23	3.38
20141003	1.07	10.2	5.33
20141004	1.35	8.32	4.21
20141005	8.02	11.38	3.36
20141006	7.47	9.68	4.36
20141007	23.24	7.86	5.73
20141008	2.38	9.46	8.34
20141009	0.21	9.55	5.78
20141010	1.06	8.04	4.16
20141011	6.53	8.16	3.21
20141012	0.0	7.05	2.87
20141013	0.0	6.66	2.46
20141014	0.05	7.58	2.02
20141015	0.0	8.25	1.63
20141016	0.94	10.29	1.36
20141017	13.97	12.65	1.41
20141018	9.27	13.58	3.33
20141019	4.59	11.21	8.92
20141020	15.61	10.27	7.3
20141021	10.73	7.25	8.17
20141022	15.41	10.15	9.72
20141023	4.97	10.22	7.9
20141024	12.81	8.12	6.2
20141025	18.94	9.12	8.52
20141026	9.85	9.39	11.86
20141027	32.17	9.06	14.25
20141028	1.91	6.63	11.32
20141029	6.4	6.44	6.7
20141030	12.22	9.15	6.32
20141031	10.51	12.78	8.7
20141101	23.19	9.7	14.06
20141102	4.61	8.19	13.14
20141103	3.23	6.27	7.23
20141104	2.12	7.22	5.66
20141105	3.85	5.45	4.71
20141106	13.65	9.0	5.07
20141107	1.45	8.55	5.81
20141108	2.92	7.29	4.79
20141109	0.3	4.44	4.06
20141110	0.18	4.69	3.28
20141111	3.44	9.73	2.71
20141112	6.28	10.76	2.96
20141113	0.79	10.34	3.52
20141114	3.94	10.19	3.29
20141115	0.89	6.25	3.08
20141116	0.05	6.93	2.69
20141117	0.0	8.94	2.28
20141118	0.0	9.21	1.96
20141119	0.0	8.65	1.69
20141120	0.07	6.73	1.46
20141121	9.72	6.95	1.28
20141122	3.03	8.32	1.98
20141123	4.52	6.1	2.6
20141124	5.57	7.93	3.14
20141125	3.63	3.36	3.22
20141126	0.59	6.58	3.0
20141127	0.11	5.65	2.44
20141128	0.07	7.51	2.01
20141129	3.16	8.55	1.72
20141130	3.77	7.89	1.6
20141201	6.53	7.27	2.31
20141202	1.1	5.07	2.6
20141203	1.99	8.6	2.48
20141204	5.17	7.46	2.44
20141205	7.27	2.63	2.61
20141206	8.23	7.15	3.21
20141207	10.72	2.92	4.44
20141208	8.0	2.68	5.1
20141209	25.1	5.36	9.24
20141210	15.88	3.54	10.01
20141211	23.46	2.37	9.36
20141212	1.99	2.38	10.43
20141213	18.82	2.39	8.61
20141214	7.24	4.61	9.48
20141215	8.39	2.65	7.41
20141216	9.68	3.66	6.51
20141217	6.95	6.78	6.66
20141218	9.61	4.93	6.1
20141219	6.2	3.75	6.15
20141220	10.12	5.97	5.37
20141221	6.84	8.42	6.05
20141222	9.25	5.47	6.0
20141223	6.56	3.99	5.88
20141224	3.13	4.44	6.31
20141225	1.37	1.37	4.9
20141226	6.09	1.02	3.92
20141227	3.29	1.5	3.47
20141228	0.49	1.62	2.96
20141229	5.77	4.63	2.74
20141230	0.58	8.56	2.95
20141231	7.64	8.75	3.03
20150101	14.08	7.09	4.74
20150102	5.29	4.12	5.69
20150103	2.2	2.69	4.85
20150104	1.18	6.67	3.96
20150105	13.94	9.16	3.92
20150106	9.66	3.88	7.0
20150107	11.3	7.22	10.21
20150108	25.78	3.98	10.93
20150109	12.95	5.98	12.79
20150110	10.18	3.54	9.65
20150111	16.8	5.0	9.81
20150112	5.1	3.96	10.04
20150113	4.16	1.36	6.69
20150114	25.59	2.65	8.33
20150115	8.97	4.31	15.64
20150116	1.37	1.38	9.59
20150117	8.28	2.01	6.06
20150118	1.09	2.64	5.17
20150119	1.63	-1.21	4.25
20150120	7.45	2.58	4.26
20150121	2.91	2.97	4.83
20150122	3.9	3.43	4.51
20150123	6.97	5.18	4.3
20150124	4.06	4.06	4.43
20150125	7.32	7.67	4.62
20150126	3.65	4.36	4.77
20150127	8.91	7.0	4.83
20150128	4.32	2.52	5.69
20150129	11.63	0.99	5.17
20150130	12.62	2.96	8.21
20150131	1.7	2.12	7.99
20150201	3.31	0.96	5.36
20150202	7.22	0.93	4.11
20150203	2.48	1.11	3.52
20150204	1.04	2.2	3.0
20150205	0.2	4.69	3.29
20150206	0.51	4.66	3.37
20150207	0.2	6.12	3.0
20150208	0.68	5.86	2.64
20150209	0.4	6.86	2.31
20150210	0.0	7.11	2.02
20150211	1.35	5.14	1.73
20150212	1.89	6.86	1.56
20150213	0.0	4.38	1.38
20150214	0.2	2.98	1.25
20150215	12.07	6.56	1.56
20150216	8.72	3.9	2.31
20150217	7.39	6.51	3.61
20150218	25.59	9.18	8.0
20150219	4.79	4.86	9.11
20150220	6.17	2.41	6.8
20150221	8.79	2.09	6.48
20150222	13.45	2.57	6.91
20150223	14.8	2.9	7.64
20150224	2.56	3.75	8.01
20150225	12.15	4.88	6.74
20150226	9.32	3.97	7.8
20150227	4.26	5.02	6.93
20150228	26.4	5.27	9.77
20150301	19.65	3.89	15.32
20150302	4.74	1.1	10.99
20150303	9.86	1.93	7.73
20150304	0.65	4.95	7.21
20150305	6.11	6.95	5.92
20150306	29.19	7.18	11.5
20150307	20.08	8.35	15.2
20150308	5.3	4.06	10.8
20150309	20.53	5.26	11.22
20150310	0.36	5.06	9.2
20150311	9.08	5.19	7.04
20150312	7.06	5.58	6.5
20150313	0.05	4.59	5.21
20150314	0.0	4.66	4.12
20150315	0.0	3.53	3.3
20150316	0.0	4.75	2.67
20150317	0.05	5.56	2.21
20150318	0.1	5.49	1.88
20150319	7.39	7.47	1.79
20150320	1.05	7.09	1.86
20150321	2.83	6.49	1.78
20150322	3.9	7.12	1.82
20150323	4.89	5.67	1.96
20150324	2.29	3.59	2.38
20150325	6.59	3.91	2.46
20150326	1.06	4.1	2.77
20150327	14.27	4.7	2.69
20150328	8.52	5.64	4.7
20150329	7.64	3.47	5.22
20150330	17.98	3.16	6.47
20150331	8.48	2.72	8.4
20150401	0.84	3.13	8.0
20150402	9.0	4.76	5.5
20150403	0.92	5.7	5.38
20150404	0.09	7.69	4.58
20150405	0.0	7.56	3.68
20150406	0.76	9.03	2.99
20150407	2.0	8.41	2.51
20150408	0.0	9.06	2.21
20150409	0.0	8.75	1.91
20150410	1.26	10.44	1.59
20150411	4.63	4.51	1.4
20150412	1.85	4.62	1.25
20150413	14.29	6.68	1.63
20150414	1.58	8.11	2.57
20150415	0.56	6.18	2.69
20150416	1.93	7.15	2.41
20150417	0.09	6.05	1.99
20150418	0.0	7.09	1.62
20150419	0.09	7.7	1.32
20150420	0.0	8.12	1.12
20150421	0.12	9.96	0.95
20150422	0.12	8.95	0.8
20150423	1.12	8.54	0.7
20150424	3.47	6.51	0.64
20150425	8.53	3.67	0.68
20150426	7.71	2.26	1.82
20150427	3.87	2.87	2.38
20150428	9.79	3.26	4.04
20150429	2.58	4.71	4.89
20150430	0.12	5.25	4.06
20150501	0.0	4.09	3.1
20150502	0.79	6.48	2.27
20150503	14.36	5.55	2.13
20150504	1.07	8.5	2.78
20150505	26.08	7.85	4.18
20150506	3.18	6.0	8.14
20150507	0.52	4.47	5.73
20150508	0.1	6.01	4.03
20150509	2.04	6.17	3.03
20150510	20.22	8.49	4.66
20150511	10.38	9.66	5.71
20150512	0.63	8.74	5.26
20150513	0.0	7.23	3.98
20150514	0.13	8.76	3.07
20150515	3.59	8.12	2.44
20150516	10.4	6.58	2.16
20150517	5.57	6.46	2.59
20150518	6.38	6.58	3.82
20150519	1.23	6.95	4.92
20150520	5.22	8.8	3.96
20150521	2.97	9.44	3.98
20150522	0.0	8.95	3.57
20150523	5.27	8.26	2.97
20150524	2.78	7.88	2.53
20150525	0.73	8.47	2.15
20150526	0.6	8.45	1.83
20150527	6.8	8.18	1.6
20150528	8.49	6.8	1.78
20150529	2.65	6.82	1.32
20150530	11.16	8.49	1.42
20150531	3.14	7.33	2.55
20150601	5.52	7.02	2.71
20150602	1.58	7.66	2.92
20150603	0.29	8.25	2.58
20150604	3.14	8.73	2.1
20150605	11.13	10.14	2.0
20150606	6.79	9.49	2.72
20150607	0.67	8.63	3.42
20150608	0.17	8.99	2.94
20150609	0.0	9.72	2.34
20150610	0.0	10.7	1.84
20150611	0.65	9.96	1.45
20150612	0.29	9.0	1.15
20150613	0.0	7.94	0.93
20150614	0.29	7.6	0.77
20150615	0.64	8.65	0.64
20150616	6.77	10.69	0.64
20150617	4.45	10.32	0.62
20150618	2.23	9.16	0.73
20150619	2.91	9.19	0.81
20150620	3.54	11.04	0.92
20150621	9.02	9.91	1.26
20150622	0.0	9.84	1.55
20150623	0.0	9.4	1.47
20150624	0.37	8.96	1.3
20150625	4.79	11.8	1.16
20150626	1.56	13.03	1.12
20150627	5.3	12.64	1.07
20150628	2.36	12.95	1.18
20150629	20.75	12.24	1.56
20150630	1.04	15.61	5.24
20150701	4.83	15.96	4.69
20150702	0.34	14.18	3.65
20150703	0.0	14.97	2.77
20150704	5.58	13.54	2.23
20150705	3.43	13.4	2.37
20150706	12.61	13.24	3.33
20150707	9.37	11.86	5.29
20150708	0.54	10.16	4.44
20150709	21.27	10.02	3.22
20150710	8.81	11.9	7.86
20150711	19.15	12.8	8.27
20150712	0.32	11.8	8.9
20150713	0.31	11.79	4.95
20150714	0.13	11.04	3.31
20150715	0.01	11.44	2.51
20150716	3.67	11.45	1.97
20150717	0.68	13.81	1.63
20150718	7.51	11.38	1.41
20150719	1.4	10.51	1.42
20150720	6.85	11.62	1.79
20150721	1.21	11.71	2.15
20150722	8.44	11.19	1.98
20150723	7.86	11.12	2.77
20150724	1.13	11.23	3.01
20150725	0.38	10.51	2.52
20150726	0.0	11.48	2.01
20150727	7.17	11.22	1.62
20150728	1.52	10.78	1.8
20150729	0.81	9.83	1.86
20150730	1.45	10.28	1.66
20150731	4.67	11.16	1.56
20150801	5.05	10.04	1.86
20150802	8.84	11.6	1.85
20150803	5.85	14.19	2.55
20150804	3.45	12.49	2.54
20150805	5.09	12.24	2.52
20150806	0.32	12.23	2.64
20150807	0.29	12.1	2.16
20150808	3.35	12.02	1.75
20150809	1.81	12.99	1.5
20150810	2.28	12.87	1.57
20150811	0.42	11.79	1.48
20150812	0.18	12.42	1.21
20150813	1.08	13.19	0.98
20150814	0.23	11.76	0.79
20150815	1.8	11.17	0.69
20150816	0.52	11.36	0.64
20150817	0.0	11.17	0.62
20150818	0.0	11.47	0.6
20150819	2.3	13.0	0.59
20150820	2.84	14.67	0.5
20150821	0.39	14.1	0.43
20150822	4.45	13.96	0.39
20150823	0.05	16.59	0.41
20150824	0.01	15.03	0.43
20150825	3.65	11.94	0.4
20150826	16.57	10.36	0.98
20150827	4.35	11.38	2.15
20150828	5.33	12.87	2.11
20150829	4.36	12.48	2.38
20150830	1.78	12.23	2.36
20150831	0.74	11.11	2.11
20150901	0.55	10.09	1.91
20150902	1.18	9.43	1.72
20150903	0.65	9.71	1.55
20150904	0.26	10.4	1.38
20150905	0.64	9.87	1.19
20150906	0.95	11.33	1.01
20150907	0.16	10.6	0.86
20150908	0.2	11.55	0.73
20150909	0.0	11.7	0.61
20150910	0.16	13.55	0.5
20150911	0.0	14.25	0.41
20150912	5.66	12.8	0.35
20150913	1.56	10.46	0.34
20150914	3.58	10.54	0.3
20150915	0.27	10.89	0.37
20150916	1.07	10.89	0.46
20150917	1.87	10.79	0.54
20150918	0.0	10.43	0.56
20150919	0.69	10.32	0.53
20150920	6.73	12.55	0.61
20150921	2.91	11.01	0.9
20150922	2.0	10.13	1.22
20150923	3.67	10.5	1.34
20150924	8.14	8.84	1.81
20150925	1.16	10.39	2.66
20150926	0.0	12.27	2.41
20150927	1.21	12.59	2.0
20150928	0.0	13.18	1.61
20150929	0.05	12.87	1.2
20150930	0.16	10.76	0.94
