temperature
4.586363636363637
4.246363636363636
5.011818181818182
5.223636363636364
4.989090909090909
4.63
4.521818181818182
4.128181818181818
4.974545454545455
4.547272727272727
4.835454545454545
4.753636363636364
4.424545454545455
4.579090909090909
5.949090909090909
4.3954545454545455
4.173636363636363
4.293636363636364
4.401818181818182
4.041818181818182
4.3127272727272725
4.3500000000000005
4.39
4.3145454545454545
5.278181818181818
4.767272727272727
5.159090909090909
5.381818181818182
4.7709090909090905
5.015454545454546
4.8963636363636365
3.6709090909090905
3.521818181818182
4.792727272727273
4.286363636363636
4.140909090909091
3.989090909090909
3.9345454545454546
4.043636363636364
4.666363636363636
3.7390909090909092
4.046363636363636
4.429090909090909
4.75
4.914545454545455
5.197272727272727
5.627272727272728
5.475454545454546
4.504545454545454
3.6572727272727277
4.446363636363636
4.497272727272727
3.9790909090909086
5.2727272727272725
4.82
4.910909090909091
5.0227272727272725
5.124545454545454
5.06
4.433636363636364
3.696363636363636
3.456363636363636
3.9663636363636368
4.638181818181819
5.333636363636364
6.177272727272728
4.906363636363636
4.828181818181818
5.158181818181818
5.1036363636363635
4.988181818181818
5.213636363636364
5.911818181818182
5.933636363636364
6.056363636363637
6.19
5.597272727272728
5.941818181818181
5.694545454545454
5.8145454545454545
5.8518181818181825
5.633636363636364
5.37
5.739090909090909
6.162727272727273
5.84909090909091
5.09
5.219090909090909
5.903636363636363
6.023636363636364
6.3136363636363635
6.613636363636363
5.915454545454546
6.165454545454545
6.78
6.453636363636364
5.834545454545455
6.281818181818181
7.025454545454545
7.489090909090908
6.885454545454545
6.550909090909091
6.8109090909090915
7.321818181818181
7.024545454545454
6.659090909090909
6.697272727272727
6.744545454545454
6.787272727272727
7.16090909090909
8.041818181818183
8.759090909090908
8.354545454545454
8.362727272727271
7.572727272727272
7.547272727272727
7.834545454545454
8.236363636363636
8.412727272727272
8.375454545454545
7.705454545454544
7.8536363636363635
7.776363636363637
8.918181818181818
9.215454545454547
8.562727272727273
8.798181818181819
9.103636363636364
9.038181818181819
8.590000000000002
8.197272727272727
8.106363636363637
8.248181818181818
8.636363636363637
8.482727272727272
8.090909090909092
8.200000000000001
8.586363636363636
9.13090909090909
9.219090909090909
9.239090909090908
9.082727272727272
9.006363636363636
9.166363636363636
9.075454545454546
9.185454545454546
9.736363636363636
9.866363636363637
9.553636363636365
10.034545454545453
10.403636363636364
10.960909090909091
11.226363636363637
11.067272727272726
10.654545454545454
10.66090909090909
10.450909090909091
11.052727272727273
11.898181818181818
11.85
11.865454545454547
11.818181818181818
10.794545454545455
10.226363636363637
10.633636363636363
10.969090909090909
11.428181818181818
11.44090909090909
11.583636363636364
11.018181818181818
11.260909090909092
11.535454545454545
11.934545454545455
11.359166666666667
11.457500000000001
11.585833333333333
12.3375
12.475833333333334
12.725
12.994166666666667
13.511666666666665
13.551666666666668
13.290833333333333
13.398333333333333
13.859166666666667
13.555
13.028333333333334
12.488333333333335
12.350833333333334
12.4125
12.450000000000001
12.673333333333334
12.424999999999999
12.597499999999998
12.363333333333335
12.931666666666667
13.011666666666665
13.290833333333333
13.495
12.9425
13.129166666666668
13.016666666666666
13.348333333333334
14.005
13.921666666666667
13.943333333333333
13.784999999999998
13.710833333333333
13.400833333333333
13.209166666666667
13.321666666666665
13.291666666666666
13.465833333333334
13.735
13.995
13.813333333333333
13.469166666666666
13.092500000000001
12.870833333333332
12.841666666666667
13.405
13.06
13.135833333333332
13.224166666666667
13.268333333333333
13.313333333333333
13.020000000000001
13.035833333333334
13.168333333333335
12.818333333333333
12.830833333333333
12.933333333333332
12.990833333333333
12.540833333333333
12.8725
12.777499999999998
12.365
11.865833333333333
11.763333333333334
12.15
12.269166666666665
12.583333333333334
12.1225
12.055
12.351666666666667
12.453333333333333
13.138333333333334
12.582500000000001
12.400833333333333
11.911666666666667
12.044166666666667
12.225833333333334
12.99
12.738333333333332
12.729999999999999
12.341666666666667
11.190833333333332
11.023333333333333
11.0625
11.034166666666666
10.996666666666668
10.921666666666667
11.078333333333333
11.8225
11.775
11.1875
10.670833333333334
10.885
10.896666666666667
11.536666666666667
11.6825
11.053333333333333
10.762500000000001
10.441818181818181
10.73
10.456363636363635
9.395454545454545
10.06909090909091
9.960909090909091
10.003636363636364
10.126363636363637
9.73090909090909
9.475454545454546
9.383636363636363
9.101818181818182
10.01
10.595454545454546
9.715454545454547
8.587272727272728
8.868181818181817
8.93090909090909
8.509090909090908
9.040909090909091
8.780909090909091
9.077272727272726
8.711818181818181
8.608181818181817
8.894545454545455
8.735454545454546
8.537272727272727
8.642727272727273
8.68090909090909
9.521818181818183
9.219090909090909
7.833636363636364
8.055454545454545
8.003636363636362
7.630000000000001
6.74909090909091
7.517272727272727
7.672727272727273
7.109090909090909
6.899090909090909
6.8981818181818175
7.459090909090909
7.6827272727272735
7.545454545454546
7.675454545454546
7.38909090909091
6.675454545454545
6.275454545454545
6.073636363636364
6.800909090909091
6.710909090909092
6.042727272727273
5.669090909090909
6.142727272727272
5.90090909090909
5.36
6.503636363636363
6.365454545454545
5.108181818181818
4.23
4.964545454545455
4.625454545454545
4.12
4.391818181818182
5.096363636363637
4.64
4.035454545454545
4.07
5.271818181818182
6.308181818181819
6.402727272727273
5.745454545454546
4.690909090909091
5.534545454545455
5.913636363636363
5.582727272727272
4.08909090909091
3.8018181818181818
3.2436363636363637
3.210909090909091
4.162727272727273
5.024545454545454
5.078181818181818
4.743636363636363
4.34
4.300909090909091
4.47
3.830909090909091
3.6854545454545455
4.090909090909091
4.888181818181818
4.97
