temperature
4.899090909090909
4.241363636363636
4.11
4.124545454545454
4.878636363636364
4.572727272727272
4.6850000000000005
4.995909090909091
4.609545454545454
4.986818181818182
5.001363636363636
5.511363636363637
5.873181818181819
4.86090909090909
5.64
4.948181818181818
4.873636363636364
4.968636363636364
5.4809090909090905
4.92
4.584090909090909
4.4395454545454545
4.366818181818181
4.013636363636364
4.26
3.938636363636363
3.848181818181818
4.127272727272727
4.322272727272727
4.028181818181818
3.9690909090909092
4.115
3.855909090909091
4.03090909090909
5.369090909090909
5.280909090909091
5.120454545454546
4.5213636363636365
4.1059090909090905
4.013636363636364
4.613181818181818
5.115909090909091
5.593181818181818
4.803181818181819
4.073181818181818
4.569999999999999
4.816363636363636
4.683181818181819
4.753181818181818
4.595
4.130454545454546
4.525454545454545
4.713181818181818
5.175
5.559090909090909
5.465909090909091
5.451363636363637
5.330454545454545
5.125
5.0213636363636365
4.565454545454545
4.538636363636363
4.58909090909091
4.6890909090909085
5.347727272727273
6.287272727272727
6.476363636363636
6.495909090909091
6.29909090909091
6.128181818181818
5.956818181818182
5.6850000000000005
5.834545454545455
6.935454545454546
7.025454545454545
7.1863636363636365
6.675454545454545
5.946363636363636
5.983636363636363
6.308181818181819
6.635454545454545
6.825454545454545
7.009090909090909
7.244999999999999
6.922727272727273
6.656363636363636
6.8554545454545455
7.454090909090909
7.824545454545454
8.165909090909091
8.253913043478262
8.335652173913044
7.929130434782609
7.785217391304348
7.617826086956522
8.31695652173913
7.117391304347826
7.210869565217391
7.510434782608696
8.09
7.855652173913044
7.590869565217392
7.630869565217391
8.093043478260869
8.312173913043479
8.411739130434782
8.641739130434782
8.29391304347826
7.859565217391305
8.43304347826087
9.335217391304349
9.937826086956521
10.298695652173913
10.373043478260868
10.542173913043479
10.215217391304348
10.364347826086956
10.431739130434783
10.268260869565216
10.424347826086956
10.630434782608695
10.613478260869567
10.529565217391305
10.225652173913044
10.529130434782608
10.720869565217392
11.013478260869565
11.02086956521739
11.10391304347826
11.639130434782608
11.83695652173913
11.347391304347827
11.115652173913043
11.182608695652174
11.266521739130434
11.688695652173914
11.496956521739131
11.454782608695652
11.728695652173913
11.889565217391304
11.854347826086956
11.959130434782608
12.549565217391304
12.84913043478261
12.741304347826087
12.550869565217392
12.389565217391304
12.376521739130435
12.579565217391304
13.07304347826087
13.383478260869564
13.481304347826086
14.151739130434782
13.725217391304348
13.29304347826087
13.61304347826087
13.914782608695653
14.123913043478263
13.980434782608697
14.233478260869566
14.166086956521738
13.908260869565217
13.949565217391303
14.096086956521738
14.444782608695652
14.319130434782608
14.816086956521739
15.22391304347826
15.290434782608695
15.406521739130437
15.241304347826087
14.723478260869564
14.64913043478261
14.953913043478261
15.085652173913042
15.318695652173913
15.537826086956523
15.80608695652174
15.828695652173913
16.173478260869565
16.023478260869567
16.246521739130436
16.16
16.246521739130436
16.229565217391304
15.759565217391305
15.795217391304348
15.892608695652173
15.889130434782608
16.166521739130435
16.243913043478262
16.247826086956522
16.101739130434783
16.018695652173914
16.607391304347825
16.887826086956522
16.954782608695652
16.52695652173913
16.690434782608694
17.270869565217392
17.098260869565216
16.83478260869565
16.648260869565217
17.123478260869565
17.304347826086957
17.236521739130435
17.14217391304348
17.57695652173913
17.667826086956524
17.496521739130436
17.13217391304348
17.038260869565217
17.438260869565216
17.284782608695654
17.285652173913043
17.109565217391303
17.55695652173913
17.481739130434782
17.383478260869566
17.13391304347826
17.321304347826086
17.129565217391306
17.45173913043478
16.97304347826087
16.45173913043478
16.41913043478261
16.90913043478261
16.572608695652175
16.549565217391304
16.74
16.891304347826086
16.893478260869564
16.651739130434784
16.626521739130432
16.337391304347825
15.664782608695653
15.738260869565218
16.108260869565218
15.421739130434782
14.904347826086957
14.931304347826087
15.295217391304348
15.380434782608695
14.991304347826087
15.193478260869565
15.525652173913045
15.26086956521739
15.243478260869566
15.319565217391306
15.082173913043478
14.942608695652174
14.87
14.906521739130437
15.070434782608697
14.728260869565217
13.879565217391304
13.643478260869566
13.346521739130436
13.428695652173914
13.047391304347824
13.467391304347826
13.910434782608695
13.953478260869565
13.839565217391305
13.522608695652172
13.313478260869564
13.160869565217391
12.695217391304348
12.841739130434783
13.184782608695652
13.32913043478261
13.326086956521738
13.614782608695652
13.721363636363636
12.819090909090908
12.432272727272727
11.793636363636363
11.465909090909092
12.064545454545454
11.34
12.337272727272728
12.506818181818181
12.363181818181818
12.175454545454546
11.552727272727273
11.37
11.061363636363636
10.899545454545454
10.739545454545455
10.572727272727272
9.752272727272727
10.038181818181819
9.725
10.605
10.669545454545455
10.612727272727271
10.764545454545454
10.61909090909091
10.65
10.643181818181818
10.098636363636365
9.850909090909092
10.204545454545455
10.053636363636365
9.279545454545454
9.012727272727274
9.345
8.656818181818181
8.881363636363636
8.54590909090909
8.373181818181818
8.768181818181818
7.880909090909091
8.05409090909091
8.499090909090908
8.167727272727273
8.135454545454545
7.462727272727273
7.073636363636364
6.655454545454546
6.669090909090909
6.802272727272728
6.516363636363637
6.467727272727273
6.254090909090909
6.418181818181818
5.972272727272727
6.431818181818182
6.5590909090909095
6.691363636363636
6.6872727272727275
6.568636363636363
6.514545454545455
6.171363636363637
6.122727272727272
5.838636363636363
5.696818181818181
5.805000000000001
5.425454545454546
5.168181818181818
5.225909090909091
5.233636363636363
5.045454545454546
4.719090909090909
4.97
5.183181818181819
5.320909090909091
4.514545454545455
4.3559090909090905
4.282727272727272
3.891363636363636
4.344090909090909
4.108636363636363
3.3345454545454545
4.524545454545454
4.626818181818181
5.262272727272727
5.798181818181818
4.815909090909091
4.2250000000000005
4.154545454545455
3.752272727272727
3.74
4.363181818181818
4.446363636363636
