pet
0.31684210526315787
0.34157894736842104
0.4568421052631579
0.33
0.2831578947368421
0.2736842105263158
0.29578947368421055
0.25473684210526315
0.33
0.371578947368421
0.3742105263157895
0.5115789473684211
0.2768421052631579
0.31526315789473686
0.4357894736842105
0.3278947368421053
0.3121052631578947
0.35000000000000003
0.3394736842105263
0.33473684210526317
0.31526315789473686
0.31894736842105265
0.25473684210526315
0.34157894736842104
0.33473684210526317
0.3136842105263158
0.32052631578947366
0.3673684210526316
0.3447368421052632
0.3778947368421052
0.4126315789473684
0.4621052631578947
0.42000000000000004
0.48157894736842105
0.40578947368421053
0.3605263157894737
0.46842105263157896
0.48
0.54
0.4431578947368421
0.4336842105263158
0.42894736842105263
0.3584210526315789
0.43
0.4163157894736842
0.5152631578947369
0.5342105263157895
0.42157894736842105
0.4715789473684211
0.5510526315789473
0.5757894736842105
0.6
0.7073684210526315
0.63
0.6510526315789474
0.7252631578947368
0.7331578947368421
0.6868421052631579
0.6921052631578948
0.6694736842105263
0.6868421052631579
0.6378947368421052
0.741578947368421
0.7952631578947368
0.7647368421052632
0.7478947368421053
0.8194736842105264
0.7789473684210527
0.8694736842105263
0.901578947368421
0.8910526315789473
0.881578947368421
0.8873684210526316
0.8910526315789473
0.8421052631578947
0.9563157894736843
1.0173684210526317
1.05
1.0094736842105263
1.0294736842105263
0.9510526315789474
1.12
1.1263157894736842
1.068421052631579
1.1921052631578946
1.1189473684210525
1.1821052631578948
1.166842105263158
1.1263157894736842
1.3115789473684212
1.3663157894736842
1.3721052631578947
1.2689473684210526
1.2836842105263158
1.4131578947368422
1.313157894736842
1.3731578947368421
1.431578947368421
1.4521052631578948
1.5794736842105261
1.4852631578947368
1.5694736842105264
1.516315789473684
1.5378947368421052
1.773157894736842
1.826842105263158
1.8731578947368424
1.7194736842105265
1.993684210526316
1.8473684210526315
1.778421052631579
1.7073684210526314
1.797894736842105
1.7363157894736843
1.7373684210526315
1.743157894736842
1.8263157894736843
1.7884210526315787
2.088421052631579
2.0373684210526317
2.21
2.186842105263158
2.1815789473684206
2.090526315789474
1.916842105263158
2.0373684210526317
2.23
2.3468421052631583
2.3131578947368423
2.2573684210526315
2.234736842105263
2.2363157894736845
2.5510526315789472
2.3615789473684208
2.024736842105263
2.1194736842105266
2.0542105263157895
2.0105263157894737
2.032631578947368
2.1136842105263156
2.380526315789474
2.48
2.451578947368421
2.596315789473684
2.435263157894737
2.532631578947368
2.2805263157894737
2.316315789473684
2.376315789473684
2.7142105263157896
2.818947368421053
2.5278947368421054
2.5005263157894735
2.6294736842105264
2.366842105263158
2.378947368421053
2.467368421052632
2.498421052631579
2.4873684210526315
2.5878947368421055
2.684736842105263
2.5778947368421057
2.31
2.0778947368421052
2.480526315789474
2.2557894736842106
2.306842105263158
2.518421052631579
2.1905263157894734
2.3847368421052635
2.557894736842105
2.34
2.2736842105263158
2.3389473684210524
2.338421052631579
2.409473684210526
2.6989473684210528
2.276315789473684
2.393157894736842
2.3442105263157895
2.1226315789473684
2.3952631578947368
2.2557894736842106
2.407368421052632
2.371052631578947
2.5236842105263158
2.1389473684210527
2.328421052631579
2.5189473684210526
2.6189473684210527
2.230526315789474
2.6042105263157893
2.3015789473684207
2.4905263157894737
2.438421052631579
2.535263157894737
2.4610526315789474
2.4757894736842103
2.484736842105263
2.193157894736842
2.3042105263157895
2.208421052631579
2.61
2.3689473684210527
2.495789473684211
2.338421052631579
2.2957894736842106
2.340526315789474
1.9642105263157894
2.0773684210526313
2.2257894736842103
2.0
2.0436842105263158
1.965263157894737
2.1100000000000003
2.1794736842105262
2.113157894736842
1.9663157894736842
2.037894736842105
2.1242105263157893
2.084736842105263
1.7747368421052632
1.601578947368421
1.815263157894737
1.831578947368421
1.7294736842105263
1.928421052631579
1.88
1.8589473684210527
1.6347368421052633
1.7642105263157897
1.7184210526315788
1.8457894736842106
2.0363157894736843
1.6689473684210527
1.9300000000000002
1.658421052631579
1.8294736842105261
1.558421052631579
1.6373684210526316
1.7678947368421054
1.591578947368421
1.6247368421052633
1.365263157894737
1.5147368421052632
1.5278947368421052
1.5757894736842106
1.4363157894736842
1.4457894736842105
1.5526315789473684
1.5152631578947369
1.538421052631579
1.558421052631579
1.2942105263157895
1.33
1.3378947368421052
1.2584210526315789
1.2826315789473686
1.1905263157894737
1.158421052631579
1.0710526315789475
1.161578947368421
1.1500000000000001
1.11
1.2189473684210526
1.1110526315789473
1.1505263157894736
1.0289473684210526
1.0184210526315791
0.8468421052631578
0.8842105263157896
0.9005263157894736
0.9057894736842106
1.0005555555555556
0.9083333333333334
0.9750000000000001
0.9261111111111112
0.8583333333333334
0.9377777777777777
0.8622222222222222
0.7416666666666667
0.8716666666666666
0.8755555555555555
0.7266666666666667
0.635
0.61
0.5988888888888889
0.6244444444444445
0.62
0.6436842105263159
0.6573684210526316
0.6278947368421053
0.62
0.6005263157894737
0.5726315789473685
0.53
0.5684210526315789
0.65
0.6073684210526317
0.6657894736842106
0.6594736842105263
0.5552631578947369
0.5694736842105264
0.5652631578947368
0.46421052631578946
0.48315789473684206
0.5010526315789473
0.46684210526315784
0.4678947368421052
0.4921052631578947
0.4942105263157895
0.4884210526315789
0.47789473684210526
0.3910526315789474
0.54
0.4515789473684211
0.3973684210526316
0.3794736842105263
0.2984210526315789
0.30105263157894735
0.31894736842105265
0.29894736842105263
0.34
0.39789473684210525
0.39052631578947367
0.28526315789473683
0.3063157894736842
0.34578947368421054
0.4242105263157895
0.3621052631578947
0.3805263157894737
0.2710526315789474
0.2336842105263158
0.31157894736842107
0.31105263157894736
0.27578947368421053
0.35157894736842105
0.2663157894736842
0.2963157894736842
0.26526315789473687
0.37
0.35736842105263156
0.33157894736842103
0.3794736842105263
0.27842105263157896
0.20157894736842105
0.28421052631578947
0.3621052631578947
0.3489473684210526
0.34
0.3078947368421053
0.19421052631578947
0.2168421052631579
0.26
0.3294736842105263
0.24105263157894738
0.25473684210526315
0.3805263157894737
0.2473684210526316
0.20473684210526316
0.21947368421052632
0.2310526315789474
0.21947368421052632
0.2210526315789474
0.27210526315789474
