temperature
4.2705
4.1775
3.995
4.379
4.8545
4.713500000000001
3.496
4.0200000000000005
4.5035
3.9085
3.3579999999999997
2.7064999999999997
2.276
2.4844999999999997
3.559
4.063000000000001
3.2825
2.675
3.5490000000000004
3.8625
4.4845
4.239
4.2835
4.16
3.9939999999999998
3.5215000000000005
3.375
3.818
3.879
3.5170000000000003
3.6335
4.0035
3.879
4.3805
4.582
4.9145
5.0725
4.673
4.0705
3.779
3.1900000000000004
2.9455
3.0349999999999997
2.9829999999999997
2.4059999999999997
2.4884999999999997
2.6365000000000003
3.075
3.218
3.107
2.7135000000000002
2.9029999999999996
3.6325000000000003
4.005
4.1435
3.4385
3.8590000000000004
4.5795
4.849
4.7935
5.1005
5.239
4.904
5.4335
5.8575
6.3005
6.136
5.8635
6.555
6.7265
5.9704999999999995
6.16
6.113
5.9365000000000006
5.246
5.877000000000001
5.803
5.867
5.4254999999999995
5.596
5.9955
6.1899999999999995
6.648000000000001
6.899500000000001
6.1884999999999994
6.3715
6.1850000000000005
6.081
6.572
6.578
7.2540000000000004
6.456
5.846
5.7325
5.8295
6.4079999999999995
6.535500000000001
6.7075000000000005
7.029999999999999
7.369
7.4155
7.868
7.517
7.6545000000000005
7.876
8.27
7.977368421052631
7.436315789473684
8.126842105263158
8.17157894736842
8.069999999999999
9.07578947368421
9.149473684210527
8.67315789473684
8.597894736842106
8.534210526315789
8.92315789473684
8.702105263157895
9.403157894736841
9.607368421052632
9.551578947368421
9.326315789473684
9.59421052631579
9.525789473684211
9.722105263157895
10.13421052631579
10.051052631578948
10.301578947368421
9.772105263157894
9.706842105263158
10.739473684210527
10.787894736842105
10.97
11.317368421052631
11.406842105263157
11.146842105263158
11.167894736842106
11.136315789473684
11.15578947368421
11.91421052631579
11.86
11.963157894736844
12.53
12.735263157894737
12.634736842105264
12.472105263157895
12.32421052631579
11.794736842105262
12.227894736842105
12.228947368421052
12.552105263157895
13.146315789473684
13.052631578947368
13.376842105263158
13.169473684210526
12.971052631578948
12.90842105263158
12.59578947368421
12.641052631578948
13.23263157894737
13.103684210526316
13.082105263157894
12.973684210526315
13.08578947368421
13.55736842105263
13.332631578947368
13.922631578947367
14.054736842105264
13.909473684210528
14.312105263157894
14.693157894736842
14.248421052631578
14.233157894736843
13.850526315789475
13.762105263157896
14.327894736842106
14.839473684210526
15.015789473684212
15.087894736842106
15.354210526315791
15.275263157894738
15.03
14.996842105263157
15.167894736842106
15.621578947368421
16.134736842105262
15.940000000000001
16.032105263157895
16.437894736842104
16.113684210526316
16.225263157894734
16.53421052631579
16.324736842105263
16.615263157894738
16.361052631578946
16.521052631578947
16.177894736842106
15.652631578947368
15.792105263157895
16.19684210526316
16.41842105263158
16.202105263157897
16.076315789473682
16.30736842105263
16.476315789473684
16.495789473684212
16.622631578947367
16.80842105263158
16.867894736842107
17.01
16.948421052631577
16.716842105263158
16.318421052631578
16.673684210526318
16.97684210526316
16.301052631578948
16.252105263157897
15.996315789473684
15.503157894736843
15.657368421052633
16.11052631578947
16.057368421052633
16.227894736842103
16.079473684210527
15.680000000000001
15.847894736842106
16.364736842105263
15.847368421052632
15.687368421052632
15.70894736842105
16.11315789473684
16.488947368421055
16.41578947368421
16.61
14.987894736842104
14.882631578947368
15.135263157894736
15.276842105263157
14.813684210526315
14.982105263157893
15.049999999999999
15.212105263157893
14.737894736842104
14.987894736842104
14.862105263157895
14.370526315789474
13.986315789473684
13.975263157894735
13.945263157894736
14.138421052631578
14.371052631578948
14.196842105263158
14.303684210526315
13.997894736842104
13.902105263157894
13.465789473684211
13.053157894736842
13.16263157894737
13.533684210526316
13.757894736842104
13.670526315789473
13.353157894736842
13.003684210526316
13.08736842105263
12.692631578947369
12.82842105263158
12.878947368421052
12.523157894736842
12.404736842105264
12.36578947368421
12.655263157894737
12.352631578947367
12.241052631578947
12.460526315789474
11.846315789473683
11.75263157894737
11.619473684210528
11.39578947368421
11.480526315789474
11.688421052631579
11.174736842105263
11.918421052631578
11.765789473684212
11.101052631578948
11.418421052631578
11.176315789473684
10.419473684210526
10.414736842105263
9.617368421052632
9.596315789473685
9.59842105263158
10.09842105263158
10.09
9.59421052631579
9.418421052631578
8.939473684210526
9.11578947368421
9.291578947368421
9.617894736842105
9.352631578947367
8.808947368421054
8.528421052631579
9.167
9.367
8.982000000000001
8.592
8.224
7.658499999999999
7.4799999999999995
6.941
7.9595
8.5715
8.2
8.202000000000002
8.519
7.6815
6.7090000000000005
6.4319999999999995
6.590999999999999
6.332
6.4505
7.089
7.0120000000000005
5.863
5.5105
5.9285000000000005
6.2490000000000006
6.2755
6.373
5.933
5.24
4.701
4.6185
5.071
5.590999999999999
5.8175
6.247
5.912
5.252000000000001
4.6045
4.918
4.582
4.6115
4.1205
4.4285000000000005
4.5335
4.6530000000000005
4.7035
5.153499999999999
4.804
5.1365
4.83
4.572
4.297
5.151999999999999
4.564
4.884
5.2685
4.9765
4.712
4.6165
4.546
4.621499999999999
3.9595
4.128500000000001
