pet
0.24761904761904763
0.22142857142857145
0.36714285714285716
0.26952380952380955
0.20904761904761904
0.2219047619047619
0.2361904761904762
0.21857142857142856
0.2947619047619047
0.29238095238095235
0.3061904761904762
0.42142857142857143
0.22571428571428573
0.2619047619047619
0.370952380952381
0.2485714285714286
0.2661904761904762
0.2985714285714286
0.27809523809523806
0.28904761904761905
0.2966666666666667
0.2957142857142857
0.2261904761904762
0.29857142857142854
0.2761904761904762
0.24285714285714288
0.28285714285714286
0.30857142857142855
0.2833333333333333
0.3438095238095238
0.3419047619047619
0.3738095238095238
0.3742857142857143
0.4066666666666666
0.3823809523809524
0.31714285714285717
0.3990476190476191
0.37761904761904763
0.44
0.3919047619047619
0.37476190476190474
0.3514285714285714
0.3219047619047619
0.3661904761904762
0.38285714285714284
0.49952380952380954
0.5123809523809524
0.3895238095238095
0.41190476190476194
0.5028571428571429
0.4904761904761905
0.5242857142857142
0.5823809523809524
0.5700000000000001
0.5614285714285714
0.6166666666666666
0.63
0.5609523809523809
0.6309523809523809
0.5928571428571429
0.6133333333333334
0.5266666666666667
0.6547619047619048
0.6847619047619048
0.7119047619047618
0.7123809523809524
0.7452380952380953
0.75
0.8128571428571428
0.83
0.8023809523809524
0.8133333333333332
0.8376190476190476
0.8380952380952381
0.7876190476190476
0.8971428571428571
0.9161904761904761
0.9757142857142856
0.9142857142857143
0.9538095238095239
0.8814285714285715
1.0319047619047619
0.9690476190476189
0.9633333333333334
1.0119047619047619
1.058095238095238
1.0552380952380953
1.0833333333333333
1.039047619047619
1.1742857142857144
1.2380952380952381
1.2713636363636363
1.1563636363636365
1.1922727272727274
1.363181818181818
1.2804545454545455
1.2822727272727272
1.2840909090909092
1.3145454545454547
1.5140909090909092
1.3345454545454545
1.4854545454545454
1.4395454545454547
1.4318181818181819
1.6295454545454546
1.61
1.666818181818182
1.4913636363636364
1.7636363636363634
1.69
1.5795454545454546
1.5186363636363636
1.6981818181818182
1.5868181818181817
1.6118181818181818
1.6413636363636364
1.6454545454545453
1.6645454545454543
1.8781818181818182
1.8036363636363637
1.9727272727272727
1.9245454545454543
2.040909090909091
1.9745454545454544
1.8686363636363637
2.005909090909091
2.0309090909090908
2.178181818181818
2.1495454545454544
2.192727272727273
2.124090909090909
2.0322727272727272
2.3213636363636363
2.3431818181818183
1.9872727272727273
2.0009090909090905
1.9486363636363635
1.9586363636363635
1.9413636363636364
2.0568181818181817
2.2636363636363637
2.3786363636363634
2.3836363636363633
2.5545454545454547
2.3495454545454546
2.434090909090909
2.145909090909091
2.25
2.1913636363636364
2.463181818181818
2.515909090909091
2.4068181818181817
2.315909090909091
2.4245454545454543
2.1990909090909088
2.226363636363636
2.308181818181818
2.428181818181818
2.3736363636363635
2.4681818181818183
2.4595454545454545
2.44
2.229090909090909
2.126818181818182
2.4563636363636365
2.210909090909091
2.203181818181818
2.4436363636363634
2.1772727272727272
2.3277272727272726
2.4431818181818183
2.272727272727273
2.2813636363636363
2.3045454545454547
2.295909090909091
2.3345454545454545
2.565
2.4004545454545454
2.435909090909091
2.320909090909091
2.1195454545454546
2.3545454545454545
2.213181818181818
2.3577272727272724
2.2945454545454544
2.257727272727273
2.0836363636363635
2.2504545454545455
2.4345454545454546
2.537272727272727
2.158181818181818
2.303181818181818
2.112727272727273
2.3754545454545455
2.2695454545454545
2.5095454545454547
2.3718181818181816
2.4395454545454545
2.3936363636363636
2.12
2.2313636363636364
2.2572727272727273
2.523181818181818
2.2331818181818184
2.2722727272727274
2.237727272727273
2.257727272727273
2.3477272727272727
1.8881818181818182
2.04
2.1795454545454547
2.0290909090909093
2.0527272727272727
1.9881818181818183
2.1177272727272727
2.208636363636364
2.1422727272727276
1.9513636363636364
1.96
2.028181818181818
1.9368181818181818
1.744090909090909
1.654090909090909
1.7604545454545457
1.91
1.6777272727272725
1.8868181818181817
1.8363636363636362
1.8268181818181817
1.5481818181818183
1.8086363636363636
1.7636363636363634
1.7904545454545455
1.8413636363636363
1.5840909090909092
1.8268181818181817
1.5954545454545455
1.729090909090909
1.5190909090909093
1.5454545454545454
1.6822727272727271
1.528181818181818
1.535909090909091
1.3163636363636364
1.4795454545454545
1.3927272727272728
1.4590909090909092
1.4013636363636364
1.325
1.4318181818181819
1.4122727272727273
1.3945454545454545
1.425909090909091
1.195
1.2086363636363637
1.2554545454545456
1.2159090909090908
1.1786363636363637
1.1436363636363636
1.0831818181818182
1.0436363636363637
1.0472727272727271
1.0822727272727273
1.0554545454545454
1.1527272727272726
1.0263636363636364
1.0127272727272727
0.9386363636363636
1.0104545454545455
0.8754545454545455
0.8004545454545454
0.8195454545454546
0.8231818181818181
0.8680952380952381
0.7776190476190477
0.8876190476190476
0.8414285714285715
0.8547619047619047
0.8742857142857142
0.8119047619047619
0.6833333333333333
0.7761904761904762
0.8076190476190477
0.6476190476190476
0.5714285714285714
0.4876190476190476
0.5366666666666666
0.49666666666666665
0.5495238095238095
0.5519047619047619
0.5942857142857143
0.5547619047619048
0.5247619047619048
0.4961904761904762
0.4238095238095238
0.3961904761904762
0.5057142857142858
0.5809523809523809
0.489047619047619
0.5371428571428571
0.49761904761904757
0.4228571428571429
0.44047619047619047
0.4280952380952381
0.4014285714285714
0.37666666666666665
0.40523809523809523
0.3871428571428572
0.32999999999999996
0.3719047619047619
0.3642857142857143
0.3795238095238095
0.3366666666666666
0.27285714285714285
0.4019047619047619
0.31857142857142856
0.2719047619047619
0.310952380952381
0.25142857142857145
0.26333333333333336
0.26142857142857145
0.2652380952380953
0.2180952380952381
0.3223809523809524
0.31428571428571433
0.23190476190476192
0.23333333333333334
0.26952380952380955
0.2919047619047619
0.25761904761904764
0.2866666666666666
0.18476190476190477
0.18047619047619048
0.2638095238095238
0.23047619047619047
0.19571428571428573
0.24476190476190474
0.1733333333333333
0.24095238095238095
0.24047619047619045
0.2757142857142857
0.2604761904761905
0.24857142857142855
0.29047619047619044
0.19285714285714284
0.16714285714285715
0.19714285714285712
0.2661904761904762
0.2838095238095238
0.2642857142857143
0.2561904761904762
0.1895238095238095
0.1538095238095238
0.1980952380952381
0.25142857142857145
0.1919047619047619
0.19428571428571428
0.27809523809523806
0.21000000000000002
0.1380952380952381
0.14095238095238094
0.1542857142857143
0.16666666666666666
0.17952380952380953
0.2033333333333333
