temperature
2.947222222222222
2.9872222222222224
2.1983333333333333
2.1544444444444446
2.433333333333333
2.2788888888888885
2.261111111111111
2.1394444444444445
2.4094444444444445
2.1144444444444446
2.233888888888889
2.6627777777777784
2.808333333333333
3.393333333333333
3.132222222222222
2.933888888888889
2.828333333333333
2.5088888888888885
2.955
3.226111111111111
3.316111111111111
3.035
2.52
2.7194444444444446
1.8099999999999998
1.8894444444444443
2.0483333333333333
1.9761111111111112
2.982222222222222
3.2805555555555554
2.6683333333333334
2.6661111111111113
3.094444444444444
3.2194444444444446
3.5011111111111113
4.023888888888888
4.698888888888889
3.0855555555555556
2.604444444444445
2.5994444444444444
2.6194444444444445
2.2022222222222223
2.53
2.9755555555555557
2.752222222222222
2.516666666666667
2.160555555555556
2.433888888888889
2.75
2.6133333333333333
2.836666666666667
2.64
3.672222222222222
3.4766666666666666
3.246111111111111
2.573888888888889
2.4444444444444446
3.1955555555555555
3.339444444444444
3.3683333333333336
3.1216666666666666
3.0394444444444444
3.833888888888889
4.476111111111111
5.176666666666667
5.402777777777778
4.958333333333333
4.858333333333333
5.225
4.733333333333333
5.135555555555555
5.013333333333333
4.623888888888889
3.75
4.013888888888889
4.691111111111111
4.328888888888889
3.907777777777778
3.7744444444444443
3.7066666666666666
4.137222222222222
3.9494444444444445
4.057777777777777
4.765555555555555
4.772222222222222
4.635555555555555
4.445
4.524444444444445
5.544444444444444
5.855
5.65
5.587222222222222
4.3438888888888885
4.5616666666666665
5.440555555555556
5.355
5.533888888888889
5.074999999999999
5.673333333333334
6.535555555555556
6.4238888888888885
6.227222222222222
5.818333333333333
6.153333333333332
6.4383333333333335
6.685
6.393888888888889
5.998888888888889
6.254444444444444
6.4944444444444445
6.457777777777777
6.0505555555555555
6.3438888888888885
6.8372222222222225
6.402777777777778
6.575555555555556
6.975
7.428888888888888
7.682222222222222
8.285555555555554
7.9238888888888885
7.5233333333333325
7.317777777777778
7.680555555555555
7.3805555555555555
7.356111111111111
7.897777777777778
8.057222222222222
7.227777777777778
7.393888888888889
7.646111111111111
7.515555555555555
8.20111111111111
8.548333333333334
8.717222222222222
8.377777777777778
8.40388888888889
8.662222222222221
8.506666666666668
8.742777777777778
9.316666666666666
9.21
9.294444444444444
9.67
9.986666666666666
9.896666666666667
9.450555555555557
9.418333333333333
9.973888888888888
10.685555555555556
10.59
10.856111111111112
10.517777777777777
10.67388888888889
10.77
10.635
10.659444444444444
10.886666666666667
10.990555555555556
11.245555555555557
10.979999999999999
10.876666666666667
10.765555555555556
11.246111111111112
11.580555555555556
11.442222222222222
11.535
12.072777777777778
11.944444444444445
12.321111111111112
12.501666666666667
11.765
11.687222222222223
11.245
11.668888888888889
12.139444444444443
12.377222222222223
12.504444444444445
12.536666666666667
12.148333333333333
12.295555555555556
12.196666666666665
12.148888888888889
12.60388888888889
13.43888888888889
13.422777777777778
13.847222222222221
14.015
13.907777777777778
13.476111111111111
13.091111111111111
14.024999999999999
13.857222222222223
13.47
13.851111111111111
13.536111111111111
13.345
13.337777777777779
13.473333333333334
13.915
14.650555555555554
14.155000000000001
13.38888888888889
13.94888888888889
13.82611111111111
14.471666666666668
14.546666666666665
14.781666666666666
14.729999999999999
14.836666666666666
13.89111111111111
14.14
14.02111111111111
14.256666666666668
14.027777777777779
13.937222222222223
13.844444444444443
13.68388888888889
14.07
13.703888888888889
13.708333333333334
13.454444444444444
13.786666666666667
14.11111111111111
13.69111111111111
14.038333333333334
14.106666666666667
14.072777777777778
13.621111111111112
13.801666666666668
14.339444444444446
14.288333333333334
14.303333333333333
13.261111111111111
13.007222222222222
13.137777777777778
12.970555555555556
12.758888888888889
12.961111111111112
12.866111111111111
13.465555555555556
12.991111111111111
12.496111111111112
12.938421052631579
12.132631578947368
12.946315789473683
12.571578947368423
12.047368421052632
11.16578947368421
11.121578947368421
11.817368421052631
11.69157894736842
11.75736842105263
11.613684210526316
11.279473684210526
10.920526315789473
10.853157894736842
10.961578947368421
10.927777777777777
11.901111111111112
11.523888888888889
11.133333333333333
11.497777777777777
11.014444444444443
10.402777777777779
10.788888888888888
10.331111111111111
9.963888888888889
9.648888888888889
9.976111111111111
10.067777777777778
10.679444444444444
10.357222222222223
10.443333333333333
10.270555555555555
9.964444444444444
10.027777777777779
9.655555555555557
9.45388888888889
9.469444444444443
9.444444444444445
9.591666666666667
8.955
8.795555555555556
8.633888888888889
8.37
8.953888888888889
8.507777777777777
8.146666666666667
7.832222222222222
8.015
7.76111111111111
7.461111111111112
7.17
7.056111111111111
7.510555555555555
7.517777777777777
7.291111111111111
7.489999999999999
7.096111111111111
7.02
6.690555555555556
6.325
6.544444444444444
6.701666666666666
6.641111111111111
6.7444444444444445
6.2188888888888885
5.841666666666667
5.743888888888889
6.16
5.907777777777778
5.766666666666667
5.662222222222223
5.557222222222222
5.315555555555555
5.207777777777777
4.966666666666667
5.366666666666666
5.608333333333333
4.870555555555556
4.872222222222223
4.497777777777777
4.09
4.383333333333334
4.611666666666667
4.791666666666667
4.512222222222222
4.483888888888889
4.400555555555556
4.113333333333333
4.468333333333333
4.108333333333333
3.948888888888889
4.450555555555556
5.117222222222222
5.631666666666667
4.485555555555555
4.139444444444445
3.625
2.135
2.466111111111111
3.0755555555555554
3.3461111111111115
3.6338888888888885
3.3844444444444446
3.1355555555555554
3.048888888888889
3.451111111111111
3.248888888888889
3.513888888888889
3.0977777777777775
2.947222222222222
2.288888888888889
2.817222222222222
2.27
2.6127777777777776
3.102777777777778
3.211666666666667
2.58
1.738888888888889
2.316666666666667
2.280555555555556
2.5211111111111113
2.9477777777777776
