pet
0.245
0.23454545454545456
0.3613636363636364
0.27590909090909094
0.2040909090909091
0.23090909090909092
0.25227272727272726
0.2322727272727273
0.3018181818181818
0.31272727272727274
0.3022727272727273
0.4209090909090909
0.26681818181818184
0.2890909090909091
0.3481818181818182
0.2545454545454545
0.30409090909090913
0.28818181818181815
0.32181818181818184
0.2972727272727273
0.3104545454545455
0.32954545454545453
0.26772727272727276
0.3477272727272727
0.31272727272727274
0.32363636363636367
0.3509090909090909
0.37454545454545457
0.29818181818181816
0.3890909090909091
0.375
0.39499999999999996
0.40727272727272723
0.43227272727272725
0.4
0.3663636363636364
0.43363636363636365
0.4027272727272727
0.4859090909090909
0.46545454545454545
0.3972727272727273
0.39272727272727276
0.4022727272727273
0.42999999999999994
0.44681818181818184
0.5395454545454546
0.5327272727272727
0.41363636363636364
0.4304545454545455
0.5463636363636364
0.5581818181818182
0.5718181818181818
0.6090909090909091
0.604090909090909
0.589090909090909
0.6509090909090909
0.6527272727272727
0.5981818181818181
0.6540909090909092
0.6445454545454545
0.685
0.5977272727272728
0.7213636363636364
0.755
0.7822727272727273
0.7813636363636364
0.7949999999999999
0.82
0.8981818181818183
0.8900000000000001
0.8804545454545455
0.920909090909091
0.8636363636363636
0.8895454545454545
0.8340909090909091
0.9572727272727274
0.9777272727272727
1.05
0.9522727272727273
1.0127272727272727
0.9081818181818182
1.050909090909091
1.0250000000000001
1.0254545454545454
1.075
1.114090909090909
1.095
1.1768181818181818
1.0804545454545453
1.2481818181818183
1.3108695652173912
1.33
1.18
1.2669565217391305
1.4356521739130437
1.391304347826087
1.3391304347826087
1.3478260869565217
1.3665217391304347
1.586521739130435
1.4208695652173913
1.5004347826086957
1.4747826086956521
1.5082608695652173
1.6339130434782607
1.6686956521739131
1.695217391304348
1.5286956521739128
1.7243478260869565
1.7204347826086956
1.674782608695652
1.522608695652174
1.7560869565217392
1.6817391304347826
1.6117391304347826
1.6830434782608696
1.7169565217391305
1.7621739130434784
1.9847826086956522
1.8717391304347826
1.9869565217391305
2.0043478260869567
2.137826086956522
2.055217391304348
1.9143478260869566
2.0517391304347825
2.0882608695652176
2.1847826086956523
2.186086956521739
2.2230434782608697
2.2073913043478264
2.106521739130435
2.2056521739130432
2.284782608695652
2.0208695652173914
2.032608695652174
1.9847826086956522
2.1365217391304347
2.034782608695652
2.0943478260869566
2.2891304347826087
2.4221739130434785
2.490869565217391
2.643913043478261
2.466521739130435
2.51
2.1982608695652175
2.3004347826086957
2.2778260869565217
2.511304347826087
2.6278260869565218
2.4556521739130432
2.364782608695652
2.4956521739130433
2.232608695652174
2.3665217391304347
2.34
2.5586956521739133
2.493478260869565
2.512608695652174
2.5452173913043477
2.528260869565217
2.354782608695652
2.253478260869565
2.495217391304348
2.294782608695652
2.3556521739130436
2.5256521739130435
2.3404347826086958
2.475217391304348
2.6443478260869564
2.4330434782608696
2.4130434782608696
2.491739130434783
2.4395652173913045
2.369565217391304
2.6995652173913043
2.517391304347826
2.6417391304347824
2.526521739130435
2.2295652173913045
2.4669565217391307
2.3356521739130436
2.4191304347826086
2.3991304347826086
2.4504347826086956
2.247826086956522
2.3747826086956523
2.4882608695652175
2.674782608695652
2.287826086956522
2.487391304347826
2.3069565217391306
2.528260869565217
2.4304347826086956
2.6082608695652176
2.5443478260869563
2.536086956521739
2.515217391304348
2.210434782608696
2.34304347826087
2.367826086956522
2.5908695652173916
2.387826086956522
2.43
2.358695652173913
2.3591304347826085
2.476086956521739
2.1026086956521737
2.1595652173913042
2.3078260869565215
2.1534782608695653
2.1360869565217393
2.1591304347826084
2.278695652173913
2.26
2.2430434782608697
2.051304347826087
2.003478260869565
2.1334782608695653
2.0330434782608693
1.8682608695652174
1.7786956521739128
1.8930434782608696
2.0147826086956524
1.7817391304347825
2.042173913043478
2.0117391304347825
1.9713043478260872
1.6769565217391305
1.9152173913043478
1.8995652173913042
1.927391304347826
1.9821739130434783
1.684782608695652
1.876086956521739
1.671304347826087
1.8247826086956522
1.658695652173913
1.6852173913043478
1.8239130434782609
1.6469565217391307
1.6565217391304348
1.498695652173913
1.602608695652174
1.4939130434782608
1.5947826086956522
1.4913043478260868
1.4047826086956523
1.5230434782608697
1.4943478260869565
1.4330434782608696
1.478695652173913
1.3013043478260868
1.3117391304347827
1.3447826086956522
1.327391304347826
1.2730434782608697
1.2382608695652173
1.1717391304347826
1.1404347826086956
1.1708695652173913
1.1691304347826088
1.1791304347826088
1.231304347826087
1.1091304347826088
1.06
1.0065217391304346
1.046086956521739
0.9152173913043479
0.8734782608695653
0.8843478260869565
0.9034782608695653
0.9440909090909091
0.8122727272727274
0.9195454545454546
0.9177272727272728
0.9068181818181817
0.9177272727272728
0.8518181818181817
0.7595454545454546
0.8086363636363636
0.85
0.7000000000000001
0.6368181818181818
0.5631818181818182
0.57
0.5527272727272727
0.5890909090909091
0.6045454545454546
0.6472727272727273
0.6045454545454546
0.5613636363636364
0.5345454545454545
0.4690909090909091
0.45454545454545453
0.5336363636363637
0.6218181818181818
0.5463636363636364
0.5781818181818182
0.5440909090909091
0.46136363636363636
0.48272727272727267
0.4772727272727273
0.4486363636363636
0.42818181818181816
0.44
0.4018181818181818
0.3609090909090909
0.3795454545454545
0.3931818181818182
0.37227272727272726
0.3709090909090909
0.2818181818181818
0.39227272727272733
0.34136363636363637
0.3109090909090909
0.3331818181818182
0.26136363636363635
0.27454545454545454
0.2990909090909091
0.30363636363636365
0.24227272727272728
0.31636363636363635
0.2968181818181818
0.2131818181818182
0.24318181818181817
0.2736363636363637
0.2890909090909091
0.26136363636363635
0.2818181818181818
0.21818181818181817
0.2372727272727273
0.2690909090909091
0.25545454545454543
0.21545454545454545
0.28045454545454546
0.2159090909090909
0.2722727272727273
0.26954545454545453
0.3022727272727273
0.2772727272727273
0.27136363636363636
0.29863636363636364
0.19409090909090906
0.17681818181818182
0.20636363636363636
0.27545454545454545
0.2872727272727273
0.26545454545454544
0.2772727272727273
0.17136363636363636
0.18363636363636363
0.1918181818181818
0.24454545454545454
0.18681818181818183
0.18954545454545454
0.3009090909090909
0.22045454545454543
0.15818181818181817
0.1559090909090909
0.17545454545454545
0.17500000000000002
0.17863636363636365
0.21
