temperature
1.470909090909091
1.3595454545454546
0.4127272727272727
0.6327272727272727
1.1295454545454544
1.1749999999999998
0.9322727272727274
0.6940909090909091
0.39272727272727265
0.325
0.6245454545454545
-0.0036363636363636095
-0.02954545454545452
0.6218181818181817
0.8104545454545455
0.8295454545454546
0.23090909090909098
0.20818181818181813
0.9809090909090908
1.2754545454545456
1.6718181818181819
1.5118181818181817
0.9804545454545455
0.9609090909090909
0.6009090909090908
0.19863636363636364
0.06045454545454542
-0.04681818181818175
1.0218181818181817
1.2022727272727272
0.8554545454545455
0.9331818181818182
1.3581818181818182
1.2763636363636364
1.5045454545454546
1.685909090909091
1.6404545454545454
0.9140909090909091
0.8154545454545455
0.5313636363636364
0.35409090909090907
0.027272727272727306
0.1468181818181818
0.2822727272727273
0.037272727272727284
-0.49954545454545457
-0.4686363636363636
-0.1995454545454545
0.5818181818181819
0.7931818181818181
1.0272727272727271
1.0936363636363635
1.5868181818181817
1.5281818181818183
1.4836363636363636
1.4281818181818182
1.4086363636363637
1.5663636363636364
1.194090909090909
1.529090909090909
1.6804545454545454
1.7145454545454546
2.0672727272727274
2.24
3.2709090909090914
3.3172727272727274
3.4004545454545454
2.847272727272727
2.796818181818182
2.6986363636363637
2.973181818181818
2.5713636363636363
2.2413636363636367
1.9677272727272728
1.9218181818181819
2.2754545454545454
2.2454545454545456
1.6263636363636365
1.8513636363636365
1.5409090909090908
2.0054545454545454
2.0722727272727273
2.1768181818181818
2.726818181818182
2.398181818181818
2.5954545454545457
2.8354545454545454
2.8004545454545453
3.2754545454545454
3.6595454545454547
3.458181818181818
2.867272727272727
2.166363636363636
2.7836363636363637
3.25
3.2127272727272724
3.2313636363636364
2.8395454545454544
3.0877272727272724
3.53
3.7
3.8904545454545456
3.587727272727273
4.075
4.532272727272727
4.669545454545455
4.541818181818182
4.465909090909091
4.774090909090909
4.893636363636364
5.002272727272727
4.862272727272727
4.828181818181818
5.119545454545454
5.017272727272727
5.058181818181819
5.0181818181818185
5.041818181818182
5.192272727272727
5.375909090909091
5.194999999999999
5.213636363636364
5.122727272727273
5.48590909090909
5.61
5.815454545454545
6.0636363636363635
6.269090909090909
5.806363636363636
6.137272727272728
6.828181818181818
6.742272727272726
7.16
6.942727272727273
7.385454545454545
7.120454545454546
7.0627272727272725
7.754761904761905
7.587142857142856
7.737142857142857
7.854285714285714
7.673333333333333
8.177619047619046
8.616666666666665
8.646666666666667
8.6
8.569047619047618
8.107619047619048
8.196190476190477
8.474761904761905
8.630476190476191
9.02095238095238
9.059999999999999
9.142857142857142
9.178095238095239
8.996190476190476
9.116190476190477
9.333333333333334
9.375714285714285
9.838095238095239
9.270000000000001
9.317142857142857
9.411428571428573
9.118571428571428
9.34047619047619
9.49952380952381
9.69047619047619
9.973809523809523
10.067142857142857
10.401428571428571
10.603333333333333
10.171904761904761
10.132857142857143
10.031904761904762
9.947142857142858
10.174761904761905
10.191904761904762
10.19095238095238
10.241428571428571
10.424761904761905
10.926666666666668
10.578095238095237
10.753333333333334
10.900952380952381
11.559999999999999
11.855238095238096
11.906666666666666
12.13952380952381
11.725238095238094
11.615238095238094
11.262380952380951
11.655714285714286
11.587142857142856
11.516666666666666
11.782857142857143
11.314761904761903
11.352857142857143
10.850952380952382
11.32857142857143
11.630952380952381
11.862857142857143
11.344761904761905
11.318095238095239
11.484761904761905
11.400952380952381
11.761904761904763
12.095714285714285
12.264761904761905
12.343333333333332
12.506190476190476
11.483333333333334
11.454761904761906
11.526666666666667
11.89857142857143
11.584761904761905
11.296190476190477
11.477619047619047
11.393333333333333
11.636666666666667
11.539047619047619
11.478095238095237
11.233809523809523
11.537619047619048
11.658095238095237
11.658095238095237
11.725714285714286
11.715238095238096
11.614285714285714
10.933809523809524
11.038095238095238
11.22904761904762
11.492380952380952
11.379523809523809
10.847619047619048
10.746666666666666
11.237142857142857
11.028095238095238
11.018571428571429
11.052380952380952
10.811428571428571
11.446666666666667
10.587619047619048
10.501428571428571
10.853809523809524
10.377619047619048
10.23047619047619
10.076666666666666
9.85
9.443809523809524
9.379999999999999
9.906666666666666
9.683333333333334
9.26095238095238
9.01047619047619
8.880952380952381
8.793809523809523
8.692857142857143
8.816190476190476
8.934285714285714
9.505714285714285
9.031428571428572
8.747142857142856
9.146666666666667
8.794761904761904
8.346666666666668
8.596666666666668
8.346666666666668
7.9780952380952375
7.332857142857144
7.317142857142857
7.7890476190476186
8.426190476190476
8.076190476190476
8.13952380952381
8.212380952380952
7.9071428571428575
8.097619047619048
7.644285714285714
7.39
7.128571428571428
7.113333333333333
7.377142857142856
6.538571428571428
6.466190476190476
6.496190476190476
6.071428571428571
6.211428571428572
5.9957142857142856
5.821428571428571
5.486666666666666
5.713333333333333
5.501904761904762
5.6276190476190475
5.514285714285714
5.34
5.501904761904761
5.634285714285714
5.713809523809524
5.961428571428572
5.594761904761905
5.509047619047619
5.4314285714285715
5.226190476190476
4.683333333333333
4.378095238095238
4.791904761904762
4.448571428571428
4.293333333333333
4.053809523809524
3.912380952380952
4.237619047619047
4.292380952380952
4.408095238095238
4.077619047619048
3.8452380952380953
3.3157142857142854
2.8261904761904764
2.737142857142857
3.0490476190476192
2.9247619047619047
2.866190476190476
3.0485714285714285
2.6538095238095236
1.7442857142857144
2.0623809523809524
2.683809523809524
2.4833333333333334
2.3866666666666667
2.1766666666666667
1.6223809523809525
1.3038095238095238
1.5295238095238097
1.219047619047619
1.5576190476190477
1.620952380952381
2.1876190476190476
2.717619047619048
2.5
2.3238095238095235
2.0495238095238095
0.949047619047619
1.0433333333333334
0.8528571428571429
1.1247619047619049
1.4166666666666667
1.3004761904761903
1.4352380952380952
1.260952380952381
1.5185714285714287
1.088095238095238
0.8466666666666666
0.9042857142857144
1.1328571428571428
1.0209523809523808
1.658095238095238
1.573809523809524
1.6566666666666667
1.8452380952380953
2.1185714285714283
1.8657142857142857
1.1714285714285715
1.6047619047619048
0.962857142857143
0.9995238095238095
1.138095238095238
