pet
0.295
0.32863636363636367
0.3704545454545455
0.3113636363636364
0.2740909090909091
0.26636363636363636
0.37136363636363634
0.3290909090909091
0.31227272727272726
0.34545454545454546
0.3854545454545455
0.37863636363636366
0.3386363636363636
0.3727272727272727
0.34045454545454545
0.3004545454545455
0.36272727272727273
0.29863636363636364
0.35818181818181816
0.35363636363636364
0.29
0.33090909090909093
0.3018181818181818
0.39590909090909093
0.40045454545454545
0.4186363636363637
0.39681818181818185
0.45136363636363636
0.3663636363636364
0.41500000000000004
0.42454545454545456
0.44045454545454543
0.425
0.41954545454545455
0.44181818181818183
0.4309090909090909
0.49863636363636366
0.5045454545454545
0.5140909090909092
0.5027272727272728
0.4309090909090909
0.4304545454545455
0.5245454545454545
0.5331818181818182
0.5036363636363637
0.5681818181818182
0.5754545454545454
0.48227272727272724
0.5618181818181818
0.6304545454545454
0.6813636363636364
0.6363636363636364
0.705
0.6240909090909091
0.5740909090909091
0.6886363636363636
0.7340909090909092
0.7154545454545455
0.6963636363636364
0.7454545454545454
0.7763636363636363
0.7054545454545454
0.7818181818181817
0.7940909090909091
0.8159090909090909
0.7918181818181819
0.8481818181818181
0.8536363636363636
0.9890909090909091
0.9090909090909091
0.9072727272727273
0.8968181818181818
0.9131818181818182
0.8995454545454545
0.8545454545454546
0.9795454545454546
1.035
1.1059090909090907
1.0313636363636365
1.0695454545454546
1.0427272727272727
1.1400000000000001
1.1327272727272728
1.1054545454545455
1.238181818181818
1.1963636363636363
1.2322727272727272
1.3304545454545453
1.2113636363636362
1.366818181818182
1.3491304347826087
1.428695652173913
1.2517391304347825
1.3617391304347826
1.368695652173913
1.5934782608695652
1.4978260869565219
1.5526086956521739
1.4795652173913043
1.6282608695652174
1.5747826086956522
1.5326086956521738
1.5565217391304347
1.608695652173913
1.6969565217391305
1.8234782608695652
1.7256521739130435
1.8421739130434782
1.8182608695652174
1.8243478260869566
1.797826086956522
1.6904347826086958
1.8908695652173915
1.783478260869565
1.786086956521739
1.8847826086956523
1.9630434782608694
2.028260869565217
2.086521739130435
2.079565217391304
2.2730434782608695
2.331304347826087
2.362608695652174
2.2917391304347827
2.0330434782608693
2.0808695652173914
2.314782608695652
2.2295652173913045
2.314782608695652
2.0560869565217392
2.292173913043478
2.489130434782609
2.316521739130435
2.2678260869565214
2.273913043478261
2.1643478260869564
2.1278260869565218
2.2243478260869565
2.345217391304348
2.157826086956522
2.3182608695652176
2.3152173913043477
2.511304347826087
2.514782608695652
2.5495652173913044
2.4234782608695653
2.2065217391304346
2.446086956521739
2.451304347826087
2.7982608695652176
2.9165217391304346
2.7043478260869565
2.5460869565217394
2.5769565217391306
2.5121739130434784
2.718695652173913
2.362608695652174
2.798695652173913
2.7960869565217394
2.8678260869565215
2.7404347826086957
2.68
2.396086956521739
2.462173913043478
2.5043478260869567
2.6617391304347824
2.7686956521739132
2.6956521739130435
2.6117391304347826
2.6482608695652172
2.9008695652173913
2.6756521739130434
2.7195652173913043
2.798695652173913
2.7552173913043476
2.7069565217391305
2.818260869565217
2.655217391304348
2.808695652173913
2.907391304347826
2.5904347826086958
2.626086956521739
2.5243478260869567
2.5791304347826087
2.4291304347826084
2.6769565217391302
2.4878260869565216
2.535217391304348
2.6082608695652176
2.8204347826086957
2.6969565217391307
2.8130434782608695
2.736521739130435
2.6982608695652175
2.758695652173913
2.6191304347826088
2.8756521739130436
2.674782608695652
2.765217391304348
2.722608695652174
2.5478260869565217
2.56
2.6186956521739133
2.6421739130434783
2.6565217391304348
2.8313043478260873
2.4382608695652173
2.574782608695652
2.496086956521739
2.3082608695652174
2.5578260869565215
2.282608695652174
2.1652173913043478
2.5517391304347825
2.4769565217391305
2.117391304347826
2.4834782608695654
2.1939130434782608
2.285217391304348
2.4569565217391305
2.417826086956522
2.15
2.2313043478260868
2.123478260869565
1.9495652173913043
1.9978260869565219
2.200869565217391
2.225217391304348
2.163478260869565
1.9821739130434783
2.0678260869565217
1.9817391304347824
1.9491304347826086
2.2039130434782606
1.8865217391304347
1.8873913043478259
1.8230434782608695
1.93
2.059565217391304
1.891304347826087
1.8108695652173912
1.7295652173913043
1.7839130434782609
1.7921739130434782
1.673913043478261
1.5926086956521741
1.7891304347826087
1.5708695652173914
1.576086956521739
1.7165217391304346
1.554782608695652
1.6373913043478263
1.6526086956521737
1.4956521739130435
1.5234782608695652
1.5982608695652174
1.4830434782608695
1.4117391304347826
1.4765217391304348
1.4000000000000001
1.3308695652173912
1.2830434782608695
1.2860869565217392
1.3756521739130434
1.2782608695652173
1.2456521739130435
1.3178260869565217
1.102608695652174
1.0743478260869566
1.0895652173913042
1.1204347826086956
1.0817391304347825
1.0321739130434782
1.0977272727272727
1.0163636363636364
1.0172727272727273
1.115
0.9913636363636363
0.985909090909091
0.9331818181818182
0.889090909090909
0.9009090909090909
0.9336363636363636
0.8272727272727273
0.7404545454545454
0.6818181818181818
0.7072727272727273
0.6895454545454546
0.6990909090909091
0.8113636363636364
0.8236363636363637
0.7327272727272728
0.6813636363636364
0.6986363636363637
0.6863636363636364
0.6749999999999999
0.6586363636363637
0.7531818181818182
0.7286363636363636
0.73
0.6831818181818182
0.5922727272727273
0.6118181818181818
0.6631818181818182
0.54
0.5322727272727273
0.5168181818181818
0.465
0.505
0.4813636363636364
0.5027272727272728
0.44909090909090915
0.46772727272727277
0.38409090909090904
0.47590909090909095
0.44272727272727275
0.4531818181818182
0.4354545454545455
0.29454545454545455
0.31636363636363635
0.3645454545454545
0.345
0.31136363636363634
0.34454545454545454
0.3022727272727273
0.2640909090909091
0.3054545454545454
0.315
0.33272727272727276
0.32954545454545453
0.32136363636363635
0.3436363636363637
0.3159090909090909
0.3227272727272727
0.3409090909090909
0.3427272727272727
0.37363636363636366
0.33136363636363636
0.385
0.3240909090909091
0.48045454545454547
0.30318181818181816
0.3572727272727273
0.345
0.26954545454545453
0.23
0.2545454545454545
0.3059090909090909
0.27954545454545454
0.34045454545454545
0.22363636363636363
0.18545454545454546
0.22
0.22545454545454546
0.24363636363636365
0.21181818181818182
0.2259090909090909
0.3831818181818182
0.27454545454545454
0.2913636363636364
0.30863636363636365
0.22454545454545458
0.2781818181818182
0.23954545454545456
0.28954545454545455
