pet
0.4190909090909091
0.4218181818181818
0.38636363636363635
0.3472727272727273
0.3290909090909091
0.3331818181818182
0.42454545454545456
0.3718181818181818
0.35000000000000003
0.3509090909090909
0.4459090909090909
0.3663636363636364
0.375
0.46090909090909093
0.4309090909090909
0.37999999999999995
0.35409090909090907
0.335
0.3227272727272727
0.4113636363636364
0.3440909090909091
0.3377272727272727
0.36272727272727273
0.3981818181818182
0.39545454545454545
0.5263636363636364
0.4295454545454546
0.605909090909091
0.43636363636363634
0.4709090909090909
0.48045454545454547
0.4640909090909091
0.48045454545454547
0.4022727272727273
0.5331818181818182
0.5295454545454545
0.5490909090909091
0.5459090909090909
0.5640909090909091
0.5727272727272728
0.5372727272727272
0.49636363636363634
0.6213636363636363
0.644090909090909
0.6390909090909092
0.6554545454545454
0.6740909090909091
0.6272727272727273
0.7004545454545454
0.6963636363636364
0.6745454545454546
0.8054545454545454
0.7181818181818183
0.6386363636363637
0.6281818181818182
0.7140909090909091
0.7913636363636364
0.7436363636363637
0.7754545454545454
0.8727272727272727
0.8945454545454545
0.765909090909091
0.8495454545454546
0.9113636363636364
0.9486363636363637
0.8413636363636364
0.9422727272727273
0.9486363636363637
0.9977272727272727
0.954090909090909
0.9113636363636364
1.0363636363636364
0.9640909090909091
0.91
0.9668181818181818
1.0722727272727273
1.0854545454545454
1.2531818181818182
1.2077272727272728
1.0704545454545455
1.185
1.2331818181818182
1.1263636363636365
1.204090909090909
1.319090909090909
1.2981818181818183
1.2736363636363637
1.329090909090909
1.4077272727272727
1.4622727272727274
1.4404347826086958
1.5143478260869565
1.2521739130434784
1.5086956521739132
1.4443478260869564
1.682173913043478
1.7178260869565216
1.7556521739130435
1.6978260869565216
1.8447826086956522
1.8104347826086957
1.7008695652173913
1.6108695652173912
1.6113043478260871
1.751304347826087
1.9591304347826088
1.817391304347826
2.354782608695652
1.878695652173913
1.8126086956521739
1.9852173913043476
1.662608695652174
1.876086956521739
1.6982608695652175
1.7026086956521738
1.7904347826086957
1.9734782608695653
2.199130434782609
2.0117391304347825
2.0452173913043477
2.142608695652174
2.4395652173913045
2.402173913043478
2.3086956521739133
2.1391304347826083
2.0695652173913044
2.336521739130435
2.1673913043478263
2.2
1.9282608695652175
2.266086956521739
2.4456521739130435
2.196521739130435
2.3208695652173916
2.35
2.170434782608696
2.0986956521739133
2.2830434782608693
2.258695652173913
2.2630434782608697
2.2734782608695654
2.4169565217391304
2.537391304347826
2.4191304347826086
2.336086956521739
2.3
2.214782608695652
2.3982608695652177
2.342173913043478
2.6843478260869564
2.855652173913043
2.5660869565217395
2.365652173913044
2.617391304347826
2.7134782608695653
2.553478260869565
2.4539130434782606
2.723478260869565
2.992608695652174
2.9613043478260868
2.516086956521739
2.526086956521739
2.282608695652174
2.582173913043478
2.643913043478261
2.8682608695652174
2.920434782608696
2.696086956521739
2.7356521739130435
2.7973913043478262
2.8143478260869568
2.6843478260869564
2.7756521739130435
3.0226086956521736
2.9208695652173917
2.9721739130434783
2.7286956521739127
2.853478260869565
2.7404347826086957
2.842608695652174
2.85
2.6982608695652175
2.5769565217391306
2.6513043478260867
2.4439130434782608
2.3217391304347825
2.5030434782608695
2.6408695652173915
2.6265217391304345
2.8286956521739133
2.5530434782608693
2.957826086956522
2.677391304347826
2.6091304347826085
2.7830434782608697
2.4808695652173913
2.573913043478261
2.8413043478260867
2.6708695652173913
2.8334782608695654
2.726086956521739
2.9517391304347824
2.7956521739130435
2.747826086956522
2.8230434782608698
3.0647826086956518
2.4291304347826084
2.5426086956521736
2.626086956521739
2.488260869565217
2.5213043478260873
2.2430434782608697
2.265217391304348
2.610869565217391
2.54
2.1821739130434783
2.557391304347826
2.1821739130434783
2.5917391304347825
2.8230434782608693
2.4295652173913043
2.3391304347826085
2.4117391304347824
2.416086956521739
2.1334782608695653
2.132173913043478
2.3734782608695655
2.4804347826086954
2.1517391304347826
2.1160869565217393
2.1882608695652173
2.1717391304347826
2.041304347826087
2.18
1.9682608695652175
1.9700000000000002
1.9256521739130434
2.006086956521739
2.2930434782608695
2.1482608695652177
1.8695652173913044
1.8334782608695652
2.0434782608695654
2.112173913043478
1.8608695652173914
1.786086956521739
1.9421739130434783
1.6643478260869566
1.8156521739130433
1.8430434782608696
1.708695652173913
1.82
1.8343478260869563
1.6339130434782607
1.7469565217391305
1.7573913043478262
1.6934782608695653
1.6382608695652174
1.82
1.7121739130434783
1.431304347826087
1.4217391304347828
1.4430434782608694
1.5073913043478262
1.4152173913043478
1.4469565217391305
1.4247826086956523
1.3595652173913044
1.078695652173913
1.1556521739130434
1.1769565217391305
1.1908695652173913
1.0456521739130435
1.0763636363636364
1.089090909090909
1.154090909090909
1.165
1.1431818181818183
1.0913636363636363
1.0731818181818182
1.0045454545454546
0.8954545454545454
0.9954545454545454
0.9154545454545455
0.9427272727272726
0.8240909090909091
0.8954545454545454
0.8209090909090908
0.7904545454545455
1.0104545454545455
0.9740909090909091
0.9518181818181819
0.8159090909090909
0.8718181818181818
0.7472727272727273
0.8463636363636364
0.6845454545454546
0.8418181818181818
0.8004545454545454
0.7704545454545454
0.6690909090909091
0.6704545454545454
0.5690909090909091
0.6613636363636364
0.6409090909090909
0.645
0.6013636363636364
0.5645454545454546
0.5772727272727273
0.5895454545454546
0.5818181818181819
0.5445454545454546
0.5572727272727273
0.4977272727272727
0.47590909090909084
0.51
0.4777272727272727
0.5754545454545454
0.39
0.3877272727272727
0.4254545454545454
0.4640909090909091
0.45545454545454545
0.4104545454545454
0.38409090909090904
0.3477272727272727
0.37999999999999995
0.35454545454545455
0.35000000000000003
0.41409090909090907
0.3490909090909091
0.4309090909090909
0.3654545454545455
0.37999999999999995
0.3604545454545454
0.45454545454545453
0.48272727272727267
0.42363636363636364
0.49227272727272725
0.3740909090909091
0.5399999999999999
0.35727272727272724
0.3959090909090909
0.35500000000000004
0.35545454545454547
0.29
0.33954545454545454
0.4522727272727272
0.3572727272727273
0.3718181818181818
0.25227272727272726
0.29409090909090907
0.22999999999999998
0.26681818181818184
0.2290909090909091
0.23045454545454547
0.2840909090909091
0.4122727272727273
0.29863636363636364
0.3781818181818182
0.44636363636363635
0.3231818181818182
0.3463636363636364
0.24818181818181817
0.35045454545454546
