temperature
5.558636363636364
4.86
4.863181818181818
4.784090909090909
5.660454545454545
5.120909090909091
5.268636363636364
5.429090909090909
5.167272727272728
5.645909090909091
5.7272727272727275
6.297272727272727
6.300454545454545
5.490454545454546
6.433636363636364
5.705
5.639545454545455
5.676363636363636
6.020454545454545
5.4399999999999995
5.161363636363636
5.093636363636364
4.854090909090909
4.6895454545454545
4.905454545454545
4.501818181818182
4.46
4.843636363636364
4.883181818181819
4.614545454545454
4.500909090909091
4.766363636363637
4.444545454545454
4.582727272727272
5.848636363636363
5.900454545454545
5.6431818181818185
5.13909090909091
4.771818181818182
4.701363636363637
5.185
5.805454545454546
6.155909090909091
5.473636363636364
4.634545454545454
5.109090909090909
5.249545454545454
5.259090909090909
5.315909090909091
5.369545454545454
4.788181818181818
5.078636363636364
5.377727272727273
5.763636363636364
6.0218181818181815
5.887727272727273
5.884090909090909
5.711818181818182
5.535454545454545
5.330909090909091
4.8536363636363635
4.96
5.053181818181819
5.077272727272727
5.8968181818181815
6.747727272727272
6.934545454545455
6.827272727272727
6.763636363636365
6.609090909090909
6.341363636363636
6.05
6.182272727272727
7.229545454545455
7.206363636363636
7.486818181818182
6.990909090909091
6.364545454545455
6.3568181818181815
6.827727272727273
7.183181818181819
7.366818181818181
7.4818181818181815
7.788181818181818
7.498181818181819
7.152727272727273
7.289545454545455
7.823181818181817
8.032272727272728
8.332272727272727
8.444782608695652
8.475652173913044
8.023478260869565
7.951739130434783
7.815652173913043
8.559565217391304
7.483043478260869
7.606521739130434
7.970434782608695
8.291739130434783
8.076521739130435
7.9195652173913045
8.01608695652174
8.386956521739132
8.556086956521739
8.726521739130435
8.80304347826087
8.592608695652174
8.127391304347826
8.597391304347827
9.466086956521739
9.905652173913044
10.24304347826087
10.294782608695652
10.522608695652172
10.363913043478261
10.43695652173913
10.522608695652172
10.357391304347827
10.517391304347827
10.692173913043478
10.929565217391303
10.773913043478261
10.541739130434783
10.75695652173913
10.735652173913042
11.045652173913044
11.073478260869566
11.078260869565218
11.60304347826087
12.033478260869565
11.500434782608695
11.273043478260869
11.302608695652173
11.449130434782608
11.82
11.475217391304348
11.429130434782609
11.678260869565218
11.784347826086957
11.95608695652174
12.094347826086958
12.635652173913044
12.835652173913045
12.698695652173912
12.511304347826087
12.49608695652174
12.38
12.603478260869565
13.270434782608698
13.36826086956522
13.503043478260869
14.16304347826087
13.859130434782609
13.497826086956522
13.570434782608697
13.92695652173913
13.910434782608695
13.938260869565216
14.15913043478261
14.164782608695653
13.939565217391305
13.80782608695652
13.94304347826087
14.405652173913042
14.429130434782609
14.85217391304348
15.164347826086955
15.178260869565218
15.351739130434781
15.067391304347826
14.548260869565217
14.601304347826087
14.859565217391303
14.933913043478261
15.338260869565218
15.39391304347826
15.65086956521739
15.742608695652173
16.11
15.985652173913044
16.242173913043477
15.919130434782607
16.073478260869564
15.886521739130433
15.573478260869566
15.515652173913043
15.722608695652173
15.828260869565218
16.082608695652173
16.344347826086956
16.171304347826087
16.040869565217392
16.004347826086956
16.402608695652173
16.696956521739132
16.715217391304346
16.433043478260867
16.616521739130434
17.11695652173913
16.887391304347826
16.68086956521739
16.47434782608696
16.822608695652175
16.917826086956524
17.108260869565218
17.043478260869566
17.242608695652173
17.371304347826086
17.08086956521739
16.75304347826087
16.67086956521739
17.09695652173913
17.104347826086954
17.092173913043478
16.992608695652173
17.35695652173913
17.11
17.08608695652174
16.883478260869566
17.082173913043476
16.938695652173912
17.15869565217391
16.772608695652174
16.243478260869566
16.278260869565216
16.559565217391306
16.348260869565216
16.387391304347826
16.414782608695653
16.572608695652175
16.683478260869567
16.437826086956523
16.570434782608697
16.23304347826087
15.609565217391303
15.70695652173913
16.183478260869567
15.462173913043477
15.019565217391303
14.954347826086956
15.376956521739132
15.444347826086958
15.01608695652174
15.14782608695652
15.587391304347825
15.290434782608695
15.189565217391305
15.29782608695652
15.083478260869565
14.861739130434783
14.861304347826087
14.984782608695651
15.157826086956522
14.634347826086955
14.135652173913044
13.751304347826085
13.511304347826087
13.526521739130436
13.311304347826088
13.695652173913043
14.143478260869566
14.11304347826087
13.98695652173913
13.722608695652173
13.495652173913042
13.319130434782608
12.89608695652174
13.089565217391305
13.36304347826087
13.524782608695652
13.501739130434784
13.874347826086957
13.90090909090909
13.008181818181818
12.737272727272728
12.014090909090909
11.776363636363635
12.324545454545454
11.737727272727273
12.717727272727274
12.719999999999999
12.601818181818182
12.458181818181817
11.910454545454543
11.610454545454546
11.386363636363637
11.373181818181818
11.337727272727273
10.864090909090908
10.240909090909092
10.457272727272727
10.170454545454545
10.961363636363636
10.865
10.908181818181818
11.08090909090909
10.828181818181818
10.979545454545455
10.973636363636363
10.451363636363636
10.347272727272726
10.725
10.477272727272727
9.605909090909092
9.375909090909092
9.566363636363636
9.105909090909092
9.43
9.1
8.792272727272728
9.327272727272726
8.505454545454546
8.617272727272727
9.057727272727272
8.637727272727274
8.700000000000001
8.098636363636365
7.638636363636365
7.375
7.458181818181817
7.578181818181818
7.165909090909091
7.246363636363637
6.9768181818181825
6.920454545454546
6.555909090909091
7.130000000000001
7.075
7.238181818181818
7.15090909090909
7.176363636363636
7.051363636363636
6.792727272727273
6.550909090909091
6.4377272727272725
6.265909090909091
6.459545454545455
6.117272727272728
5.875454545454545
5.8122727272727275
5.900454545454545
5.696818181818181
5.569090909090909
5.618181818181818
5.818636363636363
5.882272727272727
5.224545454545455
5.003636363636364
4.987727272727273
4.665
5.075454545454545
4.818636363636363
4.209090909090909
5.359545454545454
5.205454545454546
5.878181818181818
6.21090909090909
5.224090909090909
4.701363636363637
4.761363636363637
4.3909090909090915
4.575454545454545
5.133181818181818
5.140454545454546
