temperature
2.2691304347826087
2.135217391304348
1.2295652173913043
1.3930434782608696
1.9073913043478259
2.0626086956521736
1.7347826086956522
1.9056521739130436
1.8239130434782607
1.6395652173913045
1.6891304347826088
0.9734782608695652
0.7417391304347826
1.377391304347826
1.7391304347826086
1.8499999999999999
1.0434782608695652
0.8447826086956521
1.6543478260869564
1.821304347826087
2.251304347826087
2.3369565217391304
1.8856521739130436
1.8221739130434782
1.5582608695652176
1.0843478260869563
1.0821739130434782
0.9369565217391305
1.6717391304347828
1.5439130434782609
1.0530434782608695
1.1139130434782607
2.1630434782608696
2.356086956521739
2.4173913043478263
2.4365217391304346
2.7095652173913045
2.21
1.9434782608695653
1.5299999999999998
1.371304347826087
0.8230434782608695
0.9534782608695652
1.1130434782608696
0.8391304347826087
0.29782608695652174
0.2952173913043479
0.7439130434782608
1.2708695652173911
1.3904347826086956
1.6578260869565216
2.006086956521739
2.4808695652173913
2.4743478260869565
2.4530434782608697
2.1313043478260867
2.264782608695652
2.3356521739130436
2.0760869565217392
2.396521739130435
2.6291304347826085
2.6117391304347826
2.783913043478261
3.0643478260869568
3.891304347826087
3.994347826086957
4.032608695652174
3.6078260869565217
3.65
3.595652173913044
3.88
3.5834782608695654
3.0830434782608696
2.9821739130434786
3.0234782608695654
3.4008695652173913
3.417826086956522
2.8434782608695657
3.033913043478261
2.962608695652174
3.026086956521739
3.1873913043478264
3.5204347826086955
3.9169565217391304
3.5243478260869567
3.672173913043478
3.747391304347826
3.891739130434783
4.395652173913043
4.425652173913043
4.458636363636364
4.11090909090909
3.3563636363636364
3.753181818181818
4.155454545454545
4.153181818181818
4.09409090909091
3.944090909090909
4.119545454545454
4.581818181818182
4.947272727272727
5.345
4.969545454545455
5.290909090909091
5.765909090909091
5.782272727272727
5.6022727272727275
5.782727272727272
6.127727272727273
5.998181818181819
6.280909090909091
6.137727272727273
5.911363636363637
5.819999999999999
5.95
5.944090909090909
5.708181818181818
5.61
6.040454545454545
6.222272727272727
6.179090909090909
6.158636363636364
6.470454545454545
6.748636363636364
6.787272727272727
6.958181818181819
7.246363636363636
7.740909090909091
7.126818181818181
7.40409090909091
7.990454545454545
7.574090909090909
8.292727272727273
8.097272727272726
8.418636363636365
8.252727272727272
8.079545454545455
8.751818181818182
8.567727272727273
8.993181818181817
8.993181818181817
8.806363636363637
9.131363636363636
9.703181818181818
9.822727272727272
9.720454545454546
9.593181818181819
9.226363636363637
9.268181818181818
9.47
9.630454545454546
10.148636363636363
10.145909090909091
10.188181818181818
10.17
10.194545454545455
10.091818181818182
10.389545454545454
10.325000000000001
10.618636363636362
10.245909090909091
10.266363636363637
10.570454545454545
10.286818181818182
10.64
10.683181818181819
10.918636363636365
11.112272727272726
11.117272727272727
11.69
11.791363636363638
11.242727272727272
11.328636363636365
11.299545454545454
11.322727272727272
11.784999999999998
11.69590909090909
11.575000000000001
11.47181818181818
11.568181818181818
12.193636363636363
12.19590909090909
12.365454545454547
12.445
12.954545454545455
13.257272727272728
13.31
13.648181818181818
13.487272727272728
13.134545454545453
12.878181818181817
13.37409090909091
13.148181818181818
13.094545454545454
13.274545454545455
13.004090909090907
12.97318181818182
12.43590909090909
12.72409090909091
13.020454545454545
13.525454545454545
13.021818181818183
12.789545454545454
12.715454545454547
12.779545454545454
13.340454545454547
13.573636363636364
13.873181818181818
13.818181818181818
13.992272727272727
13.192727272727273
12.975
12.985454545454546
13.344999999999999
13.17681818181818
12.73090909090909
13.021818181818183
13.013636363636364
12.907727272727271
12.77681818181818
12.995454545454544
12.655
12.864090909090908
12.980454545454545
13.142727272727273
13.141363636363637
13.30318181818182
13.023636363636363
12.458181818181817
12.444090909090908
12.579545454545455
12.900454545454545
12.875
12.653636363636364
12.382727272727273
12.911818181818182
12.822727272727274
12.60409090909091
12.364999999999998
12.25090909090909
12.667272727272728
11.938636363636363
11.685454545454546
12.202272727272726
11.714090909090908
11.711818181818181
11.583636363636364
11.435454545454546
11.078181818181818
10.996363636363636
11.462727272727273
10.981818181818182
10.55090909090909
10.32
10.292727272727273
10.163636363636364
10.134545454545455
10.321363636363635
10.521363636363636
11.028636363636364
10.638636363636364
9.968636363636364
10.33090909090909
10.147272727272728
9.741363636363637
10.145
9.636818181818182
9.133181818181818
8.648181818181818
8.831818181818182
9.366363636363637
9.898636363636363
9.41090909090909
9.578260869565218
9.49304347826087
9.23
9.345217391304347
9.108260869565218
8.799130434782608
8.512608695652174
8.304782608695652
8.801304347826088
8.338260869565218
7.997826086956523
7.8039130434782615
7.218695652173913
7.306521739130435
7.35304347826087
7.324347826086957
6.867391304347826
7.056086956521739
6.746086956521739
6.636086956521739
6.40391304347826
6.4995652173913046
6.781739130434782
6.880000000000001
6.875652173913043
6.9656521739130435
6.539130434782609
6.461304347826087
6.381739130434783
6.388695652173913
6.233478260869566
5.778260869565218
6.09
5.76695652173913
5.5343478260869565
4.940434782608696
4.748260869565217
5.126086956521739
5.254347826086956
5.22
5.264347826086956
5.103478260869565
4.31
3.8000000000000003
3.4186956521739127
3.811304347826087
3.531304347826087
3.3308695652173914
3.6239130434782605
3.2352173913043476
2.526521739130435
2.8708695652173915
3.5491304347826085
3.7543478260869563
3.785217391304348
3.513478260869565
3.1317391304347826
2.64
2.5778260869565215
2.213478260869565
2.385217391304348
2.503913043478261
2.933043478260869
3.2626086956521734
3.2939130434782613
3.34304347826087
2.931739130434783
2.0765217391304347
1.8808695652173912
1.7786956521739128
1.9391304347826088
2.2395652173913043
2.381304347826087
2.3982608695652177
2.736086956521739
2.9691304347826084
2.758695652173913
2.1813043478260865
2.17304347826087
2.5478260869565217
2.4439130434782608
2.9378260869565214
2.4978260869565214
2.78695652173913
2.9499999999999997
3.109130434782609
3.0608695652173914
2.404782608695652
2.62
2.1591304347826084
1.914782608695652
2.0986956521739133
