temperature
4.112727272727273
3.7181818181818183
3.4872727272727273
3.444090909090909
4.342272727272728
4.111818181818181
4.460454545454545
4.803636363636364
4.477727272727273
4.690909090909091
4.629090909090909
5.2695454545454545
5.6013636363636365
4.468636363636364
5.045454545454546
4.2749999999999995
4.195909090909091
4.378181818181819
4.970909090909091
4.713181818181818
3.9268181818181818
3.813636363636364
3.8740909090909095
3.744090909090909
4.1890909090909085
3.811363636363636
3.9004545454545454
3.7100000000000004
4.051818181818182
3.735
3.89
3.943636363636364
3.727727272727273
3.924545454545455
5.017727272727273
4.833181818181818
4.77
4.263636363636364
3.600454545454546
3.7563636363636363
4.215909090909091
4.821363636363636
5.392727272727273
4.573181818181818
3.973181818181818
4.540909090909091
4.452727272727272
4.318181818181818
4.345
4.007727272727273
3.8709090909090906
4.193636363636364
4.451818181818182
4.912727272727273
5.120909090909091
5.076818181818182
5.185
5.163636363636363
4.879545454545454
4.701818181818182
4.360454545454545
4.319090909090909
4.154090909090909
4.4354545454545455
5.01409090909091
6.1909090909090905
6.2281818181818185
6.287727272727273
6.23590909090909
5.903636363636363
5.662727272727273
5.278636363636363
5.799545454545455
6.657272727272727
6.86090909090909
7.165909090909091
6.426818181818181
5.79
5.852727272727273
6.108181818181818
6.412727272727272
6.638181818181818
6.681818181818182
7.095
6.628636363636364
6.165454545454546
6.611818181818182
7.079999999999999
7.723181818181818
8.046818181818182
8.134782608695652
8.053478260869564
7.762608695652173
7.43
7.722608695652174
8.251304347826087
7.047826086956522
6.895652173913043
7.468695652173913
8.10695652173913
7.6000000000000005
7.218695652173913
7.144782608695651
7.891304347826087
8.046086956521739
8.186521739130434
8.5
7.829130434782608
7.513478260869565
8.204347826086956
9.184782608695652
9.97695652173913
10.557391304347826
10.497826086956522
10.480434782608697
9.837826086956522
10.131304347826088
10.215217391304348
9.92304347826087
9.971304347826088
10.316521739130435
10.178260869565218
10.314347826086957
10.160869565217391
10.391304347826088
10.630869565217392
10.800434782608695
10.651304347826086
10.85304347826087
11.074782608695653
11.157391304347826
10.833043478260869
10.545217391304348
10.662173913043478
11.110434782608696
11.365652173913045
11.266521739130434
11.39608695652174
11.583913043478262
11.785652173913043
11.587391304347825
11.700000000000001
12.302173913043477
12.485652173913044
12.30608695652174
12.15913043478261
12.106521739130434
12.304347826086957
12.48
12.715217391304348
13.244347826086956
13.451739130434783
13.887391304347828
13.453913043478261
12.927391304347825
13.297826086956523
13.717391304347826
14.01695652173913
13.783478260869565
14.221304347826088
13.931739130434783
13.759130434782607
13.719565217391304
13.85391304347826
13.915652173913044
13.943478260869565
14.582173913043478
15.155652173913042
15.260000000000002
15.278695652173914
15.178260869565218
14.466956521739132
14.562173913043479
14.776521739130436
14.750434782608695
14.944782608695652
15.28086956521739
15.440434782608696
15.618695652173914
15.82304347826087
15.708260869565219
15.878260869565217
16.157826086956522
16.18173913043478
16.29304347826087
15.710869565217392
15.78217391304348
15.91391304347826
15.704782608695652
15.834347826086956
16.050869565217393
15.994347826086956
16.132608695652173
15.906521739130437
16.441739130434783
16.581304347826087
16.666521739130435
16.146521739130435
16.58782608695652
17.11304347826087
16.934782608695652
16.426521739130436
16.338695652173914
16.993913043478262
17.069565217391304
16.87695652173913
16.905652173913044
17.366521739130434
17.31478260869565
17.40913043478261
17.038695652173914
16.957826086956523
17.41
17.15695652173913
17.20521739130435
16.839565217391304
17.238695652173913
17.229130434782608
16.958695652173912
16.73608695652174
16.925652173913043
16.72869565217391
17.238260869565217
16.59130434782609
16.19608695652174
16.32391304347826
16.79
16.36826086956522
16.422173913043476
16.492608695652173
16.752608695652174
16.736521739130435
16.469565217391306
16.284782608695654
16.024782608695652
15.268695652173914
15.350434782608696
15.345217391304347
14.916086956521738
14.621739130434783
14.804782608695652
14.903913043478262
14.946521739130434
14.78608695652174
15.023913043478261
15.17478260869565
14.94086956521739
15.036521739130434
14.911739130434784
14.712608695652174
14.661304347826086
14.421304347826087
14.58304347826087
14.786956521739132
14.42478260869565
13.636086956521739
13.419565217391304
13.04304347826087
13.008260869565218
12.786521739130436
13.200434782608696
13.572608695652175
13.783478260869565
13.64
13.199565217391303
12.92608695652174
12.69086956521739
12.373913043478263
12.483478260869566
12.717391304347826
13.046521739130435
13.07913043478261
13.160434782608695
13.277727272727274
12.410454545454543
12.113636363636363
11.299999999999999
11.14090909090909
11.475909090909092
11.017272727272728
11.804545454545455
11.912727272727272
11.732272727272727
11.511818181818182
11.150454545454545
10.89409090909091
10.74409090909091
10.521363636363636
10.226363636363637
10.08090909090909
9.404545454545454
9.625454545454545
9.018181818181818
10.007727272727273
10.167272727272728
10.020454545454545
10.167272727272728
10.100454545454546
10.131363636363636
10.192272727272728
9.565454545454545
9.045454545454545
9.59590909090909
9.557272727272727
8.955454545454545
8.617272727272727
8.941363636363636
8.196363636363635
8.455454545454545
7.942727272727273
7.865454545454545
8.267272727272728
7.246818181818182
7.458636363636364
7.827727272727273
7.6886363636363635
7.606363636363636
7.0672727272727265
6.897272727272727
6.338636363636363
6.253181818181818
6.249090909090909
5.915909090909091
5.855
5.7695454545454545
5.528181818181818
5.414545454545455
5.917272727272728
5.791363636363636
6.201818181818182
6.2304545454545455
5.843636363636364
5.756818181818182
5.601818181818182
5.467727272727273
5.294090909090909
5.194999999999999
5.1859090909090915
5.032272727272727
4.825909090909091
4.661363636363636
4.621818181818182
4.547727272727273
4.619090909090909
4.643636363636364
4.88909090909091
5.032727272727272
4.196818181818181
3.9895454545454543
4.1477272727272725
3.637272727272727
3.6681818181818184
3.5536363636363633
2.558181818181818
3.522727272727273
4.009090909090909
4.73
5.285909090909091
4.337727272727273
3.719090909090909
3.6
3.0931818181818183
2.939090909090909
3.68
3.8322727272727275
