pet
0.4195238095238095
0.3780952380952381
0.39714285714285713
0.32571428571428573
0.1823809523809524
0.2652380952380953
0.33619047619047615
0.38
0.2757142857142857
0.2623809523809524
0.35523809523809524
0.4357142857142857
0.3738095238095238
0.41190476190476194
0.18619047619047618
0.3385714285714286
0.3936363636363636
0.29545454545454547
0.41181818181818186
0.25681818181818183
0.3572727272727273
0.3763636363636364
0.3609090909090909
0.3559090909090909
0.29227272727272724
0.3972727272727273
0.33
0.31636363636363635
0.33545454545454545
0.345
0.39136363636363636
0.3718181818181818
0.3759090909090909
0.3609090909090909
0.44272727272727275
0.47181818181818175
0.4186363636363636
0.5727272727272728
0.5086363636363637
0.39136363636363636
0.4731818181818182
0.4445454545454545
0.3972727272727273
0.4304545454545455
0.4959090909090909
0.425
0.4518181818181818
0.34136363636363637
0.4168181818181818
0.4936363636363636
0.5227272727272727
0.4731818181818182
0.6281818181818182
0.5963636363636364
0.5409090909090909
0.5181818181818182
0.6027272727272727
0.5695454545454545
0.6640909090909091
0.6604545454545454
0.6495454545454545
0.8345454545454545
0.8386363636363636
0.855
0.855
0.7695454545454545
0.8240909090909091
0.8409090909090909
0.6836363636363637
0.7768181818181819
0.9522727272727273
0.8036363636363636
0.7927272727272728
0.9081818181818182
0.855
0.9409090909090909
1.0586363636363636
0.9672727272727273
0.9736363636363637
1.0668181818181817
1.0781818181818181
1.2254545454545456
1.1604545454545454
1.2122727272727272
1.135
1.1836363636363636
1.1868181818181818
1.3031818181818182
1.1881818181818182
1.074090909090909
1.116818181818182
1.2095454545454545
1.074090909090909
1.2386363636363635
1.2436363636363637
1.2086363636363637
1.17
1.184090909090909
1.3113636363636365
1.4472727272727273
1.3522727272727273
1.5259090909090909
1.4713636363636362
1.7268181818181818
1.614090909090909
1.6377272727272727
1.5990909090909091
1.4777272727272726
1.6195454545454546
1.7695454545454545
1.633181818181818
1.5663636363636364
1.7
1.6618181818181819
1.6700000000000002
1.8318181818181818
1.780909090909091
1.804090909090909
1.8945454545454545
1.7795454545454545
1.9549999999999998
1.8745454545454547
1.9263636363636365
1.9827272727272727
1.7627272727272727
1.9954545454545454
1.9568181818181818
1.9359090909090908
2.1213636363636366
1.9513636363636364
2.015909090909091
1.966818181818182
2.1677272727272725
2.324090909090909
2.312727272727273
2.4690909090909092
2.330909090909091
2.252272727272727
2.3813636363636363
2.2590909090909093
2.1290909090909094
2.4709090909090907
2.1772727272727272
2.294545454545455
2.4245454545454543
2.4495454545454547
2.3436363636363637
2.38
2.31
2.398181818181818
2.3877272727272727
2.562727272727273
2.33
2.515454545454545
2.5945454545454543
2.4
2.3577272727272724
2.6595454545454547
2.6522727272727273
2.377727272727273
2.4699999999999998
2.334090909090909
2.442727272727273
2.585909090909091
2.8145454545454545
2.6904545454545454
2.436818181818182
2.441818181818182
2.599090909090909
2.6795454545454547
2.8854545454545457
2.5236363636363635
2.6236363636363635
2.526818181818182
2.3877272727272727
2.5127272727272727
2.6636363636363636
2.687272727272727
2.7486363636363635
3.102727272727273
2.8022727272727272
2.6290909090909094
2.692727272727273
3.044545454545455
2.9004545454545454
2.6427272727272726
2.992272727272727
2.799090909090909
2.5427272727272725
2.7404545454545453
2.5127272727272727
2.716818181818182
2.6818181818181817
2.5890909090909093
2.4295454545454547
2.4904545454545453
2.5854545454545454
2.666818181818182
2.506818181818182
2.4386363636363635
2.525
2.6754545454545453
2.200909090909091
2.437727272727273
2.4486363636363637
2.7327272727272724
2.4786363636363635
2.605909090909091
2.604090909090909
2.59
2.4695454545454543
2.3754545454545455
2.67
2.604090909090909
2.659090909090909
2.4945454545454546
2.4336363636363636
2.2745454545454544
2.0995454545454546
2.1554545454545457
2.1004545454545456
2.385
2.358181818181818
2.3068181818181817
2.222272727272727
2.1809090909090907
2.364090909090909
2.5
2.3445454545454543
2.059090909090909
1.9645454545454546
2.225909090909091
2.3327272727272725
2.105
2.0363636363636366
2.0195454545454545
1.8327272727272728
1.9472727272727275
1.9613636363636362
1.91
1.8772727272727272
1.8868181818181817
1.739090909090909
1.8895454545454546
1.88
1.7236363636363636
1.9172727272727272
1.88
1.8581818181818184
1.6022727272727273
1.666818181818182
1.7236363636363636
1.633181818181818
1.6340909090909093
1.5168181818181816
1.633181818181818
1.66
1.4118181818181819
1.4086363636363635
1.4318181818181819
1.3981818181818182
1.3986363636363637
1.4786363636363637
1.344090909090909
1.2554545454545456
1.1268181818181817
1.1513636363636364
1.0813636363636363
1.0154545454545454
1.0618181818181818
1.0263636363636364
0.990909090909091
0.9854545454545455
1.0627272727272727
0.93
0.9095454545454547
0.945
0.9227272727272727
0.7968181818181819
0.9481818181818181
0.9018181818181819
0.8090909090909091
0.8159090909090909
0.9040909090909092
0.6795454545454546
0.6759090909090909
0.6545454545454545
0.54
0.5927272727272727
0.7686363636363637
0.6463636363636364
0.6431818181818182
0.52
0.619090909090909
0.6418181818181818
0.6295454545454545
0.5468181818181818
0.5654545454545454
0.44499999999999995
0.5304545454545454
0.4090909090909091
0.535909090909091
0.49500000000000005
0.45136363636363636
0.4231818181818182
0.41590909090909095
0.42
0.44272727272727275
0.4190909090909091
0.4959090909090909
0.3281818181818182
0.30318181818181816
0.4890909090909091
0.4636363636363636
0.5109090909090909
0.4645454545454546
0.5286363636363636
0.38727272727272727
0.42136363636363633
0.2786363636363636
0.3609090909090909
0.37136363636363634
0.49954545454545457
0.3977272727272727
0.27909090909090906
0.375
0.2790909090909091
0.51
0.43666666666666665
0.3638095238095238
0.36809523809523814
0.29428571428571426
0.35523809523809524
0.25142857142857145
0.23761904761904762
0.3423809523809524
0.2866666666666667
0.3557142857142857
0.18523809523809526
0.33999999999999997
0.36809523809523814
0.18857142857142856
0.20571428571428574
0.24619047619047618
0.21666666666666665
0.3919047619047619
0.31428571428571433
0.18857142857142856
0.23952380952380953
0.23333333333333334
0.3019047619047619
0.3566666666666667
0.2957142857142857
0.3242857142857143
0.22
0.17142857142857143
0.3119047619047619
0.24095238095238097
0.2776190476190476
0.26952380952380955
0.30333333333333334
0.3252380952380952
0.22380952380952382
0.38761904761904764
0.29047619047619044
