pet
0.358421052631579
0.4205263157894737
0.5147368421052632
0.3857894736842105
0.33421052631578946
0.33157894736842103
0.378421052631579
0.3352631578947369
0.37526315789473685
0.41736842105263156
0.4131578947368421
0.5505263157894738
0.3242105263157895
0.3868421052631579
0.4705263157894737
0.37894736842105264
0.3768421052631579
0.3868421052631579
0.37578947368421056
0.3863157894736842
0.33473684210526317
0.3568421052631579
0.2894736842105263
0.3994736842105263
0.38421052631578945
0.3721052631578947
0.38105263157894737
0.4263157894736842
0.39473684210526316
0.4142105263157895
0.46684210526315795
0.5168421052631579
0.4605263157894737
0.5010526315789473
0.4410526315789473
0.4194736842105263
0.5347368421052632
0.5421052631578948
0.6052631578947368
0.4942105263157895
0.47421052631578947
0.4663157894736842
0.4336842105263158
0.49947368421052635
0.4810526315789474
0.5636842105263158
0.5752631578947368
0.46842105263157896
0.533157894736842
0.6110526315789473
0.6568421052631579
0.6594736842105263
0.7778947368421052
0.6826315789473685
0.6915789473684211
0.7710526315789474
0.8036842105263158
0.7478947368421053
0.7642105263157895
0.7547368421052632
0.7531578947368421
0.7121052631578948
0.8026315789473685
0.8610526315789473
0.8057894736842105
0.783157894736842
0.868421052631579
0.8310526315789474
0.9294736842105263
0.9489473684210527
0.9405263157894738
0.92
0.9352631578947368
0.9021052631578947
0.8563157894736841
0.9768421052631578
1.0836842105263158
1.1063157894736841
1.0563157894736843
1.0789473684210527
0.9978947368421053
1.181578947368421
1.1757894736842105
1.1389473684210527
1.2726315789473683
1.1847368421052633
1.2489473684210526
1.2457894736842106
1.1805263157894736
1.3689473684210527
1.3936842105263159
1.4436842105263157
1.295263157894737
1.351578947368421
1.4221052631578948
1.401578947368421
1.4605263157894737
1.543157894736842
1.546315789473684
1.6326315789473684
1.561578947368421
1.6163157894736842
1.5836842105263158
1.5989473684210527
1.81
1.9226315789473685
1.9373684210526316
1.8426315789473684
2.096315789473684
1.9342105263157894
1.8605263157894738
1.7389473684210526
1.8594736842105262
1.7705263157894737
1.7778947368421054
1.8005263157894738
1.924736842105263
1.9278947368421053
2.181578947368421
2.134210526315789
2.3352631578947367
2.328421052631579
2.2994736842105263
2.183684210526316
1.9526315789473685
2.0510526315789472
2.311052631578947
2.3678947368421053
2.358421052631579
2.2657894736842104
2.2873684210526317
2.3863157894736844
2.596315789473684
2.380526315789474
2.1399999999999997
2.1736842105263157
2.1321052631578947
2.0589473684210526
2.1073684210526316
2.187894736842105
2.4510526315789476
2.508947368421053
2.5305263157894737
2.628947368421053
2.5326315789473686
2.583684210526316
2.331578947368421
2.398421052631579
2.473157894736842
2.8573684210526316
2.934736842105263
2.6294736842105264
2.588421052631579
2.7342105263157896
2.493684210526316
2.5363157894736843
2.4973684210526317
2.6294736842105264
2.6257894736842107
2.716315789473684
2.8105263157894735
2.7326315789473683
2.3905263157894736
2.2063157894736842
2.5463157894736845
2.378421052631579
2.5126315789473685
2.625263157894737
2.265263157894737
2.511578947368421
2.6963157894736844
2.4689473684210523
2.3705263157894736
2.4757894736842103
2.446842105263158
2.5031578947368422
2.805789473684211
2.374736842105263
2.4826315789473683
2.498421052631579
2.223157894736842
2.498421052631579
2.3210526315789473
2.435263157894737
2.43
2.6473684210526316
2.2668421052631578
2.413684210526316
2.607894736842105
2.716315789473684
2.3600000000000003
2.7405263157894737
2.4789473684210526
2.614736842105263
2.5799999999999996
2.62
2.599473684210526
2.5757894736842104
2.6473684210526316
2.325263157894737
2.3684210526315788
2.338421052631579
2.6689473684210525
2.480526315789474
2.5726315789473686
2.508421052631579
2.3484210526315787
2.435263157894737
2.0757894736842104
2.148421052631579
2.3484210526315787
2.062105263157895
2.0773684210526313
2.0910526315789477
2.194210526315789
2.176842105263158
2.2247368421052633
1.986842105263158
2.170526315789474
2.2321052631578944
2.2042105263157894
1.8736842105263158
1.7768421052631578
1.9552631578947368
1.8394736842105264
1.8199999999999998
1.989473684210526
2.011578947368421
1.9573684210526314
1.7589473684210528
1.844736842105263
1.7994736842105261
1.9026315789473685
2.1289473684210525
1.7321052631578946
1.9989473684210524
1.7236842105263157
1.9163157894736844
1.7242105263157894
1.7421052631578948
1.8526315789473686
1.661578947368421
1.7236842105263157
1.516842105263158
1.5626315789473686
1.6157894736842104
1.6842105263157894
1.4947368421052631
1.5063157894736843
1.6242105263157895
1.558421052631579
1.6068421052631578
1.6431578947368422
1.3778947368421053
1.4373684210526316
1.4589473684210525
1.3778947368421053
1.3794736842105264
1.296842105263158
1.2526315789473685
1.1736842105263159
1.2394736842105263
1.2373684210526317
1.203684210526316
1.3063157894736843
1.2126315789473683
1.2994736842105263
1.1178947368421053
1.0663157894736843
0.9231578947368421
1.0036842105263157
0.9899999999999999
1.0084210526315789
1.1044444444444443
0.9961111111111111
1.0499999999999998
1.0344444444444445
0.9294444444444445
1.0427777777777778
0.9472222222222223
0.8294444444444444
0.9583333333333334
0.9594444444444444
0.7855555555555556
0.6933333333333334
0.6666666666666666
0.6694444444444445
0.7316666666666667
0.71
0.7572222222222222
0.7544444444444445
0.7266666666666667
0.7016666666666667
0.7
0.6816666666666666
0.6255555555555555
0.6133333333333333
0.7511111111111111
0.7027777777777778
0.7561111111111111
0.7472222222222222
0.6583333333333333
0.6361111111111111
0.66
0.5284210526315789
0.5626315789473684
0.5826315789473684
0.5515789473684211
0.5668421052631579
0.5689473684210526
0.5863157894736842
0.5552631578947369
0.5715789473684211
0.47631578947368425
0.6278947368421053
0.5389473684210526
0.5157894736842106
0.4463157894736842
0.33789473684210525
0.35210526315789475
0.38315789473684214
0.3636842105263158
0.40421052631578946
0.4531578947368421
0.4436842105263158
0.3505263157894737
0.3684210526315789
0.4089473684210526
0.4921052631578947
0.41842105263157897
0.43473684210526314
0.35157894736842105
0.29526315789473684
0.3673684210526316
0.39894736842105266
0.3673684210526316
0.43473684210526314
0.3373684210526316
0.38894736842105265
0.3173684210526316
0.4605263157894737
0.41736842105263156
0.39473684210526316
0.44684210526315793
0.3268421052631579
0.24421052631578946
0.3357894736842105
0.40210526315789474
0.36947368421052634
0.3915789473684211
0.3468421052631579
0.23421052631578948
0.2710526315789474
0.29526315789473684
0.3547368421052632
0.2942105263157895
0.28736842105263155
0.4405263157894737
0.3078947368421052
0.2789473684210526
0.301578947368421
0.2889473684210526
0.28578947368421054
0.25473684210526315
0.3431578947368421
