temperature
4.741578947368422
4.2894736842105265
4.192631578947368
3.8905263157894736
4.545263157894737
4.322631578947369
4.653684210526316
4.17421052631579
4.377894736842105
4.7426315789473685
4.842631578947369
5.652631578947368
5.244736842105263
4.712105263157895
5.426842105263158
4.548421052631579
4.532105263157895
4.9126315789473685
4.6557894736842105
4.12421052631579
4.146315789473684
4.276315789473684
4.416842105263158
4.51
4.559473684210526
4.645263157894737
4.876315789473685
4.391578947368421
4.161052631578947
4.0073684210526315
4.393157894736842
4.6000000000000005
4.468947368421053
4.647368421052631
4.8978947368421055
4.686315789473684
4.7357894736842105
4.174736842105263
4.156315789473684
4.467894736842105
4.2973684210526315
5.1626315789473685
5.169473684210526
4.791052631578947
4.842631578947369
5.28842105263158
4.8589473684210525
4.868947368421053
4.231052631578947
4.280526315789474
4.425263157894737
4.648421052631579
4.842105263157895
5.313684210526316
4.866315789473685
5.433157894736842
5.059473684210526
4.850526315789473
4.425789473684211
4.066315789473684
3.905263157894737
4.247894736842105
4.277894736842105
4.483157894736842
5.051578947368421
6.224210526315789
5.70578947368421
5.624736842105263
5.659473684210527
5.306842105263158
5.143157894736842
5.074210526315789
6.065789473684211
6.41
6.449473684210527
6.936315789473684
5.948947368421052
5.607368421052632
6.056315789473683
6.154736842105263
6.152631578947369
6.22578947368421
6.259473684210526
6.568421052631579
6.525263157894737
6.405263157894737
6.409473684210527
6.433684210526316
6.984210526315789
7.391578947368421
7.416315789473684
7.503684210526315
7.194736842105263
6.782105263157895
7.168421052631579
7.043684210526315
6.646315789473684
6.744210526315789
7.51421052631579
7.5131578947368425
7.0415789473684205
6.783157894736842
6.888421052631578
7.728421052631579
7.715263157894737
7.229473684210525
7.604210526315789
7.07578947368421
7.154736842105263
7.557894736842105
8.631052631578948
8.994736842105263
9.17421052631579
9.22842105263158
8.921052631578947
8.42157894736842
8.59578947368421
8.833684210526316
8.977894736842106
8.881578947368421
9.179473684210526
9.283684210526316
9.397894736842105
9.787894736842105
9.578947368421053
9.247894736842106
9.830526315789474
10.081578947368422
10.108947368421052
10.295263157894738
10.171052631578947
10.146315789473684
10.297368421052632
10.26421052631579
10.447894736842105
10.67157894736842
10.723157894736843
10.203684210526315
10.609473684210528
10.922105263157896
10.52
10.719473684210525
10.741052631578947
10.863684210526316
10.80421052631579
11.08578947368421
11.107368421052632
11.226315789473684
11.36578947368421
11.658947368421053
11.847894736842106
12.391052631578948
12.541052631578948
12.43421052631579
12.091052631578947
12.051052631578948
12.221578947368421
12.367368421052632
12.399473684210527
12.690000000000001
12.783684210526316
12.393157894736841
11.960526315789474
12.145263157894737
12.26157894736842
12.343684210526316
12.816315789473684
13.331578947368422
13.236842105263158
13.163684210526316
12.936315789473683
12.819473684210527
13.013157894736842
13.30842105263158
13.048947368421054
13.448947368421052
13.814736842105264
13.11
13.408421052631578
13.823157894736841
13.933157894736842
14.25736842105263
14.378947368421052
14.273157894736842
14.544736842105264
14.373157894736844
14.081578947368422
14.25157894736842
14.168947368421051
14.283157894736842
14.496315789473684
14.366315789473683
14.106315789473683
13.736842105263158
13.893684210526317
14.334736842105263
14.531052631578946
14.68157894736842
14.84578947368421
14.86315789473684
14.658421052631578
14.336315789473684
14.683157894736842
15.061578947368423
14.94421052631579
14.932105263157894
14.881578947368421
14.782105263157895
14.62684210526316
14.822631578947368
14.681052631578947
14.58578947368421
15.04736842105263
14.95578947368421
15.096842105263159
15.248947368421053
15.28842105263158
15.12578947368421
14.675263157894737
14.577894736842106
14.909473684210525
14.758947368421053
14.665789473684208
14.697368421052632
14.862105263157895
14.930000000000001
14.486842105263158
14.369473684210526
14.463157894736844
14.036842105263156
14.314736842105264
14.329999999999998
14.216315789473684
13.839999999999998
14.000526315789473
13.72157894736842
13.588947368421053
13.923157894736843
13.51736842105263
13.645789473684209
13.574736842105263
13.52421052631579
13.725263157894739
13.375263157894736
13.935263157894736
14.023684210526316
14.00263157894737
14.07578947368421
13.472631578947368
13.342631578947367
13.222105263157895
13.061578947368421
13.64684210526316
13.589473684210526
13.123684210526315
13.034210526315789
12.433157894736842
12.196315789473683
12.030526315789475
11.915263157894737
12.26842105263158
12.422105263157896
12.691052631578946
13.009473684210526
12.604736842105263
12.07578947368421
11.822105263157894
11.942631578947369
11.66263157894737
12.140526315789474
12.72
12.457368421052632
12.51421052631579
12.291111111111112
11.54888888888889
11.541666666666666
10.635
10.845
10.592222222222222
10.401666666666666
11.020555555555555
10.983333333333333
10.437777777777777
10.288888888888888
9.961666666666666
10.163333333333334
10.455
10.284444444444444
9.773333333333333
9.595
9.46
9.282222222222224
8.55888888888889
9.333333333333334
9.532777777777778
9.092222222222222
9.115555555555556
9.593333333333334
9.65611111111111
9.83
9.372777777777777
8.825555555555557
9.48611111111111
9.142777777777777
8.605263157894736
8.474736842105264
8.482631578947368
8.118421052631579
8.161052631578947
7.726842105263158
8.138421052631578
7.5542105263157895
6.898421052631579
7.659473684210527
7.83578947368421
7.572631578947369
7.283684210526316
7.588421052631579
7.668421052631579
7.216842105263158
7.018421052631578
6.785263157894738
6.36421052631579
6.685263157894736
6.40421052631579
5.728421052631579
5.850526315789473
6.789999999999999
5.962105263157895
6.638947368421053
6.7
6.229473684210526
5.95
5.894210526315789
5.073157894736842
5.2231578947368416
5.046842105263158
4.904736842105263
5.388947368421053
5.206315789473685
5.117368421052632
5.423684210526315
6.358947368421053
6.379473684210526
5.339473684210526
4.491578947368422
5.04
5.136842105263158
4.943684210526317
4.84578947368421
4.319473684210526
3.512631578947368
3.3510526315789475
3.0605263157894735
4.553157894736842
4.799473684210526
5.566842105263158
5.36578947368421
4.356842105263158
4.048947368421053
3.8773684210526316
3.13
3.2010526315789476
4.147368421052631
4.5521052631578955
