pet
0.23684210526315788
0.23105263157894734
0.34210526315789475
0.2431578947368421
0.20789473684210527
0.1836842105263158
0.21052631578947367
0.16421052631578947
0.25105263157894736
0.2731578947368421
0.30210526315789477
0.4126315789473684
0.20842105263157895
0.22473684210526318
0.34421052631578947
0.24894736842105267
0.2142105263157895
0.26684210526315794
0.25684210526315787
0.25052631578947365
0.25157894736842107
0.24578947368421053
0.19105263157894736
0.23526315789473684
0.24631578947368418
0.2131578947368421
0.2168421052631579
0.26789473684210524
0.26684210526315794
0.2894736842105263
0.308421052631579
0.3405263157894737
0.32105263157894737
0.39999999999999997
0.3294736842105263
0.2715789473684211
0.35789473684210527
0.3589473684210526
0.4110526315789474
0.3352631578947369
0.35368421052631577
0.3357894736842105
0.2563157894736842
0.31315789473684214
0.31421052631578944
0.3973684210526316
0.42684210526315786
0.3310526315789474
0.37105263157894736
0.42736842105263156
0.4089473684210526
0.45473684210526316
0.5478947368421053
0.4884210526315789
0.5131578947368421
0.5810526315789474
0.5626315789473684
0.538421052631579
0.5263157894736842
0.5052631578947369
0.53
0.48157894736842105
0.601578947368421
0.6210526315789474
0.6089473684210527
0.631578947368421
0.6657894736842106
0.6421052631578947
0.6947368421052631
0.7273684210526316
0.7121052631578947
0.7105263157894737
0.7221052631578948
0.7326315789473684
0.6994736842105262
0.7952631578947368
0.8273684210526315
0.8510526315789473
0.8373684210526315
0.8505263157894737
0.7957894736842106
0.9194736842105262
0.9484210526315789
0.8952631578947368
0.9921052631578948
0.9689473684210527
0.9936842105263157
0.9768421052631578
0.9747368421052631
1.108421052631579
1.1757894736842105
1.171578947368421
1.0968421052631578
1.08
1.2163157894736842
1.0926315789473684
1.1673684210526316
1.1805263157894736
1.2021052631578948
1.3626315789473684
1.2310526315789474
1.36
1.2994736842105263
1.3242105263157895
1.5405263157894737
1.5526315789473684
1.6210526315789473
1.4631578947368422
1.7236842105263157
1.5773684210526315
1.5389473684210526
1.5310526315789474
1.5426315789473684
1.5573684210526315
1.5484210526315791
1.5710526315789475
1.5773684210526315
1.5542105263157895
1.81
1.7826315789473683
1.9226315789473685
1.8868421052631579
1.8631578947368421
1.826842105263158
1.7052631578947368
1.8473684210526315
1.9815789473684209
2.128421052631579
2.088421052631579
2.0410526315789475
2.0189473684210526
1.9663157894736842
2.3094736842105266
2.126315789473684
1.8073684210526317
1.9021052631578947
1.8063157894736843
1.8560000000000003
1.8399999999999999
1.8495000000000001
2.0685
2.2325
2.1215
2.324
2.1315
2.2625
2.026
2.1155
2.0535
2.407
2.4295
2.2809999999999997
2.237
2.3535
2.113
2.154
2.314
2.2965
2.302
2.369
2.3805
2.308
1.9780000000000002
1.9204999999999999
2.2960000000000003
2.0835
2.1315
2.318
2.016
2.0845
2.2215
2.074
2.044
2.0315000000000003
2.1085000000000003
2.2195
2.3535
2.1615
2.112
2.0260000000000002
1.9490000000000003
2.1675
2.041
2.231
2.161
2.233
1.9195
2.091
2.2995
2.3385000000000002
1.9905000000000002
2.2535
1.956
2.1925
2.103
2.299
2.1965
2.2715
2.2425
2.0
2.1225
2.0535
2.3425000000000002
2.0315
2.211
2.0735
2.0635
2.1224999999999996
1.7405000000000002
1.8980000000000001
1.9545
1.809
1.8625
1.7730000000000001
1.8780000000000001
2.019
1.9685
1.8035
1.8225000000000002
1.8719999999999999
1.8024999999999998
1.582
1.4785
1.583
1.7169999999999999
1.5844999999999998
1.7080000000000002
1.6649999999999998
1.6044999999999998
1.452
1.6275
1.5265
1.592
1.7345
1.5035
1.7260000000000002
1.4855
1.593
1.31
1.396
1.5025
1.3955
1.409
1.1615
1.2970000000000002
1.3195000000000001
1.322
1.259
1.2515
1.335
1.341
1.334
1.3245
1.109
1.1095
1.1300000000000001
1.0645
1.0619999999999998
0.991
0.9865
0.9555
0.9970000000000001
0.9964999999999999
0.9555
1.018
0.9015000000000001
0.9305
0.8724999999999999
0.8720000000000001
0.7585
0.74
0.7565
0.757
0.8221052631578948
0.7315789473684211
0.8152631578947368
0.76
0.7294736842105263
0.7678947368421053
0.6931578947368421
0.5894736842105263
0.7042105263157895
0.7015789473684211
0.5810526315789474
0.5278947368421052
0.4652631578947368
0.5173684210526316
0.4842105263157894
0.47526315789473683
0.4842105263157894
0.4931578947368421
0.47368421052631576
0.4705263157894737
0.46263157894736845
0.4189473684210526
0.3868421052631579
0.42684210526315786
0.48
0.4473684210526316
0.5047368421052632
0.4884210526315789
0.4168421052631579
0.41736842105263156
0.41789473684210526
0.3310526315789474
0.3631578947368421
0.3836842105263158
0.34789473684210526
0.33210526315789474
0.3721052631578948
0.3542105263157895
0.3836842105263158
0.3494736842105263
0.29368421052631577
0.4005263157894737
0.32210526315789473
0.25894736842105265
0.2889473684210526
0.24105263157894738
0.2231578947368421
0.2263157894736842
0.22736842105263158
0.24842105263157893
0.3068421052631579
0.3042105263157895
0.21263157894736842
0.2136842105263158
0.25842105263157894
0.3063157894736842
0.27
0.2810526315789474
0.17684210526315788
0.1636842105263158
0.22526315789473686
0.2031578947368421
0.18842105263157896
0.24368421052631578
0.17789473684210524
0.20473684210526316
0.19999999999999998
0.2573684210526316
0.25263157894736843
0.22842105263157894
0.28157894736842104
0.2142105263157895
0.14368421052631578
0.21
0.2910526315789474
0.29
0.25684210526315787
0.24842105263157893
0.1631578947368421
0.15210526315789472
0.20789473684210527
0.2573684210526316
0.1726315789473684
0.2068421052631579
0.27473684210526317
0.17789473684210524
0.12736842105263158
0.13842105263157894
0.15210526315789474
0.15
0.16631578947368422
0.17473684210526316
