pet
0.2609090909090909
0.3054545454545454
0.33636363636363636
0.3063636363636364
0.26545454545454544
0.23681818181818182
0.3859090909090909
0.3259090909090909
0.3095454545454545
0.3527272727272727
0.3890909090909091
0.3690909090909091
0.34863636363636363
0.3577272727272727
0.3409090909090909
0.27909090909090906
0.3372727272727273
0.29545454545454547
0.3640909090909091
0.35409090909090907
0.315
0.3195454545454546
0.30863636363636365
0.38227272727272726
0.3981818181818182
0.43363636363636365
0.40954545454545455
0.4686363636363637
0.38727272727272727
0.41363636363636364
0.4454545454545454
0.4581818181818182
0.4422727272727273
0.43863636363636366
0.48000000000000004
0.47
0.5263636363636364
0.5363636363636364
0.5290909090909092
0.5227272727272727
0.4777272727272727
0.46181818181818185
0.5604545454545454
0.57
0.535
0.6040909090909091
0.6104545454545455
0.49409090909090914
0.5918181818181818
0.6545454545454545
0.7186363636363636
0.6809090909090909
0.7504545454545455
0.6745454545454546
0.5931818181818181
0.7190909090909091
0.7790909090909092
0.7945454545454546
0.7422727272727272
0.7877272727272726
0.8545454545454546
0.7513636363636365
0.8322727272727272
0.8313636363636363
0.8900000000000001
0.8936363636363637
0.9149999999999999
0.935
1.0786363636363636
1.0
1.0213636363636363
1.0068181818181818
1.0286363636363636
0.9936363636363637
0.9531818181818181
1.0659090909090911
1.106818181818182
1.1663636363636363
1.0945454545454545
1.1590909090909092
1.155909090909091
1.199090909090909
1.1890909090909092
1.145909090909091
1.2904545454545455
1.2718181818181817
1.3245454545454545
1.3940909090909093
1.3213636363636363
1.4813636363636364
1.4708695652173913
1.5382608695652176
1.3852173913043477
1.453478260869565
1.4804347826086954
1.7665217391304349
1.5991304347826087
1.6769565217391305
1.5778260869565217
1.7352173913043476
1.6691304347826088
1.607391304347826
1.6391304347826088
1.7208695652173913
1.7778260869565217
1.9330434782608696
1.8504347826086958
1.9713043478260872
1.7834782608695654
1.9026086956521737
1.95
1.9173913043478261
2.0117391304347825
1.9495652173913043
1.9686956521739132
1.983913043478261
2.1052173913043477
2.1395652173913042
2.1913043478260867
2.166086956521739
2.3895652173913042
2.40695652173913
2.4817391304347827
2.4408695652173913
2.2108695652173913
2.2621739130434784
2.4430434782608694
2.338695652173913
2.4556521739130437
2.1673913043478263
2.4317391304347824
2.6117391304347826
2.3904347826086956
2.34304347826087
2.424782608695652
2.2930434782608695
2.2404347826086957
2.4395652173913045
2.5543478260869565
2.232608695652174
2.3965217391304345
2.432608695652174
2.725217391304348
2.694782608695652
2.7269565217391305
2.543913043478261
2.342173913043478
2.5969565217391306
2.617391304347826
2.900434782608696
3.0656521739130436
2.9121739130434783
2.694782608695652
2.6843478260869564
2.5891304347826085
2.86695652173913
2.5095652173913043
2.9560869565217387
2.9395652173913045
3.0456521739130435
2.862173913043478
2.822608695652174
2.557391304347826
2.619565217391304
2.6052173913043477
2.8143478260869568
2.9126086956521737
2.8347826086956522
2.901304347826087
2.8482608695652174
3.157391304347826
2.9117391304347824
2.9
3.0126086956521743
2.964782608695652
2.8682608695652174
3.0165217391304346
2.8604347826086958
3.032173913043478
3.13
2.822608695652174
2.822608695652174
2.7182608695652175
2.767826086956522
2.6913043478260867
2.8178260869565217
2.6908695652173913
2.74
2.7308695652173913
2.9643478260869567
2.9243478260869566
3.0430434782608695
2.9530434782608697
2.859130434782609
3.031304347826087
2.826521739130435
3.074782608695652
2.82
2.9695652173913043
2.9447826086956526
2.7743478260869567
2.736521739130435
2.783913043478261
2.8526086956521737
2.9104347826086956
3.002173913043478
2.6104347826086958
2.75
2.7704347826086955
2.5939130434782607
2.816956521739131
2.526086956521739
2.3330434782608696
2.7830434782608697
2.715217391304348
2.2960869565217394
2.6856521739130432
2.4813043478260868
2.463478260869565
2.626086956521739
2.645217391304348
2.336521739130435
2.4547826086956523
2.283913043478261
2.1291304347826085
2.1682608695652172
2.4147826086956523
2.4295652173913043
2.332173913043478
2.1630434782608696
2.300869565217391
2.1830434782608696
2.146086956521739
2.341304347826087
2.0408695652173914
1.9539130434782608
1.9234782608695653
1.9686956521739132
2.1947826086956526
2.037391304347826
1.9569565217391303
1.8147826086956522
1.857391304347826
1.9373913043478261
1.804782608695652
1.6921739130434783
1.932608695652174
1.691304347826087
1.682173913043478
1.8378260869565215
1.6782608695652175
1.7439130434782608
1.7456521739130435
1.5991304347826087
1.628695652173913
1.6808695652173915
1.5721739130434782
1.4547826086956521
1.5591304347826087
1.4817391304347824
1.3765217391304347
1.3356521739130434
1.3169565217391304
1.4491304347826086
1.3156521739130436
1.2826086956521738
1.317391304347826
1.118695652173913
1.1143478260869564
1.1521739130434783
1.1486956521739131
1.1204347826086956
1.0656521739130436
1.1181818181818182
1.0486363636363636
1.0518181818181818
1.1363636363636365
1.0218181818181817
0.9868181818181818
0.9404545454545455
0.8781818181818182
0.9068181818181817
0.9654545454545456
0.8740909090909091
0.7813636363636364
0.6790909090909091
0.6818181818181818
0.6731818181818182
0.6677272727272727
0.8118181818181818
0.8027272727272727
0.7286363636363636
0.6681818181818182
0.6909090909090909
0.6904545454545455
0.6654545454545455
0.6627272727272727
0.7377272727272728
0.7363636363636363
0.7131818181818181
0.6513636363636364
0.5663636363636364
0.6018181818181818
0.6390909090909092
0.5336363636363637
0.52
0.5031818181818182
0.4327272727272727
0.46318181818181814
0.44045454545454543
0.4477272727272727
0.4122727272727273
0.41545454545454547
0.3513636363636364
0.4227272727272728
0.39590909090909093
0.41590909090909095
0.4113636363636364
0.26681818181818184
0.2809090909090909
0.3090909090909091
0.3172727272727273
0.2659090909090909
0.3018181818181818
0.2609090909090909
0.2318181818181818
0.3004545454545454
0.2772727272727273
0.28500000000000003
0.30000000000000004
0.2809090909090909
0.31227272727272726
0.28954545454545455
0.28863636363636364
0.3159090909090909
0.3140909090909091
0.3468181818181818
0.30727272727272725
0.3645454545454545
0.3118181818181818
0.4336363636363636
0.2645454545454546
0.30954545454545457
0.3013636363636364
0.23954545454545453
0.19636363636363638
0.2381818181818182
0.30454545454545456
0.2581818181818182
0.2972727272727273
0.20045454545454547
0.1509090909090909
0.16318181818181818
0.18454545454545457
0.22363636363636363
0.20181818181818184
0.21954545454545454
0.37545454545454543
0.2786363636363636
0.27954545454545454
0.2868181818181818
0.2222727272727273
0.2322727272727273
0.2240909090909091
0.25363636363636366
