temperature
3.9895652173913048
4.0404347826086955
3.8291304347826083
4.01304347826087
4.197391304347826
4.849130434782609
3.7934782608695654
4.114782608695652
4.551304347826087
4.488695652173913
4.197826086956522
3.0817391304347823
3.09
3.3152173913043477
3.9130434782608696
4.043478260869565
3.531304347826087
2.936521739130435
3.5191304347826087
3.8995652173913045
4.321739130434783
4.606086956521739
4.873043478260869
4.498695652173913
4.084782608695653
4.0834782608695654
3.932608695652174
4.115217391304348
4.014347826086956
3.3630434782608694
3.2395652173913048
3.6934782608695653
3.8752173913043477
4.195217391304348
4.108260869565217
4.767391304347826
5.26304347826087
4.808260869565218
4.389130434782609
3.946521739130435
3.2221739130434783
3.1208695652173915
3.4591304347826086
3.2143478260869567
2.4508695652173915
2.4295652173913043
2.4408695652173913
2.927391304347826
3.242173913043478
3.279130434782609
3.359565217391304
3.965652173913044
4.272608695652174
4.440434782608696
4.369999999999999
3.5891304347826085
3.925217391304348
4.094347826086957
4.379130434782609
4.938695652173913
5.165217391304347
5.1899999999999995
4.892173913043478
4.933478260869565
5.0517391304347825
5.711739130434783
5.561739130434782
5.585652173913044
6.022173913043478
6.364347826086957
5.947826086956522
5.966521739130434
5.918260869565217
5.99304347826087
5.746521739130435
6.322608695652175
6.380869565217391
6.57
6.217826086956522
6.299130434782609
6.532608695652174
6.02695652173913
6.609565217391305
6.88391304347826
6.468695652173913
6.86695652173913
6.541304347826086
6.4739130434782615
6.6982608695652175
6.674347826086956
7.640454545454546
7.7286363636363635
6.694545454545454
6.278636363636363
6.158181818181817
6.335
7.068181818181818
7.16
6.8977272727272725
7.376818181818181
7.677727272727273
7.970454545454545
7.837272727272727
7.97
8.299999999999999
8.612727272727271
7.929090909090909
7.859090909090909
8.493181818181817
8.549999999999999
8.382272727272728
9.396363636363636
9.096363636363636
8.416363636363636
8.382727272727273
8.257272727272728
8.415909090909091
8.368181818181817
8.586363636363636
8.92681818181818
9.502727272727272
9.374545454545455
9.377272727272727
9.548181818181819
9.808181818181819
10.209545454545456
10.264545454545454
10.991818181818182
10.736818181818181
10.703181818181818
10.833181818181819
10.958636363636364
11.575454545454546
11.343181818181819
11.679545454545455
11.522272727272728
11.69681818181818
11.507272727272728
12.102272727272727
12.555454545454547
12.00090909090909
11.921363636363635
12.361363636363636
12.307727272727272
12.639545454545454
12.892727272727273
12.617272727272727
12.21
12.284090909090908
12.804545454545455
12.84590909090909
13.297727272727274
13.255454545454546
13.485454545454546
13.325909090909091
12.965909090909092
13.246818181818183
13.34772727272727
13.475
13.796363636363635
13.519545454545455
13.70909090909091
13.658181818181818
13.97272727272727
14.577727272727271
14.216818181818182
14.236363636363636
14.260454545454547
13.805454545454545
14.565
14.738181818181818
14.633181818181818
14.879545454545456
14.69590909090909
14.867727272727272
14.834545454545456
15.49409090909091
15.373636363636365
15.200000000000001
15.444090909090908
15.719545454545454
15.811363636363637
15.844999999999999
15.744545454545454
16.08818181818182
17.172272727272727
17.231363636363636
17.024545454545457
17.192272727272726
17.06681818181818
16.73909090909091
16.999545454545455
16.527272727272727
17.063181818181818
16.957727272727272
17.05818181818182
16.577727272727273
16.30727272727273
16.438636363636363
16.382272727272728
17.00318181818182
16.703636363636363
16.68590909090909
16.658636363636365
16.262727272727272
16.587727272727275
17.055454545454545
17.001818181818184
17.276818181818182
17.399090909090912
17.511363636363637
17.689545454545456
17.096818181818183
16.845
17.285454545454545
17.239545454545453
16.826818181818183
16.680909090909093
16.443181818181817
16.98590909090909
17.256363636363634
17.25409090909091
16.681818181818183
16.672272727272727
16.836363636363636
17.584090909090907
17.755
17.112272727272728
16.586363636363636
16.471818181818183
16.73909090909091
16.945
17.06772727272727
16.92818181818182
15.84681818181818
15.856363636363636
15.94681818181818
16.296818181818182
15.697272727272729
16.055909090909093
16.20090909090909
15.989090909090908
15.452272727272726
15.739999999999998
15.65409090909091
15.370454545454544
15.06
15.024545454545455
14.693181818181818
14.885454545454547
14.904545454545454
15.05909090909091
14.958181818181817
14.414090909090909
14.489090909090908
13.825909090909091
13.27590909090909
14.111363636363636
13.957272727272727
14.414545454545454
14.180454545454547
13.840909090909092
13.583181818181817
13.822272727272725
13.362727272727273
13.451818181818181
13.331818181818182
13.372272727272728
13.236818181818181
13.313181818181818
13.023636363636363
13.088181818181818
13.17
12.869565217391305
12.450000000000001
12.357391304347827
12.44304347826087
12.296086956521739
11.764347826086956
11.484347826086957
11.199130434782608
12.006521739130434
12.196521739130434
11.53608695652174
11.46391304347826
11.343478260869563
10.307391304347826
10.68
10.034347826086956
9.935652173913043
10.54695652173913
10.767391304347827
10.117826086956523
9.791739130434783
9.496086956521738
9.344782608695652
9.853478260869565
9.64608695652174
9.921739130434782
9.954782608695652
9.404782608695653
8.836086956521738
9.081304347826087
9.707826086956521
9.53608695652174
9.387391304347826
9.064782608695653
7.788695652173913
7.675652173913043
7.252173913043479
7.95695652173913
8.665652173913044
8.302173913043477
7.929130434782609
8.28
7.053478260869565
6.619565217391305
6.08
6.254347826086956
6.487826086956522
6.369565217391305
6.978260869565218
6.59608695652174
5.772608695652174
5.566521739130435
5.805652173913043
6.321304347826087
6.163043478260869
6.031304347826087
5.3417391304347825
5.078260869565217
4.683913043478261
4.36
4.530434782608696
5.232608695652174
5.296086956521739
5.789130434782609
5.703043478260869
5.904347826086957
5.42304347826087
5.450434782608696
4.943043478260869
4.556521739130434
4.1378260869565215
4.314347826086957
4.35
4.485217391304348
4.865652173913043
5.296086956521739
5.102608695652174
5.128260869565217
5.101739130434782
4.8039130434782615
5.008695652173913
5.688695652173913
5.224347826086956
5.263478260869565
5.341304347826087
5.369565217391305
5.072608695652174
5.31695652173913
4.9534782608695656
4.971304347826087
3.899130434782609
3.630869565217391
