temperature
3.9404545454545454
3.5031818181818184
3.2881818181818185
3.200454545454545
4.2295454545454545
3.8413636363636368
4.193181818181818
4.169545454545455
4.151363636363636
4.507727272727273
4.502272727272727
5.195454545454545
5.100454545454546
4.403181818181818
4.878636363636364
4.169090909090909
4.183636363636364
4.275909090909091
4.481363636363636
4.1431818181818185
3.537272727272727
3.5063636363636363
3.5131818181818177
3.7345454545454544
3.9495454545454547
3.64
3.791818181818182
3.534090909090909
3.561363636363637
3.345
3.623181818181818
3.8831818181818183
3.615
3.7263636363636365
4.523181818181818
4.452272727272727
4.3100000000000005
3.772272727272727
3.3018181818181818
3.569545454545455
3.775
4.598636363636364
4.929090909090909
4.363181818181818
3.735454545454545
4.342272727272728
3.9454545454545453
3.958181818181818
3.7849999999999997
3.841818181818182
3.6068181818181815
3.787272727272727
4.181363636363636
4.478181818181818
4.421818181818182
4.617727272727273
4.582727272727273
4.566363636363636
4.196363636363636
3.950454545454545
3.615
3.730454545454545
3.6531818181818183
3.936818181818182
4.62
5.582272727272727
5.5618181818181816
5.442272727272727
5.571363636363636
5.208181818181818
4.923181818181818
4.495454545454546
5.213181818181818
5.796818181818182
5.773181818181818
6.233181818181818
5.508181818181818
5.112272727272727
5.26
5.579090909090909
5.803181818181819
6.175
6.175
6.536363636363637
6.157272727272727
5.661363636363636
6.007272727272727
6.295000000000001
6.685454545454546
6.99
7.2208695652173915
7.10304347826087
6.868695652173913
6.515217391304348
6.736521739130435
7.13391304347826
6.35304347826087
6.251304347826087
6.932608695652173
7.214782608695652
6.744782608695652
6.5978260869565215
6.511739130434783
7.205652173913043
7.253913043478261
7.308695652173912
7.559565217391304
6.900869565217391
6.7495652173913046
7.381739130434783
8.22391304347826
8.727826086956522
9.298695652173913
9.271739130434783
9.078695652173913
8.751739130434782
8.907391304347826
9.017826086956521
8.978260869565217
9.045652173913044
9.298260869565217
9.419565217391305
9.410434782608695
9.472608695652173
9.492608695652173
9.32913043478261
9.778260869565218
9.708695652173914
9.678260869565218
9.965652173913044
10.240869565217391
10.03608695652174
9.737391304347826
9.81
10.171739130434782
10.244782608695653
10.164782608695651
9.948695652173912
10.306086956521739
10.488260869565217
10.504782608695653
10.714347826086957
11.171739130434782
11.24304347826087
11.033478260869567
10.88
11.02913043478261
11.124782608695652
11.43
11.799565217391304
12.077391304347827
12.34
12.68
12.432173913043478
12.02913043478261
12.008695652173913
12.457826086956521
12.495217391304347
12.44391304347826
12.894347826086957
12.857826086956523
12.62
12.261739130434782
12.32
12.53
12.67608695652174
13.229565217391306
13.78
13.666086956521738
13.757391304347827
13.451739130434783
12.86608695652174
13.13304347826087
13.398260869565219
13.442608695652174
13.781739130434783
14.083478260869565
13.784347826086957
14.168260869565218
14.494782608695653
14.448695652173912
14.521739130434783
14.612608695652172
14.603478260869565
14.636086956521739
14.298260869565217
14.126086956521737
14.40304347826087
14.37217391304348
14.414782608695653
14.980434782608697
14.635217391304348
14.72391304347826
14.38304347826087
14.631304347826086
14.764347826086956
14.93695652173913
14.669130434782607
15.161739130434784
15.542608695652175
15.262608695652174
14.756956521739129
14.857826086956523
15.376521739130435
15.273478260869567
15.429565217391303
15.400434782608695
15.45608695652174
15.259565217391303
15.462608695652174
15.268695652173914
15.240869565217393
15.60304347826087
15.516521739130434
15.559565217391304
15.424347826086956
15.598260869565218
15.360869565217392
15.160869565217391
14.931739130434783
15.289130434782608
15.117391304347825
15.487391304347826
15.02913043478261
14.622608695652174
14.86826086956522
14.874782608695652
14.670434782608696
14.905652173913042
14.718695652173915
15.083043478260867
15.13304347826087
14.773913043478261
14.67782608695652
14.496086956521738
13.892608695652175
13.915652173913044
14.14695652173913
13.611304347826087
13.454347826086956
13.578260869565218
13.662608695652175
13.784782608695652
13.518260869565218
13.729130434782608
14.074782608695653
13.73695652173913
13.73521739130435
13.48913043478261
13.390869565217391
13.235652173913044
13.021739130434783
13.460869565217392
13.613478260869567
13.017826086956523
12.813478260869564
12.227391304347828
11.981739130434782
11.799130434782608
11.834782608695651
12.34913043478261
12.62
12.707391304347825
12.705652173913045
12.283043478260868
11.938695652173912
11.636521739130433
11.481304347826086
11.575652173913044
11.420434782608696
12.191304347826087
12.23304347826087
12.387826086956522
12.331363636363637
11.381363636363636
11.271363636363636
10.411818181818182
10.400454545454545
10.566818181818181
10.42590909090909
11.128636363636364
10.969090909090909
10.692272727272726
10.516363636363637
10.233181818181817
9.935454545454546
9.980454545454545
10.044545454545455
9.627727272727272
9.315454545454545
8.931363636363637
9.101363636363637
8.476363636363637
9.235454545454546
9.284545454545453
9.228636363636364
9.395454545454545
9.345454545454546
9.498636363636363
9.566363636363636
8.953636363636363
8.508181818181818
9.139545454545454
9.101818181818182
8.42090909090909
8.079545454545455
8.276363636363635
7.8
8.147272727272728
7.6
7.574090909090909
7.825454545454545
6.873636363636364
7.129545454545454
7.498181818181819
7.3968181818181815
7.395
6.951818181818182
6.825909090909092
6.294545454545454
6.303636363636364
6.177727272727273
5.635454545454546
5.746363636363636
5.566363636363636
5.178181818181819
5.185
5.991363636363636
5.452727272727272
5.954090909090909
5.954999999999999
5.5622727272727275
5.429545454545455
5.362727272727273
4.914545454545455
5.096363636363637
5.058181818181819
4.901363636363636
4.915454545454545
4.863636363636363
4.592727272727273
4.482727272727273
4.883636363636364
5.059090909090909
4.637727272727273
4.613181818181818
4.621818181818182
4.048181818181818
3.8400000000000003
4.160909090909091
3.7072727272727275
3.483181818181818
3.3231818181818182
2.347272727272727
3.5927272727272723
3.8904545454545456
4.6445454545454545
4.7304545454545455
3.814090909090909
3.295
3.2613636363636362
2.7813636363636363
2.908181818181818
3.5599999999999996
3.6731818181818183
