temperature
4.092173913043479
4.124347826086956
4.095652173913043
4.372608695652174
4.742608695652174
5.020434782608696
4.056521739130434
4.490869565217392
4.649130434782609
4.2269565217391305
3.970434782608695
3.098695652173913
2.8730434782608696
3.1134782608695653
3.7747826086956517
3.96304347826087
3.5273913043478258
3.0760869565217392
3.738695652173913
4.121304347826087
4.518260869565218
4.601739130434782
4.909999999999999
4.601304347826087
4.228695652173913
4.033913043478261
4.126956521739131
4.272173913043479
3.9400000000000004
3.3134782608695654
3.186086956521739
3.766086956521739
4.080869565217391
4.312608695652174
4.193478260869566
4.694782608695652
4.982173913043479
4.9165217391304346
4.343478260869565
3.858260869565217
3.2308695652173913
3.2169565217391303
3.5634782608695654
3.327391304347826
2.698695652173913
2.4169565217391304
2.4469565217391307
2.9904347826086957
3.151739130434783
3.2721739130434786
3.430434782608696
3.924347826086956
4.209130434782609
4.449130434782608
4.245217391304348
3.2699999999999996
3.8091304347826087
4.337826086956522
4.520869565217391
4.879130434782609
5.110434782608696
4.992608695652174
4.833913043478261
4.718260869565217
5.078260869565217
5.619565217391305
5.231739130434782
5.437826086956521
5.654347826086957
5.927391304347827
5.44695652173913
5.650434782608696
5.539565217391305
5.768695652173913
5.386086956521739
5.828260869565218
5.667826086956523
5.843478260869565
5.631739130434783
5.7504347826086954
6.016521739130434
5.716956521739131
5.9791304347826095
6.408695652173913
6.065652173913043
6.459565217391304
6.212173913043478
6.08
6.493913043478261
6.391739130434782
6.816363636363636
6.895454545454545
5.930000000000001
5.711363636363637
5.785454545454545
5.956818181818182
6.595
6.625909090909091
6.520909090909091
6.775454545454545
7.111818181818182
7.535454545454545
7.690454545454545
7.698636363636364
7.836363636363637
8.223636363636363
7.583636363636364
7.428636363636364
8.288181818181819
8.066818181818181
8.008181818181818
8.871363636363638
8.788636363636364
8.259545454545455
8.171818181818182
7.798181818181818
8.18909090909091
8.101363636363637
8.168181818181818
8.273181818181818
8.808636363636364
8.532727272727273
8.962727272727273
9.131363636363636
9.317727272727273
9.636363636363637
9.563636363636364
10.044545454545455
9.862727272727271
9.81
10.297727272727274
10.209545454545456
10.677272727272728
10.885909090909092
10.9
10.612727272727271
11.038636363636364
11.163636363636364
11.306363636363637
11.953636363636365
11.693181818181818
11.485
11.737727272727273
11.873636363636365
12.260454545454547
12.166818181818183
12.199545454545454
11.554545454545455
11.84590909090909
11.952272727272726
12.07318181818182
12.161818181818182
12.34909090909091
12.747727272727273
12.360000000000001
12.367272727272727
12.342272727272729
12.362272727272726
12.622272727272728
13.106818181818182
12.638636363636364
12.927727272727275
13.075454545454546
12.94818181818182
13.468636363636364
13.487727272727273
13.657727272727273
13.63
13.25090909090909
13.954545454545455
14.167272727272728
14.152727272727274
14.343181818181819
14.07181818181818
14.085
14.371818181818183
14.634090909090908
14.522727272727273
14.381363636363636
14.621363636363638
14.890454545454544
14.733636363636363
14.951363636363636
14.957272727272727
15.664545454545454
16.470454545454547
16.168636363636363
16.05
16.197272727272725
16.034545454545455
15.993636363636364
16.01409090909091
15.972272727272726
16.23227272727273
15.863181818181818
16.189545454545456
15.707727272727272
15.324545454545454
15.555454545454545
15.631818181818181
16.244545454545456
15.990454545454547
15.743181818181819
15.686818181818182
15.58090909090909
15.736818181818181
16.23090909090909
16.201363636363638
16.479545454545455
16.480454545454545
16.633181818181818
16.41590909090909
15.84590909090909
15.834545454545456
16.332727272727272
15.700454545454546
15.69818181818182
15.56
15.453636363636365
15.634545454545453
16.03409090909091
15.904545454545454
15.659545454545453
15.821363636363635
15.82909090909091
16.19181818181818
16.507727272727273
15.860000000000001
15.512272727272727
15.391818181818183
15.621363636363638
15.923181818181819
15.894545454545455
16.009090909090908
15.02590909090909
15.331818181818182
15.407272727272726
15.564545454545454
15.311818181818182
15.261363636363637
15.120909090909093
14.847272727272726
14.657272727272726
14.794545454545455
14.572727272727274
14.396818181818183
14.037272727272727
14.169545454545455
13.94590909090909
14.141363636363637
14.293181818181818
14.289545454545454
13.98090909090909
13.498181818181818
13.636363636363637
13.266818181818183
12.750454545454545
13.356818181818182
13.305909090909092
13.516818181818183
13.216818181818182
13.07318181818182
12.745909090909093
12.92909090909091
12.44
12.72318181818182
12.59772727272727
12.715909090909092
12.336363636363636
12.445
12.365909090909092
12.165454545454544
12.261363636363637
12.080000000000002
11.59086956521739
11.727826086956522
11.828695652173913
11.568260869565217
11.088695652173913
11.164347826086955
10.60086956521739
11.294782608695652
11.344782608695652
10.747826086956522
10.650434782608697
10.319565217391304
9.87304347826087
10.169130434782607
9.640434782608695
9.343043478260869
9.748695652173913
10.207826086956521
9.634347826086957
9.39391304347826
9.045217391304348
9.034347826086956
9.283913043478261
9.197391304347827
9.654782608695653
9.445652173913043
9.031739130434783
8.568695652173913
8.923043478260869
9.371739130434783
9.32391304347826
9.277826086956521
8.469130434782608
7.7126086956521736
7.407826086956521
7.151304347826087
8.070869565217391
8.441304347826087
7.929565217391304
7.849565217391304
7.98695652173913
6.883913043478262
6.3500000000000005
6.145217391304348
6.261304347826088
6.280869565217392
6.462173913043478
7.090869565217392
6.611304347826087
5.81695652173913
5.62304347826087
5.780869565217392
6.2004347826086965
6.322608695652175
6.001304347826087
5.428695652173913
5.202608695652174
4.9134782608695655
4.522608695652174
4.765217391304348
5.3673913043478265
5.44695652173913
5.819565217391304
5.74304347826087
5.764782608695652
5.496956521739131
5.821739130434783
4.915652173913044
4.38304347826087
4.0578260869565215
4.648260869565218
4.802173913043478
4.7443478260869565
5.231739130434782
5.643478260869566
5.176521739130435
5.340434782608696
5.025652173913044
4.747826086956522
5.0773913043478265
5.7791304347826085
5.018695652173912
5.407826086956522
5.477391304347826
5.28
5.280434782608696
5.321739130434783
4.835217391304347
4.955652173913044
4.149565217391304
3.8943478260869564
