pet
0.43809523809523815
0.3485714285714286
0.38857142857142857
0.3238095238095238
0.21952380952380954
0.27904761904761904
0.26571428571428574
0.38857142857142857
0.2814285714285714
0.2590476190476191
0.3880952380952381
0.4471428571428572
0.39952380952380956
0.41285714285714287
0.250952380952381
0.3504761904761905
0.40904761904761905
0.2680952380952381
0.4671428571428572
0.3280952380952381
0.3352380952380952
0.36
0.3728571428571429
0.3761904761904762
0.3142857142857143
0.37952380952380954
0.34095238095238095
0.3242857142857143
0.3642857142857143
0.3676190476190476
0.4071428571428572
0.4033333333333334
0.41571428571428576
0.44333333333333336
0.48619047619047623
0.4795238095238095
0.4628571428571429
0.49666666666666665
0.46476190476190476
0.43285714285714283
0.43809523809523804
0.45428571428571424
0.4471428571428572
0.46904761904761905
0.5176190476190476
0.4280952380952381
0.4823809523809524
0.390952380952381
0.4361904761904762
0.5057142857142858
0.51
0.5166666666666666
0.6395238095238095
0.6042857142857143
0.559047619047619
0.5233333333333333
0.5361904761904762
0.5876190476190476
0.6890476190476191
0.6714285714285714
0.7023809523809523
0.8166666666666667
0.9461904761904762
0.8380952380952381
0.8514285714285714
0.8833333333333334
0.7990476190476191
0.8642857142857142
0.8066666666666668
0.8395238095238095
0.9523809523809523
0.9123809523809524
0.8161904761904762
0.9404761904761905
0.8895238095238095
0.9595238095238094
1.0776190476190475
1.0085714285714285
0.9919047619047618
1.049047619047619
0.9538095238095239
1.0276190476190474
1.2
1.1166666666666667
1.1247619047619049
1.1704761904761904
1.2295238095238095
1.3657142857142857
1.216190476190476
1.150952380952381
1.0742857142857143
1.3271428571428572
1.1485714285714286
1.2776190476190474
1.2738095238095237
1.2114285714285715
1.1942857142857144
1.2452380952380953
1.2885714285714285
1.420952380952381
1.258095238095238
1.5404761904761906
1.483809523809524
1.6966666666666665
1.6604761904761904
1.5642857142857143
1.7104761904761905
1.5452380952380953
1.5790476190476188
1.7723809523809524
1.6676190476190478
1.4976190476190476
1.793809523809524
1.8095238095238095
1.6776190476190476
1.9476190476190476
1.9157142857142855
1.808095238095238
1.9380952380952383
1.889047619047619
2.060952380952381
1.8842857142857143
1.917142857142857
1.985238095238095
1.8390476190476188
2.072380952380952
1.927142857142857
2.0395238095238093
2.084761904761905
1.8914285714285715
2.183809523809524
2.036190476190476
2.213809523809524
2.361904761904762
2.354285714285714
2.44
2.213809523809524
2.3233333333333333
2.5
2.4033333333333333
2.2414285714285715
2.508095238095238
2.295714285714286
2.4385714285714286
2.5185714285714287
2.444761904761905
2.3899999999999997
2.5414285714285714
2.413333333333333
2.625714285714286
2.347142857142857
2.5404761904761903
2.3233333333333333
2.677142857142857
2.567142857142857
2.472857142857143
2.1952380952380954
2.5795238095238098
2.5961904761904764
2.448095238095238
2.5523809523809526
2.4095238095238094
2.4923809523809526
2.5414285714285714
2.9952380952380953
2.7076190476190476
2.4257142857142857
2.393333333333333
2.521904761904762
2.8042857142857143
2.940952380952381
2.4647619047619047
2.644761904761905
2.480952380952381
2.4838095238095237
2.5747619047619046
2.710952380952381
2.8238095238095235
2.893809523809524
3.073333333333333
2.827142857142857
2.4166666666666665
2.6404761904761904
2.6590476190476187
2.7923809523809524
2.790952380952381
3.054761904761905
2.7952380952380955
2.6876190476190476
2.771904761904762
2.461904761904762
2.7914285714285714
2.68
2.568095238095238
2.4457142857142857
2.3119047619047617
2.5
2.5247619047619048
2.5395238095238093
2.5695238095238095
2.722857142857143
2.7685714285714287
2.309047619047619
2.493333333333333
2.440952380952381
2.6995238095238094
2.5523809523809526
2.524285714285714
2.528095238095238
2.610952380952381
2.3990476190476193
2.3076190476190477
2.57
2.4604761904761907
2.4633333333333334
2.34952380952381
2.3076190476190477
2.0414285714285714
2.036190476190476
2.0690476190476192
2.236666666666667
2.2342857142857144
2.239047619047619
2.199047619047619
2.024285714285714
2.013809523809524
2.1085714285714285
2.298095238095238
2.1885714285714286
1.9514285714285715
1.9
2.124761904761905
2.3357142857142854
2.0795238095238098
1.9314285714285715
1.9995238095238097
1.851904761904762
1.9523809523809523
1.966190476190476
1.8585714285714285
1.8223809523809524
1.6714285714285715
1.7052380952380954
1.9028571428571428
1.788095238095238
1.6452380952380952
1.779047619047619
1.779047619047619
1.672857142857143
1.3761904761904762
1.4861904761904763
1.4761904761904763
1.5104761904761905
1.5204761904761905
1.370952380952381
1.5514285714285714
1.5976190476190475
1.4042857142857141
1.3904761904761904
1.4933333333333334
1.4623809523809523
1.431904761904762
1.3647619047619048
1.3557142857142856
1.2233333333333334
1.1199999999999999
1.0804761904761904
1.0471428571428572
0.9766666666666666
1.0138095238095237
0.8690476190476191
0.9909523809523809
0.9695238095238095
0.9771428571428571
0.877142857142857
0.9252380952380952
0.9628571428571429
0.8961904761904762
0.8280952380952381
0.9409523809523809
0.8828571428571428
0.7057142857142857
0.8566666666666666
0.8923809523809523
0.6776190476190477
0.6642857142857143
0.6666666666666666
0.5157142857142857
0.5947619047619048
0.7295
0.5915
0.75
0.5555
0.6045
0.619
0.6140000000000001
0.47050000000000003
0.528
0.538
0.579
0.43
0.5690000000000001
0.524
0.48950000000000005
0.4376190476190476
0.5004761904761905
0.39952380952380956
0.45285714285714285
0.4266666666666667
0.5585714285714286
0.35904761904761906
0.32285714285714284
0.42523809523809525
0.45952380952380956
0.5557142857142857
0.46619047619047616
0.49000000000000005
0.3433333333333333
0.4538095238095239
0.3357142857142857
0.40523809523809523
0.3523809523809524
0.48571428571428565
0.47809523809523813
0.27476190476190476
0.33666666666666667
0.3523809523809524
0.4680952380952381
0.36714285714285716
0.33809523809523806
0.2919047619047619
0.32142857142857145
0.3333333333333333
0.2857142857142857
0.2557142857142857
0.34904761904761905
0.33428571428571424
0.45142857142857146
0.27142857142857146
0.33904761904761904
0.33285714285714285
0.20380952380952383
0.19666666666666666
0.2042857142857143
0.20285714285714285
0.30142857142857143
0.29904761904761906
0.1919047619047619
0.24952380952380954
0.23904761904761906
0.28428571428571425
0.31190476190476196
0.31523809523809526
0.29904761904761906
0.20857142857142857
0.20952380952380953
0.32571428571428573
0.2776190476190476
0.32476190476190475
0.26095238095238094
0.2914285714285714
0.4080952380952381
0.22380952380952382
0.3871428571428572
0.27476190476190476
