pet
0.34478260869565214
0.28956521739130436
0.4439130434782609
0.4717391304347826
0.3134782608695652
0.3847826086956522
0.42043478260869566
0.2591304347826087
0.21869565217391304
0.3726086956521739
0.5208695652173914
0.4608695652173913
0.4478260869565217
0.3639130434782608
0.28304347826086956
0.3695652173913043
0.35000000000000003
0.3691304347826087
0.3717391304347826
0.28478260869565214
0.3960869565217391
0.45608695652173914
0.28304347826086956
0.5778260869565217
0.4578260869565217
0.3991304347826087
0.3456521739130435
0.5039130434782608
0.4008695652173913
0.45130434782608697
0.5147826086956522
0.3926086956521739
0.5230434782608695
0.24869565217391304
0.45608695652173914
0.5347826086956521
0.4665217391304348
0.592608695652174
0.5517391304347826
0.4743478260869565
0.5147826086956522
0.4652173913043478
0.4995652173913044
0.6404347826086957
0.6469565217391304
0.5460869565217391
0.668695652173913
0.4721739130434782
0.5904347826086956
0.588695652173913
0.47347826086956524
0.6147826086956522
0.5834782608695652
0.6517391304347826
0.706086956521739
0.6669565217391304
0.6291304347826088
0.801304347826087
0.7647826086956522
0.7334782608695652
0.8152173913043478
0.8886956521739131
0.8526086956521739
0.7621739130434783
0.6939130434782609
0.8330434782608696
0.681304347826087
0.8882608695652173
0.7321739130434782
0.9039130434782608
0.8482608695652175
0.8743478260869565
0.8813043478260869
0.9091304347826087
0.9165217391304349
1.136086956521739
0.9400000000000001
0.8773913043478261
0.8847826086956521
0.9639130434782608
1.2560869565217392
1.1134782608695653
1.0513043478260868
1.3052173913043479
1.1617391304347826
1.1947826086956521
1.2695652173913043
1.1760869565217391
1.2
1.2191304347826086
0.9690909090909091
1.1531818181818183
1.3527272727272726
1.3695454545454544
1.3040909090909092
1.5227272727272727
1.4977272727272728
1.4431818181818181
1.617727272727273
1.4381818181818182
1.5227272727272727
1.4163636363636363
1.6027272727272726
1.9618181818181817
1.8159090909090911
1.8727272727272728
1.8454545454545455
1.6090909090909091
1.7950000000000002
1.9863636363636366
1.8731818181818183
1.964090909090909
1.991818181818182
2.224090909090909
1.9204545454545454
1.975
2.263181818181818
2.0290909090909093
1.9659090909090908
1.6636363636363638
1.960909090909091
2.09
2.098181818181818
2.069545454545455
2.005909090909091
2.145909090909091
2.151818181818182
2.209090909090909
2.1159090909090907
1.9477272727272728
2.1427272727272726
2.0895454545454544
2.256818181818182
2.4936363636363637
2.475
2.3145454545454545
2.419090909090909
2.601363636363636
2.480909090909091
2.6263636363636365
2.430909090909091
2.5081818181818183
2.450909090909091
2.7695454545454545
2.42
2.5868181818181815
2.705454545454545
2.6599999999999997
2.3186363636363634
2.46
2.669545454545455
2.4109090909090907
2.3622727272727273
2.545
2.56
2.3086363636363636
2.5236363636363635
2.3718181818181816
2.2813636363636363
2.559090909090909
2.4645454545454544
2.455909090909091
2.724090909090909
2.7204545454545457
2.6240909090909095
2.934090909090909
2.9104545454545456
2.609090909090909
2.5727272727272728
2.8027272727272727
3.011818181818182
2.727272727272727
2.8954545454545455
2.4045454545454543
2.5359090909090907
2.5063636363636363
2.712727272727273
2.57
2.5513636363636363
2.5945454545454543
2.7495454545454545
2.8113636363636365
2.951363636363636
3.3204545454545453
2.800909090909091
2.9145454545454546
3.065909090909091
2.8886363636363637
2.757727272727273
2.6304545454545454
2.434090909090909
2.4645454545454544
2.5245454545454544
2.625
2.415
2.7236363636363636
2.726818181818182
2.6954545454545458
2.6922727272727274
2.473181818181818
2.7104545454545454
2.688181818181818
2.5754545454545457
2.6704545454545454
2.534090909090909
2.8286363636363636
2.7140909090909093
2.6368181818181817
2.921818181818182
2.8536363636363635
2.6145454545454543
2.3459090909090907
2.708181818181818
2.4663636363636363
2.5663636363636364
2.5136363636363637
2.2395454545454547
2.2745454545454544
2.330909090909091
2.380909090909091
2.2363636363636363
2.4618181818181815
2.174090909090909
2.346818181818182
2.088181818181818
2.0
2.394090909090909
2.5636363636363635
2.3668181818181817
2.165
2.1645454545454546
2.4345454545454546
2.1713636363636364
2.110909090909091
1.987727272727273
2.1290909090909094
2.0204545454545455
2.215
2.285
2.100909090909091
2.0681818181818183
2.0527272727272727
1.8586363636363636
1.6477272727272727
1.6490909090909092
1.9795454545454545
1.8581818181818184
1.9181818181818182
1.8340909090909092
1.8445454545454545
1.7904545454545455
1.7295454545454545
1.7154545454545456
1.6913636363636364
1.5504545454545455
1.575909090909091
1.479090909090909
1.454090909090909
1.3204545454545455
1.4095454545454547
1.2963636363636364
1.4331818181818183
1.425909090909091
1.3313636363636363
1.4163636363636363
1.1422727272727273
1.1681818181818182
1.1590909090909092
1.1477272727272727
1.0713636363636363
1.1163636363636364
1.134090909090909
1.0877272727272727
1.201304347826087
0.9534782608695652
1.047826086956522
1.0417391304347827
0.9965217391304348
1.0334782608695652
1.0226086956521738
1.0426086956521738
0.8286956521739129
0.7534782608695652
0.9534782608695652
0.8343478260869566
0.8269565217391304
0.8334782608695653
0.6943478260869564
0.9047826086956521
0.9369565217391305
0.6956521739130435
0.7726086956521739
0.7713043478260869
0.7760869565217392
0.6465217391304349
0.6404347826086957
0.7156521739130435
0.6395652173913043
0.6647826086956521
0.6178260869565217
0.5652173913043478
0.6378260869565218
0.5447826086956521
0.4730434782608696
0.44478260869565217
0.4856521739130435
0.601304347826087
0.5973913043478261
0.577391304347826
0.5908695652173913
0.41956521739130437
0.4891304347826087
0.6034782608695651
0.46478260869565213
0.4373913043478261
0.552608695652174
0.5734782608695652
0.508695652173913
0.54
0.3673913043478261
0.4969565217391304
0.46043478260869564
0.43826086956521737
0.4943478260869565
0.43782608695652175
0.5447826086956521
0.32652173913043475
0.44478260869565217
0.3621739130434783
0.4491304347826087
0.3595652173913043
0.43478260869565216
0.37521739130434784
0.18478260869565216
0.3382608695652174
0.28
0.3443478260869565
0.3630434782608695
0.2573913043478261
0.33869565217391306
0.29434782608695653
0.3904347826086957
0.3769565217391304
0.3739130434782609
0.45913043478260873
0.39999999999999997
0.42608695652173917
0.33826086956521734
0.2734782608695652
0.3217391304347826
0.3769565217391304
0.43652173913043474
0.33565217391304353
0.27956521739130435
0.3447826086956522
0.3569565217391304
0.3634782608695652
0.3134782608695652
0.3573913043478261
0.2473913043478261
0.3691304347826087
0.29217391304347823
0.27434782608695657
0.31
0.2604347826086957
