temperature
3.223913043478261
3.2295652173913045
3.1930434782608694
3.597391304347826
3.9400000000000004
3.9899999999999998
3.256521739130435
3.7326086956521736
3.747826086956522
3.2269565217391305
2.8795652173913044
2.2682608695652173
2.0204347826086955
2.2256521739130433
2.7995652173913044
2.8895652173913042
2.5121739130434784
2.1391304347826083
2.8056521739130433
3.207826086956522
3.5873913043478263
3.6030434782608696
3.7969565217391303
3.5947826086956525
3.271304347826087
3.0643478260869568
3.1926086956521735
3.2856521739130438
2.8382608695652176
2.4391304347826086
2.2743478260869567
2.758695652173913
3.119130434782609
3.259130434782609
3.28
3.667826086956522
3.717391304347826
3.8630434782608694
3.3117391304347827
2.8447826086956525
2.247826086956522
2.2930434782608695
2.628260869565217
2.25
1.8617391304347826
1.4947826086956524
1.4465217391304346
2.0156521739130433
2.1
2.225217391304348
2.4504347826086956
2.758695652173913
3.082173913043478
3.367826086956522
3.1269565217391304
2.425217391304348
2.9456521739130435
3.4852173913043476
3.46304347826087
3.6908695652173913
3.891739130434783
3.757826086956522
3.6717391304347826
3.5530434782608693
4.12
4.461739130434783
3.970869565217391
4.351739130434782
4.392608695652174
4.59608695652174
4.167826086956522
4.414347826086956
4.173478260869565
4.500869565217391
4.146521739130435
4.403043478260869
4.1921739130434785
4.3017391304347825
4.242173913043478
4.386521739130435
4.601304347826087
4.398260869565218
4.558260869565218
4.956521739130435
4.782608695652174
5.056956521739131
4.7208695652173915
4.662608695652174
5.14
5.1234782608695655
5.236818181818182
5.195454545454545
4.285
4.143636363636364
4.304090909090909
4.55
5.107272727272727
5.039545454545455
4.9750000000000005
5.265909090909091
5.537727272727273
5.915454545454545
6.220909090909092
6.158636363636364
6.233181818181818
6.557272727272727
6.1827272727272735
5.948181818181819
6.816363636363636
6.486363636363635
6.509545454545455
7.144090909090909
7.167727272727273
6.741363636363636
6.520454545454545
6.259090909090909
6.6018181818181825
6.588636363636363
6.685454545454546
6.782727272727272
7.015909090909091
6.767727272727272
7.385454545454545
7.517727272727272
7.579999999999999
7.874545454545455
7.760909090909092
8.155454545454546
8.113636363636363
7.920454545454546
8.385454545454545
8.465909090909092
8.803636363636365
9.004545454545454
8.997727272727273
8.756818181818183
9.142727272727273
9.52
9.405
10.121818181818183
10.072272727272727
9.865
9.921818181818182
10.127727272727272
10.489545454545455
10.215909090909092
10.34
9.774545454545454
10.108636363636363
10.006363636363636
10.23409090909091
10.182272727272727
10.44090909090909
10.865909090909092
10.537272727272727
10.724545454545455
10.524545454545454
10.453636363636363
10.660454545454545
11.160454545454545
10.732727272727272
11.113181818181818
11.299545454545454
11.04590909090909
11.358181818181817
11.529545454545454
11.828636363636365
11.72909090909091
11.607272727272727
12.067727272727273
12.313181818181818
12.342727272727274
12.424090909090909
12.116363636363637
12.100909090909092
12.530454545454546
12.632272727272728
12.52681818181818
12.42590909090909
12.666363636363638
12.913181818181819
12.70909090909091
13.018181818181818
13.033636363636363
13.699545454545454
14.259545454545453
13.892272727272728
13.92090909090909
14.127727272727272
14.044090909090908
13.95409090909091
13.97409090909091
14.100909090909092
14.182727272727272
13.831818181818182
14.128636363636362
13.81590909090909
13.462272727272728
13.582272727272727
13.711818181818183
14.335909090909091
14.158181818181818
13.718636363636364
13.756363636363636
13.80318181818182
13.845454545454546
14.234545454545456
14.243636363636364
14.521818181818183
14.486818181818181
14.77727272727273
14.27
13.840909090909092
13.927272727272726
14.410909090909092
13.673181818181819
13.733181818181817
13.77727272727273
13.537272727272727
13.535454545454543
13.908181818181818
13.788181818181817
13.761818181818182
13.900454545454545
13.981818181818182
14.120454545454544
14.456363636363637
13.835454545454546
13.630454545454546
13.544545454545455
13.792272727272728
14.034545454545453
14.004545454545456
14.133636363636363
13.373181818181818
13.67818181818182
13.709545454545456
13.816363636363635
13.75
13.54681818181818
13.34909090909091
13.07818181818182
12.974545454545455
13.02090909090909
12.890454545454547
12.711363636363636
12.311363636363637
12.601818181818182
12.45409090909091
12.576363636363636
12.779545454545454
12.655454545454546
12.299545454545454
11.871818181818183
11.93
11.763636363636364
11.395454545454545
11.837272727272728
11.835
11.832272727272727
11.631818181818183
11.488181818181818
11.186363636363636
11.328181818181818
10.848636363636365
11.164545454545454
11.027727272727274
11.088181818181818
10.73409090909091
10.827272727272728
10.940454545454545
10.735909090909091
10.711363636363636
10.54782608695652
10.085652173913044
10.363913043478261
10.34
10.138260869565217
9.750434782608695
9.91304347826087
9.347391304347827
9.772608695652172
9.81391304347826
9.25
9.23913043478261
8.905652173913044
8.626521739130435
8.911739130434782
8.438260869565218
8.120869565217392
8.343478260869565
8.833043478260869
8.395652173913044
8.064782608695653
7.861304347826087
7.908260869565218
8.05782608695652
8.02304347826087
8.43695652173913
8.166956521739131
7.9073913043478266
7.614347826086957
7.8960869565217395
8.131739130434783
8.09086956521739
8.102173913043478
7.147826086956522
6.753913043478261
6.409565217391304
6.2504347826086954
7.068260869565217
7.215217391304347
6.640434782608696
6.701739130434783
6.778695652173913
5.822608695652173
5.380869565217392
5.298260869565217
5.326086956521739
5.332173913043478
5.630869565217391
6.119130434782609
5.631739130434783
4.979130434782609
4.739565217391305
4.855217391304348
5.205652173913044
5.395217391304348
5.012608695652174
4.614347826086957
4.401739130434782
4.136956521739131
3.8630434782608694
4.208695652173913
4.501304347826087
4.45
4.750869565217391
4.82
4.769130434782609
4.716521739130435
4.989130434782608
3.9565217391304346
3.448695652173913
3.3526086956521737
3.9852173913043476
4.185652173913043
4.202173913043478
4.571739130434782
4.75
4.320434782608696
4.306956521739131
4.0456521739130435
3.87
4.248695652173913
4.732173913043479
3.927391304347826
4.4573913043478255
4.617826086956521
4.379130434782609
4.389130434782609
4.203478260869565
3.7621739130434784
3.926521739130435
3.2934782608695654
3.178695652173913
