temperature
2.531304347826087
2.61304347826087
2.371304347826087
2.622608695652174
3.0913043478260867
2.960869565217391
2.1995652173913043
2.623913043478261
2.854782608695652
2.371304347826087
2.0104347826086957
1.5291304347826087
1.1382608695652174
1.4386956521739132
2.097826086956522
2.217391304347826
1.5669565217391304
1.4443478260869564
2.0652173913043477
2.233913043478261
2.776521739130435
2.7113043478260868
2.572173913043478
2.676086956521739
2.5017391304347827
2.1595652173913042
2.034782608695652
1.9917391304347827
1.9956521739130435
1.5021739130434784
1.5043478260869565
1.7600000000000002
2.4013043478260867
2.682608695652174
2.626086956521739
2.678695652173913
2.8469565217391306
2.8865217391304347
2.5630434782608695
2.1317391304347826
1.6817391304347826
1.3321739130434782
1.6256521739130434
1.4608695652173913
1.0195652173913046
0.7008695652173913
0.7430434782608696
1.1795652173913045
1.2304347826086957
1.4473913043478261
1.4343478260869567
1.941304347826087
2.2595652173913043
2.484782608695652
2.4582608695652173
1.7717391304347827
2.2108695652173913
2.4830434782608695
2.5678260869565217
2.77
3.0417391304347823
2.882608695652174
2.7982608695652176
2.9404347826086954
3.496086956521739
3.6930434782608694
3.4830434782608695
3.346086956521739
3.6369565217391306
3.8491304347826087
3.6343478260869566
3.794782608695652
3.4617391304347827
3.600869565217391
3.2717391304347827
3.6491304347826086
3.622608695652174
3.570869565217391
3.4186956521739127
3.5643478260869568
3.5765217391304343
3.5839130434782605
3.720434782608695
4.14695652173913
3.9147826086956523
4.125652173913044
3.973478260869565
4.014347826086956
4.56391304347826
4.415217391304347
4.787727272727273
4.383181818181819
3.6381818181818186
3.791363636363636
4.0636363636363635
4.222727272727273
4.412727272727273
4.145
4.3145454545454545
4.587272727272727
4.972727272727273
5.603181818181818
5.506363636363637
5.589090909090909
5.747727272727273
6.131363636363636
5.680000000000001
5.625909090909091
6.144090909090909
5.886363636363637
6.19
6.59
6.472727272727273
6.092272727272728
6.105909090909091
5.933636363636364
6.042727272727273
5.804090909090909
6.090454545454546
6.252272727272728
6.360454545454545
6.275
6.726363636363636
7.032272727272727
7.209090909090909
7.402727272727272
7.470454545454545
7.879090909090909
7.279545454545455
7.3
8.032727272727273
7.950454545454545
8.406363636363636
8.601363636363637
8.573636363636364
8.415
8.661363636363637
8.983636363636363
8.803181818181818
9.513181818181819
9.424999999999999
9.207727272727272
9.488636363636363
9.780454545454546
9.840454545454547
9.677272727272728
9.80181818181818
9.274545454545454
9.542272727272728
9.48
9.644545454545455
9.92681818181818
9.981363636363637
10.309545454545455
10.257727272727273
10.106363636363637
9.931363636363637
10.092727272727272
10.303636363636365
10.593181818181819
10.376818181818182
10.414090909090909
10.71409090909091
10.381818181818183
10.520454545454545
10.746363636363636
11.245
11.117727272727272
10.958636363636364
11.572272727272727
11.694545454545453
11.552727272727273
11.57090909090909
11.562727272727273
11.239090909090908
11.77
11.841818181818182
11.725454545454545
11.69
11.969545454545454
12.260909090909092
12.234545454545456
12.240454545454547
12.792727272727273
13.145
13.594090909090909
13.384999999999998
13.435454545454546
13.731818181818182
13.31590909090909
13.367272727272727
13.536363636363637
13.492272727272727
13.633636363636363
13.193181818181818
13.423636363636364
13.22272727272727
12.852727272727272
12.645454545454545
12.979545454545455
13.386818181818182
13.326363636363636
13.182272727272727
13.070454545454545
13.069545454545453
13.42
13.586818181818183
13.694545454545453
13.688636363636363
13.868636363636364
13.840454545454547
13.15090909090909
12.825454545454546
13.248636363636365
13.510000000000002
12.968636363636364
13.155909090909091
13.07318181818182
12.741818181818182
12.822272727272725
13.328636363636365
12.818181818181818
12.992272727272727
13.267727272727273
13.291818181818183
13.363636363636363
13.647272727272728
13.02727272727273
12.773636363636363
12.736818181818181
13.001818181818182
13.331818181818182
13.32318181818182
13.587727272727273
12.760454545454547
13.021363636363638
13.081363636363637
13.012727272727272
12.656818181818181
12.699545454545454
12.79
12.509090909090908
12.15318181818182
12.45590909090909
12.122272727272728
12.083181818181817
11.797727272727274
11.795
11.648636363636363
11.655454545454546
12.085454545454546
11.64590909090909
11.327727272727273
11.017727272727273
11.128181818181817
10.730909090909092
10.578181818181818
10.799090909090909
11.03
10.987272727272726
10.757727272727273
10.274545454545454
10.489545454545455
10.441363636363636
10.151363636363635
10.649545454545454
10.4
9.966363636363637
9.805909090909092
9.720454545454546
10.202272727272728
10.076818181818181
9.894090909090908
9.743478260869566
9.522173913043478
9.570434782608697
9.70608695652174
9.169130434782607
9.153478260869566
9.19695652173913
8.727391304347826
9.18695652173913
9.041739130434783
8.435652173913043
8.560434782608697
7.984347826086956
7.829130434782608
7.764782608695652
7.61
7.28
7.496086956521739
7.853478260869565
7.555652173913043
7.064347826086958
7.017826086956521
7.198695652173913
7.333043478260869
7.314782608695652
7.392173913043479
7.110869565217392
7.01608695652174
6.608695652173913
7.004347826086956
7.270434782608696
6.900869565217391
6.97304347826087
6.51304347826087
6.2034782608695656
5.728260869565218
5.291304347826087
6.055652173913043
6.310434782608695
5.897826086956522
5.9504347826086965
5.950869565217391
5.112608695652174
4.451739130434783
4.208260869565217
4.4482608695652175
4.348695652173913
4.35695652173913
4.880869565217392
4.472173913043478
3.712173913043478
3.5934782608695657
3.966521739130435
4.461739130434783
4.492173913043478
4.358695652173913
3.8017391304347825
3.447391304347826
3.3482608695652174
2.9595652173913045
3.1273913043478263
3.422608695652174
3.6417391304347824
3.824347826086956
3.9482608695652175
3.8334782608695654
3.60695652173913
3.4930434782608697
2.7543478260869567
2.449130434782609
2.457826086956522
2.7930434782608695
2.9469565217391307
3.0439130434782613
3.470434782608695
3.933478260869565
3.5517391304347825
3.276521739130435
2.9847826086956526
3.063913043478261
3.214782608695652
3.7686956521739132
2.9056521739130434
3.446086956521739
3.4817391304347827
3.4756521739130433
3.5808695652173914
3.3091304347826087
3.2404347826086957
3.1939130434782608
2.676086956521739
2.531304347826087
