pet
0.3173913043478261
0.20695652173913043
0.42608695652173917
0.3508695652173913
0.21782608695652173
0.34347826086956523
0.2965217391304348
0.1708695652173913
0.18478260869565216
0.30521739130434783
0.3778260869565217
0.3526086956521739
0.3239130434782609
0.3008695652173913
0.2482608695652174
0.2634782608695652
0.29869565217391303
0.2873913043478261
0.3073913043478261
0.20652173913043478
0.3165217391304348
0.32130434782608697
0.2569565217391304
0.51
0.3269565217391304
0.3343478260869565
0.32956521739130434
0.3943478260869565
0.31130434782608696
0.3821739130434782
0.44608695652173913
0.3678260869565218
0.4273913043478261
0.21999999999999997
0.3691304347826087
0.47782608695652173
0.41826086956521735
0.5517391304347826
0.5130434782608696
0.40739130434782606
0.5078260869565218
0.41826086956521735
0.40217391304347827
0.5708695652173913
0.5595652173913043
0.48739130434782607
0.6060869565217392
0.3852173913043478
0.4965217391304348
0.5847826086956521
0.4791304347826087
0.5269565217391304
0.5291304347826087
0.6126086956521739
0.6378260869565218
0.552608695652174
0.6091304347826086
0.7308695652173912
0.6969565217391305
0.7126086956521739
0.788695652173913
0.8830434782608695
0.8017391304347826
0.7443478260869566
0.6908695652173913
0.7626086956521739
0.7508695652173912
0.8321739130434783
0.72
0.8391304347826087
0.8726086956521739
0.8800000000000001
0.928695652173913
0.92
0.8682608695652173
1.0821739130434782
1.0034782608695654
0.9217391304347826
0.9369565217391305
1.028695652173913
1.2343478260869565
1.105217391304348
1.102608695652174
1.3217391304347825
1.1830434782608696
1.2043478260869565
1.297826086956522
1.2360869565217392
1.2530434782608695
1.221304347826087
1.0709090909090908
1.2159090909090908
1.4622727272727274
1.4636363636363638
1.383181818181818
1.5740909090909092
1.5681818181818181
1.4881818181818183
1.653181818181818
1.5481818181818183
1.596818181818182
1.6336363636363636
1.7013636363636364
2.096818181818182
1.9218181818181819
1.966818181818182
1.8313636363636363
1.7177272727272728
1.8595454545454546
1.9722727272727274
1.9386363636363635
2.0359090909090907
2.0045454545454544
2.2540909090909094
2.0063636363636363
1.991818181818182
2.25
2.0890909090909093
1.9631818181818181
1.8463636363636362
2.0263636363636364
2.316818181818182
2.1972727272727273
2.2068181818181816
2.162272727272727
2.225909090909091
2.2645454545454546
2.3877272727272727
2.195909090909091
2.1895454545454545
2.2922727272727275
2.3754545454545455
2.455
2.6818181818181817
2.6986363636363637
2.5195454545454545
2.5813636363636365
2.685909090909091
2.6713636363636364
2.713636363636364
2.5054545454545454
2.601818181818182
2.507727272727273
2.8022727272727272
2.555454545454545
2.6904545454545454
2.7904545454545455
2.7859090909090907
2.540909090909091
2.6363636363636362
2.809090909090909
2.6290909090909094
2.565909090909091
2.735
2.83
2.3877272727272727
2.6336363636363633
2.6168181818181817
2.5004545454545455
2.8109090909090906
2.6113636363636363
2.6113636363636363
2.7327272727272724
2.916363636363636
2.899090909090909
3.0768181818181817
3.0945454545454543
2.6540909090909093
2.7495454545454545
2.8527272727272726
3.155
2.86
3.1486363636363635
2.6954545454545453
2.8295454545454546
2.668181818181818
2.833181818181818
2.737727272727273
2.6786363636363637
2.8318181818181816
2.964090909090909
3.0159090909090907
3.0259090909090904
3.4663636363636368
2.9645454545454544
3.097727272727273
3.3345454545454545
3.2154545454545453
2.9540909090909095
2.881818181818182
2.7386363636363638
2.8786363636363634
2.7454545454545456
2.8663636363636367
2.7045454545454546
2.833181818181818
2.87
2.829090909090909
2.887272727272727
2.6286363636363634
2.849090909090909
2.6999999999999997
2.705909090909091
2.7536363636363634
2.5586363636363636
3.0204545454545455
2.86
2.7295454545454545
2.888181818181818
3.032272727272727
2.666363636363636
2.5177272727272726
2.8213636363636363
2.6704545454545454
2.6163636363636362
2.694090909090909
2.4095454545454547
2.390909090909091
2.346818181818182
2.5013636363636365
2.4295454545454547
2.574090909090909
2.3622727272727273
2.416363636363636
2.2386363636363638
2.0959090909090907
2.5086363636363633
2.6713636363636364
2.377727272727273
2.090909090909091
2.229090909090909
2.518636363636364
2.2199999999999998
2.2845454545454547
2.122727272727273
2.200909090909091
2.101818181818182
2.208181818181818
2.2704545454545455
2.1027272727272726
2.0104545454545457
2.0645454545454545
1.8977272727272727
1.7359090909090908
1.7481818181818183
2.0313636363636363
1.9513636363636364
1.854090909090909
1.8327272727272728
1.8504545454545456
1.804090909090909
1.728181818181818
1.7268181818181818
1.6990909090909092
1.6449999999999998
1.6063636363636364
1.4054545454545453
1.404090909090909
1.31
1.3813636363636363
1.265
1.360909090909091
1.3913636363636364
1.2277272727272728
1.3745454545454545
1.1472727272727274
1.1213636363636363
1.104090909090909
1.0745454545454545
1.035
1.030909090909091
1.0259090909090909
0.979090909090909
1.1682608695652175
1.0182608695652176
0.9365217391304348
0.9452173913043478
0.8834782608695653
0.9352173913043479
0.937391304347826
0.9630434782608696
0.7817391304347826
0.68
0.8630434782608696
0.7247826086956523
0.748695652173913
0.7517391304347826
0.6373913043478261
0.7604347826086958
0.7656521739130434
0.681304347826087
0.7021739130434782
0.6660869565217391
0.6639130434782609
0.6621739130434783
0.5495652173913044
0.61
0.5269565217391304
0.5139130434782608
0.5039130434782608
0.5195652173913043
0.5378260869565218
0.4252173913043478
0.3991304347826087
0.3556521739130435
0.35347826086956524
0.4873913043478261
0.4221739130434783
0.43130434782608695
0.41304347826086957
0.35043478260869565
0.3630434782608695
0.5265217391304348
0.41739130434782606
0.3308695652173913
0.42
0.4730434782608696
0.34782608695652173
0.43478260869565216
0.26217391304347826
0.44086956521739135
0.31565217391304345
0.37
0.3226086956521739
0.3026086956521739
0.45391304347826084
0.23304347826086957
0.3826086956521739
0.3443478260869565
0.2652173913043478
0.19956521739130434
0.2539130434782609
0.23565217391304347
0.1282608695652174
0.19869565217391305
0.2408695652173913
0.2573913043478261
0.21999999999999997
0.18217391304347827
0.21565217391304348
0.21565217391304348
0.27304347826086955
0.2482608695652174
0.23565217391304347
0.3208695652173913
0.29391304347826086
0.28043478260869564
0.24521739130434786
0.20043478260869566
0.25086956521739134
0.31217391304347825
0.3226086956521739
0.24434782608695652
0.25826086956521743
0.28608695652173916
0.2456521739130435
0.3139130434782609
0.2008695652173913
0.21130434782608698
0.17826086956521742
0.2839130434782609
0.21043478260869564
0.24347826086956523
0.24173913043478262
0.19
