pet
0.4518181818181818
0.4440909090909091
0.43227272727272725
0.3740909090909091
0.36363636363636365
0.34590909090909094
0.46136363636363636
0.40045454545454545
0.3459090909090909
0.38181818181818183
0.4627272727272727
0.39136363636363636
0.38181818181818183
0.4772727272727273
0.4440909090909091
0.3859090909090909
0.36590909090909096
0.34545454545454546
0.3427272727272727
0.4127272727272727
0.34045454545454545
0.3522727272727273
0.3577272727272727
0.40045454545454545
0.4209090909090909
0.5427272727272727
0.435
0.6245454545454545
0.44909090909090904
0.47409090909090906
0.5168181818181817
0.47454545454545455
0.4768181818181818
0.405
0.5440909090909091
0.5454545454545454
0.5809090909090909
0.5768181818181818
0.5804545454545454
0.5890909090909091
0.5477272727272727
0.48227272727272724
0.6436363636363637
0.6463636363636364
0.625
0.6468181818181818
0.6636363636363636
0.6154545454545455
0.7145454545454546
0.7231818181818181
0.72
0.8168181818181818
0.7672727272727272
0.6727272727272727
0.6618181818181819
0.745
0.8181818181818182
0.78
0.8181818181818182
0.8813636363636363
0.8786363636363638
0.8072727272727274
0.8745454545454546
0.9272727272727272
0.9354545454545454
0.85
0.9609090909090909
0.9690909090909091
1.0222727272727272
0.9968181818181818
0.9504545454545454
1.0372727272727273
0.9777272727272728
0.9168181818181818
0.9613636363636363
1.0722727272727273
1.125
1.2659090909090909
1.211818181818182
1.1063636363636364
1.2054545454545453
1.2572727272727273
1.163181818181818
1.2531818181818182
1.3395454545454546
1.3263636363636364
1.2968181818181819
1.383181818181818
1.4327272727272726
1.491818181818182
1.4756521739130435
1.5395652173913046
1.2991304347826087
1.533478260869565
1.4817391304347824
1.7169565217391305
1.7430434782608697
1.7560869565217392
1.7008695652173913
1.84
1.835217391304348
1.7143478260869565
1.662173913043478
1.6830434782608696
1.7752173913043479
1.9956521739130435
1.8482608695652174
2.3543478260869564
1.9539130434782608
1.871304347826087
2.0056521739130435
1.7160869565217391
1.9491304347826086
1.7682608695652176
1.7730434782608697
1.8878260869565218
2.05
2.260869565217391
2.103478260869565
2.119565217391304
2.2578260869565216
2.5243478260869567
2.4769565217391305
2.3856521739130434
2.1730434782608694
2.1565217391304348
2.4256521739130434
2.272608695652174
2.3104347826086955
2.0208695652173914
2.3582608695652176
2.5769565217391306
2.2973913043478262
2.3834782608695653
2.426521739130435
2.264782608695652
2.193478260869565
2.373913043478261
2.3582608695652176
2.332173913043478
2.345217391304348
2.4643478260869567
2.6078260869565217
2.4791304347826086
2.4413043478260867
2.39
2.2982608695652176
2.5186956521739132
2.468695652173913
2.822608695652174
2.971304347826087
2.6769565217391302
2.4604347826086954
2.692608695652174
2.7939130434782613
2.6856521739130432
2.516086956521739
2.82695652173913
3.0730434782608698
3.0573913043478256
2.6104347826086958
2.643913043478261
2.377391304347826
2.6582608695652175
2.7039130434782606
2.936521739130435
3.001304347826087
2.77
2.7982608695652176
2.8378260869565217
2.9160869565217387
2.767391304347826
2.856956521739131
3.072173913043478
2.9860869565217394
3.007391304347826
2.8121739130434786
2.895652173913043
2.819565217391304
2.9295652173913043
2.8752173913043477
2.7313043478260868
2.63304347826087
2.6908695652173913
2.473913043478261
2.4804347826086954
2.572608695652174
2.7030434782608697
2.6939130434782608
2.9091304347826084
2.6365217391304347
2.991304347826087
2.7569565217391307
2.6908695652173913
2.853478260869565
2.5234782608695654
2.6821739130434783
2.8760869565217395
2.752608695652174
2.86695652173913
2.7273913043478264
2.9469565217391307
2.8060869565217392
2.780869565217391
2.821304347826087
3.0939130434782607
2.4304347826086956
2.562173913043478
2.614782608695652
2.471304347826087
2.5539130434782606
2.2504347826086954
2.2269565217391305
2.6513043478260867
2.5521739130434784
2.1913043478260867
2.5895652173913044
2.1921739130434785
2.571304347826087
2.7886956521739132
2.447391304347826
2.337391304347826
2.4269565217391302
2.407391304347826
2.1047826086956523
2.137826086956522
2.345217391304348
2.449130434782609
2.176086956521739
2.1134782608695653
2.1534782608695653
2.1230434782608696
1.9952173913043478
2.192608695652174
1.9747826086956521
1.9791304347826084
1.9343478260869567
2.033913043478261
2.292173913043478
2.1278260869565218
1.8686956521739129
1.815217391304348
2.003913043478261
2.068695652173913
1.811304347826087
1.7730434782608697
1.8882608695652174
1.643913043478261
1.7760869565217392
1.8108695652173912
1.666086956521739
1.8017391304347825
1.8
1.604782608695652
1.712608695652174
1.7569565217391303
1.6765217391304348
1.6178260869565217
1.7782608695652173
1.68
1.4608695652173913
1.4121739130434785
1.422608695652174
1.48
1.3917391304347826
1.422608695652174
1.4256521739130434
1.3143478260869565
1.0804347826086957
1.1308695652173915
1.1778260869565218
1.1873913043478261
1.05
1.0981818181818181
1.0995454545454546
1.124090909090909
1.1581818181818182
1.1227272727272728
1.076818181818182
1.059090909090909
0.995
0.8918181818181818
0.9786363636363636
0.8927272727272727
0.9022727272727273
0.7904545454545455
0.8695454545454545
0.8036363636363636
0.8036363636363636
0.9900000000000001
0.9718181818181818
0.9295454545454546
0.8172727272727273
0.8695454545454545
0.7613636363636364
0.8363636363636363
0.6918181818181819
0.8331818181818181
0.8263636363636363
0.7754545454545454
0.6918181818181819
0.7013636363636363
0.5922727272727273
0.6781818181818182
0.6145454545454545
0.6454545454545454
0.6018181818181818
0.5468181818181818
0.5968181818181818
0.5904545454545455
0.6036363636363636
0.5640909090909091
0.5618181818181818
0.5004545454545455
0.5031818181818182
0.5054545454545455
0.4968181818181818
0.5695454545454545
0.3427272727272727
0.3890909090909091
0.4445454545454545
0.4627272727272727
0.4422727272727273
0.41363636363636364
0.39181818181818184
0.3409090909090909
0.3836363636363636
0.36590909090909096
0.365
0.42772727272727273
0.36818181818181817
0.45954545454545453
0.37136363636363634
0.3918181818181818
0.3877272727272727
0.4690909090909091
0.4918181818181818
0.44045454545454543
0.5172727272727273
0.3913636363636364
0.5940909090909091
0.3813636363636364
0.42363636363636364
0.4063636363636363
0.38636363636363635
0.2918181818181818
0.34909090909090906
0.46636363636363637
0.36772727272727274
0.40954545454545455
0.2509090909090909
0.3009090909090909
0.2586363636363636
0.28954545454545455
0.2640909090909091
0.25181818181818183
0.3054545454545454
0.44272727272727275
0.32727272727272727
0.41545454545454547
0.4763636363636364
0.31
0.3740909090909091
0.27136363636363636
0.38409090909090904
