pet
0.35782608695652174
0.25521739130434784
0.4547826086956521
0.33565217391304353
0.1743478260869565
0.38913043478260867
0.2873913043478261
0.17
0.1834782608695652
0.26652173913043475
0.331304347826087
0.33
0.3291304347826087
0.28782608695652173
0.2526086956521739
0.2682608695652174
0.3165217391304348
0.2539130434782609
0.30521739130434783
0.19826086956521738
0.27304347826086955
0.29608695652173916
0.29
0.4930434782608696
0.2673913043478261
0.31869565217391305
0.3365217391304348
0.3056521739130435
0.2839130434782609
0.3652173913043478
0.4252173913043478
0.37478260869565216
0.3869565217391305
0.23391304347826086
0.34
0.45304347826086955
0.3947826086956522
0.5021739130434782
0.4743478260869565
0.3834782608695652
0.542608695652174
0.42
0.3421739130434783
0.4926086956521739
0.5069565217391304
0.45478260869565224
0.5330434782608695
0.35434782608695653
0.43086956521739134
0.5582608695652174
0.49391304347826087
0.5126086956521739
0.5630434782608695
0.5982608695652174
0.6026086956521739
0.4852173913043478
0.6460869565217391
0.6465217391304348
0.6308695652173913
0.711304347826087
0.7452173913043478
0.8521739130434783
0.7634782608695652
0.7569565217391304
0.6904347826086957
0.7247826086956523
0.8304347826086957
0.7878260869565218
0.706086956521739
0.7843478260869565
0.8834782608695653
0.8639130434782609
0.9369565217391305
0.9191304347826087
0.7956521739130435
0.9982608695652174
1.0595652173913044
0.9065217391304349
0.9121739130434783
1.0556521739130436
1.1639130434782607
1.1199999999999999
1.1356521739130436
1.2569565217391305
1.1343478260869566
1.1417391304347826
1.2404347826086957
1.25
1.1973913043478261
1.184782608695652
1.1245454545454545
1.21
1.43
1.4286363636363637
1.319090909090909
1.4990909090909093
1.500909090909091
1.451818181818182
1.6036363636363637
1.5827272727272728
1.575
1.647272727272727
1.6831818181818183
2.020909090909091
1.8522727272727273
1.8840909090909093
1.679090909090909
1.670909090909091
1.7531818181818182
1.8427272727272728
1.8450000000000002
1.9836363636363636
1.9186363636363637
2.0636363636363635
1.9586363636363637
1.9831818181818184
2.0177272727272726
2.0263636363636364
1.8336363636363637
1.8536363636363637
1.973181818181818
2.3645454545454547
2.18
2.2413636363636367
2.114090909090909
2.18
2.263181818181818
2.387272727272727
2.1777272727272727
2.270909090909091
2.185909090909091
2.4172727272727275
2.537272727272727
2.6236363636363635
2.7613636363636362
2.608636363636364
2.5931818181818183
2.585
2.669090909090909
2.598181818181818
2.430454545454545
2.5931818181818183
2.4436363636363634
2.670909090909091
2.6904545454545454
2.669090909090909
2.709090909090909
2.722272727272727
2.5818181818181816
2.608636363636364
2.7472727272727275
2.6377272727272727
2.5545454545454547
2.6777272727272727
2.869090909090909
2.346818181818182
2.6131818181818183
2.721818181818182
2.6286363636363634
2.765
2.6113636363636363
2.585
2.6377272727272727
2.958181818181818
2.958181818181818
2.973181818181818
3.0772727272727276
2.563181818181818
2.85
2.680454545454545
3.019545454545455
2.8845454545454547
3.1013636363636365
2.76
2.914090909090909
2.622272727272727
2.837727272727273
2.761818181818182
2.7381818181818183
2.955454545454545
3.053636363636364
3.0740909090909088
2.8868181818181817
3.4131818181818185
2.995
3.1204545454545456
3.4472727272727273
3.333181818181818
3.0336363636363632
3.0177272727272726
2.8536363636363635
3.0790909090909087
2.7818181818181817
2.995
2.8704545454545456
2.849090909090909
2.9204545454545454
2.916363636363636
2.888181818181818
2.6931818181818183
2.872272727272727
2.704090909090909
2.7018181818181817
2.653181818181818
2.5095454545454547
3.080454545454545
2.7936363636363635
2.733636363636364
2.797727272727273
3.070909090909091
2.708181818181818
2.695909090909091
2.8836363636363633
2.885
2.6331818181818183
2.8027272727272727
2.549545454545455
2.5977272727272727
2.346818181818182
2.6281818181818184
2.4481818181818182
2.591818181818182
2.5118181818181817
2.441818181818182
2.347272727272727
2.3036363636363637
2.6404545454545456
2.7927272727272725
2.348181818181818
2.0772727272727276
2.316818181818182
2.5795454545454546
2.3645454545454543
2.4054545454545457
2.2545454545454544
2.15
2.1054545454545455
2.257727272727273
2.3095454545454546
2.123181818181818
2.02
2.078181818181818
1.914090909090909
1.8772727272727272
1.9145454545454543
2.1195454545454546
2.069545454545455
1.9063636363636363
1.885
1.879090909090909
1.8581818181818184
1.7872727272727273
1.7913636363636363
1.768181818181818
1.7354545454545454
1.6286363636363637
1.4045454545454545
1.4486363636363637
1.4136363636363638
1.3695454545454544
1.2727272727272727
1.2754545454545454
1.4195454545454547
1.2309090909090907
1.3768181818181817
1.1722727272727271
1.1072727272727272
1.0881818181818181
1.0640909090909092
1.0668181818181817
1.0263636363636364
0.9586363636363636
0.9418181818181818
1.128695652173913
1.0878260869565217
0.9004347826086957
0.8682608695652173
0.8699999999999999
0.9291304347826087
0.9195652173913043
0.948695652173913
0.7552173913043478
0.6952173913043478
0.8704347826086957
0.6765217391304348
0.7756521739130434
0.6726086956521738
0.6978260869565218
0.7452173913043478
0.7004347826086956
0.6634782608695652
0.7043478260869565
0.6643478260869565
0.6317391304347826
0.6752173913043479
0.5291304347826087
0.6126086956521739
0.5026086956521739
0.42043478260869566
0.5104347826086957
0.5052173913043478
0.5191304347826087
0.411304347826087
0.3873913043478261
0.3430434782608696
0.32652173913043475
0.45869565217391306
0.4126086956521739
0.4091304347826087
0.3908695652173913
0.3456521739130435
0.28695652173913044
0.5226086956521739
0.4034782608695652
0.3165217391304348
0.40217391304347827
0.4691304347826087
0.34391304347826085
0.42434782608695654
0.2252173913043478
0.41478260869565214
0.2456521739130435
0.3795652173913044
0.2708695652173913
0.2808695652173913
0.41
0.21391304347826087
0.40869565217391307
0.41695652173913045
0.2634782608695652
0.18304347826086956
0.2034782608695652
0.21173913043478262
0.1317391304347826
0.18434782608695652
0.24434782608695652
0.2643478260869565
0.1943478260869565
0.18913043478260871
0.21782608695652173
0.27260869565217394
0.21043478260869564
0.22478260869565217
0.20521739130434782
0.23043478260869565
0.3095652173913043
0.24869565217391307
0.24173913043478262
0.19391304347826085
0.2360869565217391
0.32869565217391306
0.29608695652173916
0.2326086956521739
0.2856521739130435
0.29
0.19043478260869565
0.3165217391304348
0.1947826086956522
0.20521739130434785
0.19043478260869565
0.29347826086956524
0.23391304347826086
0.2608695652173913
0.21
0.18565217391304345
