pet
0.217
0.29900000000000004
0.32599999999999996
0.37
0.23399999999999999
0.253
0.41899999999999993
0.441
0.264
0.197
0.333
0.4
0.366
0.39
0.323
0.266
0.27799999999999997
0.229
0.32799999999999996
0.34700000000000003
0.312
0.269
0.293
0.374
0.403
0.331
0.273
0.51
0.466
0.33599999999999997
0.426
0.39
0.485
0.466
0.508
0.5900000000000001
0.612
0.5940000000000001
0.636
0.6619999999999999
0.748
0.5599999999999999
0.6519999999999999
0.679
0.539
0.572
0.736
0.549
0.761
0.8210000000000001
0.901
0.772
0.869
0.777
0.591
0.776
0.8460000000000001
0.907
0.8540000000000001
0.7649999999999999
0.8779999999999999
0.6950000000000001
0.762
0.873
0.8460000000000001
0.944
0.781
0.9199999999999999
0.9730000000000001
1.0
0.953
0.945
1.158
1.062
1.0370000000000001
1.022
1.105
1.199
1.035
1.098
1.222
1.17
1.05
0.943
1.143
1.2570000000000001
1.42
1.2289999999999999
1.371
1.492
1.496
1.486
1.691
1.528
1.5699999999999998
1.7739999999999998
1.689
1.656
1.6009999999999998
1.7879999999999998
1.6169999999999998
1.576
1.5539999999999998
1.4789999999999999
1.6309999999999998
1.902
1.9440000000000002
1.9929999999999999
1.517
1.7129999999999999
1.893
2.116
1.8649999999999998
1.907
1.985
1.786
2.205
2.1670000000000003
2.145
2.08
2.2649999999999997
2.291
2.23
2.299
2.184
2.159
2.377
2.354
2.394
2.1719999999999997
2.401
2.478
2.256
2.471
2.8609999999999998
2.572
2.556
2.554
2.553
2.535
2.3850000000000002
2.489
2.646
2.56
2.798
2.605
2.334
2.713
3.116
3.123
3.2990000000000004
3.2950000000000004
2.529
2.552
2.437
2.791
2.2800000000000002
3.114
3.175
3.268
2.817
2.689
2.661
2.886
2.879
2.957
3.012
3.144
3.3340000000000005
3.3659999999999997
3.482
2.997
3.097
2.9509999999999996
3.018
2.973
3.148
2.6239999999999997
3.143
2.582
2.398
2.2439999999999998
2.45
2.623
2.6279999999999997
2.55
2.657
2.805
2.8259999999999996
2.683
3.0549999999999997
3.258
3.083
3.224
3.353
3.184
3.053
2.82
3.154
3.195
3.383
3.272
2.902
3.041
2.912
2.629
2.7649999999999997
3.006
2.9259999999999997
2.9219999999999997
2.914
2.445
2.552
3.027
2.495
2.629
3.169
3.035
2.79
2.835
2.8259999999999996
2.434
2.538
2.4669999999999996
2.419
2.741
2.8440000000000003
2.745
2.656
2.5620000000000003
2.607
2.73
2.571
2.4059999999999997
2.119
1.9329999999999998
2.011
2.1420000000000003
2.229
2.101
2.118
2.043
2.127
2.2600000000000002
2.0439999999999996
1.855
2.305
1.8050000000000002
2.0170000000000003
2.104
1.998
1.9579999999999997
1.8519999999999999
1.501
1.919
2.109
1.9509999999999998
1.571
1.847
1.812
1.358
1.3219999999999998
1.417
1.573
1.501
1.537
1.466
1.2109999999999999
1.077
1.052
1.231
1.316
0.962
1.204
1.097
1.163
1.116
1.306
1.177
0.9359999999999999
0.9560000000000001
1.028
1.018
0.9690000000000001
1.0530000000000002
0.733
0.786
0.7060000000000001
0.717
0.874
0.874
0.807
0.713
0.6140000000000001
0.7070000000000001
0.763
0.738
0.867
0.853
0.807
0.69
0.629
0.674
0.588
0.462
0.491
0.529
0.48200000000000004
0.5599999999999999
0.5740000000000001
0.492
0.402
0.425
0.319
0.306
0.30100000000000005
0.40199999999999997
0.41500000000000004
0.194
0.2
0.23900000000000002
0.312
0.257
0.284
0.256
0.22400000000000003
0.3
0.219
0.15999999999999998
0.288
0.282
0.292
0.223
0.27
0.284
0.29900000000000004
0.269
0.332
0.251
0.29100000000000004
0.28900000000000003
0.174
0.277
0.21999999999999997
0.202
0.172
0.257
0.346
0.251
0.28500000000000003
0.20299999999999999
0.10200000000000001
0.099
0.09
0.22799999999999998
0.187
0.188
0.426
0.491
0.385
0.23399999999999999
0.268
0.096
0.15499999999999997
0.136
