pet
0.25727272727272726
0.30318181818181816
0.3322727272727273
0.30136363636363633
0.26136363636363635
0.23363636363636361
0.3831818181818182
0.32227272727272727
0.3068181818181818
0.35000000000000003
0.38727272727272727
0.36590909090909096
0.34454545454545454
0.35454545454545455
0.34
0.27454545454545454
0.3322727272727273
0.29090909090909095
0.3590909090909091
0.34954545454545455
0.3090909090909091
0.31681818181818183
0.3054545454545454
0.3772727272727272
0.39681818181818185
0.43000000000000005
0.40363636363636357
0.4659090909090909
0.3831818181818182
0.4109090909090909
0.44090909090909086
0.4563636363636363
0.43863636363636366
0.4372727272727273
0.4777272727272727
0.4668181818181818
0.5254545454545455
0.5345454545454545
0.5290909090909092
0.5222727272727273
0.47954545454545455
0.46181818181818185
0.5590909090909091
0.57
0.535
0.6045454545454546
0.6118181818181818
0.49863636363636366
0.5977272727272728
0.6531818181818182
0.7204545454545455
0.6859090909090909
0.7522727272727273
0.6727272727272727
0.5913636363636363
0.7195454545454546
0.7809090909090909
0.7986363636363637
0.7440909090909091
0.7922727272727272
0.8640909090909091
0.754090909090909
0.8395454545454545
0.8409090909090909
0.8963636363636364
0.9004545454545454
0.9190909090909091
0.9345454545454545
1.085
1.0
1.020909090909091
1.0104545454545455
1.0345454545454547
0.9936363636363637
0.9581818181818182
1.0709090909090908
1.1118181818181818
1.1754545454545455
1.0972727272727274
1.164090909090909
1.1627272727272726
1.2036363636363636
1.1968181818181818
1.1522727272727273
1.3013636363636363
1.28
1.33
1.4009090909090909
1.3245454545454545
1.4922727272727272
1.4863636363636366
1.5595454545454546
1.415
1.4531818181818181
1.492727272727273
1.7518181818181817
1.6481818181818182
1.739090909090909
1.6127272727272726
1.7372727272727273
1.7031818181818181
1.615
1.674090909090909
1.7154545454545456
1.7813636363636363
1.9531818181818181
1.8586363636363636
2.0404545454545455
1.8031818181818182
1.9145454545454543
1.9649999999999999
1.9381818181818182
2.0290909090909093
1.9740909090909091
2.016363636363636
1.9954545454545454
2.126818181818182
2.127272727272727
2.1550000000000002
2.150909090909091
2.4227272727272724
2.4181818181818184
2.502727272727273
2.435909090909091
2.199090909090909
2.2322727272727274
2.4127272727272726
2.3327272727272725
2.4499999999999997
2.189090909090909
2.394090909090909
2.6204545454545456
2.4277272727272727
2.39
2.4286363636363637
2.311818181818182
2.2845454545454547
2.4072727272727272
2.5472727272727274
2.3004545454545453
2.4077272727272727
2.453181818181818
2.699090909090909
2.6763636363636363
2.763181818181818
2.5945454545454543
2.3918181818181816
2.6336363636363633
2.6218181818181816
2.9545454545454546
3.0740909090909088
2.9600000000000004
2.722272727272727
2.7418181818181817
2.6163636363636367
2.851818181818182
2.4499999999999997
2.9486363636363637
2.9127272727272726
3.075454545454545
2.898181818181818
2.9172727272727275
2.5772727272727276
2.6027272727272726
2.6727272727272724
2.8363636363636364
2.958636363636364
2.851363636363636
2.9122727272727276
2.8404545454545453
3.1704545454545454
2.9236363636363634
2.9013636363636364
3.0113636363636362
2.955909090909091
2.872727272727273
3.0599999999999996
2.8000000000000003
2.9768181818181816
3.0868181818181815
2.762272727272727
2.7963636363636364
2.6936363636363634
2.7563636363636363
2.6677272727272725
2.777727272727273
2.6813636363636366
2.724090909090909
2.7490909090909095
2.983636363636364
2.9354545454545455
3.0650000000000004
2.9490909090909088
2.9177272727272725
3.084090909090909
2.8822727272727273
3.0854545454545454
2.8313636363636365
3.0236363636363635
2.9872727272727273
2.7904545454545455
2.7604545454545453
2.7954545454545454
2.8754545454545455
2.903181818181818
3.0131818181818177
2.5940909090909092
2.8136363636363635
2.748181818181818
2.6395454545454546
2.803181818181818
2.5081818181818183
2.3286363636363636
2.778636363636364
2.7027272727272726
2.3013636363636363
2.6809090909090907
2.519090909090909
2.4863636363636363
2.6540909090909093
2.683181818181818
2.3027272727272727
2.4831818181818184
2.2822727272727272
2.097272727272727
2.1713636363636364
2.4336363636363636
2.401818181818182
2.315909090909091
2.1663636363636365
2.3236363636363637
2.1772727272727272
2.145909090909091
2.385909090909091
2.0263636363636364
1.9440909090909093
1.939090909090909
1.9695454545454545
2.227272727272727
2.0477272727272724
1.9777272727272726
1.789090909090909
1.8327272727272728
1.916818181818182
1.814090909090909
1.6977272727272728
1.9481818181818182
1.7036363636363634
1.6909090909090911
1.835
1.6986363636363635
1.7654545454545456
1.7740909090909092
1.594090909090909
1.6622727272727273
1.7104545454545457
1.5763636363636364
1.4781818181818183
1.5813636363636363
1.491818181818182
1.3677272727272727
1.3254545454545454
1.3563636363636364
1.4649999999999999
1.326818181818182
1.3081818181818183
1.3499999999999999
1.1072727272727272
1.1118181818181818
1.1595454545454544
1.1590909090909092
1.1495454545454544
1.0595454545454546
1.120952380952381
1.0685714285714285
1.0633333333333332
1.1361904761904762
1.0504761904761903
1.01
0.9361904761904762
0.8957142857142857
0.9185714285714285
0.9747619047619047
0.8885714285714286
0.7976190476190477
0.6652380952380953
0.659047619047619
0.6752380952380952
0.6738095238095239
0.819047619047619
0.8157142857142856
0.7476190476190476
0.6757142857142857
0.6723809523809524
0.6904761904761905
0.6738095238095239
0.6771428571428572
0.7533333333333333
0.7547619047619047
0.731904761904762
0.6695238095238095
0.5704761904761905
0.6014285714285714
0.6323809523809525
0.529047619047619
0.5119047619047619
0.5142857142857143
0.44761904761904764
0.4828571428571429
0.4385714285714285
0.4604761904761905
0.42000000000000004
0.42142857142857143
0.3547619047619048
0.430952380952381
0.39142857142857146
0.42142857142857143
0.3742857142857143
0.2661904761904762
0.2704761904761905
0.2976190476190476
0.30047619047619045
0.27
0.30714285714285716
0.2666666666666667
0.23809523809523808
0.310952380952381
0.2757142857142857
0.2895238095238095
0.31
0.2895238095238095
0.3028571428571429
0.25952380952380955
0.2980952380952381
0.2957142857142857
0.3238095238095238
0.31142857142857144
0.29047619047619044
0.3666666666666667
0.3057142857142857
0.41857142857142854
0.2580952380952381
0.26761904761904765
0.27
0.21285714285714286
0.17333333333333334
0.2438095238095238
0.27999999999999997
0.24952380952380954
0.2918181818181818
0.19545454545454544
0.14772727272727273
0.1590909090909091
0.17954545454545456
0.21863636363636366
0.20045454545454547
0.21636363636363634
0.3704545454545455
0.27499999999999997
0.27454545454545454
0.2822727272727273
0.22090909090909092
0.23272727272727273
0.21863636363636366
0.25181818181818183
