temperature
3.733913043478261
3.787391304347826
3.5573913043478265
3.753913043478261
3.9139130434782605
4.571304347826087
3.503913043478261
3.8395652173913044
4.28695652173913
4.253478260869565
3.947391304347826
2.8552173913043477
2.8634782608695653
3.0621739130434777
3.6469565217391304
3.7908695652173914
3.2682608695652173
2.648695652173913
3.244347826086957
3.603478260869565
4.048260869565217
4.343478260869565
4.5926086956521734
4.228260869565218
3.8121739130434786
3.822173913043478
3.6300000000000003
3.8078260869565215
3.7326086956521736
3.132173913043478
3.0234782608695654
3.4321739130434783
3.5934782608695657
3.917826086956522
3.854347826086957
4.507826086956522
4.990434782608696
4.545217391304348
4.14
3.7030434782608697
2.9821739130434786
2.8713043478260873
3.213913043478261
2.9391304347826086
2.1908695652173913
2.1617391304347824
2.1795652173913043
2.6743478260869566
2.993913043478261
3.026521739130435
3.0917391304347825
3.7017391304347824
4.031304347826087
4.196521739130435
4.140434782608696
3.3839130434782607
3.717826086956522
3.8517391304347828
4.122173913043478
4.690869565217391
4.913913043478261
4.956521739130435
4.662173913043478
4.741739130434783
4.85695652173913
5.49304347826087
5.379565217391304
5.390434782608696
5.818695652173914
6.173478260869565
5.756086956521739
5.758260869565217
5.695652173913044
5.7586956521739125
5.512173913043478
6.114347826086957
6.195652173913044
6.36
6.024347826086957
6.10695652173913
6.3017391304347825
5.811739130434782
6.396521739130435
6.666086956521739
6.251304347826087
6.657826086956521
6.2986956521739135
6.244782608695652
6.464347826086957
6.455217391304347
7.467727272727273
7.525454545454545
6.470909090909092
6.055000000000001
5.9390909090909085
6.130909090909091
6.855
6.908181818181817
6.668181818181818
7.172272727272727
7.471818181818182
7.768636363636364
7.600909090909091
7.736363636363635
8.090909090909092
8.389090909090909
7.711363636363637
7.660454545454545
8.286363636363637
8.350454545454546
8.17590909090909
9.176363636363636
8.844090909090909
8.147272727272728
8.136818181818182
8.033181818181818
8.147272727272728
8.137727272727274
8.375454545454545
8.739090909090908
9.28
9.156818181818181
9.185
9.315
9.597727272727273
9.995000000000001
10.068636363636363
10.840454545454547
10.571363636363635
10.517272727272728
10.610909090909091
10.753636363636364
11.398181818181818
11.125454545454545
11.499545454545455
11.35909090909091
11.47
11.287272727272727
11.892272727272728
12.351363636363637
11.836363636363636
11.736363636363636
12.165454545454544
12.106818181818182
12.415
12.67
12.386818181818182
12.007727272727273
12.088181818181818
12.571363636363635
12.668636363636363
13.149545454545455
13.077727272727271
13.287727272727272
13.15181818181818
12.82409090909091
13.088636363636363
13.182272727272727
13.305454545454545
13.587727272727273
13.338636363636363
13.51909090909091
13.47
13.821363636363635
14.394545454545455
14.007727272727273
14.035909090909092
14.082272727272727
13.613181818181818
14.372727272727273
14.538181818181817
14.44
14.662272727272727
14.480454545454545
14.660909090909092
14.667272727272728
15.292727272727273
15.159999999999998
15.012727272727272
15.247272727272728
15.538636363636364
15.645454545454545
15.69909090909091
15.526363636363635
15.871818181818183
16.955
17.037272727272725
16.846818181818183
17.03909090909091
16.895454545454545
16.553636363636365
16.83590909090909
16.305909090909093
16.84409090909091
16.795454545454547
16.887727272727275
16.400000000000002
16.165454545454544
16.258181818181818
16.19590909090909
16.825909090909093
16.504545454545454
16.487272727272728
16.48590909090909
16.071363636363635
16.400454545454547
16.875
16.828636363636363
17.106363636363636
17.251363636363635
17.382727272727273
17.53681818181818
16.945
16.690454545454546
17.106363636363636
17.10090909090909
16.674090909090907
16.55
16.268181818181816
16.826818181818183
17.079090909090908
17.078636363636363
16.545909090909092
16.52227272727273
16.704090909090908
17.477272727272727
17.63818181818182
16.971363636363638
16.42590909090909
16.33409090909091
16.599545454545453
16.796363636363637
16.903181818181817
16.735454545454544
15.667272727272728
15.673181818181819
15.780000000000001
16.11909090909091
15.495
15.878636363636362
16.063181818181818
15.847272727272726
15.252727272727272
15.582727272727272
15.495
15.22409090909091
14.903636363636364
14.870909090909093
14.536818181818182
14.714090909090908
14.756363636363636
14.884090909090908
14.805909090909092
14.245
14.318636363636363
13.640454545454544
13.111363636363636
13.915454545454544
13.781818181818181
14.249545454545455
14.007272727272728
13.643181818181818
13.40181818181818
13.647727272727273
13.212272727272728
13.279545454545454
13.127727272727272
13.137727272727272
13.05409090909091
13.106363636363636
12.841363636363637
12.935454545454546
12.997727272727273
12.672173913043478
12.265652173913043
12.159565217391306
12.244782608695653
12.110869565217392
11.603478260869565
11.287826086956523
11.009130434782609
11.80608695652174
11.998695652173915
11.337826086956522
11.249130434782609
11.162173913043478
10.093478260869565
10.464347826086957
9.821739130434782
9.74
10.32304347826087
10.55695652173913
9.89913043478261
9.52086956521739
9.298260869565217
9.14391304347826
9.667826086956522
9.439565217391303
9.680434782608696
9.74
9.189130434782609
8.640434782608695
8.843913043478262
9.460434782608695
9.290869565217392
9.134782608695652
8.834782608695651
7.562173913043479
7.459130434782609
7.022173913043478
7.7004347826086965
8.402173913043478
8.036521739130436
7.670869565217392
8.035217391304348
6.797826086956522
6.36695652173913
5.813478260869566
5.999130434782608
6.244782608695652
6.111304347826087
6.700869565217391
6.3478260869565215
5.52
5.291739130434783
5.565217391304348
6.087391304347825
5.928260869565217
5.806956521739131
5.1234782608695655
4.843478260869565
4.439565217391304
4.104782608695652
4.266521739130434
4.959130434782609
5.032608695652174
5.533478260869565
5.46695652173913
5.670869565217392
5.150434782608696
5.151739130434782
4.67304347826087
4.315217391304348
3.892608695652174
4.0456521739130435
4.090434782608695
4.216521739130435
4.595217391304348
5.008695652173913
4.840434782608695
4.835217391304347
4.8304347826086955
4.548260869565217
4.765217391304348
5.443913043478261
4.966956521739131
5.002608695652174
5.071739130434783
5.129565217391304
4.796956521739131
5.044347826086956
4.7208695652173915
4.731304347826088
3.63
3.3708695652173915
