pet
0.3626086956521739
0.34347826086956523
0.4230434782608696
0.34608695652173915
0.21478260869565216
0.32173913043478264
0.31869565217391305
0.2873913043478261
0.23869565217391306
0.3630434782608695
0.42391304347826086
0.4156521739130435
0.3408695652173913
0.3830434782608696
0.21695652173913044
0.27695652173913043
0.3456521739130434
0.32565217391304346
0.3708695652173913
0.25478260869565217
0.3747826086956522
0.3665217391304348
0.34043478260869564
0.4665217391304348
0.3308695652173913
0.3734782608695652
0.35130434782608694
0.32217391304347825
0.3243478260869565
0.3456521739130435
0.45478260869565224
0.39956521739130435
0.39652173913043476
0.29347826086956524
0.4017391304347826
0.45521739130434785
0.43043478260869567
0.588695652173913
0.4973913043478261
0.41956521739130437
0.508695652173913
0.4426086956521739
0.43000000000000005
0.561304347826087
0.528695652173913
0.4739130434782609
0.4895652173913043
0.3739130434782609
0.45130434782608697
0.5478260869565217
0.46913043478260874
0.4978260869565217
0.6008695652173913
0.58
0.5886956521739131
0.5534782608695652
0.5969565217391305
0.6195652173913043
0.6821739130434782
0.6934782608695652
0.7239130434782608
0.841304347826087
0.7756521739130434
0.731304347826087
0.778695652173913
0.7169565217391304
0.7852173913043478
0.8486956521739131
0.6804347826086957
0.7569565217391304
0.9369565217391305
0.8073913043478261
0.8582608695652175
0.908695652173913
0.8878260869565218
0.9843478260869566
0.9786956521739131
0.9565217391304348
0.9930434782608696
1.066086956521739
1.1582608695652175
1.168695652173913
1.1652173913043478
1.2795652173913044
1.173913043478261
1.248695652173913
1.2808695652173914
1.2769565217391305
1.2526086956521738
1.132608695652174
1.1395454545454546
1.1672727272727272
1.2918181818181818
1.3745454545454547
1.3618181818181818
1.4177272727272727
1.4486363636363637
1.3181818181818181
1.5231818181818182
1.4595454545454545
1.4686363636363637
1.5622727272727273
1.6327272727272728
1.9022727272727273
1.8013636363636365
1.825
1.7636363636363634
1.645909090909091
1.7149999999999999
1.8195454545454546
1.7363636363636366
1.8427272727272728
1.9218181818181819
1.994090909090909
1.9695454545454545
2.02
2.1377272727272727
1.9777272727272726
1.8477272727272727
1.8481818181818184
2.049090909090909
2.1631818181818185
2.180909090909091
2.265909090909091
2.2227272727272727
2.244090909090909
2.1763636363636363
2.251818181818182
2.205454545454545
2.1054545454545455
2.278636363636364
2.276818181818182
2.4231818181818183
2.7304545454545455
2.6240909090909095
2.722272727272727
2.57
2.527727272727273
2.7072727272727275
2.6145454545454543
2.4663636363636363
2.6695454545454544
2.405
2.7036363636363636
2.548636363636364
2.603181818181818
2.699090909090909
2.69
2.5586363636363636
2.5595454545454546
2.71
2.7331818181818184
2.5395454545454546
2.713181818181818
2.8536363636363635
2.4786363636363635
2.4690909090909092
2.6631818181818185
2.6654545454545455
2.5904545454545453
2.6422727272727276
2.451363636363636
2.67
2.7263636363636365
2.8486363636363636
2.940909090909091
2.7454545454545456
2.645454545454545
2.605
2.75
3.088636363636364
2.8000000000000003
2.9936363636363637
2.701363636363636
2.6313636363636363
2.6204545454545456
2.74
2.760909090909091
2.690909090909091
2.9077272727272727
2.8622727272727273
2.7804545454545457
2.8740909090909095
3.325454545454545
2.9718181818181817
2.9909090909090907
3.296818181818182
3.1209090909090906
2.805
2.8163636363636364
2.565909090909091
2.8754545454545455
2.791818181818182
2.760909090909091
2.6031818181818185
2.696818181818182
2.8068181818181817
2.805
2.743181818181818
2.6286363636363634
2.71
2.703181818181818
2.567272727272727
2.6163636363636367
2.523181818181818
2.872727272727273
2.696818181818182
2.7413636363636367
2.5713636363636363
2.85
2.557272727272727
2.348181818181818
2.6513636363636364
2.5895454545454544
2.5313636363636363
2.4968181818181816
2.43
2.3345454545454545
2.152727272727273
2.2381818181818183
2.2586363636363633
2.3845454545454547
2.2395454545454543
2.3445454545454543
2.299090909090909
2.104090909090909
2.3754545454545455
2.5381818181818185
2.403181818181818
2.069545454545455
2.127272727272727
2.35
2.18
2.1999999999999997
2.0654545454545454
2.1577272727272727
1.975
2.119090909090909
2.1245454545454545
1.9590909090909092
1.8618181818181818
1.9445454545454546
1.8286363636363634
1.780909090909091
1.8990909090909092
1.8145454545454547
1.833181818181818
1.874090909090909
1.8463636363636362
1.6440909090909093
1.7118181818181817
1.723181818181818
1.6600000000000001
1.6013636363636363
1.595909090909091
1.585909090909091
1.470909090909091
1.3718181818181818
1.3981818181818182
1.3263636363636364
1.3277272727272729
1.4004545454545454
1.4022727272727273
1.2363636363636363
1.274090909090909
1.1409090909090909
1.258181818181818
1.0745454545454545
0.9850000000000001
0.9881818181818183
1.005
1.0695454545454546
0.9672727272727273
1.1121739130434782
1.0160869565217392
0.9795652173913044
0.9434782608695652
0.9178260869565217
0.9721739130434782
0.9952173913043478
0.9665217391304348
0.7447826086956522
0.8073913043478261
0.8769565217391305
0.7573913043478262
0.6839130434782609
0.7186956521739131
0.55
0.6234782608695653
0.8008695652173914
0.7000000000000001
0.7052173913043478
0.6439130434782608
0.6534782608695652
0.6843478260869565
0.6343478260869565
0.587391304347826
0.5552173913043478
0.4621739130434782
0.51
0.4852173913043478
0.591304347826087
0.4208695652173913
0.4578260869565217
0.42
0.3739130434782609
0.4834782608695652
0.4891304347826087
0.4726086956521739
0.4682608695652174
0.3456521739130435
0.4121739130434783
0.5678260869565218
0.47130434782608693
0.43521739130434783
0.43478260869565216
0.5656521739130435
0.34391304347826085
0.4678260869565217
0.28478260869565214
0.42217391304347823
0.33956521739130435
0.4339130434782609
0.3373913043478261
0.2791304347826087
0.46565217391304353
0.2426086956521739
0.4739130434782609
0.3960869565217391
0.30695652173913046
0.26565217391304347
0.27695652173913043
0.3169565217391304
0.18478260869565216
0.22260869565217392
0.26
0.2873913043478261
0.3086956521739131
0.19043478260869565
0.3060869565217391
0.3317391304347826
0.1947826086956522
0.23173913043478261
0.23956521739130435
0.30826086956521737
0.3247826086956522
0.28043478260869564
0.22826086956521738
0.2508695652173913
0.2726086956521739
0.3491304347826087
0.3547826086956522
0.28
0.3104347826086956
0.21086956521739128
0.21739130434782608
0.29304347826086957
0.22217391304347828
0.2778260869565217
0.2017391304347826
0.2943478260869565
0.26260869565217393
0.27304347826086955
0.3891304347826087
0.23173913043478261
