pet
0.18125
0.261875
0.300625
0.225625
0.24250000000000002
0.2175
0.400625
0.29375
0.29875
0.3425
0.414375
0.385625
0.26625
0.248125
0.316875
0.21687499999999998
0.265625
0.24375
0.290625
0.37124999999999997
0.296875
0.29375
0.2575
0.30125
0.320625
0.36125
0.385
0.476875
0.47625
0.40875
0.503125
0.515
0.488125
0.455
0.4725
0.429375
0.495625
0.529375
0.57875
0.505625
0.4325
0.4275
0.47562499999999996
0.479375
0.4325
0.5175
0.44125
0.36312500000000003
0.4625
0.536875
0.56
0.60875
0.71375
0.6825
0.604375
0.695625
0.795625
0.731875
0.69625
0.76125
0.83
0.75
0.8225
0.83875
0.98125
1.008125
0.938125
1.035625
1.11875
1.054375
1.15125
1.05
1.099375
1.0
0.975625
1.055625
1.0625
1.1075
1.064375
1.251875
1.18625
1.220625
1.08625
1.17
1.23875
1.2
1.224375
1.245625
1.308125
1.514375
1.555625
1.538125
1.39625
1.421875
1.578125
1.805
1.684375
1.8775
1.574375
1.72625
1.684375
1.55625
1.63625
1.769375
1.799375
1.99375
1.9694117647058826
2.078823529411765
1.6500000000000001
1.8705882352941177
2.0823529411764703
2.104117647058824
2.105882352941176
2.0347058823529416
2.0152941176470587
1.9052941176470588
2.1205882352941177
2.017058823529412
2.111764705882353
1.9835294117647058
2.275294117647059
2.19235294117647
2.4270588235294115
2.2694117647058825
2.2905882352941176
2.2652941176470587
2.451764705882353
2.264705882352941
2.3864705882352943
2.332941176470588
2.5070588235294116
2.646470588235294
2.3376470588235296
2.203529411764706
2.3188235294117647
2.428235294117647
2.343529411764706
2.4929411764705884
2.625294117647059
2.3570588235294117
2.5241176470588234
2.5352941176470587
3.078823529411765
2.791764705882353
2.8864705882352943
2.697058823529412
2.5158823529411767
2.7094117647058824
2.61
2.7476470588235293
2.951764705882353
2.821764705882353
2.639411764705882
2.8694117647058826
2.525294117647059
2.643529411764706
2.4511764705882353
2.7076470588235293
2.771764705882353
2.969411764705882
2.820588235294118
3.1129411764705885
2.7988235294117647
2.5441176470588234
2.632941176470588
2.815294117647059
2.961764705882353
2.8776470588235297
3.021176470588235
2.9058823529411764
3.4241176470588237
3.0976470588235294
2.773529411764706
3.054705882352941
2.9370588235294117
2.9329411764705884
3.215294117647059
2.777647058823529
2.916470588235294
3.0964705882352943
2.8635294117647057
3.0123529411764705
2.963529411764706
2.9270588235294115
2.9088235294117646
2.79
2.718235294117647
2.6882352941176473
2.6476470588235292
2.929411764705882
2.9705882352941178
3.1341176470588237
2.9464705882352944
2.864705882352941
3.1129411764705885
3.125294117647059
3.1411764705882352
2.828235294117647
3.02
2.948235294117647
2.7294117647058824
2.6158823529411763
2.6894117647058824
2.725882352941176
3.1347058823529412
2.7176470588235295
2.7135294117647057
2.8823529411764706
2.913529411764706
2.768823529411765
2.8623529411764705
2.756470588235294
2.398823529411765
2.8170588235294116
2.9858823529411764
2.3835294117647057
2.6158823529411763
2.491764705882353
2.481176470588235
2.5823529411764703
2.721764705882353
2.211764705882353
2.504705882352941
2.216470588235294
2.168235294117647
2.1305882352941174
2.5358823529411763
2.4782352941176473
2.4752941176470586
2.1341176470588237
2.1935294117647057
2.224705882352941
2.2764705882352945
2.2852941176470587
2.162941176470588
1.9982352941176469
1.9417647058823528
1.8541176470588234
2.1911764705882355
2.1305882352941174
2.2441176470588236
1.8970588235294117
1.9941176470588236
2.091176470588235
1.9335294117647057
1.8764705882352941
2.0805882352941176
1.8741176470588234
1.7864705882352943
1.9517647058823528
1.7782352941176471
1.77
1.8435294117647059
1.7152941176470589
1.811764705882353
1.6388235294117646
1.6494117647058824
1.505294117647059
1.4776470588235295
1.4317647058823528
1.3235294117647058
1.3241176470588236
1.3529411764705883
1.4764705882352942
1.3941176470588235
1.2670588235294118
1.3076470588235294
1.1405882352941177
1.2041176470588235
1.05
1.1423529411764706
1.1258823529411766
1.141764705882353
1.149375
1.098125
1.156875
1.119375
1.081875
1.005625
0.9875
0.79375
0.90125
0.95875
0.949375
0.729375
0.59125
0.5675
0.591875
0.62
0.745
0.7625
0.729375
0.650625
0.53
0.6
0.588125
0.564375
0.655625
0.75
0.668125
0.554375
0.45937500000000003
0.54875
0.57375
0.506875
0.479375
0.471875
0.36062500000000003
0.37375
0.395
0.33375
0.386875
0.345625
0.30874999999999997
0.409375
0.361875
0.33875
0.403125
0.1875
0.216875
0.225625
0.290625
0.26
0.26125
0.226875
0.22125
0.33375
0.2475
0.26125
0.27375
0.27437500000000004
0.25875
0.2425
0.2725
0.2475
0.26
0.2675
0.21875
0.309375
0.270625
0.35875
0.225625
0.23625000000000002
0.256875
0.179375
0.12625
0.206875
0.286875
0.19
0.194375
0.18875
0.135
0.12125
0.17125
0.209375
0.22125
0.211875
0.33625
0.225
0.191875
0.239375
0.26125
0.16562500000000002
0.163125
0.20875
