pet
0.3130434782608696
0.27260869565217394
0.4004347826086957
0.3443478260869565
0.22695652173913042
0.31173913043478263
0.30826086956521737
0.22565217391304346
0.2008695652173913
0.34521739130434786
0.401304347826087
0.3795652173913044
0.3073913043478261
0.33521739130434786
0.2126086956521739
0.2508695652173913
0.30782608695652175
0.31130434782608696
0.3243478260869565
0.22434782608695653
0.3556521739130435
0.348695652173913
0.2982608695652174
0.4717391304347826
0.3234782608695652
0.34478260869565214
0.33695652173913043
0.34782608695652173
0.3021739130434783
0.34608695652173915
0.44565217391304346
0.3652173913043478
0.39217391304347826
0.24304347826086956
0.3665217391304348
0.43478260869565216
0.40652173913043477
0.5617391304347826
0.4830434782608695
0.4004347826086957
0.4852173913043478
0.41521739130434787
0.4026086956521739
0.5626086956521739
0.5230434782608695
0.46391304347826084
0.5139130434782608
0.3739130434782609
0.46608695652173915
0.5391304347826087
0.4339130434782609
0.4834782608695652
0.5391304347826087
0.5647826086956522
0.587391304347826
0.5482608695652174
0.5769565217391304
0.6295652173913043
0.681304347826087
0.6639130434782609
0.726086956521739
0.8182608695652174
0.7495652173913043
0.6891304347826087
0.7030434782608694
0.6908695652173913
0.72
0.8078260869565217
0.6426086956521739
0.7408695652173912
0.8791304347826087
0.7913043478260869
0.8304347826086957
0.8556521739130435
0.8656521739130435
0.9904347826086957
0.9152173913043479
0.9091304347826087
0.9404347826086956
0.9973913043478262
1.1591304347826088
1.0965217391304347
1.0891304347826087
1.2660869565217392
1.147391304347826
1.1952173913043478
1.2469565217391305
1.2143478260869565
1.2234782608695653
1.1247826086956523
1.0677272727272726
1.1172727272727272
1.3027272727272727
1.3790909090909091
1.3554545454545455
1.464090909090909
1.4649999999999999
1.305909090909091
1.5481818181818183
1.4163636363636363
1.450909090909091
1.520909090909091
1.6213636363636363
1.9122727272727273
1.8109090909090908
1.8409090909090908
1.7699999999999998
1.6231818181818183
1.6895454545454547
1.8131818181818182
1.7595454545454545
1.8759090909090907
1.9159090909090908
2.0954545454545457
1.955909090909091
1.955909090909091
2.1854545454545455
1.9781818181818183
1.8581818181818184
1.7772727272727273
1.9868181818181818
2.1472727272727274
2.145
2.2209090909090907
2.190909090909091
2.2145454545454544
2.1636363636363636
2.2327272727272724
2.1418181818181816
2.0454545454545454
2.2322727272727274
2.249090909090909
2.3531818181818185
2.685909090909091
2.5727272727272728
2.624090909090909
2.5536363636363637
2.536363636363636
2.6686363636363635
2.6159090909090907
2.4672727272727273
2.6045454545454545
2.4263636363636363
2.7331818181818184
2.424090909090909
2.5872727272727274
2.693636363636364
2.684090909090909
2.4613636363636364
2.4986363636363635
2.700454545454545
2.643636363636364
2.4918181818181817
2.6354545454545453
2.7972727272727274
2.4059090909090908
2.4845454545454544
2.5740909090909088
2.5318181818181817
2.587727272727273
2.5477272727272724
2.4440909090909093
2.6604545454545456
2.710909090909091
2.7572727272727273
2.9040909090909093
2.7904545454545455
2.6113636363636363
2.533181818181818
2.7154545454545453
3.0704545454545453
2.765909090909091
2.9863636363636363
2.6345454545454547
2.609090909090909
2.555454545454545
2.6913636363636364
2.6818181818181817
2.585909090909091
2.76
2.777727272727273
2.7854545454545456
2.8440909090909092
3.3318181818181816
2.910909090909091
2.940909090909091
3.215909090909091
3.0677272727272724
2.745909090909091
2.6936363636363634
2.4881818181818183
2.7468181818181816
2.6977272727272728
2.7027272727272726
2.5040909090909094
2.7018181818181817
2.748181818181818
2.7331818181818184
2.704090909090909
2.528181818181818
2.641363636363636
2.595
2.5768181818181817
2.62
2.493181818181818
2.8327272727272725
2.6936363636363634
2.6845454545454546
2.6077272727272724
2.826363636363636
2.539090909090909
2.2977272727272724
2.606818181818182
2.515454545454545
2.481818181818182
2.43
2.338636363636364
2.273636363636364
2.143181818181818
2.2195454545454543
2.234090909090909
2.3877272727272727
2.1818181818181817
2.313181818181818
2.2409090909090907
2.019090909090909
2.3172727272727274
2.487727272727273
2.364090909090909
2.057727272727273
2.0922727272727273
2.335
2.088181818181818
2.1559090909090908
1.997272727272727
2.1418181818181816
1.955909090909091
2.1077272727272724
2.135909090909091
1.969090909090909
1.8586363636363636
1.961818181818182
1.8122727272727273
1.6895454545454547
1.7927272727272727
1.8254545454545452
1.7886363636363638
1.8022727272727272
1.7904545454545455
1.6536363636363638
1.7068181818181818
1.6877272727272727
1.6090909090909091
1.575909090909091
1.5527272727272725
1.5486363636363636
1.4168181818181818
1.3490909090909091
1.3168181818181817
1.2986363636363636
1.265
1.3599999999999999
1.3563636363636364
1.2036363636363636
1.2704545454545455
1.1190909090909091
1.2195454545454545
1.045
0.9768181818181817
0.9759090909090908
0.9850000000000001
1.0481818181818183
0.9518181818181819
1.1117391304347826
0.978695652173913
0.9482608695652175
0.9413043478260869
0.8873913043478261
0.9434782608695652
0.9734782608695652
0.9569565217391305
0.722608695652174
0.7382608695652174
0.8573913043478261
0.7656521739130434
0.6860869565217391
0.741304347826087
0.5556521739130436
0.6765217391304348
0.7904347826086956
0.6608695652173913
0.6826086956521739
0.6469565217391304
0.6439130434782608
0.662608695652174
0.6
0.588695652173913
0.5308695652173913
0.47043478260869565
0.48130434782608694
0.5047826086956522
0.5717391304347826
0.3939130434782609
0.42478260869565215
0.388695652173913
0.3547826086956522
0.4873913043478261
0.46869565217391307
0.44434782608695655
0.43478260869565216
0.3552173913043478
0.411304347826087
0.5291304347826087
0.4360869565217391
0.3878260869565217
0.41521739130434787
0.5304347826086956
0.33391304347826084
0.44130434782608696
0.2826086956521739
0.41086956521739126
0.32217391304347825
0.3895652173913044
0.33043478260869563
0.28695652173913044
0.46347826086956523
0.22521739130434784
0.42565217391304344
0.34347826086956523
0.2821739130434783
0.23565217391304347
0.2747826086956522
0.288695652173913
0.14652173913043479
0.1991304347826087
0.2365217391304348
0.2573913043478261
0.2826086956521739
0.17391304347826086
0.2708695652173913
0.2708695652173913
0.22608695652173913
0.23826086956521741
0.23130434782608697
0.32782608695652177
0.2956521739130435
0.2652173913043478
0.23391304347826086
0.21260869565217394
0.25
0.32869565217391306
0.3426086956521739
0.26956521739130435
0.2643478260869565
0.21565217391304348
0.22826086956521738
0.2717391304347826
0.19782608695652174
0.2391304347826087
0.17173913043478262
0.2782608695652174
0.21304347826086958
0.25478260869565217
0.33217391304347826
0.20260869565217393
