temperature
3.7652173913043474
3.817391304347826
3.697391304347826
3.9908695652173916
4.431739130434782
4.451739130434783
3.5139130434782606
4.012608695652174
4.281304347826087
3.7808695652173916
3.403913043478261
2.8099999999999996
2.4013043478260867
2.5243478260869567
3.433913043478261
3.5852173913043477
2.990869565217391
2.7330434782608695
3.4091304347826084
3.5565217391304347
4.119565217391305
4.145652173913043
4.108695652173913
4.132173913043478
3.8778260869565218
3.579565217391304
3.4439130434782608
3.466521739130435
3.3869565217391306
2.8756521739130436
2.883478260869565
3.21
3.7226086956521742
4.04
3.9782608695652173
4.158695652173913
4.358695652173913
4.4165217391304346
4.060869565217391
3.569130434782609
3.037826086956522
2.7704347826086955
3.0595652173913046
2.8782608695652177
2.345217391304348
2.0452173913043477
2.0908695652173916
2.6160869565217393
2.6691304347826086
2.8865217391304347
2.859130434782608
3.4121739130434783
3.7356521739130435
3.9395652173913045
3.931304347826087
3.097826086956522
3.6269565217391304
3.9008695652173913
4.072173913043478
4.35695652173913
4.587391304347826
4.496956521739131
4.368260869565217
4.455217391304347
4.892608695652174
5.2239130434782615
5.009565217391304
4.93304347826087
5.246956521739131
5.503478260869565
5.1695652173913045
5.365652173913043
5.11695652173913
5.291739130434783
4.894347826086956
5.333043478260869
5.300434782608695
5.372608695652174
5.1726086956521735
5.309130434782609
5.34
5.242173913043478
5.410869565217391
5.865652173913043
5.5517391304347825
5.839130434782609
5.662608695652175
5.671739130434782
6.153478260869565
5.971739130434782
6.527727272727273
6.194545454545454
5.338636363636364
5.382727272727273
5.58909090909091
5.756363636363637
6.077272727272727
5.881818181818182
5.996818181818182
6.240454545454545
6.683181818181819
7.279090909090908
7.19
7.274545454545454
7.466363636363636
7.854545454545455
7.309545454545455
7.244545454545454
7.866363636363636
7.643636363636364
7.797727272727273
8.437272727272727
8.23409090909091
7.738636363636363
7.749090909090909
7.536818181818182
7.694090909090909
7.488181818181818
7.745000000000001
7.934545454545455
8.164090909090909
7.984999999999999
8.509090909090908
8.770909090909091
8.975909090909092
9.211363636363636
9.328181818181818
9.786363636363637
9.253636363636362
9.211363636363636
9.881363636363636
9.751363636363637
10.267727272727273
10.41909090909091
10.467272727272727
10.280909090909091
10.50590909090909
10.745454545454546
10.63090909090909
11.41090909090909
11.287272727272727
11.050454545454546
11.35909090909091
11.573636363636364
11.69818181818182
11.560454545454546
11.663181818181817
11.03590909090909
11.352727272727272
11.303636363636365
11.512272727272727
11.812727272727273
11.866363636363637
12.196363636363635
12.021818181818183
11.976363636363637
11.860909090909091
11.956818181818182
12.197272727272725
12.475
12.265909090909092
12.325
12.596363636363636
12.372272727272728
12.591818181818182
12.686363636363637
13.174545454545454
13.091363636363637
12.776363636363635
13.480454545454545
13.571363636363635
13.502727272727272
13.549545454545456
13.446363636363635
13.264999999999999
13.75090909090909
13.895
13.755454545454546
13.709545454545456
13.979545454545455
14.22590909090909
14.241363636363637
14.302272727272726
14.656818181818181
15.125454545454545
15.652727272727274
15.450909090909091
15.40090909090909
15.736818181818181
15.366818181818182
15.434545454545455
15.514545454545454
15.378636363636362
15.65409090909091
15.204545454545455
15.558636363636365
15.213636363636363
14.87
14.67590909090909
14.963181818181818
15.400454545454545
15.273181818181818
15.137727272727272
15.069090909090908
15.007272727272728
15.316363636363635
15.56409090909091
15.651363636363635
15.733181818181817
15.888636363636364
15.950000000000001
15.38
14.942727272727273
15.232727272727272
15.582727272727272
15.001363636363635
15.137272727272727
15.092272727272727
14.662272727272727
14.864090909090908
15.332727272727272
14.947272727272725
14.991363636363637
15.243636363636364
15.306818181818182
15.503181818181817
15.766818181818183
15.06590909090909
14.805454545454547
14.7
14.952727272727271
15.339545454545457
15.246818181818183
15.478636363636362
14.491818181818182
14.825
14.885454545454547
14.914090909090909
14.495454545454544
14.614090909090908
14.631818181818181
14.397272727272728
13.969999999999999
14.299545454545454
13.951818181818181
13.88
13.564090909090908
13.636363636363637
13.42909090909091
13.500454545454545
13.832727272727272
13.529545454545454
13.251363636363635
12.823636363636364
13.001818181818182
12.561363636363637
12.279545454545454
12.531363636363636
12.79590909090909
12.79409090909091
12.541363636363638
12.128181818181817
12.217272727272727
12.245454545454544
11.897727272727273
12.34909090909091
12.129090909090907
11.781818181818181
11.66590909090909
11.571363636363635
11.886363636363637
11.72318181818182
11.667272727272728
11.418260869565218
11.157826086956522
11.184782608695652
11.326521739130435
10.824347826086957
10.719565217391304
10.745652173913044
10.22695652173913
10.798695652173913
10.733478260869566
10.13304347826087
10.19086956521739
9.66304347826087
9.339565217391305
9.398695652173913
9.080434782608695
8.830869565217391
9.085652173913044
9.567391304347826
9.156521739130435
8.651739130434782
8.534347826086956
8.664347826086956
8.86217391304348
8.81913043478261
8.907826086956522
8.735217391304348
8.507826086956522
8.003913043478262
8.461739130434783
8.832173913043478
8.56913043478261
8.565217391304348
8.067391304347826
7.547826086956522
7.173913043478261
6.664782608695652
7.478260869565218
7.858695652173913
7.3786956521739135
7.366086956521738
7.449130434782609
6.515652173913044
5.854347826086957
5.533913043478261
5.806086956521739
5.765652173913042
5.785652173913043
6.362608695652174
5.988260869565217
5.167826086956522
4.9769565217391305
5.3130434782608695
5.834782608695652
5.8795652173913036
5.75
5.1326086956521735
4.77695652173913
4.6265217391304345
4.190869565217391
4.333043478260869
4.76
5.027826086956522
5.243913043478261
5.35695652173913
5.251739130434783
4.970434782608695
4.98391304347826
4.149565217391304
3.8386956521739135
3.7195652173913043
4.118260869565217
4.193478260869566
4.236521739130435
4.745217391304348
5.280434782608696
4.832173913043478
4.728260869565218
4.404347826086957
4.345652173913043
4.572173913043478
5.23
4.382173913043479
4.8878260869565215
4.899565217391304
4.833913043478261
4.884782608695652
4.764782608695652
4.624782608695653
4.651739130434782
3.938695652173913
3.6943478260869567
