temperature
0.4095454545454546
-0.005000000000000024
0.043181818181818106
-0.17727272727272728
0.5831818181818181
0.4395454545454545
0.8895454545454544
0.6709090909090909
0.924090909090909
1.1577272727272727
0.9568181818181819
1.7636363636363634
1.7
1.0054545454545456
1.3572727272727272
0.5272727272727272
0.5759090909090909
0.8118181818181818
1.0513636363636363
0.6331818181818182
0.22636363636363635
0.3190909090909091
0.3481818181818182
0.47136363636363643
0.6463636363636364
0.4918181818181818
0.7486363636363635
0.3486363636363637
0.24681818181818185
-0.05318181818181815
0.42545454545454553
0.6581818181818182
0.3604545454545454
0.6386363636363637
1.1554545454545453
0.9831818181818183
0.9463636363636364
0.2736363636363636
-0.051818181818181805
0.3309090909090909
0.36045454545454547
1.2027272727272729
1.5204545454545453
0.9277272727272727
0.7740909090909092
1.4486363636363637
0.8522727272727273
0.8013636363636363
0.5081818181818182
0.38181818181818183
0.42
0.5868181818181818
0.8295454545454546
1.4704545454545455
1.1836363636363636
1.2713636363636363
1.2236363636363636
1.2836363636363637
1.0713636363636363
0.6345454545454546
0.34545454545454546
0.5227272727272727
0.49272727272727274
0.7713636363636364
1.3113636363636363
2.6
2.3322727272727275
2.2068181818181816
2.308181818181818
1.9936363636363637
1.7090909090909088
1.6018181818181818
2.3609090909090913
2.6463636363636365
2.8249999999999997
3.353181818181818
2.5254545454545454
2.0736363636363637
2.1454545454545455
2.3836363636363633
2.6545454545454543
2.9186363636363635
2.647727272727273
3.1113636363636363
2.8136363636363635
2.4554545454545456
2.8445454545454543
2.9845454545454544
3.5772727272727276
3.9063636363636363
4.121739130434783
3.7965217391304344
3.6447826086956523
3.3682608695652174
3.996086956521739
4.062173913043479
3.3969565217391304
3.1904347826086954
4.02391304347826
4.585217391304347
3.846086956521739
3.4121739130434783
3.1852173913043482
4.096086956521739
4.131304347826087
4.159130434782608
4.327826086956521
3.5152173913043474
3.4869565217391307
4.2495652173913046
5.128260869565217
5.655652173913043
6.308695652173912
6.26
5.881739130434783
5.389565217391304
5.724347826086956
5.744782608695652
5.7760869565217385
5.681739130434783
5.868695652173913
5.941304347826088
6.00608695652174
6.3304347826086955
6.349130434782609
6.165652173913044
6.483478260869566
6.3447826086956525
6.377391304347826
6.640434782608695
6.642608695652174
6.377826086956522
6.140434782608695
6.4534782608695656
6.823478260869565
6.988695652173914
7.036521739130435
6.838260869565217
7.086086956521739
7.501739130434783
7.422173913043479
7.636086956521739
8.01086956521739
8.02608695652174
7.922173913043479
7.844347826086956
7.738260869565217
8.027391304347827
8.358260869565218
8.59
8.854782608695652
9.337391304347827
9.379565217391304
9.21304347826087
8.76304347826087
8.721304347826088
9.369565217391305
9.51
9.468695652173913
9.809565217391304
9.724782608695653
9.560869565217391
9.168260869565218
9.292173913043479
9.186521739130434
9.508260869565218
10.097826086956522
10.836086956521738
10.678695652173914
10.752608695652174
10.553478260869564
9.967391304347826
10.118695652173912
10.374347826086955
10.349130434782609
10.509130434782609
10.916521739130435
10.646521739130435
11.132173913043479
11.209999999999999
11.209565217391305
11.45695652173913
11.693478260869565
11.73391304347826
11.83695652173913
11.42782608695652
11.354782608695654
11.613913043478261
11.420434782608696
11.493913043478262
11.656086956521738
11.574347826086955
11.671304347826087
11.225652173913044
11.567391304347826
11.824347826086955
11.94
11.930869565217392
12.014347826086956
12.331304347826087
12.272608695652172
11.858260869565218
11.875217391304348
12.442608695652174
12.281739130434783
12.196956521739128
12.35608695652174
12.471739130434784
12.26608695652174
12.476521739130433
12.212608695652174
12.331304347826087
12.657826086956522
12.568260869565217
12.59086956521739
12.538260869565217
12.547826086956523
12.337391304347825
12.07695652173913
11.751739130434784
12.046521739130435
11.860434782608696
12.120434782608696
11.906521739130437
11.79304347826087
11.98391304347826
11.98608695652174
11.770434782608698
11.946521739130434
11.712173913043477
12.16391304347826
12.11304347826087
11.80695652173913
11.291739130434781
11.10391304347826
10.77695652173913
10.764782608695652
10.762608695652174
10.344347826086958
10.461304347826088
10.74304347826087
10.636521739130433
10.693478260869565
10.583913043478262
10.892173913043479
10.959565217391305
10.727826086956522
10.782608695652174
10.411739130434782
10.242608695652173
10.190434782608696
9.778695652173912
10.26608695652174
10.48695652173913
9.96304347826087
9.640869565217391
9.164347826086956
8.882608695652175
8.697826086956523
8.611304347826087
8.975652173913044
9.242608695652173
9.42
9.682608695652174
9.258260869565218
8.739999999999998
8.300869565217392
8.363913043478261
8.313478260869566
8.496956521739131
8.900869565217391
8.950434782608696
8.975217391304348
8.868181818181817
8.086818181818181
8.047727272727274
7.191363636363636
7.1922727272727265
7.204999999999999
7.3122727272727275
7.7731818181818175
7.584090909090909
7.2713636363636365
7.053181818181818
6.879090909090909
6.775454545454545
6.957272727272727
6.724545454545455
6.038181818181818
5.869999999999999
5.523181818181818
5.745909090909091
5.140909090909091
5.835454545454545
5.953636363636363
5.736363636363635
5.881363636363636
6.061818181818182
6.156363636363636
5.977727272727273
5.567272727272727
4.837272727272727
5.5236363636363635
5.630454545454546
5.210909090909091
4.609545454545454
4.886363636363637
4.413636363636363
4.41
3.9518181818181817
4.251363636363636
4.3559090909090905
3.225
3.5131818181818186
3.8909090909090907
3.9259090909090912
3.662272727272727
3.715909090909091
3.655
3.097272727272727
2.7904545454545455
2.5140909090909087
2.270909090909091
2.5090909090909093
2.37
1.573636363636364
1.804090909090909
2.480909090909091
1.7972727272727271
2.5004545454545455
2.725909090909091
2.319545454545455
1.9809090909090907
1.7895454545454543
1.393181818181818
1.54
1.5063636363636363
1.1022727272727273
1.3368181818181817
1.2936363636363637
0.8509090909090908
0.8327272727272728
1.5772727272727274
1.9381818181818182
1.3045454545454545
0.9040909090909092
1.1918181818181817
0.8859090909090909
0.7568181818181817
0.7395454545454545
0.43818181818181823
-0.32636363636363636
-0.5154545454545455
-1.4259090909090908
-0.35
0.2740909090909091
1.2504545454545453
1.3409090909090908
0.2954545454545454
-0.4518181818181818
-0.6227272727272728
-1.0140909090909092
-0.9709090909090908
-0.10863636363636359
0.09045454545454545
