temperature
5.918333333333333
5.21
4.877777777777777
4.756666666666667
5.290555555555556
5.178888888888888
5.373333333333333
5.669444444444444
4.985555555555555
5.037222222222223
5.228888888888889
5.377777777777777
5.980555555555556
4.944444444444445
5.91611111111111
5.150555555555556
4.941111111111111
5.2027777777777775
5.870555555555556
5.371666666666666
4.953888888888889
4.358333333333333
4.467777777777778
4.1
4.44
4.54111111111111
4.254444444444444
4.403333333333333
4.573333333333333
4.261666666666667
4.304444444444445
4.209444444444444
4.360555555555555
4.467222222222222
5.564444444444444
5.797222222222222
5.414444444444444
4.566111111111111
4.473333333333333
4.054444444444445
4.581666666666667
5.055000000000001
5.617777777777778
4.905555555555555
4.645
4.988947368421052
4.962631578947369
4.796315789473684
4.925789473684211
4.9126315789473685
4.716842105263158
5.238421052631579
5.3031578947368425
5.683157894736842
5.96
5.761052631578947
5.947368421052632
5.65
5.325263157894736
5.234210526315789
4.920526315789473
4.836315789473685
4.988421052631579
4.886842105263158
5.561578947368421
6.67
6.901052631578947
6.991052631578948
6.558947368421053
6.438421052631579
6.516842105263158
6.234736842105263
6.366842105263157
7.545789473684211
7.861578947368422
7.814210526315789
7.166315789473684
6.287368421052632
6.647368421052631
6.844736842105264
6.9263157894736835
6.87578947368421
6.827368421052632
7.184736842105263
7.037894736842105
7.251052631578948
7.38578947368421
7.9399999999999995
8.477894736842105
8.802105263157895
8.809999999999999
9.302631578947368
8.873157894736842
8.458947368421052
8.203684210526315
8.632631578947368
7.329473684210526
7.523157894736842
7.983684210526316
8.481052631578947
8.092631578947367
7.804736842105263
8.061578947368423
8.703157894736842
8.909473684210527
8.700526315789475
8.863157894736842
8.485263157894737
8.197894736842105
8.75263157894737
9.706315789473685
10.373684210526315
10.865263157894736
10.976315789473684
11.162105263157894
10.51
10.556315789473684
10.696315789473683
10.535263157894736
10.56842105263158
11.046842105263158
10.821578947368423
10.762631578947369
10.556842105263158
11.033684210526316
11.209473684210526
11.456315789473683
11.619473684210528
11.996315789473684
12.448421052631579
12.377368421052632
11.899473684210527
11.686315789473683
11.585263157894737
11.907894736842104
12.454210526315789
12.439473684210526
12.550526315789474
12.83
12.948421052631579
12.484736842105264
12.393157894736841
12.83842105263158
13.101052631578947
13.215263157894737
13.18
13.031052631578948
13.072105263157894
13.321052631578947
13.402105263157894
13.660526315789474
13.830526315789472
14.695263157894736
14.158947368421051
13.748947368421053
14.07842105263158
13.863684210526314
14.187368421052632
14.024736842105265
14.698947368421054
14.571052631578949
14.338947368421053
14.726315789473684
14.858421052631579
14.98263157894737
14.90684210526316
15.284210526315789
15.706315789473685
15.679473684210524
15.977894736842105
15.91157894736842
15.569473684210527
15.268421052631581
15.793157894736842
15.732105263157893
15.660000000000002
15.883684210526317
16.027368421052632
15.99842105263158
16.531578947368423
16.349999999999998
16.596842105263157
16.783684210526314
16.76736842105263
16.89157894736842
16.434736842105263
16.64578947368421
16.603157894736842
16.367368421052632
16.613684210526316
16.50578947368421
16.54
16.201052631578946
16.317894736842106
16.820526315789476
17.326315789473682
17.49684210526316
17.11842105263158
17.293684210526315
17.700526315789475
17.52263157894737
17.088421052631578
16.995263157894737
17.372105263157895
17.664210526315788
17.666842105263157
17.573684210526313
17.91578947368421
18.15736842105263
18.060526315789474
17.326315789473682
17.36315789473684
17.964736842105264
17.734736842105264
17.54157894736842
17.50526315789474
18.080526315789474
18.198947368421052
18.05315789473684
17.858947368421052
17.98315789473684
17.80894736842105
18.086842105263155
17.532105263157895
17.245263157894737
17.15421052631579
17.63105263157895
17.01842105263158
17.099473684210526
17.36578947368421
17.14578947368421
17.05263157894737
17.07263157894737
16.95894736842105
16.984736842105264
16.43
16.370526315789476
16.56736842105263
15.960526315789474
15.659473684210525
15.793157894736842
15.927894736842106
16.099473684210526
15.666315789473686
15.901052631578947
16.266315789473683
15.975263157894739
16.21736842105263
16.24421052631579
15.740526315789474
15.53
15.48
15.660000000000002
15.96526315789474
15.747894736842104
14.426315789473685
14.468421052631578
14.306842105263158
14.166842105263159
13.656315789473682
14.208421052631579
14.622105263157895
14.673684210526316
14.560526315789472
14.066842105263158
14.006315789473684
13.807894736842107
13.43157894736842
13.305263157894737
13.946315789473685
14.213684210526315
14.220526315789474
14.290526315789473
14.458333333333334
13.591666666666667
13.127777777777778
12.353333333333333
12.085555555555555
12.822222222222221
11.649999999999999
12.496666666666666
12.865
12.861666666666668
12.466111111111111
11.782222222222224
11.627222222222223
11.331666666666667
11.213888888888889
11.275555555555556
11.252777777777778
10.373333333333333
10.628888888888888
10.128888888888888
11.057222222222222
11.118333333333332
11.126111111111111
11.021666666666668
11.03111111111111
10.881111111111112
11.139444444444443
10.651666666666666
10.134444444444446
10.568888888888889
10.523333333333333
9.731666666666666
9.57388888888889
9.568888888888889
8.557777777777778
8.904444444444444
8.958888888888888
8.635
9.045
8.039444444444445
8.122222222222222
8.863333333333333
8.529444444444444
8.205
7.644444444444444
7.371666666666666
6.939444444444444
7.368888888888888
7.267777777777777
7.078333333333333
6.85
6.911666666666666
7.135000000000001
6.597777777777778
6.720000000000001
6.722777777777778
6.761111111111111
6.9816666666666665
7.263333333333334
7.2588888888888885
6.502222222222222
6.260000000000001
5.586666666666667
5.245555555555556
5.348888888888889
5.775555555555556
5.662777777777778
5.6755555555555555
5.501666666666667
5.484444444444445
5.098333333333333
5.3005555555555555
5.277222222222222
5.421666666666667
5.010000000000001
5.156666666666666
4.442777777777778
3.764444444444445
4.011111111111111
3.651666666666667
3.3116666666666665
4.738333333333333
5.098888888888889
6.127222222222222
7.17
6.161111111111111
5.180000000000001
4.981111111111111
4.137777777777778
3.8988888888888886
4.855555555555555
5.009444444444444
