pet
0.3021739130434783
0.2704347826086957
0.40608695652173915
0.3704347826086956
0.25956521739130434
0.3134782608695652
0.32782608695652177
0.23391304347826086
0.20478260869565218
0.3556521739130435
0.42391304347826086
0.3973913043478261
0.32173913043478264
0.33826086956521734
0.22391304347826088
0.2643478260869565
0.31043478260869567
0.33
0.3204347826086957
0.2391304347826087
0.36
0.36434782608695654
0.28956521739130436
0.4926086956521739
0.3530434782608696
0.3495652173913043
0.3408695652173913
0.3830434782608696
0.3173913043478261
0.3695652173913043
0.45391304347826084
0.3560869565217391
0.4165217391304348
0.24391304347826087
0.3782608695652174
0.43826086956521737
0.4126086956521739
0.5617391304347826
0.4873913043478261
0.4082608695652174
0.478695652173913
0.4191304347826087
0.421304347826087
0.5747826086956522
0.5434782608695652
0.47782608695652173
0.5334782608695652
0.3869565217391305
0.48739130434782607
0.5491304347826087
0.42565217391304344
0.49434782608695654
0.5304347826086957
0.5595652173913043
0.5991304347826086
0.5643478260869565
0.568695652173913
0.6521739130434783
0.6965217391304348
0.6591304347826087
0.7321739130434782
0.8073913043478261
0.7560869565217392
0.6834782608695652
0.681304347826087
0.6917391304347826
0.6804347826086957
0.8121739130434783
0.6378260869565218
0.7482608695652174
0.8530434782608696
0.7765217391304348
0.8191304347826087
0.8395652173913043
0.8708695652173913
1.0004347826086957
0.8908695652173912
0.8826086956521739
0.9173913043478261
0.9678260869565218
1.1521739130434783
1.06
1.0508695652173912
1.25
1.132608695652174
1.172608695652174
1.2395652173913043
1.1691304347826088
1.2052173913043478
1.118695652173913
1.0250000000000001
1.0927272727272728
1.2840909090909092
1.3622727272727273
1.3372727272727274
1.4659090909090908
1.4563636363636363
1.298181818181818
1.5354545454545454
1.385909090909091
1.4295454545454545
1.4754545454545456
1.598181818181818
1.8813636363636363
1.7822727272727272
1.8177272727272729
1.7590909090909093
1.594090909090909
1.6604545454545454
1.8004545454545455
1.750909090909091
1.8595454545454546
1.904090909090909
2.1095454545454544
1.9254545454545455
1.95
2.200909090909091
1.960909090909091
1.8513636363636363
1.7436363636363637
1.939090909090909
2.0845454545454545
2.0959090909090907
2.161818181818182
2.1422727272727276
2.173636363636364
2.1177272727272727
2.180454545454545
2.067727272727273
1.954090909090909
2.1827272727272726
2.185909090909091
2.273181818181818
2.6204545454545456
2.495
2.526818181818182
2.4736363636363636
2.5145454545454546
2.614090909090909
2.5827272727272725
2.43
2.544090909090909
2.4086363636363637
2.72
2.3495454545454546
2.540909090909091
2.6595454545454547
2.6427272727272726
2.408181818181818
2.4645454545454544
2.6704545454545454
2.559090909090909
2.4263636363636363
2.579090909090909
2.730909090909091
2.341818181818182
2.4440909090909093
2.489090909090909
2.4286363636363637
2.536363636363636
2.4845454545454544
2.4045454545454543
2.6340909090909093
2.6595454545454547
2.683181818181818
2.8495454545454546
2.763181818181818
2.5895454545454544
2.4690909090909092
2.684090909090909
3.0204545454545455
2.7072727272727275
2.9154545454545455
2.557272727272727
2.536818181818182
2.4995454545454545
2.632727272727273
2.615
2.5359090909090907
2.6672727272727275
2.700454545454545
2.7236363636363636
2.82
3.274090909090909
2.829090909090909
2.879090909090909
3.1245454545454545
2.9718181818181817
2.6745454545454543
2.6122727272727273
2.4195454545454544
2.6304545454545454
2.6263636363636365
2.6195454545454546
2.4145454545454546
2.6504545454545454
2.684090909090909
2.674090909090909
2.637272727272727
2.463636363636364
2.5977272727272727
2.576363636363636
2.53
2.5854545454545454
2.465909090909091
2.7504545454545455
2.649090909090909
2.635
2.6072727272727274
2.7627272727272727
2.502727272727273
2.233636363636364
2.5500000000000003
2.433181818181818
2.4395454545454545
2.3654545454545453
2.255909090909091
2.1750000000000003
2.122727272727273
2.190909090909091
2.1731818181818183
2.351363636363636
2.111818181818182
2.2645454545454546
2.1681818181818184
1.9577272727272728
2.2454545454545456
2.4277272727272727
2.3404545454545453
2.055
2.057272727272727
2.2854545454545456
2.0313636363636363
2.100909090909091
1.9495454545454545
2.112727272727273
1.9227272727272726
2.0845454545454545
2.1154545454545453
1.9422727272727274
1.8486363636363636
1.9445454545454546
1.7913636363636365
1.6545454545454545
1.718181818181818
1.805
1.7372727272727273
1.7645454545454546
1.7563636363636363
1.6318181818181818
1.6863636363636365
1.6554545454545455
1.5777272727272729
1.5590909090909089
1.5140909090909092
1.5304545454545455
1.3827272727272728
1.3418181818181818
1.2704545454545455
1.3
1.2540909090909091
1.3613636363636363
1.330909090909091
1.1945454545454546
1.2745454545454544
1.1045454545454545
1.205909090909091
1.0672727272727274
0.9768181818181817
0.9554545454545454
0.9845454545454545
1.0677272727272726
0.9640909090909091
1.108695652173913
0.9591304347826086
0.9604347826086956
0.9621739130434782
0.8965217391304349
0.9539130434782609
0.9791304347826086
0.9682608695652174
0.726086956521739
0.7391304347826086
0.8617391304347827
0.7908695652173914
0.7008695652173913
0.7691304347826088
0.5617391304347826
0.7178260869565216
0.8252173913043478
0.6530434782608695
0.6917391304347826
0.6652173913043479
0.6630434782608695
0.6582608695652175
0.6078260869565217
0.5921739130434783
0.5373913043478261
0.5008695652173912
0.5013043478260869
0.5169565217391304
0.5843478260869565
0.40739130434782606
0.43652173913043485
0.4026086956521739
0.38130434782608696
0.51
0.4873913043478261
0.46260869565217394
0.4608695652173913
0.3708695652173913
0.4373913043478261
0.5369565217391304
0.43130434782608695
0.3973913043478261
0.43782608695652175
0.5478260869565217
0.3634782608695652
0.4543478260869565
0.30521739130434783
0.41782608695652174
0.34521739130434786
0.39869565217391306
0.3678260869565218
0.31782608695652176
0.4782608695652174
0.2373913043478261
0.42869565217391303
0.3308695652173913
0.31478260869565217
0.2530434782608696
0.3130434782608696
0.3126086956521739
0.15347826086956523
0.21956521739130433
0.24608695652173915
0.27391304347826084
0.31086956521739134
0.18130434782608695
0.2856521739130435
0.27043478260869563
0.26260869565217393
0.26130434782608697
0.2539130434782609
0.3621739130434783
0.3
0.2886956521739131
0.24956521739130436
0.21999999999999997
0.26304347826086955
0.34043478260869564
0.3708695652173913
0.29347826086956524
0.2578260869565217
0.23
0.25521739130434784
0.2756521739130435
0.21043478260869564
0.2482608695652174
0.1791304347826087
0.29043478260869565
0.22000000000000003
0.25521739130434784
0.3356521739130435
0.21565217391304348
