pet
0.2946153846153846
0.3376923076923077
0.42615384615384616
0.32846153846153847
0.3046153846153846
0.30923076923076925
0.3776923076923077
0.29
0.40384615384615385
0.4807692307692308
0.4492307692307692
0.4984615384615385
0.33384615384615385
0.29307692307692307
0.42076923076923073
0.32923076923076927
0.33153846153846156
0.34153846153846157
0.36
0.4046153846153846
0.3269230769230769
0.25461538461538463
0.27692307692307694
0.34923076923076923
0.4453846153846154
0.3776923076923077
0.45615384615384613
0.44692307692307687
0.4076923076923077
0.42923076923076925
0.5307692307692308
0.5123076923076924
0.46923076923076923
0.4853846153846154
0.4876923076923077
0.40538461538461534
0.3984615384615384
0.4330769230769231
0.556923076923077
0.43846153846153846
0.40384615384615385
0.35307692307692307
0.3423076923076923
0.4492307692307692
0.44307692307692303
0.5207692307692308
0.45307692307692304
0.40230769230769226
0.49076923076923074
0.5153846153846154
0.5461538461538461
0.6269230769230769
0.6961538461538462
0.676923076923077
0.6976923076923077
0.7646153846153846
0.7876923076923077
0.6976923076923077
0.7338461538461539
0.8223076923076923
0.8476923076923076
0.7238461538461538
0.7915384615384615
0.8584615384615385
0.9069230769230768
0.8830769230769231
0.9853846153846154
0.9938461538461538
1.1099999999999999
1.0815384615384616
1.0876923076923077
0.9969230769230768
0.9953846153846153
0.9807692307692307
0.9984615384615385
1.103076923076923
1.1876923076923076
1.1976923076923076
1.086153846153846
1.34
1.2684615384615385
1.3953846153846154
1.1630769230769231
1.1784615384615384
1.13
1.1853846153846155
1.1653846153846155
1.2976923076923077
1.1453846153846154
1.4476923076923076
1.4884615384615385
1.4776923076923079
1.2176923076923076
1.4546153846153846
1.6976923076923076
1.6676923076923076
1.6261538461538463
1.790769230769231
1.6238461538461537
1.7284615384615383
1.786923076923077
1.7646153846153847
1.6384615384615384
1.816923076923077
1.78
2.0653846153846156
2.043846153846154
1.936923076923077
1.7023076923076923
1.9361538461538463
1.9746153846153847
1.8653846153846154
2.046923076923077
1.9176923076923076
1.8107692307692307
2.059230769230769
2.0084615384615385
1.7576923076923079
2.1507692307692308
1.9846153846153847
1.7984615384615383
2.176153846153846
2.3584615384615386
2.273076923076923
2.088461538461538
2.3453846153846154
2.5215384615384617
2.411538461538462
2.3815384615384616
2.2846153846153845
2.4046153846153846
2.2169230769230768
2.33
2.3484615384615384
2.1376923076923076
2.2169230769230768
2.403076923076923
2.436153846153846
2.399230769230769
2.3776923076923078
2.632307692307692
2.4353846153846153
2.869230769230769
2.803846153846154
2.7853846153846153
2.8984615384615386
2.4884615384615385
2.6569230769230767
2.468461538461538
2.655384615384615
3.0453846153846156
2.6376923076923076
2.8092307692307688
3.075384615384615
2.33
2.476923076923077
2.7223076923076923
2.6623076923076923
2.703076923076923
2.713076923076923
2.95
3.144615384615385
2.7800000000000002
2.2746153846153847
2.63
2.683846153846154
2.683846153846154
2.483076923076923
2.480769230769231
2.7353846153846155
2.9976923076923074
2.926153846153846
2.4284615384615384
2.7715384615384617
2.4515384615384614
2.393846153846154
2.8846153846153846
2.5215384615384617
2.721538461538462
2.7546153846153847
2.6630769230769227
2.9661538461538464
2.9584615384615387
2.883846153846154
2.6576923076923076
2.671538461538461
2.484615384615385
2.686923076923077
2.606923076923077
2.965384615384615
2.6115384615384616
2.870769230769231
2.6384615384615384
2.712307692307692
2.893076923076923
3.075384615384615
3.006153846153846
2.7576923076923077
2.7415384615384615
2.6584615384615384
2.476923076923077
2.4353846153846153
2.583076923076923
2.6599999999999997
2.8415384615384616
2.5492307692307694
2.443846153846154
2.7053846153846157
2.439230769230769
2.193846153846154
2.6507692307692308
2.4384615384615382
2.1561538461538463
2.3246153846153845
2.828461538461539
2.4107692307692306
2.313846153846154
2.210769230769231
2.463846153846154
2.543846153846154
2.6107692307692307
1.9315384615384614
2.1284615384615386
2.0384615384615383
2.079230769230769
1.7976923076923075
2.2223076923076923
2.1392307692307693
2.2946153846153847
1.8723076923076922
2.0984615384615384
2.043076923076923
2.0276923076923077
2.210769230769231
2.043846153846154
2.016923076923077
1.9607692307692306
1.8092307692307692
1.9576923076923076
1.9661538461538461
2.356923076923077
2.0215384615384617
1.8353846153846154
1.9030769230769229
1.8592307692307695
1.7738461538461539
1.9
1.78
1.7453846153846153
1.8192307692307692
1.580769230769231
1.5561538461538462
1.6300000000000001
1.54
1.7269230769230768
1.5892307692307692
1.6384615384615384
1.4907692307692306
1.466923076923077
1.35
1.3553846153846154
1.3576923076923075
1.4500000000000002
1.3953846153846154
1.573076923076923
1.2692307692307692
1.246923076923077
1.176153846153846
1.2461538461538462
1.093846153846154
1.15
1.0261538461538462
1.1223076923076922
1.0541666666666667
0.9041666666666667
1.0841666666666667
1.0533333333333335
0.9616666666666668
1.0525
1.11
0.86
0.8766666666666666
0.9466666666666667
0.81
0.6708333333333334
0.6116666666666667
0.645
0.5458333333333333
0.6116666666666667
0.645
0.6749999999999999
0.6749999999999999
0.6283333333333333
0.5783333333333333
0.6008333333333333
0.555
0.5466666666666667
0.6433333333333334
0.7258333333333334
0.6008333333333333
0.6108333333333333
0.5591666666666667
0.4975
0.5575
0.5241666666666667
0.455
0.48
0.2708333333333333
0.45166666666666666
0.3983333333333334
0.4041666666666666
0.4925
0.44916666666666666
0.3466666666666667
0.5166666666666667
0.455
0.395
0.47833333333333333
0.3308333333333333
0.32230769230769235
0.3153846153846154
0.31153846153846154
0.29692307692307696
0.33692307692307694
0.30230769230769233
0.24000000000000002
0.3323076923076923
0.32
0.31923076923076926
0.2823076923076923
0.34461538461538466
0.2676923076923077
0.3392307692307692
0.26999999999999996
0.23769230769230767
0.21076923076923076
0.22615384615384615
0.20846153846153845
0.3076923076923077
0.2915384615384615
0.3246153846153846
0.2723076923076923
0.30615384615384617
0.37692307692307697
0.29
0.19692307692307692
0.2684615384615385
0.33615384615384614
0.2830769230769231
0.22
0.2361538461538462
0.21692307692307694
0.18076923076923074
0.23923076923076922
0.2630769230769231
0.24384615384615385
0.22999999999999998
0.38
0.19846153846153847
0.19769230769230767
0.25076923076923074
0.27076923076923076
0.21538461538461537
0.25461538461538463
0.29846153846153844
