pet
0.2818181818181818
0.31363636363636366
0.35454545454545455
0.29954545454545456
0.265
0.25
0.3640909090909091
0.3154545454545455
0.2972727272727273
0.335
0.375
0.3618181818181818
0.32954545454545453
0.35818181818181816
0.3268181818181818
0.2840909090909091
0.34454545454545454
0.2863636363636364
0.3477272727272727
0.3390909090909091
0.27954545454545454
0.3145454545454545
0.285
0.37454545454545457
0.38636363636363635
0.405
0.3845454545454545
0.44
0.35454545454545455
0.3972727272727273
0.4127272727272727
0.4240909090909091
0.4063636363636363
0.40772727272727277
0.4318181818181818
0.42136363636363633
0.4831818181818182
0.48681818181818176
0.49318181818181817
0.48363636363636364
0.42136363636363633
0.41500000000000004
0.515
0.52
0.48272727272727267
0.5481818181818182
0.5609090909090909
0.4659090909090909
0.5459090909090909
0.6140909090909091
0.6645454545454546
0.6204545454545455
0.6895454545454546
0.6104545454545455
0.5554545454545455
0.6722727272727272
0.7181818181818183
0.7013636363636363
0.6827272727272727
0.7245454545454546
0.7563636363636363
0.6881818181818182
0.7604545454545455
0.7727272727272727
0.8009090909090909
0.7786363636363636
0.8318181818181819
0.8431818181818183
0.9759090909090908
0.8986363636363636
0.8995454545454545
0.8859090909090909
0.9040909090909092
0.8868181818181817
0.845
0.9690909090909091
1.019090909090909
1.085909090909091
1.0186363636363636
1.0554545454545454
1.0336363636363635
1.1236363636363635
1.1181818181818182
1.09
1.2122727272727274
1.18
1.2159090909090908
1.31
1.21
1.3495454545454546
1.341304347826087
1.4169565217391307
1.2460869565217392
1.348695652173913
1.3591304347826085
1.5891304347826085
1.4860869565217392
1.5417391304347827
1.4656521739130435
1.6134782608695653
1.5634782608695652
1.5195652173913041
1.5447826086956522
1.5969565217391304
1.6804347826086956
1.8069565217391306
1.7143478260869565
1.835217391304348
1.7895652173913041
1.8108695652173912
1.7908695652173912
1.6934782608695653
1.8817391304347826
1.7799999999999998
1.788695652173913
1.8778260869565215
1.96
2.0234782608695654
2.0704347826086957
2.067391304347826
2.263478260869565
2.3143478260869563
2.3517391304347828
2.2856521739130433
2.033478260869565
2.079565217391304
2.2978260869565217
2.221304347826087
2.31
2.043913043478261
2.282608695652174
2.4843478260869567
2.302608695652174
2.258260869565217
2.273913043478261
2.1608695652173915
2.1247826086956523
2.2295652173913045
2.3534782608695655
2.1539130434782607
2.3086956521739133
2.3078260869565215
2.511304347826087
2.511739130434783
2.5482608695652176
2.407391304347826
2.205217391304348
2.4456521739130435
2.4543478260869565
2.7908695652173914
2.9182608695652177
2.710434782608696
2.5469565217391303
2.5743478260869566
2.5030434782608695
2.7204347826086956
2.365652173913044
2.8000000000000003
2.8000000000000003
2.8717391304347823
2.736086956521739
2.6791304347826084
2.3952173913043477
2.468260869565217
2.5
2.67
2.7734782608695654
2.695217391304348
2.6365217391304347
2.654782608695652
2.9126086956521737
2.6847826086956523
2.726086956521739
2.8095652173913046
2.773913043478261
2.7113043478260868
2.816521739130435
2.6656521739130437
2.8126086956521736
2.9152173913043478
2.6030434782608696
2.6269565217391304
2.5330434782608693
2.5843478260869563
2.4391304347826086
2.6730434782608694
2.497391304347826
2.5434782608695654
2.6078260869565217
2.8147826086956518
2.706086956521739
2.8204347826086957
2.743478260869565
2.696521739130435
2.7713043478260873
2.6143478260869566
2.8747826086956523
2.674782608695652
2.761739130434783
2.7269565217391305
2.553913043478261
2.562173913043478
2.6117391304347826
2.6456521739130436
2.663478260869565
2.8304347826086955
2.426521739130435
2.5717391304347825
2.51
2.3091304347826087
2.569130434782609
2.2869565217391306
2.1630434782608696
2.5556521739130433
2.4813043478260868
2.1091304347826085
2.4791304347826086
2.200869565217391
2.284782608695652
2.450869565217391
2.4165217391304346
2.1478260869565218
2.2330434782608695
2.1221739130434782
1.943913043478261
1.9982608695652175
2.1969565217391307
2.223478260869565
2.154347826086956
1.9791304347826084
2.0678260869565217
1.9760869565217392
1.9404347826086958
2.187826086956522
1.8782608695652174
1.8678260869565217
1.806521739130435
1.908695652173913
2.0504347826086957
1.8821739130434783
1.798695652173913
1.7108695652173913
1.7626086956521738
1.7813043478260868
1.6595652173913045
1.5821739130434782
1.7726086956521738
1.557391304347826
1.5639130434782609
1.7017391304347826
1.5434782608695652
1.6178260869565217
1.6300000000000001
1.4782608695652173
1.5065217391304346
1.5799999999999998
1.4634782608695651
1.3904347826086956
1.4565217391304348
1.3795652173913044
1.3126086956521739
1.2665217391304346
1.2613043478260868
1.3543478260869564
1.2517391304347825
1.221304347826087
1.2895652173913044
1.0782608695652174
1.046086956521739
1.0260869565217392
1.0930434782608696
1.0647826086956522
1.0108695652173914
1.0731818181818182
0.9968181818181818
0.9940909090909091
1.0813636363636363
0.9686363636363637
0.9572727272727272
0.9086363636363636
0.8622727272727272
0.8736363636363635
0.9054545454545454
0.8072727272727274
0.7172727272727273
0.6572727272727273
0.6831818181818182
0.6645454545454546
0.6731818181818182
0.7845454545454547
0.7909090909090909
0.7063636363636363
0.6554545454545454
0.6799999999999999
0.6659090909090909
0.6495454545454545
0.6354545454545455
0.7304545454545455
0.7090909090909091
0.7027272727272726
0.6531818181818182
0.5686363636363636
0.5909090909090909
0.6422727272727273
0.5145454545454545
0.5154545454545455
0.49727272727272726
0.4395454545454545
0.48363636363636364
0.4540909090909091
0.4777272727272727
0.42999999999999994
0.44045454545454543
0.3631818181818182
0.45545454545454545
0.4218181818181818
0.4318181818181818
0.41727272727272724
0.2768181818181818
0.29545454545454547
0.3431818181818182
0.32499999999999996
0.2931818181818182
0.32227272727272727
0.28545454545454546
0.2490909090909091
0.29227272727272724
0.2972727272727273
0.31272727272727274
0.3154545454545455
0.3022727272727273
0.32545454545454544
0.29954545454545456
0.30954545454545457
0.3259090909090909
0.32954545454545453
0.3609090909090909
0.3154545454545455
0.37000000000000005
0.3104545454545455
0.46318181818181814
0.2868181818181818
0.3395454545454546
0.3268181818181818
0.25727272727272726
0.21818181818181817
0.2413636363636364
0.29363636363636364
0.2636363636363636
0.31772727272727275
0.20636363636363636
0.17045454545454544
0.20181818181818179
0.20954545454545456
0.23090909090909092
0.20227272727272727
0.21363636363636365
0.3718181818181818
0.2640909090909091
0.27954545454545454
0.2959090909090909
0.21545454545454545
0.26272727272727275
0.22636363636363635
0.27545454545454545
