temperature
4.756818181818182
4.237727272727273
4.032272727272727
4.0631818181818184
4.733181818181818
4.567727272727272
4.765454545454546
5.151363636363636
4.742272727272727
4.947272727272727
4.891818181818182
5.413636363636363
5.98590909090909
4.848636363636364
5.466363636363637
4.788181818181818
4.6895454545454545
4.832272727272727
5.468181818181818
5.052727272727273
4.542272727272727
4.388636363636364
4.465454545454545
4.008181818181819
4.319545454545454
4.0204545454545455
4.028636363636364
4.008181818181818
4.401818181818182
4.111818181818181
4.091818181818182
4.068181818181818
3.9104545454545456
4.141363636363637
5.470454545454545
5.275454545454545
5.176818181818182
4.582727272727273
4.0659090909090905
4.056363636363636
4.706363636363636
5.120909090909091
5.656363636363636
4.722272727272728
4.165
4.697272727272727
4.994545454545454
4.7736363636363635
4.795909090909091
4.447727272727272
4.199090909090909
4.559545454545455
4.651363636363636
5.177272727272728
5.64
5.567727272727272
5.657727272727272
5.504090909090909
5.305909090909091
5.250909090909091
4.865909090909091
4.699090909090909
4.705909090909091
4.923636363636363
5.398181818181818
6.482727272727273
6.658181818181817
6.758181818181819
6.4377272727272725
6.245454545454546
6.171818181818182
5.841363636363636
6.151818181818182
7.136818181818182
7.440454545454545
7.5181818181818185
6.915454545454546
6.131818181818182
6.217727272727273
6.379545454545454
6.686818181818182
6.877727272727273
7.095
7.361363636363635
6.918636363636364
6.656363636363636
6.931818181818182
7.594090909090909
8.190454545454545
8.57090909090909
8.613478260869567
8.672608695652174
8.298260869565217
7.9943478260869565
8.04782608695652
8.628695652173914
7.382173913043478
7.3591304347826085
7.728260869565218
8.451739130434783
8.151304347826086
7.759565217391304
7.69
8.27608695652174
8.547391304347826
8.651304347826086
8.994782608695653
8.439565217391305
8.141304347826088
8.72695652173913
9.704782608695652
10.471739130434782
10.952608695652174
10.942608695652174
11.125652173913043
10.460434782608695
10.703478260869565
10.826956521739131
10.591739130434783
10.648695652173913
10.919130434782607
10.67695652173913
10.773478260869565
10.449565217391305
10.795217391304348
11.235652173913044
11.43695652173913
11.337826086956522
11.593913043478262
11.976086956521739
11.916521739130435
11.48521739130435
11.287826086956523
11.290000000000001
11.546521739130435
11.979130434782608
11.915217391304349
11.98304347826087
12.157826086956522
12.435652173913043
12.168695652173913
12.220434782608695
12.82695652173913
13.182608695652174
13.015652173913043
12.992173913043478
12.742173913043478
12.923478260869565
12.948260869565217
13.214782608695652
13.729130434782608
13.852608695652174
14.434782608695652
13.915652173913044
13.451739130434783
14.018695652173914
14.25695652173913
14.745217391304347
14.434347826086958
14.656521739130437
14.493913043478262
14.317391304347826
14.475652173913044
14.583478260869565
14.694782608695652
14.59695652173913
15.118695652173914
15.665652173913044
15.85304347826087
15.881304347826086
15.828260869565218
15.298260869565217
15.13304347826087
15.42608695652174
15.484782608695651
15.54304347826087
15.966956521739132
16.31869565217391
16.273043478260867
16.573478260869564
16.384347826086955
16.50565217391304
16.811304347826088
16.80695652173913
17.06304347826087
16.418260869565216
16.481739130434782
16.437826086956523
16.31086956521739
16.547391304347826
16.507391304347827
16.71391304347826
16.60739130434783
16.46782608695652
17.178695652173914
17.465217391304346
17.54608695652174
16.96695652173913
17.198695652173914
17.807391304347824
17.698695652173914
17.35304347826087
17.15478260869565
17.78217391304348
18.028695652173916
17.695652173913043
17.621739130434783
18.196521739130436
18.284782608695654
18.288260869565217
17.821739130434782
17.74
18.216521739130435
17.928695652173914
17.960869565217394
17.61173913043478
18.079565217391302
18.217391304347824
17.979999999999997
17.699130434782607
17.815652173913044
17.718260869565217
18.080434782608698
17.471304347826088
17.097391304347827
17.063913043478262
17.652608695652173
17.20391304347826
17.15695652173913
17.50086956521739
17.585217391304347
17.516521739130436
17.381304347826084
17.114347826086956
16.903913043478262
16.187391304347827
16.23391304347826
16.343913043478263
15.80608695652174
15.349565217391305
15.481739130434782
15.698260869565217
15.744782608695653
15.510434782608696
15.750869565217391
15.882608695652175
15.704782608695652
15.834347826086956
15.826086956521738
15.554347826086957
15.50913043478261
15.36695652173913
15.338695652173914
15.51304347826087
15.305652173913044
14.209565217391305
14.150434782608695
13.801739130434783
13.86695652173913
13.433478260869563
13.847391304347827
14.27913043478261
14.419565217391304
14.356521739130434
13.960434782608695
13.758260869565218
13.519130434782609
13.12217391304348
13.172608695652173
13.513478260869565
13.69217391304348
13.71391304347826
13.876521739130435
14.02909090909091
13.200454545454544
12.717272727272729
12.083181818181817
11.787272727272727
12.319090909090908
11.574545454545456
12.47909090909091
12.785454545454543
12.649090909090908
12.37590909090909
11.854545454545455
11.696363636363635
11.438636363636364
11.102272727272727
10.87
10.85909090909091
9.958181818181817
10.263636363636364
9.840454545454547
10.78590909090909
10.95409090909091
10.868181818181817
10.961363636363636
10.861818181818181
10.795454545454545
10.825909090909091
10.274545454545454
9.891818181818183
10.226818181818182
10.125
9.473181818181818
9.236818181818181
9.61909090909091
8.863181818181818
8.957272727272727
8.60590909090909
8.514090909090909
8.824545454545454
7.862272727272727
8.077727272727273
8.452727272727273
8.241363636363637
8.135
7.542272727272728
7.263181818181818
6.653636363636363
6.550454545454546
6.6863636363636365
6.552727272727273
6.409090909090909
6.2713636363636365
6.36090909090909
6.051363636363636
6.365909090909091
6.547272727272727
6.727727272727273
6.752727272727273
6.539545454545455
6.522272727272727
6.192727272727273
6.229090909090909
5.85
5.724545454545455
5.700909090909091
5.41
5.142272727272727
5.171818181818182
5.210909090909091
5.076818181818182
4.79
5.1054545454545455
5.296818181818182
5.416363636363636
4.5236363636363635
4.4390909090909085
4.319090909090909
3.897727272727273
4.232272727272727
4.111818181818181
3.2709090909090914
4.27
4.637727272727273
5.252272727272727
5.9772727272727275
4.9763636363636365
4.363181818181818
4.153636363636363
3.701363636363636
3.5509090909090912
4.253636363636364
4.37
