pet
0.3965217391304348
0.31130434782608696
0.4708695652173913
0.36869565217391304
0.2056521739130435
0.41782608695652174
0.2873913043478261
0.21739130434782608
0.19
0.26782608695652177
0.31217391304347825
0.3817391304347826
0.3560869565217391
0.30826086956521737
0.24695652173913044
0.30782608695652175
0.3365217391304348
0.24391304347826087
0.32869565217391306
0.21521739130434783
0.2882608695652174
0.29304347826086957
0.31478260869565217
0.49086956521739133
0.2569565217391304
0.32086956521739135
0.32521739130434785
0.26782608695652177
0.29217391304347823
0.35434782608695653
0.42347826086956525
0.3965217391304348
0.40521739130434786
0.29043478260869565
0.36869565217391304
0.47130434782608693
0.4230434782608696
0.4891304347826087
0.48130434782608694
0.3969565217391305
0.6008695652173913
0.45260869565217393
0.3726086956521739
0.46956521739130436
0.5013043478260869
0.43695652173913047
0.4969565217391304
0.3417391304347826
0.42869565217391303
0.5639130434782609
0.5234782608695652
0.5360869565217391
0.601304347826087
0.6108695652173913
0.5865217391304348
0.4826086956521739
0.7021739130434782
0.6721739130434783
0.6173913043478261
0.7034782608695652
0.7417391304347826
0.8517391304347826
0.7782608695652175
0.7765217391304348
0.7443478260869566
0.7426086956521738
0.8952173913043479
0.8156521739130436
0.7156521739130435
0.7995652173913044
0.9334782608695652
0.85
0.9256521739130434
0.9447826086956522
0.7704347826086956
0.9773913043478261
1.113913043478261
0.9165217391304347
0.9465217391304348
1.1382608695652174
1.1199999999999999
1.1517391304347826
1.1552173913043478
1.2200000000000002
1.123913043478261
1.1508695652173913
1.1830434782608696
1.2782608695652173
1.178695652173913
1.172608695652174
1.190909090909091
1.2545454545454546
1.383181818181818
1.3577272727272727
1.264090909090909
1.414090909090909
1.4627272727272727
1.469090909090909
1.5486363636363636
1.6004545454545456
1.594090909090909
1.6286363636363637
1.6622727272727273
1.9172727272727272
1.7295454545454545
1.799090909090909
1.6477272727272727
1.658181818181818
1.6854545454545453
1.778181818181818
1.7886363636363638
1.9327272727272728
1.825909090909091
1.8795454545454546
1.9113636363636362
1.9931818181818182
1.8172727272727272
2.0036363636363634
1.814090909090909
1.8381818181818181
1.9227272727272726
2.3249999999999997
2.1427272727272726
2.1722727272727274
2.001818181818182
2.1122727272727273
2.2386363636363638
2.3868181818181817
2.2381818181818183
2.338636363636364
2.0949999999999998
2.4254545454545453
2.571818181818182
2.6354545454545457
2.7754545454545454
2.638181818181818
2.6559090909090908
2.5168181818181816
2.6504545454545454
2.5422727272727275
2.476818181818182
2.6263636363636365
2.4272727272727272
2.6077272727272724
2.7590909090909093
2.6809090909090907
2.6577272727272727
2.6986363636363637
2.609090909090909
2.5613636363636365
2.736818181818182
2.647727272727273
2.5663636363636364
2.6445454545454545
2.8486363636363636
2.4145454545454546
2.527727272727273
2.8654545454545453
2.6745454545454543
2.669545454545455
2.6072727272727274
2.6236363636363635
2.645909090909091
3.061818181818182
3.0127272727272727
2.9736363636363636
3.0509090909090912
2.6554545454545457
2.9822727272727274
2.6336363636363633
2.936818181818182
2.8459090909090907
3.0013636363636365
2.787272727272727
2.905
2.6336363636363633
2.8231818181818182
2.739090909090909
2.826363636363636
3.0304545454545457
3.130909090909091
3.1018181818181816
2.9172727272727275
3.290909090909091
2.977272727272727
3.0904545454545453
3.3709090909090906
3.3027272727272727
3.1531818181818183
3.0604545454545455
2.865
3.1872727272727275
2.7186363636363637
2.9795454545454545
3.0113636363636362
2.867272727272727
2.943636363636364
3.0231818181818184
2.786818181818182
2.6999999999999997
2.856818181818182
2.763181818181818
2.6418181818181816
2.6704545454545454
2.52
3.088636363636364
2.700909090909091
2.785
2.772727272727273
3.080454545454545
2.820909090909091
2.795
2.909090909090909
3.064090909090909
2.6931818181818183
2.8613636363636363
2.705
2.7677272727272726
2.4045454545454543
2.627272727272727
2.473181818181818
2.555909090909091
2.5977272727272727
2.5204545454545455
2.432272727272727
2.539090909090909
2.849090909090909
2.916818181818182
2.3813636363636363
2.180454545454545
2.3868181818181817
2.672727272727273
2.485909090909091
2.4663636363636363
2.391363636363636
2.2045454545454546
2.112727272727273
2.3154545454545454
2.370909090909091
2.1645454545454546
2.1095454545454544
2.1131818181818183
1.9340909090909089
2.018181818181818
2.0313636363636363
2.230909090909091
2.1631818181818185
1.9981818181818183
1.973181818181818
1.9231818181818183
1.9931818181818182
1.8990909090909092
1.8877272727272727
1.9
1.8081818181818183
1.7240909090909091
1.5118181818181817
1.5195454545454545
1.533181818181818
1.4377272727272727
1.3672727272727274
1.2750000000000001
1.4868181818181818
1.324090909090909
1.4136363636363638
1.2372727272727273
1.1154545454545455
1.11
1.092272727272727
1.09
1.1004545454545456
1.0040909090909091
0.9550000000000001
1.1717391304347826
1.161304347826087
0.9321739130434783
0.9347826086956522
0.9630434782608696
1.0130434782608695
0.9686956521739131
0.9817391304347826
0.8086956521739131
0.7434782608695653
0.9191304347826087
0.6795652173913044
0.8434782608695651
0.6695652173913044
0.7308695652173914
0.7930434782608695
0.721304347826087
0.7008695652173913
0.7691304347826088
0.707391304347826
0.6782608695652174
0.7078260869565218
0.5617391304347826
0.6804347826086957
0.5269565217391304
0.42695652173913046
0.5599999999999999
0.4943478260869565
0.5339130434782609
0.4439130434782608
0.3934782608695652
0.36086956521739133
0.3473913043478261
0.46695652173913044
0.43434782608695655
0.44086956521739135
0.4469565217391304
0.4091304347826087
0.29217391304347823
0.571304347826087
0.41
0.3378260869565217
0.40521739130434786
0.4891304347826087
0.3521739130434782
0.41173913043478255
0.21826086956521742
0.3930434782608696
0.2608695652173913
0.39652173913043476
0.3126086956521739
0.2717391304347826
0.38565217391304346
0.23869565217391306
0.4826086956521739
0.45478260869565224
0.2960869565217391
0.23391304347826086
0.21217391304347827
0.22478260869565217
0.15478260869565216
0.22130434782608696
0.2821739130434783
0.2734782608695652
0.22260869565217392
0.21043478260869564
0.26652173913043475
0.3160869565217391
0.1782608695652174
0.2126086956521739
0.22130434782608696
0.1943478260869565
0.35043478260869565
0.25130434782608696
0.24130434782608695
0.18478260869565216
0.22869565217391302
0.35043478260869565
0.3021739130434783
0.2652173913043478
0.33391304347826084
0.3382608695652174
0.15913043478260872
0.3243478260869565
0.22652173913043477
0.2217391304347826
0.19999999999999998
0.31826086956521743
0.28521739130434787
0.2782608695652174
0.2039130434782609
0.2217391304347826
