temperature
1.624705882352941
1.5841176470588234
0.6205882352941177
0.4441176470588235
0.96
0.8752941176470588
0.6288235294117647
0.578235294117647
1.3547058823529412
1.2658823529411765
1.1023529411764705
1.1329411764705883
0.9747058823529412
1.5547058823529412
1.6264705882352941
1.32
1.1517647058823528
1.0005882352941178
1.1870588235294117
0.9988235294117648
1.2982352941176472
1.2376470588235293
0.67
0.5552941176470588
-0.6158823529411765
-0.5270588235294118
-0.32000000000000006
0.01470588235294115
0.3376470588235294
0.7705882352941176
0.37764705882352934
0.7252941176470589
1.2011764705882353
1.7811764705882354
1.8947058823529412
2.04
2.1976470588235295
0.3517647058823529
0.46529411764705886
0.71
0.42058823529411765
0.5441176470588236
0.85
0.558235294117647
1.0152941176470587
0.9400000000000002
0.44999999999999996
0.6247058823529411
1.1011764705882352
1.1329411764705881
1.043529411764706
0.7958823529411765
1.5417647058823527
1.6541176470588235
1.244705882352941
1.158235294117647
0.6476470588235294
1.0470588235294118
0.9194117647058823
0.9164705882352941
0.728235294117647
0.8823529411764706
1.6135294117647059
2.08
2.7076470588235293
2.9770588235294118
2.368235294117647
2.6176470588235294
2.921764705882353
2.617058823529412
3.1476470588235292
3.2682352941176473
2.854117647058824
2.528235294117647
2.7588235294117647
2.8041176470588236
2.3476470588235294
2.203529411764706
2.3094117647058825
2.071764705882353
2.2876470588235294
2.4905882352941178
2.3358823529411765
2.466470588235294
2.498235294117647
2.476470588235294
2.5841176470588234
2.898823529411765
3.7623529411764705
3.9458823529411764
3.884705882352941
3.158823529411765
2.1394117647058826
2.4147058823529415
3.2476470588235293
3.546470588235294
3.844117647058823
3.433529411764706
3.813529411764706
3.9970588235294118
3.985294117647059
3.642352941176471
3.0229411764705882
3.043529411764706
3.679411764705882
3.741764705882353
3.9317647058823533
3.655294117647059
3.695294117647059
4.107058823529411
4.670588235294118
4.592941176470588
5.038235294117647
5.215294117647058
5.128823529411765
5.140588235294118
5.79764705882353
5.680588235294117
5.781176470588235
6.54235294117647
6.511764705882353
6.4794117647058815
6.3088235294117645
6.55
6.027647058823529
5.837647058823529
6.4805882352941175
6.210588235294118
5.661176470588235
5.885882352941176
6.231764705882353
6.220588235294118
6.564705882352941
6.764117647058823
7.294117647058823
6.807058823529411
6.738235294117647
6.80125
6.638125
6.91875
7.430625
7.320625
8.08
8.391875
8.258125
7.983125
7.673125
7.476875
8.138125
8.590625
8.698125000000001
8.583125
8.071875
8.215
8.07
7.83
8.3225
8.83375
8.9
9.47
9.2325
9.14125
8.910625
9.031875
9.168125
9.23
9.355625
10.069375
9.8425
10.285625
10.688125
10.155
10.023125
9.485
10.01625
10.2775
10.57125
10.9625
10.994375
10.72125
10.621875
10.28
10.178125
10.561875
11.53
11.22125
11.434375
11.7925
11.570625
11.113125
11.235
12.018125
11.553749999999999
11.3
11.675
11.52375
11.20375
10.98
11.46875
11.956875
12.766875
12.239375
11.89375
12.105
12.01125
12.455
12.25875
12.153125
11.9025
12.191875
11.6875
11.771875
11.673125
11.840625
11.485624999999999
11.135625
11.210625
11.413125
11.55875
11.635
11.840625
11.72625
11.500625
11.504375
11.26
11.45125
11.503125
11.63625
11.365625
11.151875
12.2275
12.488125
11.965625
11.25125
10.740625
10.819375
10.57375
10.53125
10.400625
10.645624999999999
10.74625
10.616875
10.522499999999999
10.680625
9.93625
10.52
9.9375
9.63625
9.011875
9.145625
9.415625
9.508125
9.02875
8.909375
8.455625
8.16375
8.3925
8.22125
8.370625
8.62375
8.602500000000001
8.703125
9.138125
9.235
8.719375
8.600624999999999
8.211875000000001
7.559375
7.376875
7.56625
7.96375
8.750625
8.318125
8.35125
7.98125
7.5975
7.91625
7.704375000000001
7.65
7.250625
7.08
7.49375
6.886875
6.349375
6.60625
6.460625
7.275625
6.63
6.396875
6.0443750000000005
5.914375
5.35
5.321875
5.811875
5.374375
5.3525
5.19125
5.28125
5.34375
4.79125
4.565625
4.028125
4.1381250000000005
4.452500000000001
4.456875
4.054375
4.11625
3.9675000000000002
3.93375
3.69875
4.54875
3.98875
3.886875
3.6525
3.575625
3.785
3.513125
3.52
3.39625
3.595625
2.77625
2.91875
2.385
1.9406249999999998
2.0012499999999998
1.46
1.99625
2.82875
2.561875
2.469375
2.2106250000000003
2.490625
1.9275
2.090625
2.61875
3.251875
3.34375
1.7375
1.674375
1.4100000000000001
0.878125
1.3424999999999998
1.71875
1.8650000000000002
1.995
1.9224999999999999
1.565625
1.2081250000000001
1.696875
2.30375
2.588125
1.805625
1.650625
0.4874999999999999
0.96375
1.07375
1.365625
2.04
1.5175
0.563125
-0.31375
0.1318749999999999
0.011250000000000121
0.6368750000000001
0.9774999999999999
