pet
0.504090909090909
0.4890909090909091
0.43681818181818177
0.39499999999999996
0.39227272727272733
0.3854545454545455
0.48772727272727273
0.4090909090909091
0.3622727272727273
0.41318181818181815
0.47181818181818175
0.405
0.39272727272727276
0.5059090909090909
0.49
0.4190909090909091
0.3868181818181818
0.3663636363636364
0.3463636363636364
0.42772727272727273
0.35954545454545456
0.37000000000000005
0.3868181818181818
0.415
0.42590909090909096
0.5590909090909091
0.43454545454545457
0.6509090909090909
0.485
0.4977272727272727
0.5459090909090909
0.5009090909090909
0.5027272727272728
0.42227272727272724
0.5622727272727274
0.5818181818181819
0.6204545454545455
0.6154545454545454
0.605909090909091
0.6268181818181818
0.5881818181818181
0.5081818181818182
0.6563636363636364
0.6781818181818182
0.6527272727272727
0.6722727272727272
0.6913636363636364
0.6436363636363637
0.7436363636363637
0.7372727272727272
0.7245454545454545
0.8663636363636363
0.755
0.6690909090909091
0.6640909090909091
0.7213636363636364
0.8254545454545454
0.7813636363636364
0.8536363636363636
0.9122727272727272
0.9022727272727273
0.8227272727272728
0.8881818181818182
0.9654545454545453
0.9477272727272728
0.8568181818181819
0.9759090909090908
0.9850000000000001
1.01
0.9900000000000001
0.9318181818181818
1.0536363636363637
0.9636363636363636
0.91
0.9536363636363636
1.079090909090909
1.1095454545454546
1.2736363636363637
1.2227272727272727
1.065
1.200909090909091
1.2340909090909091
1.1518181818181819
1.2477272727272728
1.3218181818181818
1.3104545454545453
1.2386363636363635
1.3222727272727273
1.4254545454545455
1.4736363636363636
1.4717391304347827
1.5265217391304347
1.251304347826087
1.5382608695652176
1.4804347826086954
1.6782608695652175
1.7643478260869565
1.752608695652174
1.7178260869565216
1.8465217391304347
1.8630434782608696
1.6943478260869564
1.6160869565217393
1.6517391304347826
1.7434782608695654
1.9608695652173913
1.827391304347826
2.382608695652174
1.930869565217391
1.8304347826086957
1.9843478260869565
1.6465217391304348
1.9217391304347828
1.68
1.6852173913043478
1.8026086956521739
1.9913043478260868
2.2295652173913045
2.0717391304347825
2.0317391304347825
2.141304347826087
2.4547826086956523
2.4495652173913043
2.327391304347826
2.132608695652174
2.1317391304347826
2.4017391304347826
2.219130434782609
2.2595652173913043
1.9565217391304348
2.281304347826087
2.4478260869565216
2.2343478260869567
2.367826086956522
2.3443478260869566
2.215217391304348
2.1930434782608694
2.3269565217391306
2.2886956521739132
2.3134782608695654
2.2717391304347827
2.4517391304347824
2.5069565217391303
2.387391304347826
2.3317391304347828
2.318695652173913
2.2708695652173914
2.4595652173913045
2.357391304347826
2.747826086956522
2.862608695652174
2.5234782608695654
2.3195652173913044
2.6539130434782607
2.7404347826086957
2.5234782608695654
2.5043478260869567
2.725217391304348
3.007391304347826
3.004782608695652
2.4495652173913043
2.5413043478260873
2.3491304347826087
2.575217391304348
2.663913043478261
2.856521739130435
2.9126086956521737
2.693478260869565
2.723913043478261
2.7304347826086954
2.7908695652173914
2.6791304347826084
2.8278260869565215
3.0256521739130435
2.9065217391304343
2.9017391304347826
2.696521739130435
2.847826086956522
2.7047826086956523
2.7756521739130435
2.8052173913043474
2.6052173913043477
2.528695652173913
2.5565217391304347
2.393478260869565
2.356086956521739
2.504782608695652
2.67
2.612608695652174
2.829130434782609
2.490869565217391
2.938695652173913
2.607391304347826
2.5891304347826085
2.7430434782608693
2.4039130434782607
2.502608695652174
2.824782608695652
2.6139130434782607
2.7543478260869567
2.6221739130434782
2.893913043478261
2.7730434782608695
2.718695652173913
2.7308695652173913
2.992173913043478
2.3569565217391304
2.4856521739130435
2.493478260869565
2.4186956521739127
2.472608695652174
2.1339130434782607
2.1856521739130437
2.579565217391304
2.4521739130434783
2.168695652173913
2.514782608695652
2.1143478260869566
2.5843478260869563
2.765217391304348
2.3182608695652176
2.333913043478261
2.373913043478261
2.345652173913044
2.0847826086956522
2.0852173913043477
2.283478260869565
2.4165217391304346
2.1208695652173915
2.0843478260869563
2.134782608695652
2.068695652173913
1.9456521739130435
2.095217391304348
1.9200000000000002
1.9630434782608694
1.8895652173913045
1.9543478260869567
2.238695652173913
2.128695652173913
1.8508695652173912
1.7747826086956522
2.007391304347826
2.0743478260869566
1.7839130434782609
1.79
1.8395652173913044
1.623913043478261
1.77
1.79
1.6121739130434782
1.7752173913043479
1.7826086956521738
1.5830434782608693
1.6956521739130435
1.7213043478260872
1.71
1.6304347826086956
1.808695652173913
1.7082608695652173
1.4726086956521738
1.4191304347826088
1.4178260869565218
1.4717391304347827
1.4156521739130437
1.4208695652173913
1.4069565217391304
1.3434782608695652
1.08
1.132608695652174
1.142608695652174
1.1634782608695653
1.0069565217391305
1.0704545454545455
1.1077272727272727
1.1236363636363635
1.164090909090909
1.1490909090909092
1.0895454545454546
1.0695454545454546
0.9936363636363637
0.8527272727272728
0.9481818181818181
0.8527272727272728
0.905
0.8231818181818181
0.875
0.8136363636363636
0.815
0.9904545454545454
0.9845454545454545
0.9781818181818182
0.8409090909090909
0.8713636363636362
0.7563636363636363
0.8409090909090909
0.6618181818181819
0.8363636363636363
0.8259090909090908
0.7636363636363637
0.6772727272727272
0.7059090909090909
0.5750000000000001
0.6636363636363636
0.63
0.6709090909090909
0.6259090909090909
0.58
0.6140909090909091
0.6168181818181818
0.63
0.5868181818181818
0.5704545454545454
0.5268181818181819
0.504090909090909
0.5404545454545455
0.49
0.6022727272727273
0.38409090909090904
0.4168181818181818
0.4763636363636364
0.5095454545454545
0.4881818181818182
0.44045454545454543
0.42772727272727273
0.3763636363636364
0.41318181818181815
0.38272727272727275
0.3986363636363636
0.45545454545454545
0.3986363636363636
0.48772727272727273
0.3931818181818182
0.4145454545454545
0.3936363636363636
0.4959090909090909
0.5245454545454545
0.47045454545454546
0.5554545454545455
0.4231818181818182
0.6340909090909091
0.42045454545454547
0.4559090909090909
0.4377272727272727
0.41409090909090907
0.3336363636363636
0.3972727272727273
0.5027272727272728
0.4059090909090909
0.45
0.3059090909090909
0.3422727272727273
0.27454545454545454
0.31136363636363634
0.26954545454545453
0.26
0.3290909090909091
0.4622727272727273
0.3431818181818182
0.4572727272727273
0.52
0.33954545454545454
0.42818181818181816
0.29409090909090907
0.41318181818181815
