pet
0.3682608695652174
0.31173913043478263
0.4265217391304348
0.3356521739130435
0.16869565217391305
0.35130434782608694
0.31086956521739134
0.2482608695652174
0.21782608695652173
0.31217391304347825
0.3582608695652174
0.38130434782608696
0.32913043478260867
0.34782608695652173
0.19782608695652174
0.2634782608695652
0.348695652173913
0.28347826086956524
0.3539130434782609
0.21739130434782608
0.3382608695652174
0.3491304347826087
0.31869565217391305
0.46
0.29304347826086957
0.3673913043478261
0.33
0.2991304347826087
0.29869565217391303
0.3456521739130435
0.43217391304347824
0.3873913043478261
0.3873913043478261
0.27391304347826084
0.3669565217391304
0.45826086956521744
0.4121739130434783
0.5599999999999999
0.47695652173913045
0.4008695652173913
0.5217391304347826
0.43434782608695655
0.3734782608695652
0.5339130434782609
0.5130434782608696
0.45086956521739124
0.48869565217391303
0.35434782608695653
0.41478260869565214
0.53
0.4752173913043478
0.4982608695652174
0.5982608695652174
0.5969565217391305
0.5721739130434783
0.53
0.6317391304347826
0.6065217391304347
0.6530434782608695
0.7026086956521739
0.7286956521739131
0.8578260869565217
0.7765217391304348
0.7573913043478262
0.7752173913043477
0.7286956521739131
0.83
0.84
0.6843478260869565
0.7643478260869566
0.9413043478260869
0.8160869565217391
0.8821739130434783
0.9217391304347826
0.8382608695652174
0.9795652173913044
1.0308695652173914
0.9521739130434782
0.9769565217391304
1.0847826086956522
1.1808695652173913
1.1969565217391305
1.1595652173913045
1.2865217391304349
1.1652173913043478
1.2247826086956521
1.2426086956521738
1.2808695652173914
1.2286956521739132
1.162608695652174
1.1577272727272727
1.1968181818181818
1.3231818181818182
1.3672727272727272
1.3468181818181817
1.4177272727272727
1.4218181818181819
1.3472727272727274
1.5563636363636364
1.512272727272727
1.533181818181818
1.5995454545454544
1.654090909090909
1.9536363636363634
1.8118181818181818
1.8177272727272729
1.7131818181818181
1.6468181818181817
1.7486363636363635
1.8436363636363637
1.7663636363636364
1.9009090909090909
1.8890909090909092
1.9490909090909092
1.968181818181818
1.973181818181818
2.0436363636363635
1.992727272727273
1.835
1.8377272727272727
2.006818181818182
2.2354545454545454
2.1895454545454545
2.2722727272727274
2.153636363636364
2.2177272727272728
2.2372727272727273
2.2945454545454544
2.2322727272727274
2.203181818181818
2.2190909090909092
2.303181818181818
2.5
2.7068181818181816
2.6863636363636365
2.705
2.605
2.494090909090909
2.682727272727273
2.5977272727272727
2.4404545454545454
2.669090909090909
2.3918181818181816
2.647727272727273
2.6313636363636363
2.6395454545454546
2.700454545454545
2.721363636363636
2.565
2.553181818181818
2.725909090909091
2.725909090909091
2.5654545454545454
2.6999999999999997
2.849090909090909
2.4563636363636365
2.525
2.744090909090909
2.7181818181818183
2.6204545454545456
2.6504545454545454
2.52
2.6727272727272724
2.8590909090909093
2.8831818181818183
2.9540909090909087
2.858636363636364
2.6095454545454544
2.7027272727272726
2.743181818181818
3.0845454545454545
2.8695454545454546
3.037272727272727
2.7363636363636363
2.7418181818181817
2.617272727272727
2.847272727272727
2.7531818181818184
2.7404545454545453
2.99
2.9663636363636368
2.9495454545454547
2.8945454545454545
3.4031818181818183
3.027727272727273
3.021818181818182
3.3845454545454543
3.205454545454545
2.912272727272727
2.919545454545455
2.705454545454545
3.0068181818181823
2.8068181818181817
2.8918181818181816
2.755909090909091
2.819090909090909
2.875909090909091
2.9013636363636364
2.828181818181818
2.6818181818181817
2.7677272727272726
2.729090909090909
2.609090909090909
2.653181818181818
2.5604545454545455
3.005909090909091
2.7418181818181817
2.7836363636363637
2.695
2.9686363636363637
2.662272727272727
2.534090909090909
2.8004545454545453
2.8022727272727272
2.635
2.6754545454545453
2.5413636363636365
2.518181818181818
2.264090909090909
2.3972727272727274
2.3718181818181816
2.4686363636363637
2.4
2.428181818181818
2.3868181818181817
2.275
2.5895454545454544
2.710909090909091
2.4172727272727275
2.0890909090909093
2.2327272727272724
2.516363636363636
2.303181818181818
2.2927272727272725
2.1563636363636363
2.1645454545454546
2.041818181818182
2.2177272727272728
2.247727272727273
2.053181818181818
1.9727272727272727
2.0477272727272724
1.8781818181818182
1.8386363636363638
1.9759090909090908
1.9622727272727274
1.995909090909091
1.960909090909091
1.9413636363636364
1.7877272727272726
1.8413636363636363
1.8340909090909092
1.7822727272727272
1.6940909090909093
1.7031818181818181
1.6449999999999998
1.5295454545454545
1.4213636363636364
1.4759090909090908
1.3722727272727273
1.3172727272727274
1.3872727272727272
1.4554545454545456
1.2586363636363638
1.3499999999999999
1.1945454545454546
1.2459090909090909
1.0895454545454546
1.0340909090909092
1.0568181818181819
1.0340909090909092
1.0395454545454546
0.9777272727272728
1.128695652173913
1.065217391304348
0.9691304347826086
0.9295652173913043
0.9265217391304347
0.9834782608695652
0.9847826086956522
0.957391304347826
0.7765217391304348
0.7639130434782608
0.8939130434782608
0.7269565217391304
0.7208695652173912
0.6921739130434783
0.6082608695652174
0.6547826086956522
0.7582608695652174
0.6930434782608695
0.7130434782608696
0.6447826086956522
0.6356521739130434
0.6760869565217391
0.5943478260869565
0.6347826086956522
0.5608695652173913
0.42782608695652175
0.5021739130434782
0.4869565217391304
0.552608695652174
0.43260869565217386
0.43086956521739134
0.3939130434782609
0.3447826086956522
0.4682608695652174
0.4721739130434782
0.45869565217391306
0.43304347826086953
0.35130434782608694
0.34521739130434786
0.5604347826086957
0.4469565217391304
0.3804347826086957
0.43260869565217386
0.5243478260869565
0.3565217391304348
0.44434782608695655
0.25173913043478263
0.4165217391304348
0.30130434782608695
0.40304347826086956
0.3008695652173913
0.2639130434782609
0.44304347826086954
0.22695652173913042
0.45260869565217393
0.42173913043478256
0.28608695652173916
0.2591304347826087
0.22869565217391302
0.2734782608695652
0.15043478260869564
0.1973913043478261
0.2513043478260869
0.2760869565217391
0.24130434782608695
0.1834782608695652
0.26913043478260873
0.31434782608695655
0.18434782608695652
0.2234782608695652
0.2343478260869565
0.26304347826086955
0.3378260869565217
0.2604347826086957
0.23043478260869565
0.22695652173913042
0.23565217391304347
0.32608695652173914
0.3130434782608696
0.25
0.3021739130434783
0.23478260869565215
0.18304347826086956
0.29695652173913045
0.20956521739130435
0.24478260869565216
0.20434782608695654
0.2834782608695652
0.24173913043478262
0.2591304347826087
0.31521739130434784
0.21608695652173912
