pet
0.195
0.2459090909090909
0.28045454545454546
0.26136363636363635
0.20681818181818182
0.20045454545454547
0.3268181818181818
0.2672727272727273
0.29
0.3054545454545455
0.32545454545454544
0.3281818181818182
0.3009090909090909
0.30454545454545456
0.2918181818181818
0.2322727272727273
0.27954545454545454
0.2409090909090909
0.31363636363636366
0.30863636363636365
0.28045454545454546
0.27772727272727277
0.2609090909090909
0.3259090909090909
0.33045454545454545
0.3668181818181818
0.3522727272727273
0.40954545454545455
0.34454545454545454
0.3577272727272727
0.38636363636363635
0.41409090909090907
0.41363636363636364
0.4072727272727273
0.455
0.43000000000000005
0.4881818181818182
0.5013636363636363
0.4981818181818182
0.4854545454545454
0.45454545454545453
0.4354545454545455
0.5027272727272728
0.5068181818181818
0.47954545454545455
0.5509090909090909
0.5559090909090909
0.4440909090909091
0.5186363636363637
0.5818181818181819
0.6368181818181818
0.6277272727272728
0.6804545454545455
0.644090909090909
0.5568181818181818
0.6618181818181819
0.7081818181818181
0.7350000000000001
0.6881818181818182
0.7236363636363636
0.8286363636363636
0.7068181818181819
0.7795454545454544
0.7827272727272727
0.8563636363636363
0.8631818181818182
0.8627272727272728
0.8854545454545455
1.0186363636363636
0.9568181818181819
0.9845454545454545
0.9809090909090908
0.995
0.9636363636363636
0.9345454545454545
1.0154545454545454
1.0436363636363637
1.1090909090909091
1.009090909090909
1.1231818181818183
1.1018181818181818
1.1195454545454544
1.0836363636363637
1.0586363636363636
1.2077272727272728
1.1890909090909092
1.2427272727272727
1.2868181818181819
1.2354545454545454
1.423181818181818
1.4017391304347826
1.4604347826086954
1.3343478260869563
1.3630434782608696
1.4573913043478262
1.6978260869565216
1.4991304347826089
1.5956521739130436
1.4782608695652173
1.6560869565217393
1.565217391304348
1.4952173913043478
1.5260869565217392
1.6360869565217393
1.6391304347826088
1.8065217391304347
1.7600000000000002
1.7834782608695654
1.585217391304348
1.7621739130434784
1.8626086956521741
1.874782608695652
1.9343478260869567
1.8873913043478263
1.8630434782608696
1.8465217391304347
1.9886956521739132
1.9656521739130435
2.0891304347826085
2.011304347826087
2.2
2.2047826086956523
2.3330434782608696
2.2995652173913044
2.1143478260869566
2.219130434782609
2.3191304347826085
2.2030434782608697
2.3330434782608696
2.097391304347826
2.298695652173913
2.4008695652173913
2.2204347826086956
2.1978260869565216
2.2960869565217394
2.1943478260869567
2.158695652173913
2.404782608695652
2.445217391304348
2.1208695652173915
2.2843478260869565
2.342608695652174
2.65695652173913
2.6221739130434782
2.6447826086956523
2.457826086956522
2.2482608695652173
2.496521739130435
2.542173913043478
2.7043478260869565
2.928695652173913
2.778260869565217
2.563913043478261
2.6008695652173914
2.409130434782609
2.6956521739130435
2.4278260869565216
2.7969565217391303
2.789130434782609
2.8765217391304345
2.6982608695652175
2.6934782608695653
2.5056521739130435
2.4921739130434784
2.4630434782608694
2.65
2.747391304347826
2.733913043478261
2.8365217391304345
2.742608695652174
3.0813043478260873
2.8391304347826085
2.7730434782608695
2.863913043478261
2.7956521739130435
2.702608695652174
2.9086956521739133
2.7569565217391307
2.9421739130434785
3.0043478260869563
2.7291304347826086
2.7421739130434784
2.65695652173913
2.686086956521739
2.6817391304347824
2.736086956521739
2.6182608695652174
2.6904347826086954
2.6021739130434782
2.8578260869565217
2.816521739130435
2.9460869565217394
2.8382608695652176
2.748695652173913
2.9669565217391303
2.8343478260869563
2.994782608695652
2.696086956521739
2.8778260869565218
2.832173913043478
2.71
2.623913043478261
2.7395652173913043
2.785217391304348
2.864782608695652
2.8030434782608693
2.611304347826087
2.7286956521739127
2.7204347826086956
2.59695652173913
2.756521739130435
2.5156521739130433
2.341304347826087
2.7069565217391305
2.706086956521739
2.337391304347826
2.6365217391304347
2.503478260869565
2.405217391304348
2.5095652173913043
2.5843478260869563
2.241739130434783
2.393478260869565
2.2130434782608694
2.150434782608696
2.13695652173913
2.4321739130434783
2.4156521739130437
2.3530434782608696
2.15
2.2969565217391303
2.197391304347826
2.1843478260869564
2.2908695652173914
2.0121739130434784
1.8852173913043477
1.8856521739130434
1.8756521739130434
2.097391304347826
2.006521739130435
1.9891304347826086
1.7952173913043479
1.7830434782608695
1.9195652173913043
1.8169565217391304
1.6530434782608694
1.8930434782608696
1.69
1.6300000000000001
1.7839130434782609
1.6486956521739131
1.684782608695652
1.6947826086956523
1.5769565217391304
1.5813043478260869
1.5660869565217392
1.518695652173913
1.372608695652174
1.4673913043478262
1.4065217391304348
1.2995652173913044
1.2656521739130435
1.2917391304347827
1.4026086956521737
1.297391304347826
1.2221739130434783
1.1965217391304348
1.0543478260869565
1.0830434782608696
1.0408695652173914
1.1008695652173912
1.0569565217391304
1.0404347826086957
1.0736363636363637
0.9986363636363635
1.020909090909091
1.0863636363636362
1.0054545454545456
0.9386363636363636
0.895909090909091
0.8204545454545454
0.855
0.93
0.829090909090909
0.7281818181818182
0.6281818181818182
0.6072727272727273
0.5968181818181818
0.5918181818181818
0.7336363636363636
0.7350000000000001
0.6663636363636364
0.6177272727272727
0.6013636363636364
0.6131818181818182
0.5877272727272728
0.6004545454545455
0.6654545454545455
0.6668181818181819
0.6454545454545454
0.5986363636363636
0.4940909090909091
0.5363636363636364
0.5468181818181818
0.4854545454545454
0.45363636363636367
0.4454545454545455
0.38045454545454543
0.3809090909090909
0.3890909090909091
0.36727272727272725
0.3422727272727273
0.3568181818181818
0.2818181818181818
0.33999999999999997
0.3322727272727273
0.3554545454545454
0.3527272727272727
0.24000000000000002
0.2427272727272727
0.25636363636363635
0.28454545454545455
0.22000000000000003
0.24227272727272728
0.21454545454545454
0.1831818181818182
0.26
0.23772727272727276
0.22454545454545458
0.23318181818181818
0.22590909090909095
0.23045454545454547
0.2281818181818182
0.245
0.2440909090909091
0.22454545454545458
0.27636363636363637
0.24227272727272728
0.30136363636363633
0.2736363636363637
0.3259090909090909
0.22318181818181818
0.25045454545454543
0.24454545454545454
0.19318181818181818
0.1640909090909091
0.19727272727272727
0.2681818181818182
0.21954545454545454
0.2409090909090909
0.19363636363636363
0.12045454545454545
0.12727272727272726
0.145
0.19318181818181818
0.17227272727272727
0.18045454545454545
0.3095454545454545
0.23863636363636365
0.22863636363636364
0.21454545454545454
0.20272727272727273
0.17181818181818181
0.18227272727272725
0.19090909090909092
