temperature
2.43875
1.8125
1.8050000000000002
1.52
2.285
1.999375
2.535
2.063125
1.9674999999999998
2.49
2.4225
2.91375
2.515625
2.010625
2.834375
2.13875
1.949375
2.303125
2.26375
2.005
1.795
1.803125
1.98375
2.059375
2.455625
2.520625
2.78625
2.159375
1.866875
1.521875
2.03875
2.11875
1.931875
1.98125
2.2125
2.164375
1.938125
1.855625
1.625
1.8025
1.69625
2.4375
2.261875
2.026875
2.07875
2.50875
2.165
2.153125
1.409375
1.2631249999999998
1.483125
2.0412500000000002
2.16125
2.71125
2.30875
2.70125
2.53375
2.365625
1.985625
1.38125
1.10625
1.61125
1.900625
2.160625
2.86625
3.9075
3.7199999999999998
3.486875
3.324375
2.846875
2.49875
2.265625
3.2887500000000003
3.560625
3.59125
4.325625
3.3825
3.033125
3.429375
3.72125
3.7475
3.56625
3.6199999999999997
4.0175
3.91
3.98125
3.903125
3.635
4.273125
4.775
4.651875
4.98
4.938125
4.304375
4.5075
4.4925
3.929375
4.1525
5.21375
5.414375
4.89
4.663125
4.929375
5.974375
5.7837499999999995
5.261875
5.44
4.874375
5.056875
5.469375
6.451875
6.818125
6.998125
6.970625
6.7125
6.100625
6.043125
6.2787500000000005
6.444375
6.328125
6.6125
6.675
6.760625
7.221875
7.534375
7.264375
7.670625
7.945625
7.8125
8.079375
7.900625
7.68375
7.696875
7.68375
7.85125
8.09375
8.23375
7.539375
7.926875
8.47125
8.305625
8.614375
8.5025
8.684375
8.61125
8.744375
8.615625
8.81125
8.97
9.303125
9.494375
10.15875
10.52875
10.391875
9.870625
9.62625
9.96375
10.125625
10.285
10.6325
10.585
10.4
9.8425
10.021875
10.064375
10.303749999999999
10.6925
11.329375
11.118125
10.920625
10.65625
10.584375
10.885625
11.07875
10.73625
11.135
11.72625
11.054375
11.340625
11.7725
11.959375
12.331875
12.419375
12.21125
12.411875
12.146875
11.75625
11.951875
11.6
11.654375
11.928125
11.84
11.69375
11.473125
11.7875
12.238125
12.340625
12.646875
12.723749999999999
12.581875
12.146875
12.033125
12.436875
12.8625
12.783125
12.90125
12.840625
12.575
12.3475
12.6125
12.343125
12.166875
12.66875
12.633125
12.71125
12.8375
12.95625
12.5975
12.161875
11.971875
12.5225
12.19625
12.163125
12.285
12.50625
12.64375
12.225624999999999
11.872352941176471
12.048235294117646
11.724117647058824
11.799411764705882
11.824705882352943
11.808823529411764
11.52
11.76705882352941
11.56529411764706
11.35
11.643529411764705
11.205294117647059
11.308823529411764
11.274117647058823
11.215882352941176
11.38
10.964117647058824
11.58764705882353
11.65
11.748823529411764
11.797058823529412
11.113529411764706
10.739999999999998
10.73235294117647
10.58705882352941
11.433529411764706
11.504117647058823
11.28
11.129411764705882
10.17235294117647
9.868823529411765
9.698823529411765
9.57
9.884705882352941
10.071176470588236
10.217647058823529
10.569411764705883
10.23470588235294
9.664705882352942
9.391176470588235
9.585882352941177
9.215882352941177
9.716470588235294
10.370588235294118
10.094705882352942
10.132941176470588
9.751875
9.155
9.185
8.1175
8.3675
8.09375
8.193125
8.828125
8.48875
8.043125
8.03375
7.724375
7.87
8.3375
7.96875
7.14
7.045
7.06875
6.9556249999999995
6.39875
6.84
7.136875
6.831875
6.959375
7.504375
7.6375
7.614375
7.27
6.7456249999999995
7.2325
6.97625
6.1625
6.0337499999999995
5.952500000000001
5.761875
5.60875
5.259375
5.7225
5.3175
4.3675
5.434375
5.793125
5.480625
5.169375
5.344375
5.215625
4.6049999999999995
4.33625
4.259375
4.179375
4.415625
3.959375
3.334375
3.665
4.488125
3.581875
4.120625
4.440625
3.9074999999999998
3.5993749999999998
3.46
2.64125
2.76
2.736875
2.8918749999999998
3.139375
3.0212499999999998
2.543125
2.50125
3.590625
3.55375
2.674375
1.76375
2.3825
2.55
2.364375
2.0056249999999998
1.435625
0.634375
0.40562499999999996
0.49812499999999993
2.1675
2.440625
3.36625
2.9099999999999997
1.820625
1.553125
1.371875
0.6568749999999999
0.701875
1.413125
2.06625
