pet
0.40391304347826085
0.31913043478260866
0.47000000000000003
0.37173913043478257
0.20521739130434782
0.41608695652173916
0.29869565217391303
0.22391304347826088
0.1991304347826087
0.2726086956521739
0.31913043478260866
0.388695652173913
0.36000000000000004
0.3160869565217391
0.23173913043478261
0.31086956521739134
0.35000000000000003
0.2482608695652174
0.3417391304347826
0.22260869565217392
0.30043478260869566
0.3091304347826087
0.32173913043478264
0.4895652173913043
0.2591304347826087
0.3365217391304348
0.3208695652173913
0.2639130434782609
0.2960869565217391
0.3565217391304348
0.42782608695652175
0.39652173913043476
0.4121739130434783
0.2982608695652174
0.3708695652173913
0.46956521739130436
0.41956521739130437
0.5008695652173912
0.48217391304347823
0.4004347826086957
0.5960869565217392
0.45826086956521744
0.3678260869565217
0.47347826086956524
0.5013043478260869
0.43217391304347824
0.491304347826087
0.34043478260869564
0.42043478260869566
0.5630434782608695
0.5221739130434783
0.5260869565217391
0.61
0.6139130434782608
0.5834782608695652
0.5043478260869565
0.706086956521739
0.6508695652173914
0.6226086956521739
0.7008695652173913
0.7439130434782608
0.8565217391304347
0.7856521739130435
0.7852173913043478
0.7547826086956522
0.741304347826087
0.9013043478260869
0.8265217391304347
0.7126086956521739
0.8004347826086956
0.947391304347826
0.8513043478260869
0.9217391304347826
0.9495652173913044
0.7791304347826088
0.9747826086956523
1.1156521739130434
0.9365217391304348
0.9591304347826086
1.14
1.1252173913043477
1.1778260869565218
1.1504347826086956
1.2295652173913043
1.1278260869565218
1.1591304347826088
1.182173913043478
1.2834782608695652
1.171304347826087
1.172608695652174
1.1972727272727273
1.2577272727272728
1.3595454545454546
1.3445454545454547
1.2722727272727272
1.3954545454545455
1.435
1.4413636363636364
1.5531818181818182
1.5904545454545456
1.593181818181818
1.6195454545454546
1.6681818181818182
1.9163636363636363
1.7195454545454545
1.7954545454545454
1.637272727272727
1.6495454545454544
1.6881818181818182
1.7868181818181819
1.7777272727272726
1.9145454545454543
1.8009090909090908
1.8545454545454545
1.915
1.9827272727272727
1.8363636363636362
2.001818181818182
1.8113636363636365
1.8177272727272729
1.9154545454545455
2.299090909090909
2.1236363636363635
2.183181818181818
2.0004545454545455
2.1081818181818184
2.231818181818182
2.3659090909090907
2.239090909090909
2.3327272727272725
2.0904545454545453
2.381818181818182
2.5645454545454545
2.62
2.7531818181818184
2.6436363636363636
2.6522727272727273
2.4813636363636364
2.6295454545454544
2.5327272727272727
2.475
2.630909090909091
2.398636363636364
2.5890909090909093
2.7459090909090906
2.675909090909091
2.6586363636363637
2.6977272727272728
2.5704545454545453
2.548636363636364
2.710909090909091
2.6572727272727272
2.5636363636363635
2.6540909090909093
2.8427272727272728
2.4245454545454543
2.520454545454545
2.862727272727273
2.6981818181818182
2.669545454545455
2.63
2.6131818181818183
2.6395454545454546
3.049545454545455
3.0068181818181823
2.9645454545454544
3.0281818181818183
2.663181818181818
2.966818181818182
2.6345454545454547
2.9704545454545452
2.858636363636364
3.015
2.7931818181818184
2.893636363636364
2.645
2.87
2.748181818181818
2.819545454545455
3.061363636363636
3.127727272727273
3.0990909090909096
2.903636363636364
3.3222727272727273
2.9813636363636364
3.0872727272727274
3.3840909090909093
3.2959090909090913
3.1363636363636362
3.039090909090909
2.8863636363636362
3.186363636363637
2.7372727272727273
2.980909090909091
3.014090909090909
2.908181818181818
2.946818181818182
3.0327272727272727
2.804090909090909
2.716818181818182
2.855
2.791363636363636
2.6286363636363634
2.6809090909090907
2.536818181818182
3.098181818181818
2.708636363636364
2.8113636363636365
2.7827272727272727
3.088636363636364
2.82
2.8018181818181818
2.9277272727272727
3.085909090909091
2.726363636363636
2.8545454545454545
2.7181818181818183
2.787272727272727
2.3927272727272726
2.6081818181818184
2.4681818181818183
2.5463636363636364
2.604090909090909
2.537272727272727
2.421818181818182
2.549090909090909
2.880909090909091
2.938636363636364
2.3972727272727274
2.200454545454545
2.3886363636363637
2.678181818181818
2.49
2.455909090909091
2.373181818181818
2.2145454545454544
2.110909090909091
2.317727272727273
2.377272727272727
2.1713636363636364
2.122272727272727
2.132727272727273
1.9104545454545454
2.023181818181818
2.062727272727273
2.215909090909091
2.183181818181818
2.0309090909090908
1.997272727272727
1.9336363636363636
2.0086363636363633
1.935
1.9222727272727271
1.9063636363636363
1.8268181818181817
1.7468181818181818
1.549090909090909
1.518181818181818
1.560909090909091
1.4645454545454546
1.3763636363636365
1.3122727272727273
1.5159090909090909
1.3318181818181818
1.4272727272727272
1.252727272727273
1.154090909090909
1.1336363636363638
1.0945454545454545
1.1072727272727272
1.115
1.011818181818182
0.9681818181818183
1.1769565217391305
1.171304347826087
0.9482608695652174
0.9421739130434783
0.9782608695652174
1.0265217391304347
0.9786956521739131
0.9860869565217392
0.8252173913043478
0.7621739130434783
0.9308695652173913
0.6869565217391305
0.8421739130434783
0.6804347826086957
0.7221739130434782
0.7847826086956522
0.73
0.7134782608695652
0.7695652173913043
0.7047826086956522
0.6682608695652175
0.7047826086956522
0.5760869565217391
0.6956521739130435
0.5456521739130435
0.4360869565217391
0.5578260869565217
0.4991304347826087
0.5408695652173913
0.4578260869565217
0.4091304347826087
0.3773913043478261
0.3665217391304348
0.4743478260869565
0.44565217391304346
0.45478260869565224
0.44739130434782604
0.42043478260869566
0.2956521739130435
0.5782608695652174
0.42
0.34652173913043477
0.42173913043478256
0.5026086956521739
0.3669565217391304
0.41608695652173916
0.22913043478260867
0.3969565217391305
0.2643478260869565
0.39956521739130435
0.31869565217391305
0.27434782608695657
0.39869565217391306
0.24173913043478262
0.4930434782608696
0.45695652173913043
0.30043478260869566
0.25565217391304346
0.21999999999999997
0.24043478260869566
0.15434782608695652
0.22217391304347828
0.29086956521739127
0.27869565217391307
0.23
0.21521739130434783
0.27391304347826084
0.31913043478260866
0.17521739130434782
0.21695652173913044
0.22695652173913042
0.2021739130434783
0.36
0.25826086956521743
0.24217391304347827
0.1926086956521739
0.23086956521739133
0.34956521739130436
0.3060869565217391
0.2634782608695652
0.3291304347826087
0.3282608695652174
0.15782608695652173
0.3291304347826087
0.23086956521739133
0.23173913043478261
0.2021739130434783
0.3126086956521739
0.28652173913043477
0.2791304347826087
0.2252173913043478
0.22565217391304349
