pet
0.21363636363636365
0.2618181818181818
0.2540909090909091
0.2822727272727273
0.2636363636363636
0.1918181818181818
0.3522727272727273
0.3159090909090909
0.3109090909090909
0.29363636363636364
0.32045454545454544
0.3340909090909091
0.3563636363636364
0.28500000000000003
0.285
0.24363636363636365
0.2381818181818182
0.28954545454545455
0.2831818181818182
0.3518181818181818
0.29409090909090907
0.2877272727272727
0.27454545454545454
0.2972727272727273
0.32545454545454544
0.38636363636363635
0.3531818181818182
0.4481818181818182
0.3809090909090909
0.37000000000000005
0.4268181818181818
0.42454545454545456
0.45545454545454545
0.4168181818181818
0.5045454545454545
0.5031818181818182
0.5345454545454545
0.5404545454545455
0.49
0.5204545454545454
0.4954545454545455
0.42818181818181816
0.5236363636363636
0.5531818181818182
0.5086363636363637
0.5913636363636363
0.6636363636363636
0.4990909090909091
0.5418181818181819
0.5809090909090909
0.6759090909090909
0.6836363636363636
0.73
0.6690909090909091
0.5936363636363636
0.6745454545454546
0.8072727272727271
0.7854545454545455
0.6686363636363637
0.7486363636363635
0.8972727272727272
0.7786363636363636
0.8190909090909091
0.8118181818181818
0.9554545454545454
0.9386363636363636
0.8745454545454546
0.98
1.0386363636363638
1.0145454545454546
1.105
1.0572727272727271
1.1386363636363637
1.045
1.1090909090909091
1.0418181818181818
1.09
1.1059090909090907
1.0245454545454544
1.1500000000000001
1.195
1.1286363636363637
1.136818181818182
1.1490909090909092
1.1786363636363637
1.2677272727272728
1.299090909090909
1.2813636363636365
1.2813636363636365
1.5454545454545454
1.558695652173913
1.6595652173913045
1.5456521739130433
1.5104347826086957
1.5856521739130434
1.914782608695652
1.52
1.7808695652173914
1.521304347826087
1.7347826086956522
1.6417391304347826
1.6199999999999999
1.644782608695652
1.7639130434782608
1.7247826086956521
1.8443478260869566
1.9730434782608697
2.0186956521739132
1.624782608695652
1.8134782608695652
2.1469565217391304
2.2830434782608693
2.119565217391304
1.9821739130434781
2.092173913043478
1.84
2.1982608695652175
2.163478260869565
2.15695652173913
2.145217391304348
2.2726086956521736
2.2030434782608697
2.3969565217391304
2.3969565217391304
2.2595652173913043
2.5478260869565217
2.405217391304348
2.3065217391304347
2.536086956521739
2.4130434782608696
2.4786956521739127
2.5765217391304347
2.4291304347826084
2.2952173913043477
2.6004347826086955
2.428695652173913
2.3017391304347825
2.532608695652174
2.6656521739130437
2.345217391304348
2.34695652173913
2.646086956521739
2.9447826086956526
2.7621739130434784
2.816086956521739
2.655217391304348
2.3930434782608696
2.6778260869565216
2.81695652173913
2.7317391304347827
3.0608695652173914
2.9808695652173913
2.688695652173913
2.832173913043478
2.5304347826086957
2.8921739130434783
2.6530434782608694
2.9443478260869567
3.0143478260869565
2.9617391304347827
2.7730434782608695
2.751304347826087
2.7756521739130435
2.7330434782608695
2.7130434782608694
2.958260869565217
2.8839130434782607
3.0104347826086952
3.1847826086956523
3.2321739130434786
3.3434782608695657
3.244347826086957
3.0817391304347823
3.18304347826087
3.114347826086956
2.9482608695652175
3.1847826086956523
3.0908695652173916
3.1921739130434785
3.316956521739131
3.207391304347826
3.180434782608696
3.061304347826087
2.957391304347826
3.223913043478261
2.920434782608696
3.036521739130435
2.9852173913043476
2.784347826086957
3.072608695652174
3.110869565217391
3.2908695652173914
3.0356521739130433
2.8060869565217392
3.2686956521739132
3.21304347826087
3.0917391304347825
2.9730434782608692
3.321304347826087
3.2734782608695654
3.1556521739130434
3.1
3.1930434782608694
3.1769565217391302
3.2743478260869567
3.10695652173913
2.9434782608695653
2.893478260869565
3.095652173913044
3.063478260869565
3.137826086956522
2.962173913043478
2.8973913043478263
3.110869565217391
3.106086956521739
2.781304347826087
3.132608695652174
2.9417391304347826
2.818260869565217
2.850869565217391
2.9195652173913045
2.6182608695652174
2.90695652173913
2.515217391304348
2.6208695652173915
2.503913043478261
2.8078260869565215
2.8469565217391306
2.7282608695652173
2.5991304347826087
2.650434782608696
2.5856521739130436
2.5682608695652176
2.386086956521739
2.2908695652173914
2.126086956521739
2.0843478260869563
1.8452173913043477
2.29
2.3152173913043477
2.3291304347826087
1.9839130434782606
2.0604347826086955
2.106086956521739
2.069130434782609
1.9526086956521738
2.1708695652173913
1.962608695652174
1.8943478260869566
1.9747826086956521
1.9304347826086956
1.952608695652174
1.8908695652173915
1.783478260869565
1.8243478260869566
1.751304347826087
1.6947826086956521
1.496086956521739
1.7239130434782608
1.5973913043478263
1.4695652173913043
1.4030434782608694
1.4721739130434783
1.5778260869565217
1.4547826086956521
1.371304347826087
1.2439130434782608
1.1952173913043478
1.1217391304347826
1.1143478260869564
1.1743478260869566
1.1308695652173912
1.17
1.13
1.1336363636363638
1.086818181818182
1.1590909090909092
1.0913636363636363
1.0254545454545454
0.9459090909090908
0.8181818181818182
0.9409090909090909
1.0504545454545455
0.9263636363636363
0.8531818181818182
0.6377272727272727
0.6881818181818182
0.6677272727272727
0.6595454545454545
0.8572727272727273
0.805
0.7554545454545455
0.6768181818181819
0.6409090909090909
0.6695454545454546
0.715
0.7009090909090909
0.7413636363636363
0.7118181818181818
0.7172727272727273
0.5936363636363636
0.5
0.5340909090909091
0.5304545454545454
0.4813636363636364
0.4668181818181818
0.4968181818181818
0.39681818181818185
0.35409090909090907
0.4313636363636364
0.3727272727272727
0.3768181818181818
0.32272727272727275
0.30818181818181817
0.33681818181818185
0.30363636363636365
0.30409090909090913
0.3931818181818182
0.21181818181818182
0.17545454545454545
0.22045454545454543
0.2736363636363636
0.20590909090909087
0.24772727272727274
0.22772727272727272
0.20045454545454547
0.29
0.235
0.22318181818181818
0.22
0.2
0.18045454545454545
0.18136363636363637
0.20136363636363636
0.2468181818181818
0.2240909090909091
0.305
0.2513636363636364
0.32136363636363635
0.29
0.3190909090909091
0.1981818181818182
0.2690909090909091
0.20136363636363636
0.21863636363636363
0.195
0.18863636363636366
0.33454545454545453
0.23636363636363636
0.2259090909090909
0.17909090909090908
0.105
0.09727272727272727
0.12227272727272727
0.22
0.2209090909090909
0.22454545454545452
0.31772727272727275
0.27
0.2840909090909091
0.2604545454545455
0.2640909090909091
0.17909090909090908
0.2459090909090909
0.19000000000000003
