pet
0.3926086956521739
0.31434782608695655
0.4491304347826087
0.3517391304347826
0.18739130434782608
0.3917391304347826
0.30826086956521737
0.23173913043478261
0.2126086956521739
0.28521739130434787
0.33217391304347826
0.3808695652173913
0.3508695652173913
0.3234782608695652
0.20869565217391303
0.2782608695652174
0.3591304347826087
0.25608695652173913
0.3591304347826087
0.21782608695652173
0.32130434782608697
0.3378260869565217
0.32217391304347825
0.4743478260869565
0.26217391304347826
0.36434782608695654
0.32130434782608697
0.28478260869565214
0.2891304347826087
0.3521739130434782
0.41608695652173916
0.3843478260869565
0.3982608695652174
0.29347826086956524
0.3682608695652174
0.46478260869565213
0.40608695652173915
0.5256521739130434
0.4839130434782609
0.3973913043478261
0.5565217391304348
0.44956521739130434
0.3652173913043478
0.5008695652173912
0.5026086956521739
0.4295652173913043
0.4808695652173913
0.34652173913043477
0.40739130434782606
0.5382608695652175
0.4969565217391304
0.5039130434782608
0.6208695652173912
0.6121739130434782
0.5760869565217391
0.5091304347826088
0.6704347826086956
0.6217391304347827
0.6239130434782608
0.7026086956521739
0.741304347826087
0.8608695652173913
0.7943478260869565
0.7908695652173914
0.7791304347826088
0.7408695652173912
0.8821739130434783
0.8430434782608696
0.7082608695652174
0.7813043478260869
0.9565217391304348
0.8482608695652175
0.918695652173913
0.9447826086956522
0.8278260869565217
0.9860869565217392
1.0921739130434782
0.9513043478260869
0.9769565217391304
1.1234782608695653
1.1682608695652175
1.2091304347826086
1.18
1.2730434782608697
1.1608695652173913
1.1965217391304348
1.221304347826087
1.2908695652173912
1.1930434782608696
1.1743478260869566
1.1859090909090908
1.2386363636363635
1.3431818181818183
1.3527272727272728
1.309090909090909
1.4136363636363636
1.424090909090909
1.395909090909091
1.5677272727272729
1.57
1.5909090909090908
1.6254545454545453
1.6786363636363637
1.9586363636363637
1.7936363636363637
1.8245454545454545
1.6786363636363637
1.6545454545454545
1.7386363636363635
1.8422727272727273
1.775
1.9213636363636366
1.8345454545454545
1.875
1.9440909090909089
1.9745454545454544
1.9368181818181818
2.006818181818182
1.8399999999999999
1.8304545454545456
1.9954545454545454
2.299090909090909
2.187727272727273
2.266363636363636
2.0749999999999997
2.1663636363636365
2.2722727272727274
2.3431818181818183
2.257727272727273
2.286363636363636
2.1599999999999997
2.346363636363636
2.5663636363636364
2.648181818181818
2.7418181818181817
2.7045454545454546
2.6454545454545455
2.455
2.6322727272727273
2.5295454545454543
2.476818181818182
2.6677272727272725
2.3945454545454545
2.606818181818182
2.7186363636363637
2.7018181818181817
2.708181818181818
2.7145454545454544
2.576363636363636
2.5595454545454546
2.730909090909091
2.7018181818181817
2.5722727272727273
2.6963636363636363
2.8636363636363638
2.4272727272727272
2.534090909090909
2.813181818181818
2.752727272727273
2.6672727272727275
2.6745454545454543
2.5886363636363634
2.663181818181818
2.9763636363636365
2.938636363636364
2.9768181818181816
2.9654545454545453
2.630909090909091
2.8781818181818184
2.7095454545454545
3.0263636363636364
2.8954545454545455
3.076363636363636
2.7859090909090907
2.8495454545454546
2.635
2.9004545454545454
2.7695454545454545
2.79
3.0850000000000004
3.0790909090909087
3.0740909090909088
2.8954545454545455
3.411363636363636
3.044090909090909
3.0645454545454545
3.439090909090909
3.2845454545454547
3.039090909090909
3.0013636363636365
2.852272727272727
3.1090909090909093
2.7718181818181815
2.987727272727273
2.9268181818181818
2.8904545454545456
2.938636363636364
2.9963636363636366
2.8572727272727274
2.7281818181818185
2.8231818181818182
2.8004545454545453
2.6354545454545457
2.6704545454545454
2.590909090909091
3.0895454545454544
2.747727272727273
2.8186363636363634
2.7845454545454547
3.049090909090909
2.764090909090909
2.7145454545454544
2.914090909090909
3.0
2.726363636363636
2.800909090909091
2.659090909090909
2.705
2.3431818181818183
2.539090909090909
2.438181818181818
2.522727272727273
2.550909090909091
2.4995454545454545
2.4154545454545455
2.423636363636364
2.778181818181818
2.8686363636363637
2.4336363636363636
2.1572727272727272
2.321818181818182
2.6368181818181817
2.42
2.388181818181818
2.269090909090909
2.1913636363636364
2.078181818181818
2.2877272727272726
2.3354545454545454
2.1163636363636367
2.0704545454545453
2.1163636363636367
1.903181818181818
1.9413636363636364
2.041818181818182
2.11
2.14
2.0377272727272726
1.9904545454545455
1.887272727272727
1.9445454545454546
1.9136363636363638
1.8963636363636363
1.8172727272727272
1.7945454545454547
1.7131818181818181
1.57
1.4777272727272726
1.5427272727272727
1.4331818181818183
1.3436363636363635
1.3436363636363635
1.5140909090909092
1.3163636363636364
1.4113636363636364
1.2495454545454547
1.220909090909091
1.0986363636363636
1.0722727272727273
1.0945454545454547
1.0845454545454545
1.0190909090909093
0.9768181818181817
1.141304347826087
1.1334782608695653
0.9556521739130435
0.9208695652173913
0.9721739130434782
1.0021739130434784
0.9873913043478261
0.9686956521739131
0.8030434782608695
0.7626086956521739
0.9173913043478261
0.6952173913043478
0.7791304347826088
0.6830434782608696
0.668695652173913
0.7078260869565218
0.7356521739130436
0.6917391304347826
0.732608695652174
0.668695652173913
0.6426086956521739
0.6826086956521739
0.5747826086956522
0.6691304347826087
0.5626086956521739
0.4273913043478261
0.5334782608695652
0.4904347826086956
0.5373913043478261
0.44521739130434784
0.4108695652173914
0.3852173913043478
0.35782608695652174
0.4717391304347826
0.46304347826086956
0.46043478260869564
0.43043478260869567
0.3817391304347826
0.3091304347826087
0.571304347826087
0.43347826086956526
0.3526086956521739
0.4404347826086956
0.5121739130434783
0.3721739130434783
0.42260869565217396
0.2360869565217391
0.40652173913043477
0.27956521739130435
0.4047826086956522
0.31086956521739134
0.26652173913043475
0.4221739130434783
0.2365217391304348
0.47000000000000003
0.44478260869565217
0.2956521739130435
0.2639130434782609
0.21999999999999997
0.25565217391304346
0.14478260869565218
0.2056521739130435
0.2760869565217391
0.2747826086956522
0.23173913043478261
0.20043478260869566
0.27260869565217394
0.3169565217391304
0.17304347826086958
0.21652173913043476
0.23347826086956522
0.22695652173913042
0.3508695652173913
0.25956521739130434
0.23782608695652172
0.21347826086956523
0.22782608695652176
0.33608695652173914
0.3060869565217391
0.2465217391304348
0.31478260869565217
0.2791304347826087
0.16
0.3165217391304348
0.22000000000000003
0.23565217391304347
0.20652173913043478
0.2952173913043478
0.25999999999999995
0.2682608695652174
0.2669565217391304
0.22043478260869567
