temperature
3.8021739130434784
3.8365217391304354
3.573478260869565
3.891304347826087
4.118695652173913
4.605652173913044
3.4956521739130437
4.030434782608696
4.431739130434783
4.324782608695652
3.883478260869565
3.0417391304347823
2.806086956521739
2.904347826086956
3.637826086956522
3.8491304347826087
3.2569565217391303
2.685217391304348
3.3769565217391304
3.531304347826087
4.1378260869565215
4.421304347826087
4.4573913043478255
4.323043478260869
3.863913043478261
3.749565217391304
3.4186956521739127
3.5252173913043476
3.5917391304347825
3.2404347826086957
3.174782608695652
3.4152173913043478
3.6904347826086954
4.047391304347826
4.109565217391304
4.531304347826087
4.865217391304348
4.7208695652173915
4.36695652173913
3.832173913043478
3.2221739130434783
3.016086956521739
3.2469565217391305
2.967826086956522
2.3656521739130434
2.1908695652173913
2.2604347826086952
2.866521739130435
3.0886956521739126
3.215652173913043
3.15
3.7669565217391305
4.262173913043478
4.306956521739131
4.363913043478261
3.603913043478261
4.055217391304348
4.052173913043478
4.318260869565218
4.80304347826087
5.0373913043478264
5.116521739130435
4.94391304347826
5.148260869565218
5.337391304347826
5.837826086956523
5.856086956521739
5.717391304347826
6.073478260869565
6.403478260869565
5.990434782608696
6.038260869565217
5.850434782608696
5.950869565217391
5.570869565217391
6.22304347826087
6.342173913043479
6.441304347826088
6.1982608695652175
6.326086956521739
6.279565217391305
6.0252173913043485
6.407826086956521
6.826086956521739
6.325652173913044
6.720434782608695
6.385652173913043
6.388260869565218
6.611739130434782
6.602608695652174
7.704545454545454
7.473636363636363
6.351363636363636
6.122272727272727
6.218181818181819
6.331363636363636
6.884090909090909
6.744090909090909
6.755909090909091
7.252727272727273
7.649090909090909
8.115909090909092
7.770454545454545
7.983636363636364
8.34
8.52590909090909
7.955909090909091
7.979545454545455
8.697272727272727
8.67090909090909
8.521818181818182
9.383636363636363
8.807727272727274
8.163636363636364
8.27590909090909
8.166818181818181
8.192272727272728
8.268181818181818
8.525
8.916818181818181
9.247272727272728
9.065
9.414090909090909
9.509090909090908
9.780454545454544
10.111363636363636
10.373636363636363
11.188636363636364
10.699545454545454
10.644545454545455
10.852727272727272
10.747727272727273
11.615909090909092
11.201818181818181
11.594090909090909
11.52909090909091
11.401363636363635
11.42818181818182
11.773181818181818
12.418181818181818
12.214090909090908
11.983181818181817
12.384999999999998
12.351363636363637
12.506363636363636
12.696363636363635
12.518636363636364
12.109090909090908
12.306363636363637
12.451818181818181
12.745
13.315
13.235000000000001
13.4
13.23090909090909
13.247727272727273
13.404545454545454
13.377272727272727
13.551363636363636
13.672727272727274
13.568636363636363
13.62590909090909
13.735000000000001
14.007272727272728
14.379090909090907
13.988636363636363
14.274545454545455
14.465000000000002
13.889090909090909
14.731818181818182
14.747727272727273
14.655454545454546
14.713636363636363
14.537727272727272
14.714545454545457
15.110454545454546
15.477727272727272
15.204545454545455
15.150454545454545
15.362272727272728
15.683636363636365
15.885000000000002
16.02409090909091
15.705
16.199545454545454
16.96727272727273
17.010454545454547
16.939090909090908
17.260454545454547
16.921818181818182
16.827727272727273
17.000454545454545
16.39409090909091
16.93909090909091
16.884545454545453
17.137727272727272
16.545454545454547
16.427727272727275
16.33727272727273
16.410454545454545
17.007272727272728
16.483636363636364
16.502727272727274
16.58727272727273
16.224090909090908
16.532272727272726
17.039545454545454
17.045909090909092
17.34409090909091
17.52
17.62409090909091
17.505454545454544
16.993636363636366
16.96318181818182
17.22
17.032272727272726
16.81954545454545
16.86818181818182
16.220454545454547
16.809545454545454
16.94909090909091
16.86
16.70590909090909
16.73818181818182
17.00136363636364
17.610454545454544
17.81590909090909
17.003636363636364
16.469545454545454
16.425
16.61
16.910454545454545
16.84
16.645454545454545
15.575454545454546
15.891363636363637
15.968636363636364
16.168181818181818
15.540454545454544
15.996363636363638
16.26590909090909
15.961818181818181
15.09590909090909
15.777727272727274
15.436363636363637
15.341818181818182
15.05
15.048181818181819
14.68
14.817727272727273
15.009545454545453
14.925454545454546
14.834545454545456
14.209545454545456
14.34772727272727
13.759090909090908
13.394545454545455
13.725909090909092
13.921363636363635
14.280909090909091
13.945454545454545
13.455454545454545
13.531363636363636
13.604545454545455
13.30181818181818
13.52681818181818
13.174090909090909
12.893636363636364
12.946363636363635
12.92590909090909
12.909090909090908
12.920454545454545
12.995909090909093
12.614347826086956
12.28
12.157826086956522
12.311739130434784
12.05695652173913
11.729130434782608
11.426521739130434
11.06
11.828695652173913
11.801304347826088
11.303478260869566
11.198260869565217
10.960869565217392
10.039130434782608
10.289130434782608
9.737391304347826
9.693478260869565
10.064347826086957
10.478260869565217
9.870869565217392
9.181304347826087
9.286521739130436
9.289130434782608
9.787826086956523
9.533478260869567
9.53217391304348
9.679130434782609
9.164347826086956
8.566521739130435
8.900869565217391
9.39
9.14608695652174
9.084347826086956
8.814782608695653
7.78608695652174
7.656521739130435
7.0252173913043485
7.689130434782609
8.275652173913043
7.843913043478261
7.627826086956522
7.933478260869565
6.743478260869565
6.268695652173913
5.68304347826087
6.001739130434783
6.102608695652174
5.982608695652174
6.509130434782609
6.331304347826087
5.450434782608696
5.114782608695652
5.564782608695652
6.14695652173913
6.099130434782609
6.034782608695653
5.287826086956522
4.949565217391304
4.611304347826087
4.18304347826087
4.178260869565217
4.837826086956522
5.128260869565217
5.484782608695652
5.65391304347826
5.699130434782609
5.078695652173913
4.933913043478261
4.437391304347826
4.222173913043478
3.8604347826086953
4.113913043478261
4.127391304347825
4.098695652173913
4.603478260869565
5.11695652173913
4.852608695652174
4.828260869565217
4.654782608695652
4.503478260869565
4.780434782608696
5.514347826086956
4.858695652173913
5.0465217391304344
5.051304347826087
5.102608695652174
4.803478260869565
4.948695652173913
4.8960869565217395
4.9082608695652175
3.8378260869565217
3.5173913043478264
