temperature
4.887777777777778
4.341111111111111
4.097777777777778
3.8511111111111114
4.67
4.4494444444444445
4.939444444444444
5.117777777777778
4.502777777777777
4.706666666666667
4.858888888888889
5.1161111111111115
5.389444444444445
4.264444444444445
5.303333333333334
4.415
4.277222222222222
4.512222222222222
5.288888888888889
4.98
4.101111111111111
3.7794444444444446
3.8905555555555558
3.764444444444445
4.387222222222222
4.293333333333333
4.252222222222223
4.052777777777778
4.175000000000001
3.8333333333333335
4.086666666666667
4.02
4.097777777777778
4.236111111111111
5.0249999999999995
5.138888888888889
4.828888888888889
4.223888888888889
3.895
3.748333333333333
4.0216666666666665
4.689444444444444
5.297777777777778
4.7011111111111115
4.432222222222222
4.906666666666666
4.358333333333333
4.136666666666667
4.301111111111111
4.218333333333334
4.088333333333334
4.515
4.747222222222223
5.194444444444445
5.273888888888889
5.184444444444444
5.454444444444444
5.133333333333334
4.565
4.501666666666667
4.060555555555556
4.2683333333333335
4.139444444444445
4.055
4.9783333333333335
6.232222222222223
6.248333333333333
6.428333333333334
6.316111111111111
5.808333333333334
5.837777777777777
5.275
5.804444444444445
6.81
7.109999999999999
7.442222222222223
6.523333333333333
5.941666666666666
6.191666666666666
6.585555555555555
6.493333333333333
6.383333333333334
6.395
6.936111111111111
6.537222222222223
6.468333333333334
7.003333333333334
7.318888888888889
8.103333333333332
8.338888888888889
8.299444444444443
8.346666666666668
8.183333333333334
7.808888888888889
7.851111111111111
8.256666666666668
6.940555555555556
6.929444444444445
7.567222222222223
7.871666666666666
7.445555555555556
7.192777777777778
7.303333333333334
8.187222222222223
8.32888888888889
8.106111111111112
8.222222222222221
7.788888888888888
7.503888888888889
8.31611111111111
9.377222222222223
10.07888888888889
10.596666666666668
10.591666666666667
10.74
9.793888888888889
9.803888888888888
9.946111111111112
9.66777777777778
9.57
10.052222222222222
10.144736842105264
10.307368421052631
10.243684210526316
10.526842105263157
10.50842105263158
10.800526315789474
10.881578947368421
11.149473684210527
11.361578947368422
11.442631578947369
11.067894736842105
10.762105263157894
10.801052631578948
11.48
11.910526315789474
11.772631578947369
12.035789473684211
12.123684210526315
12.34842105263158
11.807894736842105
11.803684210526315
12.297894736842105
12.339473684210526
12.319473684210527
12.343684210526316
12.32736842105263
12.466315789473684
12.725263157894737
12.679473684210526
13.117894736842105
13.473157894736843
14.066842105263158
13.624736842105264
13.089473684210526
13.223157894736843
13.241052631578947
13.56421052631579
13.541052631578946
14.271052631578947
13.925789473684212
13.72263157894737
13.845263157894736
14.053157894736842
14.083157894736841
14.13578947368421
14.636315789473683
15.091052631578949
15.117894736842105
15.340526315789472
15.167894736842106
14.69263157894737
14.686842105263159
15.08842105263158
14.858947368421052
14.937368421052632
15.13578947368421
15.120526315789474
15.22
15.659473684210525
15.584736842105263
15.958421052631579
16.274210526315787
16.113684210526316
16.220526315789474
15.837894736842106
15.907368421052633
16.009473684210526
15.68578947368421
15.910000000000002
16.06578947368421
15.70157894736842
15.758947368421053
15.711052631578946
16.043684210526315
16.31157894736842
16.591578947368422
16.203157894736844
16.628947368421052
16.917894736842104
16.576315789473682
16.045263157894738
16.062631578947368
16.57842105263158
16.641052631578948
16.703157894736844
16.75052631578947
16.996315789473684
17.119473684210526
17.135263157894737
16.535263157894736
16.54315789473684
17.089473684210525
16.94263157894737
16.892105263157895
16.73578947368421
17.198421052631577
17.201052631578946
16.989473684210527
16.835789473684212
17.010526315789473
16.754736842105263
17.11421052631579
16.59421052631579
16.324210526315788
16.50578947368421
16.80263157894737
16.201052631578946
16.323684210526313
16.181578947368422
16.196315789473687
16.190526315789473
16.037894736842105
15.952105263157893
15.985789473684212
15.38
15.290526315789473
15.37684210526316
15.056842105263158
14.871052631578948
15.008947368421053
14.96526315789474
15.06421052631579
14.762631578947369
15.061052631578946
15.415789473684208
15.111578947368422
15.418947368421051
15.180000000000001
14.795263157894738
14.628947368421052
14.390526315789474
14.823157894736841
15.094736842105263
14.796842105263158
13.82578947368421
13.74842105263158
13.336315789473685
13.135263157894736
12.842105263157896
13.37
13.768421052631581
13.967894736842105
13.703684210526315
13.262631578947369
13.167894736842106
12.847894736842106
12.60421052631579
12.490526315789474
12.987894736842106
13.556315789473684
13.446842105263158
13.375263157894736
13.542222222222222
12.534444444444444
12.407222222222224
11.372777777777777
11.388333333333334
11.673333333333334
10.844444444444443
11.541666666666666
11.735
11.735
11.642222222222223
11.023888888888889
10.751666666666667
10.743888888888888
10.609444444444444
10.599444444444444
10.358333333333333
9.79888888888889
9.829444444444444
8.942777777777778
10.064444444444444
10.144444444444444
9.958888888888888
10.032777777777778
10.095555555555556
10.030555555555557
10.418333333333333
9.69111111111111
8.999444444444444
9.705
9.623888888888889
8.915555555555555
8.76388888888889
8.742777777777778
7.788333333333333
8.390555555555556
8.061666666666667
7.7988888888888885
8.338888888888889
7.182777777777777
7.395
8.061666666666667
7.746111111111111
7.479444444444444
7.024444444444445
6.94
6.5505555555555555
6.7316666666666665
6.612222222222222
6.227777777777778
6.213333333333334
6.214444444444444
5.791666666666667
5.622777777777778
6.1688888888888895
5.781666666666666
6.056111111111111
6.397777777777778
6.382777777777778
6.336111111111111
5.8261111111111115
5.252777777777777
4.803333333333334
4.511666666666667
4.728888888888889
5.182222222222222
5.161666666666666
4.9511111111111115
4.847777777777778
4.881666666666667
4.9127777777777775
4.720000000000001
4.735555555555555
5.023333333333333
4.701666666666666
4.498888888888889
4.18
3.4016666666666664
3.223333333333333
2.9227777777777777
2.3905555555555558
3.7933333333333334
4.376666666666667
5.525
6.206666666666667
5.132777777777778
4.294444444444444
4.323333333333333
3.328888888888889
3.107222222222222
4.153333333333333
4.311111111111111
