pet
0.21363636363636365
0.2727272727272727
0.2981818181818182
0.29
0.23909090909090908
0.2159090909090909
0.3690909090909091
0.3104545454545455
0.32363636363636367
0.3372727272727273
0.3645454545454545
0.3609090909090909
0.3372727272727273
0.33
0.3240909090909091
0.24545454545454548
0.29363636363636364
0.27
0.34
0.3559090909090909
0.3113636363636364
0.3009090909090909
0.29636363636363633
0.3518181818181818
0.36
0.41363636363636364
0.3918181818181818
0.45
0.4027272727272727
0.3931818181818182
0.4354545454545455
0.4622727272727273
0.46727272727272723
0.45136363636363636
0.5086363636363637
0.4859090909090909
0.5540909090909091
0.5690909090909091
0.5540909090909091
0.5399999999999999
0.5181818181818182
0.4872727272727273
0.5604545454545454
0.565
0.5322727272727273
0.6104545454545455
0.6263636363636363
0.49727272727272726
0.5645454545454546
0.6377272727272727
0.6986363636363636
0.7022727272727273
0.7563636363636363
0.7118181818181818
0.6113636363636363
0.7281818181818182
0.7818181818181817
0.8181818181818182
0.7422727272727273
0.7972727272727272
0.9304545454545454
0.7763636363636363
0.8504545454545455
0.8481818181818181
0.9622727272727274
0.9613636363636363
0.9372727272727274
0.9786363636363636
1.1154545454545455
1.055
1.0977272727272727
1.0845454545454545
1.1172727272727272
1.06
1.0463636363636364
1.0981818181818181
1.13
1.1895454545454547
1.075
1.214090909090909
1.210909090909091
1.2
1.1727272727272728
1.1454545454545455
1.2777272727272726
1.3004545454545455
1.342272727272727
1.3786363636363637
1.3427272727272728
1.5577272727272728
1.5618181818181818
1.6059090909090907
1.4977272727272728
1.4645454545454546
1.6045454545454545
1.85
1.6418181818181816
1.799090909090909
1.6136363636363635
1.7754545454545456
1.7277272727272726
1.5986363636363636
1.6863636363636365
1.7695454545454545
1.7372727272727273
1.9413636363636364
1.9104545454545454
2.0136363636363637
1.633181818181818
1.82
2.0272727272727273
2.1286363636363634
2.1031818181818185
2.0359090909090907
2.0663636363636364
1.9795454545454545
2.1809090909090907
2.115
2.185909090909091
2.1154545454545453
2.3327272727272725
2.347272727272727
2.4804545454545455
2.435909090909091
2.2713636363636365
2.3895454545454546
2.449090909090909
2.3268181818181817
2.4781818181818185
2.275909090909091
2.4063636363636363
2.5636363636363635
2.375909090909091
2.319545454545455
2.451363636363636
2.3645454545454543
2.2613636363636362
2.5336363636363637
2.6186363636363637
2.2936363636363635
2.3927272727272726
2.4927272727272727
2.816818181818182
2.7490909090909095
2.85
2.651818181818182
2.4654545454545453
2.7045454545454546
2.679090909090909
2.8413636363636363
3.075
3.016363636363636
2.7045454545454546
2.8140909090909094
2.5472727272727274
2.829090909090909
2.5145454545454546
2.888181818181818
2.887272727272727
3.0654545454545454
2.86
2.909545454545454
2.7172727272727273
2.6331818181818183
2.687727272727273
2.819090909090909
2.9345454545454546
2.8995454545454544
3.063181818181818
2.9372727272727275
3.3009090909090912
3.0959090909090907
2.9622727272727274
3.075909090909091
2.982727272727273
2.898181818181818
3.100454545454546
2.853181818181818
3.0681818181818183
3.152727272727273
2.9259090909090912
2.9718181818181817
2.841818181818182
2.833181818181818
2.85
2.8663636363636367
2.7954545454545454
2.8545454545454545
2.736818181818182
3.053181818181818
3.0377272727272726
3.2104545454545454
3.021818181818182
2.9481818181818182
3.2677272727272726
3.110909090909091
3.166818181818182
2.8822727272727273
3.139090909090909
3.113181818181818
2.978181818181818
2.8431818181818183
2.9618181818181815
3.015
3.1363636363636362
2.977727272727273
2.795909090909091
2.955
2.930909090909091
2.9095454545454547
2.9686363636363637
2.7245454545454546
2.5545454545454547
2.9354545454545455
2.9213636363636364
2.544090909090909
2.8945454545454545
2.7745454545454544
2.6263636363636365
2.7286363636363635
2.8504545454545456
2.4131818181818185
2.6577272727272727
2.3863636363636362
2.317272727272727
2.330909090909091
2.6981818181818182
2.646818181818182
2.5577272727272726
2.372727272727273
2.524090909090909
2.4063636363636363
2.3795454545454544
2.4863636363636363
2.150909090909091
2.0004545454545455
2.0086363636363633
1.9436363636363636
2.2904545454545455
2.188181818181818
2.1931818181818183
1.8904545454545456
1.9013636363636364
2.0604545454545455
1.9881818181818183
1.8131818181818182
2.0804545454545456
1.8550000000000002
1.7845454545454544
1.9236363636363636
1.8159090909090911
1.8550000000000002
1.86
1.7136363636363638
1.7568181818181818
1.7204545454545455
1.6763636363636365
1.4827272727272727
1.6368181818181817
1.5299999999999998
1.3868181818181817
1.345
1.423181818181818
1.5240909090909092
1.410909090909091
1.325909090909091
1.2863636363636364
1.134090909090909
1.1622727272727273
1.1231818181818183
1.1863636363636365
1.1604545454545454
1.1245454545454545
1.1523809523809523
1.1176190476190475
1.120952380952381
1.1685714285714286
1.1247619047619049
1.036190476190476
0.9633333333333334
0.8766666666666667
0.9342857142857144
1.0147619047619048
0.9304761904761905
0.83
0.670952380952381
0.6214285714285714
0.63
0.6385714285714286
0.8147619047619047
0.81
0.7457142857142858
0.6757142857142857
0.6152380952380953
0.670952380952381
0.6538095238095238
0.6714285714285714
0.7357142857142857
0.751904761904762
0.7233333333333333
0.6504761904761904
0.529047619047619
0.5723809523809523
0.5685714285714285
0.5190476190476191
0.4957142857142857
0.48333333333333334
0.4257142857142857
0.4147619047619048
0.4347619047619048
0.3880952380952381
0.37666666666666665
0.379047619047619
0.31523809523809526
0.3514285714285714
0.34238095238095234
0.38333333333333336
0.36714285714285716
0.2523809523809524
0.23904761904761904
0.26333333333333336
0.2976190476190476
0.2357142857142857
0.2647619047619048
0.23857142857142857
0.2119047619047619
0.31
0.2528571428571429
0.2480952380952381
0.2519047619047619
0.2438095238095238
0.22952380952380955
0.21571428571428572
0.2619047619047619
0.2361904761904762
0.25333333333333335
0.2604761904761905
0.25333333333333335
0.3419047619047619
0.30619047619047624
0.34285714285714286
0.20476190476190476
0.24428571428571427
0.2333333333333333
0.1823809523809524
0.17095238095238094
0.22
0.2895238095238095
0.24619047619047618
0.2640909090909091
0.21227272727272728
0.13136363636363638
0.12636363636363637
0.155
0.2113636363636364
0.1968181818181818
0.21090909090909093
0.33818181818181814
0.2681818181818182
0.2686363636363636
0.2427272727272727
0.2381818181818182
0.17772727272727273
0.21318181818181817
0.20318181818181816
