temperature
5.214761904761905
4.445714285714286
4.272857142857143
4.296190476190477
5.077142857142857
4.903333333333333
5.005238095238095
5.278095238095238
4.808095238095238
5.069047619047619
5.110952380952381
5.524285714285714
5.906666666666666
4.973333333333334
5.913333333333334
5.2719047619047625
5.284761904761905
5.322380952380952
5.755714285714286
5.118571428571429
4.756190476190476
4.513333333333334
4.4157142857142855
4.078095238095238
4.217619047619047
3.9466666666666663
3.7495238095238093
4.275714285714285
4.440952380952381
4.005714285714286
4.121428571428571
4.2195238095238095
4.053809523809524
4.135714285714285
5.4747619047619045
5.465714285714286
5.34047619047619
4.639523809523809
4.362857142857143
4.177142857142857
4.832380952380952
5.359523809523809
5.863333333333333
5.1499999999999995
4.546666666666667
4.9523809523809526
5.095714285714286
4.928095238095238
4.982380952380952
4.901428571428572
4.459047619047619
4.9819047619047625
5.123809523809523
5.494761904761905
5.8966666666666665
5.663809523809523
5.562857142857142
5.3028571428571425
5.14095238095238
5.136666666666667
4.582380952380952
4.560952380952381
4.725238095238096
4.657619047619048
5.476190476190476
6.285238095238095
6.465714285714286
6.501428571428572
6.394761904761904
6.371428571428572
6.141904761904762
5.7719047619047625
5.795238095238095
6.941428571428572
7.211428571428572
7.394761904761904
6.828095238095237
6.051428571428572
6.213809523809524
6.4780952380952375
6.785238095238095
6.832857142857144
6.998571428571428
7.193809523809524
7.1380952380952385
6.9314285714285715
6.91952380952381
7.446666666666666
7.799999999999999
8.291904761904762
8.51952380952381
8.808571428571428
8.346190476190477
8.100952380952382
7.7719047619047625
8.466666666666665
7.27904761904762
7.381428571428571
7.747142857142857
8.42
8.029523809523809
7.812380952380953
7.865714285714286
8.442857142857143
8.630952380952381
8.591428571428573
8.628636363636364
8.354545454545454
7.84909090909091
8.41
9.378636363636362
10.061818181818182
10.33
10.464545454545455
10.623181818181818
10.373181818181818
10.399090909090908
10.500454545454545
10.276363636363635
10.422727272727274
10.608181818181817
10.81
10.721363636363636
10.43090909090909
10.747727272727273
10.939545454545454
11.218181818181819
11.202272727272726
11.225454545454546
11.72181818181818
11.799545454545454
11.39090909090909
11.286818181818182
11.360909090909091
11.502727272727272
11.889090909090909
11.512272727272729
11.555454545454545
11.841818181818182
12.134545454545453
12.030000000000001
12.113181818181818
12.52727272727273
12.729545454545455
12.838636363636363
12.666363636363634
12.511818181818182
12.495909090909093
12.716363636363637
13.223636363636365
13.513181818181819
13.533636363636363
14.272727272727273
13.835454545454546
13.400454545454545
13.655000000000001
13.908636363636363
14.120454545454544
13.955909090909092
14.10409090909091
14.105
13.94818181818182
14.088636363636363
14.253636363636362
14.655454545454546
14.519545454545455
14.997272727272728
15.342272727272727
15.424090909090909
15.575
15.431363636363637
14.94681818181818
14.822727272727274
15.119545454545454
15.330909090909092
15.54090909090909
15.599545454545455
15.805000000000001
15.94818181818182
16.299545454545452
16.043181818181818
16.34409090909091
16.172727272727272
16.238636363636363
16.170909090909092
15.857272727272727
15.944090909090908
16.042272727272728
16.034545454545455
16.397727272727273
16.583181818181817
16.600909090909088
16.38681818181818
16.32409090909091
16.724999999999998
17.041818181818183
17.072727272727274
16.707727272727272
16.93909090909091
17.467727272727274
17.29
17.169545454545457
16.907272727272726
17.204090909090908
17.494545454545456
17.529090909090908
17.411363636363635
17.773636363636363
17.800454545454546
17.626818181818184
17.28090909090909
17.273636363636363
17.69681818181818
17.47863636363636
17.467727272727274
17.372272727272726
17.79090909090909
17.77
17.621363636363636
17.297272727272727
17.465
17.377727272727274
17.68227272727273
17.19818181818182
16.798636363636362
16.57318181818182
17.025000000000002
16.729545454545455
16.755
16.950454545454544
17.03227272727273
16.953636363636363
16.770454545454545
16.889545454545456
16.686363636363637
16.03272727272727
16.129545454545454
16.51681818181818
15.783636363636363
15.15227272727273
15.146818181818183
15.4
15.674545454545454
15.144545454545455
15.344999999999999
15.73
15.632727272727273
15.602727272727272
15.649545454545455
15.276818181818184
15.053636363636365
14.989545454545453
15.089090909090908
15.354545454545455
15.094090909090909
14.061363636363637
13.849545454545455
13.668181818181818
13.689545454545454
13.274090909090908
13.752272727272727
14.112272727272728
14.075
13.960909090909091
13.727272727272727
13.608636363636363
13.471363636363636
12.963181818181818
13.218181818181819
13.613636363636363
13.647272727272728
13.592272727272727
13.984545454545456
14.087142857142856
13.08
12.712857142857144
12.001428571428571
11.595238095238095
12.277142857142858
11.540952380952382
12.593809523809522
12.786190476190475
12.617142857142856
12.357142857142858
11.68952380952381
11.603333333333333
11.386666666666667
11.359523809523811
11.295238095238094
11.098095238095238
10.07857142857143
10.550476190476191
10.241428571428571
11.10142857142857
11.05952380952381
10.99047619047619
11.12904761904762
10.97904761904762
10.98047619047619
10.944285714285714
10.382380952380952
10.204285714285714
10.552380952380952
10.394285714285715
9.638095238095238
9.331904761904761
9.58
8.723809523809523
8.890476190476189
8.794761904761904
8.622380952380952
9.038571428571428
8.212380952380952
8.263333333333334
8.854285714285714
8.496666666666666
8.343809523809524
7.715238095238094
7.392380952380953
7.007619047619047
7.033333333333333
7.193333333333333
6.963809523809524
7.022380952380952
6.808095238095238
7.103809523809524
6.605714285714286
6.919047619047619
6.895238095238096
7.063333333333334
7.0652380952380955
7.137142857142857
6.96
6.4747619047619045
6.345238095238095
5.9957142857142856
5.675238095238096
5.810952380952381
5.596190476190476
5.252380952380952
5.356190476190476
5.3742857142857146
5.1223809523809525
4.766190476190476
5.207142857142857
5.310952380952381
5.4504761904761905
4.78952380952381
4.6276190476190475
4.372857142857143
3.9280952380952376
4.350952380952381
3.959047619047619
3.481904761904762
4.828571428571429
4.855238095238096
5.546666666666667
6.168571428571428
5.22047619047619
4.634285714285714
4.541428571428572
3.9957142857142856
3.8623809523809522
4.48904761904762
4.642857142857143
