pet
0.3788235294117647
0.37941176470588234
0.4258823529411765
0.4052941176470588
0.1988235294117647
0.26176470588235295
0.39235294117647057
0.3852941176470588
0.34
0.2323529411764706
0.32705882352941174
0.4264705882352941
0.3458823529411765
0.5152941176470588
0.24823529411764705
0.34941176470588237
0.48411764705882354
0.29411764705882354
0.4052941176470588
0.3058823529411765
0.3
0.40058823529411763
0.3852941176470588
0.39941176470588236
0.30411764705882355
0.3852941176470588
0.28705882352941176
0.27294117647058824
0.22235294117647061
0.3276470588235294
0.4011764705882353
0.4088235294117647
0.4288235294117647
0.3888235294117647
0.4641176470588235
0.6305882352941176
0.5523529411764706
0.6464705882352941
0.4917647058823529
0.4864705882352941
0.57
0.49
0.5
0.5452941176470588
0.6011764705882353
0.6235294117647059
0.713529411764706
0.5394117647058824
0.5558823529411764
0.7164705882352941
0.6994117647058824
0.7076470588235294
0.8147058823529412
0.6835294117647058
0.6152941176470588
0.6858823529411765
0.7229411764705882
0.7488235294117648
0.7676470588235295
0.7747058823529411
0.8264705882352942
0.7941176470588235
0.7905882352941176
0.7941176470588235
0.8829411764705882
0.78
0.9382352941176471
0.8329411764705883
0.8047058823529412
0.8923529411764706
0.9117647058823529
1.0005882352941178
0.9947058823529412
1.1088235294117648
0.9970588235294118
1.075294117647059
1.2576470588235293
1.1770588235294117
1.0341176470588234
1.0829411764705883
1.1929411764705884
1.1605882352941177
1.1905882352941177
1.1652941176470588
1.2388235294117647
1.2835294117647058
1.3858823529411763
1.4052941176470588
1.1976470588235293
1.3311764705882352
1.2870588235294118
1.4164705882352941
1.3694117647058823
1.3699999999999999
1.3605882352941177
1.5141176470588233
1.1852941176470588
1.285294117647059
1.5364705882352943
1.648235294117647
1.5870588235294119
1.7805882352941176
1.552941176470588
1.7482352941176469
1.7052941176470586
1.6994117647058824
1.665
1.46875
1.630625
1.79375
1.716875
1.910625
1.8375
2.03375
2.08875
2.13375
2.1018749999999997
2.2375
2.16
2.134375
2.19625
2.415
2.415
2.485
2.071875
2.58
2.45125
2.4125
2.4162500000000002
1.998125
2.018125
2.166875
2.2925
2.4275
2.70125
2.54
2.310625
2.369375
2.310625
2.224375
2.33625
2.499375
2.3874999999999997
2.74125
2.6
2.566875
2.34
2.626875
2.6875
2.63875
2.9225
2.8775
2.35875
2.42625
2.606875
2.5056249999999998
2.3425
2.809375
2.79
2.58625
2.571875
2.174375
2.6025
2.990625
2.948125
3.018125
2.753125
2.766875
2.97875
3.0475
3.201875
2.846875
2.94625
2.74375
2.788125
2.66125
2.880625
3.03375
3.17
3.293125
2.966875
2.77375
2.725625
3.083125
3.019375
3.07375
3.2475
3.123125
2.959375
3.1168750000000003
2.935
3.2175
2.96625
3.045625
3.098125
2.8850000000000002
3.06375
2.941875
2.95125
2.94125
3.0875
2.98625
2.980625
3.160625
2.683125
3.29125
2.79375
2.925
2.7975
2.9056249999999997
2.813125
2.60375
2.948125
3.103125
2.7825
2.8325
3.055625
2.90125
2.64625
2.7275
2.531875
2.58
2.461875
2.605625
2.62875
2.619375
2.8325
2.90125
2.551875
2.49125
2.6393750000000002
2.80375
2.5025
2.4274999999999998
2.0212499999999998
2.08125
1.89375
2.08125
2.205625
1.98
2.035625
2.204375
1.9224999999999999
1.975
2.05625
1.693125
1.956875
1.97875
2.0125
1.78125
1.69125
1.86625
1.750625
1.5125
1.569375
1.66375
1.59625
1.3975
1.590625
1.49625
1.36625
1.5275
1.435625
1.440625
1.32625
1.296875
1.198125
1.10875
0.94875
1.03125
1.06125
1.048125
1.00625
1.08375
1.118125
0.924375
1.188125
0.9575
1.0225
1.00375
1.025625
0.844375
0.9375
0.856875
0.813125
0.73875
0.77875
0.630625
0.730625
0.89375
0.699375
0.755
0.596875
0.685
0.683125
0.571875
0.640625
0.660625
0.49750000000000005
0.484375
0.545625
0.58125
0.48624999999999996
0.430625
0.41647058823529415
0.43764705882352944
0.36823529411764705
0.41705882352941176
0.4152941176470588
0.44823529411764707
0.2817647058823529
0.29705882352941176
0.5005882352941177
0.3394117647058823
0.28470588235294114
0.3623529411764706
0.3905882352941176
0.3235294117647059
0.351764705882353
0.20705882352941177
0.32823529411764707
0.2817647058823529
0.3305882352941176
0.3058823529411765
0.23
0.27705882352941175
0.21470588235294116
0.3141176470588235
0.3141176470588235
0.23647058823529415
0.1723529411764706
0.16705882352941176
0.15941176470588236
0.19529411764705884
0.17823529411764705
0.26352941176470585
0.3376470588235294
0.3058823529411765
0.21705882352941175
0.26176470588235295
0.35117647058823526
0.17294117647058824
0.24882352941176472
0.19058823529411767
0.19176470588235292
0.2994117647058823
0.17705882352941174
0.23529411764705882
0.25588235294117645
0.3470588235294118
0.19823529411764707
0.3247058823529412
0.2505882352941176
0.32176470588235295
0.28941176470588237
0.16647058823529412
0.36705882352941177
0.26176470588235295
0.29764705882352943
0.3847058823529412
0.2323529411764706
0.21705882352941175
0.1864705882352941
0.30823529411764705
0.25529411764705884
