temperature
4.278235294117647
4.064705882352941
3.3105882352941176
3.844117647058823
4.4676470588235295
4.672352941176471
3.5194117647058825
4.002352941176471
4.7176470588235295
4.609411764705882
3.9400000000000004
4.338235294117647
4.287058823529412
4.121764705882352
4.284117647058824
4.259411764705882
3.6941176470588233
3.284705882352941
4.0070588235294125
3.7935294117647063
3.7076470588235293
3.5182352941176473
3.1005882352941176
3.633529411764706
3.21
2.7764705882352945
2.923529411764706
3.2611764705882353
3.508235294117647
3.356470588235294
3.657058823529412
3.5158823529411762
3.4370588235294117
4.048235294117647
4.856470588235294
4.630000000000001
4.945294117647059
4.171176470588235
3.3023529411764705
3.2911764705882356
3.135882352941177
3.1688235294117644
3.645882352941176
3.106470588235294
2.9511764705882353
3.342941176470588
3.278235294117647
3.545294117647059
3.808235294117647
3.717647058823529
3.6658823529411766
3.573529411764706
3.909411764705882
4.1123529411764705
4.49764705882353
3.7529411764705887
4.354705882352941
4.765294117647059
4.905294117647059
4.4141176470588235
4.5858823529411765
4.475882352941177
4.748235294117647
5.925294117647059
5.935294117647059
6.366470588235295
5.933529411764706
5.194705882352942
6.005294117647059
6.0858823529411765
5.541764705882353
6.471176470588236
6.334705882352941
6.453529411764706
6.235882352941176
7.094117647058823
6.761176470588235
6.091176470588235
5.771764705882354
6.09235294117647
6.4547058823529415
6.751176470588235
6.5
6.251176470588235
6.183529411764706
6.172352941176471
6.082941176470588
6.667058823529412
7.29235294117647
7.3876470588235295
7.7
6.910588235294118
6.1123529411764705
6.067058823529412
6.500588235294118
6.712941176470588
6.576470588235294
6.760588235294118
7.355882352941176
7.7170588235294115
7.395294117647059
7.7452941176470596
6.548235294117647
6.472941176470588
6.990588235294118
7.652941176470588
8.105625
7.516875
8.020624999999999
8.03
8.44
9.44125
9.143125
8.953125
8.590625
8.85125
9.276875
8.95375
9.54375
9.961875
10.244375
10.073125
10.26
10.056875
10.241875
10.24125
10.271875
10.47375
9.92875
9.076875
9.317499999999999
9.455
10.195625
10.533125
10.93
10.66625
10.719375
10.756874999999999
10.72875
11.065
11.168125
11.063125
11.755
12.299375
12.205625
12.00375
11.325
10.89
11.918125
12.524375
12.786875
12.89875
12.1025
12.27375
11.8775
11.820625
12.8225
13.2
12.803749999999999
13.28875
13.270625
12.825625
13.01375
13.19
13.4
13.085625
13.765
14.4975
14.385625000000001
14.504999999999999
14.8075
14.12875
14.149375000000001
13.629375
13.880625
14.65375
15.219999999999999
15.295625
15.450625
15.51625
15.02375
14.98375
14.759375
15.028125
15.595
15.726875
16.003125
16.1575
16.421875
15.805625
16.143125
16.96
16.785625
16.64
16.930625
17.096875
16.584375
15.89875
16.019375
16.67875
17.195625
16.71625
16.893125
17.22
16.764375
16.731875
16.441875
17.059375
16.8725
17.410625
17.07
16.841875
16.51875
16.409375
16.65625
16.00875
15.929375
16.381875
15.835
16.33875
16.5625
16.805
16.8325
16.215625
16.018125
16.36625
16.669375
16.528125
16.575625
16.449375
17.318125000000002
17.661875
17.219375
16.92625
15.79125
15.344375
15.2775
15.0725
14.5375
14.89125
15.203125
14.9725
14.584375
15.286875
14.9175
14.7425
14.126875
13.705
13.211875
13.71125
13.998750000000001
13.9375
13.8525
13.306875
13.14625
12.665625
12.90125
12.4475
13.039375
13.195
13.49
12.86375
13.12375
13.248125
12.8475
12.871875
12.40625
11.784375
12.175
12.393125
12.52375
12.94125
12.96875
12.58375
12.12625
11.79875
11.77375
11.454375
11.588750000000001
11.34625
10.901250000000001
11.713125
11.589375
10.755625
10.821875
11.195625
10.64875
10.4925
9.989375
9.95
9.314375
9.706875
9.47625
9.60375
9.235
9.1125
8.8525
8.8975
9.094375
9.14625
8.674375
7.65625
7.953125
8.13875
8.50294117647059
7.873529411764705
8.175882352941176
7.504117647058823
7.686470588235293
6.876470588235294
7.602941176470588
8.261764705882353
8.065882352941177
7.760588235294118
7.86529411764706
7.205294117647059
6.909411764705883
5.997058823529412
6.448235294117647
6.094705882352941
5.629411764705883
6.036470588235295
5.946470588235294
5.079411764705882
4.538823529411765
4.468235294117647
4.588235294117647
5.35235294117647
5.618235294117647
5.8488235294117645
5.195882352941176
4.681176470588235
4.29235294117647
4.641764705882353
5.404705882352941
5.686470588235294
5.8994117647058815
5.496470588235294
5.0335294117647065
4.315882352941177
3.9635294117647057
4.044117647058823
4.047058823529412
3.9823529411764707
4.057647058823529
4.199411764705882
4.229411764705882
4.412352941176471
4.62235294117647
5.085294117647059
5.576470588235294
5.306470588235294
5.5464705882352945
4.7176470588235295
4.824117647058824
4.158823529411765
4.686470588235294
4.719411764705883
4.901764705882353
4.515882352941176
3.7941176470588234
4.175882352941176
4.214705882352941
4.094705882352941
4.132352941176471
