pet
0.3361904761904762
0.3657142857142857
0.4919047619047619
0.36571428571428577
0.2957142857142857
0.3338095238095238
0.3419047619047619
0.34285714285714286
0.37857142857142856
0.3795238095238095
0.38857142857142857
0.5185714285714286
0.2885714285714286
0.36380952380952386
0.42333333333333334
0.32571428571428573
0.3852380952380952
0.39571428571428574
0.3657142857142857
0.38333333333333336
0.33714285714285713
0.38047619047619047
0.31
0.40761904761904766
0.3704761904761905
0.3423809523809524
0.3638095238095238
0.38476190476190475
0.3761904761904762
0.43523809523809526
0.40523809523809523
0.47285714285714286
0.4442857142857143
0.43428571428571433
0.42333333333333334
0.379047619047619
0.489047619047619
0.48142857142857143
0.5447619047619048
0.4723809523809524
0.4347619047619048
0.41904761904761906
0.4228571428571429
0.46619047619047616
0.4590476190476191
0.5671428571428572
0.5871428571428572
0.44999999999999996
0.5228571428571429
0.6052380952380952
0.6128571428571429
0.6085714285714285
0.6952380952380952
0.6452380952380953
0.6223809523809524
0.7033333333333334
0.720952380952381
0.6490476190476191
0.700952380952381
0.6795238095238095
0.6923809523809523
0.6471428571428571
0.7242857142857143
0.7604761904761904
0.7395238095238095
0.740952380952381
0.8052380952380952
0.8028571428571428
0.899047619047619
0.8819047619047619
0.8442857142857143
0.8376190476190476
0.8738095238095239
0.8857142857142858
0.8161904761904762
0.9157142857142857
0.9976190476190476
1.0157142857142858
0.9847619047619047
1.0095238095238095
0.9428571428571428
1.0971428571428572
1.0871428571428572
1.0847619047619048
1.1557142857142857
1.1423809523809523
1.151904761904762
1.1966666666666665
1.0652380952380953
1.26
1.3023809523809522
1.362857142857143
1.2095238095238094
1.262857142857143
1.3285714285714285
1.368095238095238
1.400952380952381
1.4257142857142857
1.409047619047619
1.5404761904761906
1.4514285714285715
1.5328571428571427
1.5019047619047619
1.4852380952380952
1.7066666666666668
1.7580952380952382
1.7442857142857144
1.7366666666666666
1.9714285714285713
1.8423809523809522
1.74
1.628095238095238
1.8266666666666667
1.6566666666666667
1.7338095238095237
1.73
1.821904761904762
1.851904761904762
2.067619047619048
1.9847619047619047
2.1804761904761905
2.163809523809524
2.2009523809523808
2.1228571428571428
1.9052380952380952
1.985238095238095
2.1814285714285715
2.2666666666666666
2.3004761904761906
2.2119047619047616
2.2223809523809526
2.2238095238095235
2.454285714285714
2.2995238095238095
2.103809523809524
2.094761904761905
2.036190476190476
1.9686363636363637
2.0454545454545454
2.109090909090909
2.3318181818181816
2.385
2.3981818181818184
2.516363636363636
2.4436363636363634
2.4686363636363637
2.2227272727272727
2.3613636363636363
2.321818181818182
2.6813636363636366
2.6654545454545455
2.4963636363636366
2.4395454545454545
2.555
2.394090909090909
2.461818181818182
2.3563636363636364
2.614090909090909
2.5795454545454546
2.658181818181818
2.627727272727273
2.5936363636363637
2.3204545454545453
2.265
2.5518181818181818
2.3972727272727274
2.424090909090909
2.5404545454545455
2.2186363636363637
2.4045454545454543
2.5686363636363634
2.401818181818182
2.4481818181818182
2.450454545454545
2.465909090909091
2.4690909090909092
2.744090909090909
2.4622727272727274
2.526818181818182
2.485909090909091
2.235909090909091
2.4854545454545454
2.226363636363636
2.369090909090909
2.3459090909090907
2.4686363636363637
2.166818181818182
2.3572727272727274
2.5313636363636363
2.6395454545454546
2.3222727272727273
2.4863636363636363
2.300909090909091
2.574090909090909
2.3995454545454544
2.5313636363636363
2.5218181818181815
2.5568181818181817
2.630909090909091
2.2536363636363634
2.3395454545454544
2.315
2.584090909090909
2.390909090909091
2.388181818181818
2.486818181818182
2.3440909090909092
2.3936363636363636
1.9754545454545456
2.105
2.3109090909090906
2.0354545454545456
2.096818181818182
2.118181818181818
2.138181818181818
2.166363636363636
2.2513636363636365
2.006818181818182
2.102272727272727
2.1845454545454546
2.131818181818182
1.8927272727272728
1.8177272727272729
1.8909090909090909
1.8645454545454547
1.770909090909091
1.9268181818181818
1.9277272727272725
1.9072727272727272
1.6922727272727272
1.8795454545454546
1.780909090909091
1.8277272727272729
1.9518181818181817
1.6840909090909093
1.8981818181818182
1.675
1.8163636363636364
1.6686363636363637
1.6936363636363636
1.725
1.5936363636363637
1.6468181818181817
1.4390909090909092
1.4945454545454546
1.4931818181818182
1.5545454545454547
1.4268181818181818
1.4063636363636365
1.531818181818182
1.4677272727272728
1.49
1.5413636363636363
1.326818181818182
1.305909090909091
1.3781818181818182
1.325909090909091
1.300909090909091
1.294090909090909
1.2427272727272727
1.1831818181818181
1.1863636363636365
1.2090909090909092
1.1927272727272729
1.2481818181818183
1.143181818181818
1.255
1.0245454545454544
1.0709090909090908
0.9604545454545454
0.9445454545454546
0.9309090909090909
0.9372727272727274
1.0476190476190477
0.9185714285714285
0.9876190476190475
1.0
0.9447619047619048
1.0052380952380953
0.8995238095238095
0.809047619047619
0.8857142857142858
0.9171428571428573
0.7309523809523809
0.6704761904761904
0.6195238095238095
0.6828571428571428
0.6685714285714285
0.6866666666666666
0.7204761904761905
0.7704761904761904
0.7038095238095238
0.67
0.659047619047619
0.5885714285714285
0.5685714285714285
0.6342857142857143
0.7528571428571429
0.6366666666666666
0.7104761904761905
0.6871428571428572
0.5776190476190477
0.5695238095238094
0.5947619047619048
0.5152380952380953
0.5038095238095238
0.520952380952381
0.5414285714285715
0.5052380952380953
0.5257142857142858
0.5142857142857143
0.5076190476190476
0.5004761904761905
0.41571428571428576
0.5723809523809523
0.4747619047619048
0.43380952380952376
0.4276190476190476
0.3395238095238095
0.35333333333333333
0.370952380952381
0.34619047619047616
0.3423809523809524
0.4347619047619048
0.40761904761904766
0.3585714285714286
0.33190476190476187
0.3842857142857143
0.4457142857142857
0.35095238095238096
0.3976190476190476
0.32047619047619047
0.2752380952380952
0.3666666666666667
0.3757142857142857
0.33904761904761904
0.3742857142857143
0.2976190476190476
0.3647619047619048
0.32857142857142857
0.4547619047619048
0.4
0.3866666666666666
0.3771428571428571
0.28238095238095234
0.24666666666666665
0.28619047619047616
0.35714285714285715
0.34904761904761905
0.39952380952380956
0.3166666666666667
0.24666666666666665
0.2652380952380953
0.2742857142857143
0.31761904761904763
0.2542857142857143
0.26095238095238094
0.3771428571428571
0.27904761904761904
0.25142857142857145
0.26142857142857145
0.24333333333333335
0.3157142857142857
0.2723809523809524
0.3295238095238095
