temperature
3.896
3.779
3.507
3.941
4.54
4.88
4.6659999999999995
4.247
3.7689999999999997
4.058999999999999
4.244
5.173
5.734
4.714
4.817
3.906
4.368
3.749
5.1049999999999995
5.175
3.989
3.685
3.8329999999999997
3.868
3.4240000000000004
2.904
3.1479999999999997
3.255
3.647
4.101000000000001
4.473
4.54
5.11
5.096
5.836
5.282
5.506
4.668
4.457
4.595000000000001
5.518
6.772
6.851999999999999
4.668
3.2670000000000003
3.7589999999999995
4.109
4.037
4.352
4.254
3.7350000000000003
4.2909999999999995
4.068
4.289
4.319
4.059
4.553
4.24
3.7299999999999995
4.229
4.002
4.189
4.683
4.473
4.840999999999999
6.503
6.054
5.656000000000001
6.0329999999999995
6.143
4.845000000000001
4.702
5.325
6.514
7.156000000000001
7.636999999999999
6.795999999999999
6.1659999999999995
6.159000000000001
6.7170000000000005
7.075
7.382
7.209999999999999
6.836
6.544
6.321
6.495
7.048
7.224000000000001
7.406999999999999
8.018
8.195
8.22
7.753
7.393000000000001
7.4670000000000005
5.962999999999999
5.8759999999999994
6.7219999999999995
7.058
6.636
6.302
5.943
6.381
6.640000000000001
7.098999999999999
7.606
7.226999999999999
6.434
7.164
8.626999999999999
9.511
9.303
9.277
9.64
9.594
10.098
10.077000000000002
9.325999999999999
9.515
10.017
10.487
10.267
9.324
8.784
8.567
9.51
9.924000000000001
10.068999999999999
10.427
10.716
10.509
10.879
11.245999999999999
11.815000000000001
12.138
11.238
11.2
11.634
11.947
11.193
10.790000000000001
11.065000000000001
11.401
11.367
11.742999999999999
12.417
12.175999999999998
12.524
13.238
13.428
13.297999999999998
13.238
12.398
12.279
13.156
13.709
13.568999999999999
13.447
13.751
13.458000000000002
12.693
12.747
13.166999999999998
14.163
14.412
15.084
15.344999999999999
15.556000000000001
15.794
14.948000000000002
13.466
13.943999999999999
14.229
14.37
14.290000000000001
14.386
14.014
14.206
14.372
13.844999999999999
14.023
14.425
14.537
14.488999999999999
14.647
14.969999999999999
15.237
15.292000000000002
15.459999999999999
15.6
15.167000000000002
15.278
15.436000000000002
15.678
16.044999999999998
15.758000000000001
15.072
15.509
15.937000000000001
16.05
15.931000000000001
15.998
16.549
15.821000000000002
15.244
15.475
16.159
16.764
17.408
17.238
16.352
16.577
16.362000000000002
16.107
16.301
16.981
17.474
17.288999999999998
17.04
17.413999999999998
17.232
17.338
16.853
16.633000000000003
16.747999999999998
16.723
16.274
16.724
16.73
16.538
16.193
15.677000000000001
15.503
15.981
15.745
15.376
15.255
14.811000000000002
14.403
14.553
14.622
14.547999999999998
14.289000000000001
14.474
15.461000000000002
15.362
15.11
15.276
14.981
14.497
13.946000000000002
14.216999999999999
14.696000000000002
14.11
13.284
13.047
12.981
12.623000000000001
12.704
13.751
13.609
13.428999999999998
12.979
12.548
12.406
12.472
12.102
12.477
13.263
13.032
12.99
13.803999999999998
13.334999999999999
11.617
11.331
11.393
10.692
10.83
10.748999999999999
11.876000000000001
11.921000000000001
11.267999999999999
10.58
10.175
10.516
10.91
10.786
10.367
10.013
8.767
9.244
8.735
9.701
9.876
9.812999999999999
9.769
9.699000000000002
9.331
9.212
8.574000000000002
8.77
8.673
8.42
8.53
8.497
8.553
7.862
8.577
8.164
8.082
8.224
7.3629999999999995
7.025
6.962999999999999
7.470000000000001
6.843999999999999
5.771
6.043
6.128
6.095000000000001
6.138
5.8229999999999995
5.2219999999999995
4.8950000000000005
5.056
5.667
6.611
6.5840000000000005
6.926
6.349
6.839
6.986
6.734999999999999
6.096
5.43
5.246
4.789
4.393
4.99
4.808999999999999
4.4910000000000005
4.536
3.978
4.715
5.45
5.772
4.426
3.338
3.8810000000000002
3.7670000000000003
3.504
3.589
2.669
3.271
3.678
5.1450000000000005
6.2299999999999995
5.095000000000001
3.4769999999999994
2.42
1.964
1.555
2.351
2.634
