temperature
2.7934782608695654
2.761304347826087
2.1069565217391304
2.283478260869565
2.8282608695652174
2.859565217391304
2.2952173913043477
2.640869565217391
2.7456521739130433
2.4899999999999998
2.349565217391304
1.6386956521739129
1.308695652173913
1.84
2.3178260869565217
2.4452173913043476
1.644782608695652
1.4843478260869565
2.2478260869565214
2.3752173913043477
2.898695652173913
2.9400000000000004
2.537391304347826
2.611304347826087
2.4
1.9530434782608697
1.836521739130435
1.73
2.2108695652173913
1.9430434782608694
1.662608695652174
1.7595652173913043
2.7043478260869565
2.9786956521739127
2.994347826086957
2.9765217391304346
3.2430434782608697
2.9743478260869565
2.715217391304348
2.274782608695652
2.003478260869565
1.4595652173913043
1.6534782608695653
1.6878260869565218
1.331304347826087
0.9017391304347825
0.9
1.36
1.6747826086956523
1.8630434782608696
1.9630434782608694
2.442608695652174
2.86
2.917391304347826
2.953478260869565
2.460434782608696
2.740869565217391
2.816086956521739
2.7430434782608697
3.0482608695652176
3.28695652173913
3.226086956521739
3.2886956521739132
3.548695652173913
4.241304347826087
4.392608695652174
4.390434782608696
3.9991304347826087
4.1982608695652175
4.259565217391304
4.357391304347826
4.257391304347826
3.801304347826087
3.790434782608696
3.6617391304347824
4.067391304347826
4.102173913043478
3.7230434782608692
3.760869565217391
3.79
3.7726086956521736
3.8969565217391304
4.17
4.590869565217392
4.216086956521739
4.404782608695652
4.410434782608696
4.536086956521739
5.067391304347826
4.974347826086956
5.259090909090909
4.8104545454545455
4.034545454545455
4.372272727272727
4.722272727272728
4.781363636363636
4.787727272727273
4.575454545454545
4.7690909090909095
5.159545454545455
5.567727272727272
6.128181818181818
5.786363636363636
6.025
6.395454545454545
6.594090909090909
6.293181818181818
6.401363636363637
6.787727272727272
6.605
6.920909090909091
7.003181818181818
6.765
6.501363636363636
6.645454545454545
6.605909090909091
6.4390909090909085
6.26
6.674545454545455
6.862727272727272
6.862727272727272
6.816363636363636
7.2268181818181825
7.541818181818183
7.645
7.827727272727273
8.082727272727272
8.557727272727274
7.85
8.055
8.755
8.402272727272727
9.065454545454545
8.97
9.178636363636365
9.052727272727273
8.971363636363636
9.517727272727273
9.309545454545455
9.9
9.85
9.652727272727274
9.996818181818183
10.475
10.532727272727273
10.398181818181818
10.358181818181817
9.915454545454544
10.057727272727274
10.128636363636362
10.319545454545455
10.808636363636364
10.796363636363637
10.94681818181818
10.958181818181817
10.893181818181818
10.741363636363637
11.031363636363636
11.08
11.318181818181818
11.065
11.020909090909091
11.344545454545454
11.029545454545454
11.276818181818182
11.384090909090908
11.776363636363635
11.868181818181819
11.738636363636363
12.388636363636364
12.47
12.067727272727273
12.097272727272726
12.096363636363636
11.975
12.477727272727272
12.47409090909091
12.333181818181817
12.284999999999998
12.47
12.952272727272726
12.985454545454546
13.036818181818182
13.344090909090909
13.77409090909091
14.123636363636365
14.090909090909092
14.328636363636365
14.382272727272726
13.96
13.838636363636363
14.221363636363636
14.006363636363636
14.084545454545456
14.000454545454545
13.940454545454545
13.857727272727272
13.351363636363637
13.37090909090909
13.720454545454546
14.170454545454545
13.85409090909091
13.705909090909092
13.585909090909091
13.614545454545453
14.135000000000002
14.32090909090909
14.562727272727273
14.464545454545453
14.692272727272728
14.172272727272729
13.741818181818182
13.606818181818182
14.025
14.014999999999999
13.557727272727272
13.835454545454546
13.795
13.485909090909091
13.47272727272727
13.852272727272727
13.414545454545454
13.605
13.808636363636365
13.930454545454547
13.965454545454547
14.167727272727273
13.706363636363637
13.27909090909091
13.241818181818182
13.413636363636364
13.77727272727273
13.72409090909091
13.747272727272728
13.188181818181818
13.643636363636364
13.623636363636363
13.44818181818182
13.085
13.102272727272727
13.411363636363637
12.875454545454545
12.491363636363637
12.982727272727272
12.510000000000002
12.523181818181818
12.342727272727274
12.245454545454544
11.945454545454545
11.873181818181818
12.355
11.864545454545453
11.484545454545454
11.213181818181818
11.272727272727273
10.97181818181818
10.901818181818182
11.06
11.345454545454546
11.600909090909092
11.294545454545455
10.612272727272726
10.991363636363637
10.865454545454545
10.521363636363636
11.013636363636364
10.567727272727273
9.998181818181818
9.681818181818182
9.727727272727272
10.302727272727273
10.58090909090909
10.201818181818181
10.203043478260868
10.094347826086956
9.911739130434782
10.072173913043478
9.64913043478261
9.50608695652174
9.33
9.014347826086956
9.54304347826087
9.203478260869565
8.730434782608697
8.666956521739131
8.034782608695652
8.004347826086956
7.981304347826087
7.903478260869565
7.517826086956521
7.729565217391304
7.712173913043478
7.541739130434783
7.118695652173913
7.182608695652173
7.444782608695652
7.57391304347826
7.583043478260869
7.572173913043478
7.223478260869566
7.138260869565218
6.881304347826087
7.096521739130435
7.1552173913043475
6.6839130434782605
6.889130434782608
6.5826086956521745
6.319999999999999
5.765652173913044
5.39
5.891304347826087
6.14304347826087
5.9799999999999995
6.003478260869565
5.944782608695652
5.134347826086957
4.489130434782608
4.071304347826087
4.4830434782608695
4.28304347826087
4.1173913043478265
4.530434782608696
4.156521739130435
3.362173913043478
3.513478260869565
4.10695652173913
4.492173913043478
4.503043478260869
4.339565217391304
3.8460869565217393
3.356521739130435
3.292608695652174
2.9800000000000004
3.045217391304348
3.279130434782609
3.636086956521739
3.8869565217391306
3.9904347826086957
3.960434782608696
3.5939130434782607
2.986521739130435
2.5613043478260873
2.4117391304347824
2.507391304347826
2.8073913043478256
2.9956521739130433
2.994782608695652
3.493913043478261
3.794782608695652
3.575217391304348
3.0578260869565215
2.888695652173913
3.180869565217391
3.137826086956522
3.707391304347826
3.066086956521739
3.4826086956521745
3.5913043478260875
3.6956521739130435
3.7030434782608697
3.2086956521739127
3.384782608695652
3.073913043478261
2.6791304347826084
2.701304347826087
