temperature
4.19
3.6672727272727275
3.495
3.411818181818182
4.476818181818182
3.9186363636363635
4.177727272727273
4.245
4.08909090909091
4.521818181818182
4.641363636363637
5.263636363636364
5.095909090909091
4.415909090909091
5.095909090909091
4.434090909090909
4.418181818181818
4.3977272727272725
4.621363636363636
4.258181818181819
3.705
3.641363636363636
3.5295454545454548
3.679090909090909
3.9322727272727276
3.498181818181818
3.566818181818182
3.5681818181818183
3.627272727272727
3.4136363636363636
3.494090909090909
3.764090909090909
3.494090909090909
3.5536363636363633
4.566363636363636
4.6022727272727275
4.373181818181819
3.9349999999999996
3.466818181818182
3.588181818181818
3.9
4.6440909090909095
4.958181818181818
4.399545454545454
3.5504545454545453
4.0636363636363635
3.8886363636363637
3.956363636363636
3.9272727272727277
4.0600000000000005
3.627272727272727
3.7881818181818185
4.21909090909091
4.415454545454545
4.513636363636364
4.584090909090909
4.614090909090909
4.481818181818182
4.167727272727273
3.9709090909090907
3.5700000000000003
3.694545454545455
3.6340909090909093
3.8490909090909096
4.6486363636363635
5.430000000000001
5.5631818181818184
5.434545454545455
5.5204545454545455
5.221363636363637
4.932727272727273
4.431363636363636
4.950454545454545
5.734090909090909
5.643636363636364
6.050454545454546
5.43
5.001363636363636
5.094545454545455
5.512727272727273
5.780454545454545
6.120909090909091
6.208181818181819
6.559545454545455
6.173636363636363
5.671363636363636
5.916363636363636
6.329090909090909
6.565
6.820909090909091
7.029130434782609
6.994782608695652
6.633478260869565
6.395652173913043
6.424347826086956
7.017391304347826
6.14304347826087
6.150869565217391
6.683478260869565
6.84
6.552608695652174
6.4943478260869565
6.496956521739131
7.0
7.0691304347826085
7.22
7.384782608695652
6.960869565217391
6.641304347826087
7.182173913043478
8.01086956521739
8.44304347826087
8.904782608695653
8.898695652173913
8.92
8.743478260869566
8.788260869565217
8.917826086956522
8.80304347826087
8.913913043478262
9.166521739130435
9.411304347826087
9.315652173913042
9.231304347826086
9.287391304347825
9.150869565217391
9.56304347826087
9.541304347826086
9.491739130434782
9.833043478260869
10.304347826086957
9.975652173913044
9.682608695652174
9.642608695652173
10.001304347826087
10.156956521739131
9.923478260869565
9.796521739130435
10.11
10.169565217391305
10.30695652173913
10.499130434782609
10.998695652173913
11.082173913043478
10.869565217391305
10.709565217391305
10.914347826086956
10.868695652173912
11.12304347826087
11.650434782608695
11.811304347826088
11.987826086956522
12.488260869565218
12.227826086956522
11.876956521739132
11.858695652173912
12.216521739130435
12.16391304347826
12.181304347826087
12.564347826086957
12.533043478260868
12.325652173913044
12.04695652173913
12.098695652173912
12.480869565217391
12.59695652173913
13.071304347826086
13.457826086956523
13.42086956521739
13.557391304347826
13.211304347826088
12.649565217391304
12.89
13.121739130434783
13.172173913043478
13.607826086956523
13.754782608695653
13.665652173913044
13.955652173913045
14.347826086956522
14.275217391304347
14.349565217391305
14.243043478260871
14.27608695652174
14.176521739130434
13.909130434782607
13.733478260869566
14.0
14.090434782608694
14.186086956521738
14.805217391304348
14.412173913043478
14.450869565217392
14.265217391304349
14.484782608695651
14.62782608695652
14.748695652173915
14.43086956521739
14.94086956521739
15.359565217391303
15.006086956521738
14.631304347826086
14.623913043478263
15.036521739130434
15.01608695652174
15.299999999999999
15.200869565217392
15.254347826086958
15.18695652173913
15.215217391304348
14.966956521739132
14.877391304347826
15.290000000000001
15.296086956521739
15.317826086956522
15.187826086956521
15.445652173913043
15.14608695652174
15.033043478260868
14.85086956521739
15.148260869565219
15.050434782608697
15.38478260869565
14.891739130434782
14.374782608695652
14.594347826086958
14.630434782608695
14.466521739130435
14.690434782608696
14.576521739130435
14.81304347826087
14.922608695652174
14.601304347826087
14.715217391304348
14.488695652173913
13.829999999999998
13.908260869565217
14.27608695652174
13.64304347826087
13.354782608695654
13.349130434782607
13.588695652173914
13.709999999999999
13.366521739130436
13.496521739130435
13.935652173913043
13.582173913043478
13.539130434782608
13.45695652173913
13.33695652173913
13.140434782608697
13.062173913043479
13.392608695652173
13.53
12.903478260869564
12.721739130434784
12.172173913043478
11.952173913043477
11.801304347826088
11.842173913043478
12.35217391304348
12.662173913043478
12.64782608695652
12.523913043478261
12.183478260869567
11.956521739130435
11.712608695652174
11.418695652173913
11.60217391304348
11.73521739130435
12.132173913043479
12.134347826086955
12.41
12.390454545454544
11.43909090909091
11.289090909090909
10.442727272727273
10.398636363636363
10.707272727272727
10.386363636363637
11.209545454545456
11.075909090909091
10.912727272727274
10.757727272727273
10.400454545454545
10.007727272727273
9.93818181818182
10.083636363636364
9.932727272727274
9.455
9.02590909090909
9.172272727272727
8.657272727272728
9.407727272727273
9.353636363636364
9.411363636363637
9.56
9.355
9.560454545454546
9.671363636363637
9.032272727272728
8.835454545454546
9.344545454545454
9.170454545454545
8.353636363636364
8.161818181818182
8.282727272727273
7.869999999999999
8.324545454545456
7.826363636363637
7.547727272727272
8.001363636363637
7.1827272727272735
7.322727272727272
7.689545454545455
7.458181818181819
7.572727272727272
6.971363636363637
6.716363636363636
6.29909090909091
6.4422727272727265
6.420000000000001
5.835909090909092
5.903636363636363
5.682727272727273
5.440909090909091
5.319545454545454
6.066818181818181
5.705
6.036818181818182
5.920000000000001
5.725454545454546
5.631818181818182
5.579545454545454
5.135909090909091
5.247272727272727
5.1477272727272725
5.225909090909091
5.065454545454545
4.955909090909091
4.709545454545455
4.723636363636364
4.781818181818182
4.882727272727273
4.672272727272728
4.854090909090909
4.736363636363636
4.083181818181818
3.8150000000000004
4.119090909090909
3.716818181818182
3.860454545454546
3.696818181818182
2.902727272727273
4.067727272727272
4.0645454545454545
4.72409090909091
4.857272727272727
3.963636363636364
3.5704545454545453
3.6177272727272727
3.17
3.3318181818181816
3.8754545454545455
3.928181818181818
