temperature
2.9021052631578947
2.994736842105263
2.634210526315789
2.816842105263158
3.311578947368421
3.1363157894736844
2.4357894736842107
2.745789473684211
3.2463157894736843
2.756315789473684
2.5168421052631578
2.696842105263158
2.245263157894737
2.5726315789473686
2.7294736842105265
3.2331578947368422
2.7757894736842106
2.5452631578947367
2.9694736842105263
3.0557894736842104
3.2868421052631582
3.015263157894737
2.6721052631578948
3.048421052631579
2.487894736842105
2.245789473684211
2.0821052631578945
2.246842105263158
2.9721052631578946
3.0826315789473684
2.9863157894736845
2.905263157894737
3.081578947368421
3.4463157894736844
3.8636842105263156
3.892631578947368
4.3
3.6021052631578945
3.0626315789473684
3.0694736842105264
2.7405263157894737
2.4742105263157894
2.736842105263158
2.5147368421052634
1.9957894736842106
2.095263157894737
2.0105263157894737
2.4773684210526317
2.5426315789473684
2.533684210526316
2.423157894736842
2.4426315789473683
3.2142105263157896
3.1831578947368424
3.243157894736842
2.6226315789473684
2.9578947368421056
3.6416666666666666
3.803888888888889
3.5244444444444443
3.6727777777777777
3.736111111111111
3.9355555555555557
4.853888888888889
5.397222222222222
5.454444444444444
5.316666666666666
4.864444444444445
5.61
5.447222222222222
5.1211111111111105
5.404999999999999
5.008333333333334
4.510555555555555
4.2538888888888895
4.702222222222222
4.755555555555556
4.4
4.2877777777777775
4.582222222222223
4.696666666666666
4.908888888888889
5.045
5.58388888888889
5.0488888888888885
5.137222222222222
5.105555555555556
5.169444444444444
5.82
5.887222222222222
6.279444444444445
5.543333333333333
4.917777777777777
4.928888888888888
5.275555555555555
5.6161111111111115
5.739999999999999
5.573888888888889
6.221111111111111
6.961666666666667
6.946111111111112
7.267777777777777
6.578888888888889
6.896111111111111
7.278333333333332
7.651666666666666
7.458888888888889
6.843333333333334
7.414444444444445
7.313888888888889
7.577222222222222
7.811666666666667
7.822222222222223
7.74388888888889
7.523888888888889
7.762777777777777
8.122777777777777
8.006111111111112
8.605555555555556
8.861666666666666
8.311666666666666
8.202222222222222
8.435555555555556
8.371666666666666
8.584444444444445
8.88888888888889
9.092777777777778
9.198888888888888
8.29888888888889
8.206111111111111
9.224444444444444
9.285555555555554
9.969444444444443
10.250555555555556
10.303333333333335
9.801666666666668
9.637777777777778
9.65611111111111
9.741666666666667
10.287222222222223
10.664444444444445
10.571111111111112
11.06
11.518888888888888
11.212222222222222
10.84388888888889
10.674444444444443
10.317777777777778
10.970555555555556
11.322222222222223
11.649999999999999
11.97
11.721666666666668
11.971666666666668
11.927222222222222
11.870555555555555
11.882777777777777
11.898888888888889
11.871666666666666
12.47111111111111
12.394444444444444
12.237222222222222
12.115555555555554
12.312777777777777
12.47888888888889
12.380555555555555
12.96888888888889
13.472222222222221
13.14111111111111
13.542222222222222
13.931666666666667
12.876111111111111
12.985
12.52888888888889
12.784444444444444
13.277777777777779
13.763333333333334
13.928333333333335
14.168888888888889
14.09388888888889
14.011666666666667
13.746111111111112
13.446111111111112
13.985555555555557
14.50111111111111
14.510555555555555
14.664444444444444
14.957222222222223
15.20111111111111
14.630000000000003
14.775555555555554
15.544444444444444
15.259444444444446
15.346666666666668
15.162777777777778
15.226666666666667
14.849444444444442
14.583888888888888
14.553333333333333
15.136111111111111
15.598333333333333
15.239444444444445
14.992777777777778
15.258888888888887
15.370555555555557
15.745555555555557
15.736666666666666
15.998421052631578
15.699473684210528
16.032105263157895
15.6
15.286842105263156
15.002105263157896
15.387368421052633
15.413684210526316
14.995789473684212
14.99842105263158
14.984736842105262
14.354736842105263
14.286315789473685
14.590526315789475
14.377894736842105
14.880526315789474
14.840526315789475
14.577894736842106
14.620526315789474
14.943684210526316
14.537894736842107
14.484736842105262
14.852631578947367
15.287894736842107
15.477894736842105
15.263684210526316
15.138421052631578
13.937894736842106
14.016315789473685
13.994210526315788
13.773684210526316
13.467368421052631
13.77842105263158
14.257894736842104
13.856315789473683
13.331052631578947
13.891052631578948
13.486315789473684
13.694736842105263
13.283157894736842
12.790526315789474
12.551578947368421
12.722105263157895
13.085263157894737
12.971052631578948
12.961052631578946
12.633157894736842
12.512105263157894
12.281578947368422
11.799473684210525
11.647894736842105
12.267894736842106
12.724210526315789
12.56578947368421
12.008947368421053
12.186315789473683
12.034736842105263
11.566315789473684
11.766842105263157
11.518947368421053
10.781578947368422
10.823157894736843
10.879473684210527
11.316842105263158
11.468947368421052
11.198947368421052
11.320526315789474
10.91263157894737
10.606842105263159
10.611052631578948
10.212631578947368
10.42578947368421
10.55421052631579
10.355263157894736
10.869473684210528
10.322105263157894
9.744210526315788
10.032631578947369
9.73157894736842
9.561052631578947
9.23
8.482105263157894
8.216842105263158
8.206842105263158
8.625263157894736
8.634736842105264
7.964736842105264
7.843684210526316
8.053157894736842
8.142631578947368
8.253157894736843
8.544210526315789
7.913684210526315
7.921052631578948
7.489473684210527
7.822105263157895
7.95
7.830526315789474
7.356315789473685
7.433684210526316
7.094210526315789
6.692105263157895
6.131578947368421
6.785263157894736
7.0668421052631585
6.7
6.620526315789474
6.886842105263158
6.537368421052631
5.83
5.484736842105263
6.034210526315789
5.645789473684211
5.400526315789474
6.030526315789474
5.428421052631579
4.572631578947369
4.634736842105263
5.018421052631578
5.3052631578947365
4.95578947368421
5.237894736842105
4.979473684210526
4.078421052631579
3.8426315789473686
3.8205263157894738
4.234210526315789
4.639473684210526
5.165263157894737
5.697894736842105
5.177368421052631
4.48
3.9099999999999997
3.255263157894737
2.8642105263157895
3.1936842105263157
3.1257894736842107
3.4810526315789474
3.561052631578947
3.336315789473684
3.4552631578947373
3.8515789473684214
3.995789473684211
4.048947368421052
3.477368421052632
3.7315789473684213
2.996842105263158
3.556315789473684
2.8315789473684214
3.201578947368421
3.7552631578947366
3.676315789473684
3.4726315789473685
2.8989473684210525
3.4194736842105264
3.278421052631579
2.941052631578947
3.037894736842105
