pet
0.22454545454545452
0.18136363636363637
0.3318181818181818
0.23272727272727273
0.19272727272727275
0.20227272727272727
0.2109090909090909
0.1881818181818182
0.2581818181818182
0.25181818181818183
0.27954545454545454
0.39909090909090905
0.21045454545454545
0.22227272727272726
0.34136363636363637
0.23136363636363635
0.2609090909090909
0.26272727272727275
0.27545454545454545
0.2509090909090909
0.31181818181818177
0.2918181818181818
0.2459090909090909
0.2772727272727273
0.24909090909090906
0.2459090909090909
0.2863636363636364
0.29863636363636364
0.24818181818181817
0.34363636363636363
0.31272727272727274
0.3327272727272727
0.35409090909090907
0.4068181818181818
0.375
0.31272727272727274
0.35318181818181815
0.335
0.40318181818181814
0.3836363636363636
0.35363636363636364
0.32045454545454544
0.305
0.3468181818181818
0.3613636363636364
0.4581818181818182
0.4636363636363636
0.36818181818181817
0.36590909090909096
0.4727272727272727
0.4509090909090909
0.46954545454545454
0.5204545454545454
0.52
0.5104545454545455
0.5609090909090909
0.5695454545454545
0.5054545454545454
0.5681818181818182
0.5195454545454545
0.5595454545454546
0.4959090909090909
0.635
0.6522727272727272
0.6790909090909091
0.6886363636363636
0.6777272727272727
0.7386363636363636
0.7786363636363636
0.8009090909090909
0.765909090909091
0.8095454545454545
0.77
0.7859090909090909
0.7345454545454545
0.8404545454545456
0.8136363636363636
0.9045454545454544
0.8481818181818181
0.9004545454545454
0.7922727272727272
0.9563636363636363
0.9368181818181818
0.9213636363636364
0.9459090909090908
1.0190909090909093
0.9940909090909091
1.0250000000000001
0.9850000000000001
1.0931818181818183
1.184782608695652
1.1891304347826088
1.0782608695652174
1.122608695652174
1.2839130434782609
1.1652173913043478
1.201304347826087
1.19
1.1730434782608696
1.4395652173913043
1.2004347826086956
1.388695652173913
1.335217391304348
1.3282608695652174
1.4843478260869565
1.4782608695652173
1.6095652173913044
1.3621739130434782
1.5956521739130436
1.52
1.4913043478260868
1.442608695652174
1.5608695652173912
1.518695652173913
1.482608695652174
1.5482608695652174
1.5334782608695654
1.6256521739130434
1.7343478260869565
1.7008695652173913
1.8456521739130436
1.7808695652173914
1.8878260869565218
1.8030434782608695
1.7630434782608695
1.8982608695652172
1.8991304347826088
2.049130434782609
2.035217391304348
2.0965217391304347
2.026521739130435
1.9221739130434783
2.141304347826087
2.1734782608695653
1.8691304347826088
1.923913043478261
1.8004347826086955
1.9882608695652173
1.8347826086956522
1.9517391304347826
2.0634782608695654
2.2769565217391308
2.2743478260869567
2.405217391304348
2.1804347826086956
2.2869565217391306
2.097826086956522
2.110869565217391
2.0143478260869565
2.218695652173913
2.282608695652174
2.1839130434782605
2.0917391304347825
2.2395652173913043
2.095652173913044
2.1008695652173914
2.283478260869565
2.2778260869565217
2.24
2.2530434782608695
2.200869565217391
2.2704347826086955
2.0582608695652174
2.0560869565217392
2.378695652173913
2.0669565217391304
2.09
2.2221739130434783
2.0417391304347827
2.1343478260869566
2.2004347826086956
2.0904347826086958
2.023913043478261
2.115652173913044
2.1095652173913044
2.1630434782608696
2.3682608695652174
2.3752173913043477
2.3091304347826087
2.1160869565217393
1.9982608695652175
2.26
2.0965217391304347
2.251304347826087
2.179130434782609
2.069130434782609
1.998695652173913
2.1008695652173914
2.2517391304347827
2.373913043478261
1.9465217391304346
2.1656521739130437
1.9700000000000002
2.2247826086956524
2.0843478260869563
2.3704347826086956
2.1734782608695653
2.2878260869565215
2.1669565217391304
1.9243478260869564
2.0934782608695652
2.1217391304347823
2.4
2.0704347826086957
2.1717391304347826
2.0656521739130436
2.1630434782608696
2.2056521739130432
1.7691304347826087
1.9608695652173913
2.024782608695652
1.9291304347826086
1.9547826086956521
1.8469565217391306
1.9860869565217392
2.1530434782608694
2.033913043478261
1.8234782608695652
1.8595652173913044
1.8643478260869566
1.7778260869565217
1.7065217391304348
1.557391304347826
1.6652173913043478
1.856521739130435
1.6147826086956523
1.7773913043478262
1.7747826086956522
1.6886956521739132
1.453478260869565
1.6973913043478261
1.7091304347826088
1.732608695652174
1.7369565217391303
1.4900000000000002
1.7260869565217392
1.538695652173913
1.6556521739130434
1.414782608695652
1.4360869565217391
1.5813043478260869
1.4421739130434783
1.462608695652174
1.2065217391304348
1.4030434782608694
1.3321739130434782
1.377391304347826
1.3430434782608696
1.2469565217391305
1.342608695652174
1.396086956521739
1.306521739130435
1.3204347826086957
1.1134782608695653
1.1104347826086955
1.1517391304347826
1.1169565217391304
1.112608695652174
1.0295652173913044
1.0073913043478262
0.9873913043478261
1.0047826086956522
1.038695652173913
0.9917391304347826
1.0708695652173912
0.9756521739130435
0.9165217391304347
0.8908695652173914
0.9595652173913044
0.8478260869565217
0.741304347826087
0.773913043478261
0.7973913043478261
0.8131818181818182
0.7245454545454545
0.8518181818181817
0.7672727272727272
0.805
0.8145454545454546
0.755
0.6509090909090909
0.7127272727272728
0.7404545454545454
0.6072727272727273
0.5795454545454546
0.48045454545454547
0.5113636363636364
0.49227272727272725
0.5236363636363636
0.5195454545454545
0.5609090909090909
0.5418181818181819
0.49318181818181817
0.46545454545454545
0.38636363636363635
0.3522727272727273
0.455
0.5022727272727273
0.4336363636363636
0.465
0.4231818181818182
0.3768181818181819
0.3790909090909091
0.3654545454545455
0.3631818181818182
0.3640909090909091
0.4036363636363637
0.33636363636363636
0.28136363636363637
0.3318181818181818
0.3063636363636364
0.3704545454545455
0.30136363636363633
0.23954545454545453
0.3431818181818182
0.2822727272727273
0.23636363636363636
0.2822727272727273
0.27181818181818185
0.26
0.26545454545454544
0.2927272727272727
0.25181818181818183
0.30863636363636365
0.2868181818181818
0.21500000000000002
0.2072727272727273
0.24000000000000002
0.24818181818181817
0.23272727272727273
0.25727272727272726
0.18181818181818182
0.18863636363636366
0.22545454545454546
0.20363636363636362
0.2
0.24045454545454545
0.16727272727272727
0.21818181818181817
0.24136363636363634
0.21818181818181817
0.2340909090909091
0.21772727272727274
0.2545454545454546
0.17772727272727273
0.1590909090909091
0.1968181818181818
0.26272727272727275
0.2786363636363636
0.23772727272727276
0.2631818181818182
0.18727272727272729
0.17227272727272727
0.18181818181818182
0.2340909090909091
0.18772727272727271
0.20136363636363636
0.24045454545454545
0.17545454545454545
0.10681818181818183
0.11409090909090908
0.12181818181818183
0.12545454545454546
0.15545454545454546
0.17272727272727273
