pet
0.3656521739130435
0.33304347826086955
0.39217391304347826
0.31434782608695655
0.17173913043478262
0.30695652173913046
0.30347826086956525
0.28521739130434787
0.23086956521739133
0.3204347826086957
0.36869565217391304
0.391304347826087
0.32782608695652177
0.3582608695652174
0.17695652173913046
0.27
0.3417391304347826
0.2839130434782609
0.358695652173913
0.22826086956521738
0.33869565217391306
0.3495652173913043
0.31956521739130433
0.41304347826086957
0.2960869565217391
0.3682608695652174
0.31869565217391305
0.2808695652173913
0.2995652173913044
0.3208695652173913
0.4034782608695652
0.3717391304347826
0.3639130434782608
0.28695652173913044
0.38565217391304346
0.43043478260869567
0.4026086956521739
0.5421739130434783
0.45608695652173914
0.38913043478260867
0.4852173913043478
0.4186956521739131
0.38913043478260867
0.5091304347826088
0.4965217391304348
0.43652173913043485
0.45086956521739135
0.3391304347826087
0.40043478260869564
0.5073913043478261
0.45086956521739135
0.4730434782608695
0.59
0.5660869565217391
0.5478260869565217
0.5152173913043478
0.5834782608695652
0.5717391304347826
0.63
0.653913043478261
0.6830434782608696
0.8073913043478261
0.7578260869565218
0.7473913043478262
0.761304347826087
0.7017391304347826
0.7830434782608696
0.8282608695652174
0.6630434782608695
0.731304347826087
0.9078260869565217
0.7882608695652173
0.8139130434782608
0.8795652173913043
0.83
0.9278260869565217
0.976086956521739
0.8978260869565217
0.9417391304347826
1.0326086956521738
1.1060869565217393
1.1552173913043478
1.113913043478261
1.2130434782608694
1.1043478260869564
1.1852173913043478
1.1921739130434783
1.2260869565217392
1.1795652173913043
1.087391304347826
1.1004545454545456
1.1286363636363637
1.1895454545454547
1.2777272727272726
1.2622727272727272
1.2863636363636364
1.3013636363636363
1.2354545454545454
1.4213636363636364
1.3990909090909092
1.4236363636363636
1.515
1.5350000000000001
1.8004545454545455
1.6863636363636365
1.716818181818182
1.6340909090909093
1.565
1.6336363636363636
1.7372727272727273
1.6286363636363637
1.7309090909090907
1.762272727272727
1.7931818181818182
1.841818181818182
1.8986363636363635
1.9395454545454547
1.8622727272727273
1.7604545454545457
1.7477272727272728
1.925
2.045
2.0613636363636365
2.1313636363636363
2.0313636363636363
2.096818181818182
2.062727272727273
2.1304545454545454
2.1313636363636363
2.0386363636363636
2.1254545454545455
2.126818181818182
2.31
2.5613636363636365
2.4895454545454543
2.5827272727272725
2.438181818181818
2.351818181818182
2.545909090909091
2.4495454545454547
2.308181818181818
2.5336363636363637
2.210909090909091
2.483636363636364
2.4672727272727273
2.510909090909091
2.560909090909091
2.545909090909091
2.446818181818182
2.4186363636363635
2.5563636363636366
2.635
2.4431818181818183
2.575909090909091
2.7022727272727276
2.3604545454545454
2.355909090909091
2.569545454545455
2.5995454545454546
2.439090909090909
2.5327272727272727
2.355
2.5399999999999996
2.639090909090909
2.7790909090909093
2.804090909090909
2.622727272727273
2.5095454545454547
2.559090909090909
2.6395454545454546
2.933181818181818
2.653636363636364
2.836818181818182
2.5740909090909088
2.554090909090909
2.5504545454545453
2.701363636363636
2.6663636363636365
2.6472727272727274
2.895
2.8104545454545455
2.715909090909091
2.7581818181818183
3.2036363636363636
2.9022727272727273
2.874090909090909
3.1722727272727274
3.01
2.7504545454545455
2.788181818181818
2.565
2.859090909090909
2.725909090909091
2.726818181818182
2.5931818181818183
2.652727272727273
2.730909090909091
2.752727272727273
2.6672727272727275
2.565909090909091
2.6354545454545453
2.666363636363636
2.442727272727273
2.523181818181818
2.4577272727272725
2.8272727272727276
2.599090909090909
2.684090909090909
2.5422727272727275
2.79
2.5186363636363636
2.3445454545454543
2.6495454545454544
2.624090909090909
2.5381818181818185
2.5172727272727276
2.437727272727273
2.3449999999999998
2.122727272727273
2.242272727272727
2.229090909090909
2.3372727272727274
2.2836363636363637
2.317727272727273
2.2745454545454544
2.1572727272727272
2.421818181818182
2.5381818181818185
2.3345454545454545
2.0236363636363635
2.1
2.3436363636363637
2.2304545454545455
2.1663636363636365
2.0563636363636366
2.099090909090909
1.95
2.091818181818182
2.1077272727272724
1.955909090909091
1.8663636363636364
1.925
1.7840909090909092
1.7995454545454548
1.9063636363636363
1.8022727272727272
1.893181818181818
1.901818181818182
1.880909090909091
1.666818181818182
1.7295454545454545
1.7481818181818183
1.6863636363636365
1.6081818181818184
1.6
1.593181818181818
1.4963636363636363
1.3672727272727274
1.4427272727272726
1.3418181818181818
1.329090909090909
1.3754545454545455
1.4127272727272726
1.2577272727272728
1.2836363636363637
1.134090909090909
1.2218181818181817
1.074090909090909
0.9868181818181818
1.0131818181818182
1.0104545454545455
1.038181818181818
0.9631818181818183
1.0943478260869566
1.0217391304347827
0.961304347826087
0.9160869565217391
0.928695652173913
0.9430434782608696
0.9539130434782609
0.93
0.7608695652173914
0.8086956521739131
0.8830434782608695
0.7269565217391304
0.678695652173913
0.6908695652173913
0.5552173913043478
0.5978260869565217
0.771304347826087
0.6934782608695652
0.6873913043478261
0.6182608695652174
0.6404347826086957
0.6591304347826087
0.6221739130434782
0.5860869565217391
0.5552173913043478
0.43478260869565216
0.5191304347826087
0.4543478260869565
0.558695652173913
0.4434782608695652
0.46
0.43043478260869567
0.3704347826086956
0.46043478260869564
0.4773913043478261
0.46608695652173915
0.45956521739130435
0.3195652173913044
0.3660869565217391
0.5530434782608696
0.4578260869565217
0.4191304347826087
0.42347826086956525
0.5365217391304348
0.3565217391304348
0.43652173913043485
0.25956521739130434
0.3952173913043478
0.3226086956521739
0.41782608695652174
0.3365217391304348
0.2543478260869565
0.42869565217391303
0.24695652173913044
0.45695652173913043
0.39999999999999997
0.3
0.2852173913043478
0.24695652173913044
0.30782608695652175
0.17521739130434782
0.21565217391304348
0.26130434782608697
0.2791304347826087
0.27869565217391307
0.17695652173913046
0.29391304347826086
0.3247826086956522
0.17782608695652175
0.21826086956521737
0.23130434782608697
0.2591304347826087
0.33391304347826084
0.2643478260869565
0.21217391304347827
0.2456521739130435
0.23695652173913045
0.30869565217391304
0.3173913043478261
0.25608695652173913
0.30434782608695654
0.2039130434782609
0.1865217391304348
0.28304347826086956
0.21130434782608698
0.2647826086956522
0.2021739130434783
0.2717391304347826
0.2647826086956522
0.2491304347826087
0.3547826086956522
0.23
