temperature
3.9805882352941175
3.1476470588235292
3.722941176470588
3.371176470588235
3.6041176470588234
3.5164705882352942
3.7852941176470587
3.3529411764705883
3.283529411764706
3.668235294117647
3.554705882352941
4.0070588235294125
3.7294117647058824
3.121176470588235
4.051176470588236
3.344705882352941
3.293529411764706
3.625294117647059
4.021764705882354
3.3664705882352943
3.3864705882352943
3.598235294117647
3.7682352941176473
3.5205882352941176
3.9599999999999995
4.0594117647058825
4.469411764705883
3.9552941176470586
3.3329411764705883
2.9929411764705884
3.6205882352941177
3.6176470588235294
3.3782352941176472
3.8664705882352943
3.912352941176471
3.7011764705882353
3.338235294117647
3.0164705882352942
2.9370588235294117
3.1882352941176473
3.0052941176470584
3.770588235294117
3.551176470588235
3.3170588235294116
4.0
4.376470588235295
3.915882352941177
3.894705882352941
3.4652941176470584
3.0905882352941174
3.337058823529412
3.7788235294117642
3.3611764705882354
4.3223529411764705
3.7817647058823534
4.262352941176471
4.2829411764705885
3.900588235294118
3.9311764705882353
3.2282352941176473
2.8929411764705883
3.2347058823529413
3.4770588235294118
3.760588235294118
4.4676470588235295
5.657058823529412
5.267647058823529
5.135882352941176
4.7694117647058825
4.618235294117646
4.447647058823529
4.465294117647058
5.172352941176471
5.511176470588235
5.893529411764706
6.591764705882353
5.645882352941177
5.12235294117647
5.142352941176471
5.495882352941177
5.393529411764706
5.221764705882353
4.99
5.447647058823529
5.334117647058824
5.706470588235295
5.666470588235294
5.600588235294118
6.076470588235294
6.420588235294118
6.632352941176471
6.341764705882353
6.451764705882352
6.351176470588236
7.023529411764706
6.720588235294118
6.023529411764706
6.382941176470588
7.5064705882352944
7.750588235294117
7.07
6.48764705882353
6.054705882352941
7.311764705882353
7.335294117647059
6.754117647058823
6.621764705882352
6.072941176470588
6.310588235294118
6.936470588235294
8.189411764705882
8.628823529411765
8.81529411764706
8.836470588235294
8.574117647058824
7.962352941176469
7.957058823529413
7.983529411764706
8.197058823529412
7.727647058823529
7.594117647058823
7.938823529411765
8.251176470588236
8.834117647058823
9.33470588235294
9.039411764705882
8.947058823529412
9.115294117647059
9.17705882352941
9.551176470588235
9.307647058823528
8.76764705882353
8.721176470588235
9.094117647058823
9.475294117647058
9.838823529411764
9.897058823529411
9.631764705882354
9.98235294117647
10.663529411764706
10.393529411764705
10.336470588235294
10.568235294117647
10.5
10.424117647058823
10.68764705882353
10.457647058823529
10.664117647058823
10.63
10.721176470588235
11.032352941176471
12.086470588235294
11.888333333333334
11.729999999999999
11.114444444444445
10.92
11.412222222222223
11.56111111111111
11.8
11.962222222222222
11.957777777777778
11.95111111111111
11.44
11.613888888888889
11.498333333333333
11.959444444444445
12.456666666666667
12.986666666666666
12.94111111111111
12.932777777777778
12.797222222222222
12.692777777777778
12.688333333333334
13.083888888888888
12.723333333333334
12.722222222222221
13.15388888888889
12.810555555555556
13.305555555555555
13.303888888888888
13.675
14.19111111111111
14.485555555555557
14.31777777777778
14.32111111111111
14.007222222222222
13.736666666666666
13.885
13.796111111111111
14.166111111111112
13.773888888888889
13.810555555555556
13.565000000000001
13.181666666666665
13.604444444444445
14.221666666666668
14.302222222222222
14.764999999999999
14.336111111111112
14.218333333333334
14.24888888888889
14.060555555555556
14.195555555555556
14.587222222222222
14.702777777777776
14.239444444444445
14.503888888888888
14.591111111111111
14.423333333333334
14.447222222222223
14.277222222222223
14.404444444444444
14.606666666666667
14.755555555555556
14.983333333333333
15.181111111111111
15.007777777777777
14.76888888888889
14.233888888888888
13.802222222222222
14.001666666666667
13.967777777777776
13.912222222222221
14.01
14.582222222222223
14.440555555555555
14.133888888888889
13.878888888888888
14.151666666666666
13.743333333333332
13.95722222222222
13.823333333333332
13.783333333333333
13.126111111111111
13.144444444444444
13.375555555555556
13.124444444444444
13.17388888888889
12.693333333333333
13.225000000000001
13.427777777777777
13.31388888888889
13.368333333333332
13.156666666666666
13.860555555555557
13.403333333333332
13.497777777777777
13.76
13.38888888888889
12.89
12.766666666666667
12.399999999999999
12.962222222222222
13.101111111111111
12.831666666666667
12.72888888888889
12.072222222222223
11.560555555555556
11.51388888888889
11.396666666666667
11.698333333333332
11.778333333333332
11.985555555555557
12.604444444444445
12.125
11.294444444444444
10.97111111111111
11.428888888888888
11.030555555555557
11.5
11.940555555555555
11.545
11.485
11.231176470588236
10.66235294117647
10.805882352941175
9.607647058823531
9.92235294117647
9.658235294117647
9.711176470588235
9.99
10.080588235294117
9.73235294117647
9.604117647058825
9.50764705882353
9.824117647058824
10.26941176470588
9.547647058823529
8.57294117647059
8.27764705882353
8.17705882352941
8.14235294117647
7.925294117647058
8.748823529411764
8.824117647058824
8.184117647058823
8.24235294117647
8.691764705882353
8.937058823529412
8.739999999999998
8.551176470588235
8.032352941176471
8.467647058823529
8.225882352941177
7.615882352941177
7.140588235294118
7.224117647058824
6.88470588235294
6.5464705882352945
6.2688235294117645
7.172352941176471
7.181764705882353
6.024117647058823
6.595882352941176
6.956470588235295
6.8629411764705885
6.152352941176471
7.054705882352941
6.721176470588236
5.908235294117647
5.341764705882353
5.12235294117647
5.515882352941176
6.206470588235295
5.939411764705882
4.5452941176470585
5.011764705882353
5.720588235294118
4.7435294117647056
5.561764705882353
6.034705882352942
5.620588235294117
4.913529411764706
4.90764705882353
4.245882352941177
4.158823529411765
3.8811764705882354
3.7305882352941175
4.025882352941176
3.6611764705882353
3.3088235294117645
4.011176470588235
4.977058823529411
5.090588235294118
4.108823529411765
3.1758823529411764
4.102941176470588
4.851764705882353
4.241764705882353
3.3311764705882356
3.116470588235294
1.842941176470588
1.5270588235294118
1.551764705882353
2.894705882352941
3.594705882352941
4.6782352941176475
4.5588235294117645
3.148823529411765
2.6088235294117648
2.3723529411764703
1.7864705882352943
1.72
2.798235294117647
3.237058823529412
