temperature
4.309565217391304
4.325652173913043
4.135652173913043
4.274782608695652
4.438260869565218
5.125217391304347
4.17
4.397826086956522
4.81695652173913
4.775652173913044
4.5373913043478264
3.365217391304348
3.4534782608695656
3.680869565217391
4.3130434782608695
4.363043478260869
3.86695652173913
3.3039130434782606
3.8369565217391304
4.281739130434783
4.620434782608696
4.932173913043478
5.1582608695652175
4.757391304347826
4.392173913043478
4.403043478260869
4.367826086956521
4.560434782608696
4.412173913043478
3.669565217391304
3.470434782608695
3.954782608695652
4.213913043478261
4.512608695652174
4.4
5.091304347826087
5.6234782608695655
5.0834782608695654
4.658695652173913
4.22608695652174
3.4847826086956526
3.390869565217391
3.716086956521739
3.5478260869565217
2.769565217391304
2.7956521739130435
2.7456521739130433
3.2086956521739127
3.536521739130435
3.5356521739130433
3.697391304347826
4.247391304347826
4.435217391304348
4.664347826086956
4.605217391304348
3.8686956521739133
4.127826086956522
4.333043478260869
4.586086956521739
5.145652173913044
5.363043478260869
5.360434782608696
5.0456521739130435
5.032173913043478
5.136086956521739
5.852173913043478
5.599130434782609
5.691739130434782
6.163478260869565
6.459565217391304
6.109565217391305
6.1000000000000005
6.106521739130434
6.177826086956522
6.012608695652173
6.49
6.51
6.735217391304348
6.341739130434783
6.437391304347826
6.763913043478261
6.146086956521739
6.806521739130435
7.0086956521739125
6.687826086956521
6.99
6.73304347826087
6.664347826086956
6.9052173913043475
6.867826086956522
7.694999999999999
7.875454545454545
6.8981818181818175
6.467272727272728
6.248181818181819
6.475
7.203636363636363
7.405
7.017272727272727
7.486818181818182
7.781363636363636
8.017727272727273
7.953636363636363
8.065454545454545
8.383636363636363
8.716818181818182
8.082272727272727
7.957272727272727
8.507727272727273
8.57318181818182
8.462727272727273
9.46
9.254545454545454
8.622272727272728
8.470454545454546
8.418181818181818
8.623181818181818
8.463636363636363
8.731363636363637
9.05090909090909
9.621818181818183
9.514090909090909
9.382727272727273
9.66090909090909
9.839545454545455
10.276363636363637
10.275
10.909090909090908
10.782727272727273
10.723181818181818
10.836363636363636
11.087727272727273
11.578181818181818
11.364545454545455
11.641818181818183
11.493181818181817
11.788181818181817
11.594545454545456
12.193636363636363
12.615454545454547
11.847272727272726
11.899545454545455
12.342727272727274
12.27590909090909
12.716818181818182
13.003181818181817
12.663636363636364
12.275454545454545
12.286818181818182
12.979545454545455
12.875
13.27090909090909
13.273181818181818
13.519545454545455
13.405000000000001
12.859545454545456
13.216818181818182
13.375454545454545
13.393636363636364
13.797272727272729
13.530000000000001
13.747727272727273
13.656818181818181
13.940454545454545
14.608636363636363
14.262272727272727
14.226363636363637
14.12409090909091
13.853181818181817
14.510454545454547
14.711818181818183
14.52909090909091
14.899090909090908
14.745909090909093
14.928636363636365
14.702727272727271
15.513181818181819
15.464545454545457
15.22590909090909
15.480454545454545
15.677727272727275
15.80181818181818
15.743636363636364
15.870454545454544
16.007272727272728
17.10681818181818
17.19818181818182
16.962727272727275
17.072727272727274
17.070454545454545
16.656363636363636
16.973181818181818
16.593636363636364
17.098636363636363
16.933636363636364
16.975454545454543
16.621363636363636
16.235454545454544
16.399545454545457
16.338636363636365
16.94090909090909
16.78181818181818
16.75409090909091
16.656363636363636
16.31590909090909
16.63090909090909
16.98227272727273
16.96
17.230454545454545
17.30818181818182
17.337727272727275
17.64181818181818
17.08590909090909
16.815
17.324545454545454
17.30090909090909
16.825909090909093
16.657727272727275
16.51772727272727
17.005
17.328181818181818
17.341363636363635
16.59409090909091
16.60272727272727
16.75090909090909
17.472272727272728
17.63590909090909
17.096818181818183
16.63181818181818
16.419545454545457
16.723636363636363
16.934545454545454
17.15909090909091
17.054545454545455
16.00090909090909
15.870909090909093
15.901363636363635
16.30818181818182
15.737727272727273
16.097272727272728
16.191363636363636
16.031363636363636
15.661363636363637
15.760909090909092
15.767727272727273
15.424090909090909
15.12
15.048636363636364
14.766818181818183
14.952272727272726
14.87590909090909
15.126818181818182
15.032727272727271
14.52681818181818
14.54090909090909
13.93909090909091
13.361363636363636
14.337727272727273
14.087727272727273
14.549090909090909
14.397727272727273
14.072272727272729
13.740909090909092
14.003181818181817
13.438181818181818
13.529545454545454
13.522272727272728
13.629545454545456
13.43409090909091
13.548636363636364
13.189545454545454
13.27909090909091
13.371363636363638
13.071739130434782
12.671739130434782
12.60695652173913
12.601739130434781
12.497391304347826
11.894782608695651
11.664782608695653
11.437391304347827
12.19217391304348
12.466956521739132
11.753478260869565
11.784347826086957
11.631304347826086
10.591304347826087
10.980434782608697
10.347826086956522
10.198695652173912
10.914347826086956
10.987391304347826
10.407391304347826
10.247826086956522
9.758260869565218
9.567826086956522
10.065652173913042
9.90304347826087
10.249130434782609
10.192608695652174
9.695652173913043
9.135217391304348
9.400869565217391
10.015652173913043
9.824347826086957
9.666956521739131
9.40391304347826
8.044782608695652
7.936956521739131
7.563478260869566
8.240434782608697
9.025217391304347
8.692608695652174
8.251739130434782
8.588695652173913
7.420869565217392
7.021739130434782
6.477391304347826
6.60695652173913
6.883478260869565
6.738260869565217
7.378260869565217
6.891739130434782
6.1265217391304345
6.00695652173913
6.155652173913043
6.637391304347826
6.395217391304348
6.270434782608696
5.619565217391305
5.35695652173913
4.969130434782608
4.7556521739130435
4.981304347826087
5.662173913043477
5.605217391304348
6.09304347826087
5.940434782608696
6.192608695652174
5.872173913043478
5.843478260869565
5.363478260869565
4.931739130434783
4.564782608695652
4.670434782608695
4.675652173913043
4.96695652173913
5.267391304347826
5.6295652173913036
5.45
5.450434782608696
5.488695652173913
5.184782608695652
5.304347826086956
5.931304347826088
5.585217391304348
5.5826086956521745
5.7239130434782615
5.716956521739131
5.44391304347826
5.664347826086956
5.225217391304348
5.227826086956521
4.198695652173913
3.9721739130434783
