temperature
4.296956521739131
4.3426086956521734
4.293913043478261
4.5865217391304345
4.980434782608696
5.18
4.1634782608695655
4.6460869565217395
4.893478260869565
4.4369565217391305
4.131304347826087
3.3313043478260873
2.9982608695652178
3.180434782608695
4.006086956521739
4.191739130434782
3.68304347826087
3.2969565217391303
3.9669565217391307
4.223478260869565
4.717826086956522
4.7986956521739135
4.97304347826087
4.806086956521739
4.47
4.241739130434783
4.190434782608696
4.296086956521739
4.077826086956521
3.492173913043478
3.4495652173913043
3.9221739130434785
4.2843478260869565
4.576521739130435
4.48391304347826
4.8591304347826085
5.121739130434783
5.107826086956522
4.647391304347826
4.14695652173913
3.5404347826086955
3.4160869565217387
3.7308695652173913
3.5156521739130433
2.8978260869565218
2.631304347826087
2.6769565217391302
3.2252173913043483
3.3395652173913044
3.508695652173913
3.5504347826086957
4.101739130434782
4.417826086956522
4.622608695652174
4.523913043478261
3.5900000000000003
4.138260869565218
4.522608695652174
4.7382608695652175
5.090000000000001
5.31391304347826
5.227391304347826
5.061739130434782
5.040434782608696
5.395217391304348
5.874347826086957
5.588260869565217
5.649565217391304
5.939565217391305
6.226086956521739
5.780869565217392
5.98695652173913
5.834782608695652
6.038260869565217
5.626086956521739
6.0947826086956525
6.015652173913044
6.181304347826086
5.9460869565217385
6.067391304347827
6.218260869565218
5.989130434782608
6.221739130434782
6.666956521739131
6.306956521739131
6.671739130434782
6.45
6.3786956521739135
6.79304347826087
6.655652173913044
7.23590909090909
7.120454545454546
6.181363636363637
6.055000000000001
6.176818181818183
6.335909090909092
6.86090909090909
6.791818181818181
6.782727272727272
7.031818181818181
7.430454545454546
7.928636363636364
7.945909090909091
8.005
8.17909090909091
8.567272727272726
7.941363636363636
7.829545454545454
8.591363636363637
8.396363636363636
8.399545454545454
9.231363636363637
9.049090909090909
8.496818181818183
8.470454545454546
8.168636363636365
8.449545454545454
8.31
8.459545454545456
8.631818181818183
9.057272727272727
8.821818181818182
9.284545454545453
9.493181818181817
9.705454545454545
9.995
10.03590909090909
10.53
10.165909090909091
10.113636363636363
10.665454545454544
10.55318181818182
11.077727272727273
11.227272727272727
11.288636363636364
11.050454545454546
11.360909090909091
11.489545454545453
11.553181818181818
12.27
12.059545454545455
11.831363636363637
12.14409090909091
12.278636363636364
12.532727272727273
12.448636363636364
12.50090909090909
11.851363636363637
12.157272727272726
12.211818181818183
12.378181818181817
12.60090909090909
12.70409090909091
13.061818181818182
12.763181818181819
12.741363636363637
12.711363636363636
12.75090909090909
13.015454545454547
13.387272727272727
13.052727272727275
13.226363636363637
13.416818181818183
13.291818181818183
13.677727272727271
13.686363636363637
14.011818181818182
13.968181818181819
13.565
14.306818181818182
14.444545454545453
14.42818181818182
14.548636363636364
14.345454545454546
14.29090909090909
14.653636363636364
14.902727272727274
14.763636363636364
14.666818181818183
14.924545454545454
15.172727272727274
15.120909090909093
15.255454545454546
15.392727272727273
15.998181818181818
16.707272727272727
16.470454545454547
16.348636363636363
16.607727272727274
16.345
16.357727272727274
16.384545454545453
16.250454545454545
16.576818181818183
16.168636363636363
16.532727272727275
16.069090909090907
15.730909090909092
15.747272727272728
15.908636363636363
16.437727272727273
16.224545454545453
16.061363636363637
16.013636363636365
15.886363636363637
16.119545454545456
16.51909090909091
16.521818181818183
16.72772727272727
16.80818181818182
16.94681818181818
16.598181818181818
16.060454545454544
16.154090909090908
16.597272727272728
16.015454545454546
16.043636363636363
15.955454545454545
15.65409090909091
15.913181818181819
16.326818181818183
16.095000000000002
15.954545454545455
16.14590909090909
16.197272727272725
16.53
16.80909090909091
16.109545454545454
15.79409090909091
15.670454545454545
15.911818181818182
16.262727272727275
16.191363636363636
16.345
15.298636363636364
15.623181818181818
15.695
15.827727272727271
15.44909090909091
15.532272727272726
15.469999999999999
15.235000000000001
14.875454545454545
15.135909090909092
14.853636363636365
14.712727272727273
14.376818181818182
14.482272727272727
14.241363636363637
14.397272727272728
14.610454545454546
14.491363636363637
14.220454545454546
13.734545454545453
13.913181818181817
13.462272727272728
13.034999999999998
13.47909090909091
13.590454545454547
13.71
13.430909090909092
13.164090909090909
13.02409090909091
13.14590909090909
12.730454545454545
13.077727272727271
12.911363636363637
12.812272727272727
12.590000000000002
12.591818181818182
12.65318181818182
12.462727272727273
12.521818181818183
12.277391304347827
11.887826086956522
11.957826086956521
12.087826086956522
11.708260869565219
11.406956521739131
11.432173913043478
10.890869565217391
11.56304347826087
11.576521739130435
10.976086956521739
10.94608695652174
10.53695652173913
10.076956521739131
10.28
9.804782608695652
9.57304347826087
9.92608695652174
10.42608695652174
9.894347826086957
9.502608695652174
9.260434782608696
9.299565217391304
9.556521739130435
9.476521739130435
9.739565217391304
9.597391304347827
9.234782608695653
8.703913043478261
9.132608695652175
9.58695652173913
9.44695652173913
9.402173913043478
8.76304347826087
8.040434782608695
7.739565217391304
7.320434782608696
8.198695652173912
8.62695652173913
8.117391304347825
8.040434782608695
8.179130434782609
7.127826086956522
6.533913043478261
6.235652173913044
6.437391304347826
6.450869565217391
6.538260869565217
7.158260869565218
6.7504347826086954
5.919130434782609
5.7013043478260865
5.945652173913044
6.432608695652173
6.51
6.299130434782609
5.665652173913044
5.383478260869565
5.148695652173913
4.708695652173913
4.895652173913043
5.450434782608696
5.645217391304348
5.949565217391305
5.974782608695653
5.936956521739131
5.6265217391304345
5.82391304347826
4.949130434782608
4.530434782608696
4.268260869565218
4.758260869565217
4.855652173913043
4.824347826086957
5.3334782608695654
5.852173913043478
5.389130434782609
5.467826086956522
5.145652173913043
4.9369565217391305
5.231739130434782
5.935217391304348
5.146521739130435
5.562173913043479
5.5947826086956525
5.4626086956521736
5.462173913043478
5.477391304347826
5.1521739130434785
5.2443478260869565
4.422173913043479
4.135652173913043
