temperature
3.2186363636363637
2.891818181818182
3.1
2.8904545454545456
3.4104545454545456
3.225454545454545
3.5868181818181815
3.0427272727272725
3.6931818181818183
3.6990909090909088
3.614090909090909
4.481363636363636
4.226818181818182
3.9568181818181816
4.315454545454545
3.3354545454545454
3.3204545454545453
3.8154545454545454
3.5422727272727275
2.9936363636363637
3.2927272727272725
3.4136363636363636
3.345
3.414090909090909
3.1486363636363635
3.313636363636364
3.569090909090909
3.276818181818182
2.9845454545454544
2.856363636363636
3.1709090909090913
3.4650000000000003
3.1681818181818184
3.5650000000000004
3.6995454545454547
3.6204545454545456
3.6827272727272726
2.7609090909090908
2.8222727272727273
3.1877272727272725
3.0845454545454545
4.029545454545455
4.01
3.514545454545455
3.735
4.364545454545454
3.919090909090909
3.825
3.1431818181818185
2.9645454545454544
3.135
3.262272727272727
3.377727272727273
4.152272727272727
3.5040909090909094
3.933636363636364
3.5822727272727275
3.7100000000000004
3.5136363636363637
3.0263636363636364
2.8995454545454544
3.132727272727273
3.372727272727273
3.526818181818182
3.97
5.279545454545455
4.657272727272727
4.385
4.608636363636363
4.46909090909091
4.235
4.497272727272727
5.0236363636363635
4.973636363636364
5.199090909090909
5.706363636363637
4.816818181818181
4.495
4.831363636363636
4.924545454545454
5.174545454545455
5.251818181818181
5.091363636363637
5.345
5.340909090909091
5.125
5.2309090909090905
5.190909090909091
5.878636363636364
6.3536363636363635
6.429130434782609
6.2043478260869565
6.079130434782608
5.631739130434783
6.253478260869565
6.247826086956521
5.925217391304348
5.776521739130434
6.627826086956522
7.123913043478261
6.349130434782609
5.960434782608695
5.8447826086956525
6.5578260869565215
6.702608695652174
6.562608695652174
6.774347826086957
6.019565217391304
6.186956521739131
6.635652173913043
7.559130434782608
7.966521739130434
8.408695652173913
8.39913043478261
7.890434782608695
7.497391304347826
7.840869565217392
8.05391304347826
8.095652173913043
8.078260869565218
8.115217391304348
8.169130434782607
8.252173913043478
8.67
8.674782608695653
8.387391304347826
8.873043478260868
8.889565217391304
8.897826086956522
9.155217391304348
8.935652173913043
8.872608695652174
8.866521739130436
9.011739130434783
9.01086956521739
9.179130434782609
9.273913043478261
8.725217391304348
9.042173913043479
9.56695652173913
9.540000000000001
9.803478260869566
10.012608695652174
10.13
9.976086956521739
10.018260869565218
9.908260869565217
10.176521739130434
10.394782608695651
10.66304347826087
10.859565217391305
11.364782608695652
11.397391304347826
11.349130434782607
10.998695652173913
10.898260869565217
11.456521739130435
11.654347826086957
11.60608695652174
11.843043478260869
12.037391304347826
11.684347826086958
11.140869565217391
11.135217391304348
11.19086956521739
11.388260869565217
11.868260869565216
12.562173913043479
12.294347826086955
12.205217391304348
12.14913043478261
11.904347826086957
12.042173913043479
12.274347826086956
12.317391304347826
12.515652173913043
13.066521739130433
12.699565217391303
13.01304347826087
13.191739130434783
13.099130434782607
13.420434782608696
13.459565217391305
13.536521739130434
13.774782608695652
13.30608695652174
13.257391304347827
13.39608695652174
13.304782608695652
13.398260869565219
13.42478260869565
13.581304347826087
13.261739130434782
12.876086956521737
13.099565217391305
13.568695652173913
13.680434782608694
13.966521739130435
13.877391304347826
14.005652173913044
14.206521739130435
13.677391304347825
13.871304347826088
14.376956521739132
14.13
14.078260869565218
14.259130434782607
14.147391304347826
13.90304347826087
14.101304347826087
14.030434782608696
14.140434782608697
14.490869565217393
14.407391304347826
14.423478260869565
14.582173913043478
14.39695652173913
14.234347826086957
13.913478260869566
13.67478260869565
13.959999999999999
13.76478260869565
13.698695652173912
13.785652173913043
13.87913043478261
13.949565217391303
13.70608695652174
13.637391304347828
13.701739130434783
13.367391304347825
13.890869565217391
13.839565217391305
13.648695652173913
12.895652173913044
12.928695652173914
12.771739130434783
12.668695652173913
12.647391304347826
12.353478260869565
12.634347826086955
12.758695652173913
12.691304347826087
12.808695652173913
12.549565217391304
12.96782608695652
13.055217391304348
13.02695652173913
12.908695652173913
12.41
12.312608695652173
12.229565217391306
11.994782608695653
12.560434782608695
12.546521739130435
11.979130434782608
11.918260869565218
11.19608695652174
10.959565217391305
10.934347826086958
10.878260869565217
11.033913043478261
11.283478260869565
11.57695652173913
12.131304347826086
11.709999999999999
10.921304347826087
10.67478260869565
10.802173913043477
10.492173913043478
10.77
11.048260869565217
11.10695652173913
11.120434782608696
10.791818181818181
10.357727272727272
10.148181818181818
9.451363636363636
9.592727272727272
9.602272727272727
9.71409090909091
10.107272727272727
9.939545454545454
9.335909090909091
8.997272727272728
8.906818181818181
9.112272727272726
9.594090909090909
9.24409090909091
8.198181818181817
8.090454545454547
7.963181818181818
8.098181818181818
7.655454545454545
8.126818181818182
8.293636363636365
8.052727272727273
8.282727272727273
8.416818181818181
8.342727272727272
8.191363636363636
8.023181818181818
7.377727272727273
7.995000000000001
8.057272727272727
7.491363636363636
6.982727272727273
7.23590909090909
7.080454545454546
6.837727272727273
6.492727272727273
7.198636363636364
6.655909090909091
5.740454545454546
6.220909090909092
6.495909090909091
6.511818181818182
6.0590909090909095
6.557272727272727
6.493636363636364
6.047727272727273
5.456363636363637
5.284545454545454
5.220909090909091
5.588636363636364
5.420454545454546
4.600454545454546
4.859090909090909
5.4818181818181815
4.711818181818182
5.375909090909091
5.565909090909091
5.130454545454546
4.72409090909091
4.636818181818182
4.053181818181819
4.429545454545455
4.467272727272728
3.7100000000000004
4.02
3.872272727272727
3.3877272727272727
4.010454545454546
5.172727272727273
5.409545454545455
4.267727272727273
3.1822727272727267
3.73
3.8009090909090912
3.858636363636364
3.6504545454545454
3.3640909090909092
2.2813636363636363
2.1
1.518181818181818
2.4968181818181816
2.975454545454546
4.004545454545454
3.8027272727272727
2.6763636363636363
1.8381818181818181
1.6145454545454547
1.2977272727272728
1.478181818181818
2.459090909090909
2.8445454545454543
