pet
0.23380952380952383
0.28476190476190477
0.2776190476190476
0.28095238095238095
0.25761904761904764
0.1933333333333333
0.3680952380952381
0.31
0.27999999999999997
0.2838095238095238
0.3457142857142857
0.3180952380952381
0.29714285714285715
0.28523809523809524
0.31761904761904763
0.2547619047619048
0.2561904761904762
0.2571428571428572
0.29238095238095235
0.3476190476190476
0.30142857142857143
0.2752380952380952
0.2866666666666667
0.3128571428571429
0.3685714285714286
0.3457142857142857
0.3376190476190476
0.45285714285714285
0.3814285714285714
0.3642857142857143
0.42095238095238097
0.42095238095238097
0.4019047619047619
0.36523809523809525
0.46
0.47904761904761906
0.5180952380952382
0.5038095238095238
0.4742857142857143
0.48
0.46190476190476193
0.4442857142857143
0.5347619047619048
0.5471428571428572
0.5185714285714286
0.5823809523809524
0.6390476190476191
0.5223809523809524
0.5980952380952381
0.6233333333333333
0.6676190476190476
0.7085714285714286
0.7285714285714286
0.6676190476190476
0.590952380952381
0.6795238095238095
0.8142857142857144
0.7623809523809525
0.6976190476190476
0.7623809523809523
0.860952380952381
0.758095238095238
0.800952380952381
0.8233333333333333
0.9057142857142857
0.8785714285714286
0.8571428571428571
0.9514285714285714
1.0261904761904763
0.9604761904761906
0.9995238095238096
1.0052380952380953
1.0485714285714285
0.9933333333333333
0.9657142857142857
0.9719047619047619
1.1104761904761904
1.1376190476190478
1.0914285714285714
1.1414285714285715
1.2114285714285715
1.2276190476190476
1.1395238095238096
1.1638095238095238
1.2485714285714284
1.302857142857143
1.4028571428571428
1.3166666666666669
1.3385714285714285
1.4714285714285713
1.4947619047619047
1.6
1.481904761904762
1.4952380952380953
1.4933333333333334
1.7814285714285714
1.6938095238095239
1.8533333333333335
1.64
1.74
1.716190476190476
1.7104761904761905
1.6814285714285715
1.678095238095238
1.78
1.9723809523809526
1.9747619047619047
2.2600000000000002
1.788095238095238
1.8585714285714285
2.0547619047619046
2.048095238095238
1.9919047619047618
1.9209523809523812
2.027142857142857
1.9209523809523807
2.1885714285714286
2.184285714285714
2.0404761904761903
2.117142857142857
2.3714285714285714
2.3695238095238094
2.434285714285714
2.4180952380952383
2.257142857142857
2.2604761904761905
2.442857142857143
2.2542857142857144
2.4257142857142857
2.192857142857143
2.3714285714285714
2.652857142857143
2.3823809523809523
2.3666666666666667
2.5095238095238095
2.390952380952381
2.2452380952380953
2.395714285714286
2.5542857142857143
2.3866666666666667
2.412380952380952
2.611428571428571
2.8323809523809524
2.691904761904762
2.8076190476190477
2.62
2.3514285714285714
2.6033333333333335
2.7147619047619047
2.8304761904761904
3.04
2.9466666666666668
2.713809523809524
2.829047619047619
2.723809523809524
2.8866666666666667
2.5023809523809524
2.973333333333333
3.005238095238095
3.1233333333333335
2.9104761904761904
2.8076190476190477
2.5557142857142856
2.697142857142857
2.7195238095238095
2.8785714285714286
3.0109523809523813
2.841904761904762
3.04952380952381
3.087142857142857
3.2404761904761905
3.0966666666666667
2.8852380952380954
3.152857142857143
3.057619047619048
3.0509523809523813
3.1147619047619046
2.8852380952380954
2.9452380952380954
3.140952380952381
2.9704761904761905
2.9414285714285717
2.775714285714286
2.860952380952381
2.8095238095238093
2.6547619047619047
2.8
2.761904761904762
2.7976190476190474
3.0633333333333335
2.9642857142857144
3.16
2.973333333333333
2.798095238095238
3.182857142857143
2.98
2.973333333333333
2.848095238095238
3.096190476190476
3.1100000000000003
3.012857142857143
3.0204761904761903
2.9204761904761902
2.9304761904761905
3.1090476190476193
3.182380952380952
2.7323809523809524
2.8504761904761904
2.951904761904762
2.801904761904762
2.920952380952381
2.6414285714285715
2.5185714285714287
2.939523809523809
2.7895238095238093
2.4623809523809523
2.842857142857143
2.5885714285714285
2.6414285714285715
2.827142857142857
2.791904761904762
2.4704761904761905
2.7276190476190476
2.5152380952380953
2.2252380952380952
2.2414285714285715
2.55
2.565238095238095
2.3495238095238093
2.293333333333333
2.40047619047619
2.339047619047619
2.2876190476190477
2.359047619047619
2.0985714285714288
1.961904761904762
1.9776190476190476
1.9523809523809523
2.2304761904761907
2.106190476190476
2.005714285714286
1.8019047619047617
2.0023809523809524
2.0561904761904763
1.8804761904761906
1.8385714285714285
2.064761904761905
1.7385714285714284
1.84
1.895714285714286
1.7999999999999998
1.8276190476190475
1.8199999999999998
1.6447619047619046
1.789047619047619
1.7523809523809522
1.6304761904761906
1.5419047619047621
1.6642857142857144
1.5838095238095238
1.4057142857142857
1.3847619047619046
1.3904761904761904
1.4885714285714287
1.3295238095238093
1.3495238095238096
1.3576190476190475
1.2071428571428573
1.0933333333333333
1.101904761904762
1.1738095238095236
1.1766666666666667
1.0833333333333333
1.1105
1.077
1.0875
1.0845
1.0335
0.9904999999999999
0.9095000000000001
0.8634999999999999
0.883
0.982
0.914
0.8230000000000001
0.6759999999999999
0.6865
0.6905
0.6655
0.843
0.772
0.7785
0.6935
0.6895
0.6825
0.698
0.6535
0.746
0.721
0.6845
0.6005
0.544
0.5599999999999999
0.53
0.487
0.489
0.5105000000000001
0.41050000000000003
0.437
0.4225
0.41500000000000004
0.399
0.387
0.358
0.384
0.33999999999999997
0.3545
0.3705
0.184
0.21200000000000002
0.22949999999999998
0.28300000000000003
0.251
0.264
0.251
0.244
0.3145
0.2465
0.24100000000000002
0.28300000000000003
0.2535
0.256
0.22749999999999998
0.24899999999999997
0.2705
0.3190476190476191
0.2938095238095238
0.2733333333333333
0.34095238095238095
0.2819047619047619
0.38
0.21523809523809523
0.2061904761904762
0.20952380952380953
0.20285714285714285
0.16476190476190475
0.21857142857142856
0.29
0.22523809523809527
0.21857142857142856
0.13999999999999999
0.1380952380952381
0.11190476190476191
0.13095238095238096
0.1638095238095238
0.19095238095238093
0.1919047619047619
0.3157142857142857
0.2628571428571429
0.2733333333333333
0.2976190476190476
0.22904761904761903
0.2119047619047619
0.20238095238095238
0.20857142857142857
