temperature
5.015238095238095
4.38
4.16952380952381
4.177619047619048
5.1866666666666665
4.894761904761905
5.100476190476191
5.346190476190476
4.91
5.215714285714286
5.239047619047619
5.7804761904761905
5.958571428571428
5.031904761904762
5.944285714285714
5.26047619047619
5.251904761904761
5.28952380952381
5.7004761904761905
5.217619047619047
4.55
4.344285714285714
4.281428571428571
4.2004761904761905
4.470000000000001
4.089047619047619
4.042857142857143
4.311428571428571
4.484761904761905
4.133333333333333
4.2542857142857144
4.386190476190476
4.229523809523809
4.301904761904762
5.479523809523809
5.470952380952381
5.338571428571429
4.77952380952381
4.309523809523809
4.2942857142857145
4.828095238095238
5.502380952380952
6.0042857142857144
5.370952380952382
4.6761904761904765
5.134761904761905
5.053333333333334
4.937142857142857
4.9523809523809526
4.8880952380952385
4.527142857142857
5.006190476190476
5.286190476190476
5.571904761904762
5.800476190476191
5.629047619047619
5.58952380952381
5.350476190476191
5.126190476190477
5.069523809523809
4.545238095238095
4.556666666666667
4.600952380952381
4.633809523809524
5.4871428571428575
6.370952380952381
6.466666666666667
6.486666666666666
6.564761904761904
6.378571428571428
6.0876190476190475
5.591904761904762
5.82952380952381
6.890952380952381
7.0947619047619055
7.41952380952381
6.726666666666667
6.1152380952380945
6.264285714285715
6.569047619047619
6.835238095238095
6.946190476190476
7.124761904761905
7.4038095238095245
7.238571428571428
6.8342857142857145
6.961904761904761
7.405714285714287
7.839047619047619
8.26095238095238
8.529047619047619
8.690000000000001
8.25952380952381
7.980476190476191
7.830952380952381
8.50095238095238
7.31952380952381
7.32047619047619
7.856190476190475
8.331904761904761
7.902857142857143
7.69904761904762
7.760000000000001
8.452380952380953
8.583333333333334
8.566190476190476
8.712857142857143
8.334285714285713
7.734285714285714
8.314761904761905
9.366666666666665
9.995238095238095
10.306190476190476
10.424761904761905
10.71809523809524
10.098571428571429
10.126666666666667
10.2
9.893809523809525
10.105714285714285
10.565714285714286
10.763809523809524
10.733333333333334
10.548095238095238
10.833809523809524
10.786190476190475
11.162380952380952
11.129999999999999
11.102857142857143
11.413809523809524
11.464285714285714
11.152380952380952
10.996666666666666
11.015714285714287
11.502380952380951
11.790000000000001
11.481428571428571
11.58904761904762
11.879999999999999
12.071428571428571
11.918095238095239
11.984761904761905
12.445714285714287
12.627619047619048
12.595238095238095
12.498571428571429
12.626666666666665
12.55809523809524
12.813333333333333
13.25904761904762
13.569999999999999
13.520476190476192
14.14095238095238
13.810476190476189
13.446666666666667
13.607619047619048
13.752380952380953
13.915238095238097
13.836190476190476
14.243333333333334
14.026190476190477
13.947619047619046
13.879047619047618
13.94857142857143
14.30857142857143
14.382380952380954
14.816190476190476
15.19095238095238
15.284285714285716
15.44142857142857
15.248095238095237
14.632857142857144
14.604285714285714
14.979999999999999
14.863809523809524
15.30809523809524
15.483333333333333
15.44809523809524
15.599523809523808
16.095714285714287
15.951428571428572
16.032380952380954
15.871904761904762
15.91095238095238
15.868571428571428
15.731428571428571
15.761428571428572
15.944761904761904
15.833809523809524
16.124761904761904
16.526666666666667
16.238095238095237
16.127142857142857
16.087142857142858
16.402380952380952
16.612857142857145
16.67047619047619
16.245714285714286
16.794285714285714
17.27857142857143
16.96047619047619
16.621428571428574
16.43857142857143
16.776190476190475
16.88047619047619
17.136666666666667
17.138095238095236
17.32857142857143
17.395238095238096
17.297619047619047
16.91095238095238
16.878571428571426
17.427142857142854
17.243333333333332
17.082857142857144
16.931428571428572
17.38047619047619
17.32904761904762
17.113809523809522
16.864761904761906
17.111904761904764
17.085714285714285
17.429523809523808
16.944761904761908
16.493333333333332
16.517619047619046
16.82095238095238
16.47809523809524
16.616666666666667
16.599047619047617
16.68095238095238
16.763333333333332
16.465238095238096
16.54619047619048
16.36952380952381
15.683809523809524
15.75952380952381
16.014285714285716
15.401904761904762
14.957142857142859
14.973333333333333
15.167142857142856
15.393333333333333
14.861904761904762
15.12047619047619
15.586666666666666
15.384761904761904
15.416190476190476
15.416666666666666
15.039523809523809
14.779523809523809
14.708095238095238
14.982857142857142
15.254761904761907
14.817619047619049
14.003809523809522
13.674761904761905
13.570000000000002
13.472857142857142
13.303333333333333
13.837619047619047
14.083809523809524
14.062857142857142
13.834285714285713
13.507619047619048
13.38
13.120952380952382
12.666666666666666
12.951904761904762
13.316190476190476
13.559999999999999
13.55142857142857
13.88190476190476
13.9155
12.830000000000002
12.672
12.061
11.697
12.157
11.5205
12.5475
12.551
12.3495
12.125499999999999
11.557500000000001
11.383500000000002
11.353
11.3795
11.326
10.980500000000001
10.187000000000001
10.449
9.817
10.708
10.638
10.7455
10.989
10.7375
10.815000000000001
10.9785
10.2975
9.9175
10.3345
10.1485
9.4725
9.2965
9.334
8.4565
8.915
8.6585
8.426
8.878499999999999
7.923
8.067
8.631499999999999
8.2645
8.233
7.428
7.294500000000001
7.0055000000000005
7.0705
7.0605
6.4975
6.583
6.631
6.6114999999999995
6.250500000000001
6.721500000000001
6.4505
6.7620000000000005
6.8185
6.853
6.7345
6.38
5.997999999999999
5.928571428571429
5.650952380952381
5.8185714285714285
5.664285714285715
5.391904761904762
5.322380952380952
5.327142857142857
5.149523809523809
5.069523809523809
5.2319047619047625
5.430952380952381
5.533333333333333
4.87952380952381
4.618095238095238
4.6257142857142854
4.097142857142857
4.306666666666667
3.9690476190476187
3.400952380952381
4.7
4.7542857142857144
5.457619047619048
5.968095238095238
5.043809523809524
4.532380952380953
4.505714285714286
3.9147619047619053
3.8033333333333337
4.4695238095238095
4.582857142857144
