pet
0.20055555555555554
0.28611111111111115
0.27888888888888885
0.28
0.25055555555555553
0.19111111111111112
0.35833333333333334
0.30333333333333334
0.26166666666666666
0.23777777777777778
0.3433333333333333
0.29888888888888887
0.27888888888888885
0.28777777777777774
0.3422222222222222
0.22944444444444445
0.25222222222222224
0.24944444444444447
0.2833333333333333
0.3238888888888889
0.2888888888888889
0.255
0.2561111111111111
0.28111111111111114
0.3344444444444445
0.3333333333333333
0.31777777777777777
0.4794444444444445
0.3994444444444445
0.3561111111111111
0.43833333333333335
0.445
0.42388888888888887
0.39111111111111113
0.4783333333333333
0.4933333333333333
0.5211111111111112
0.5016666666666666
0.5061111111111111
0.4783333333333333
0.42
0.40166666666666667
0.4683333333333333
0.4811111111111111
0.47888888888888886
0.5527777777777777
0.5683333333333334
0.43444444444444447
0.4927777777777778
0.5516666666666666
0.5927777777777777
0.6538888888888889
0.7327777777777779
0.645
0.56
0.6427777777777778
0.7783333333333333
0.7627777777777778
0.6938888888888889
0.7277777777777777
0.8266666666666667
0.7872222222222223
0.8511111111111112
0.865
0.9011111111111111
0.9349999999999999
0.855
0.9866666666666666
1.005
0.9527777777777777
1.0255555555555556
1.0155555555555555
1.0638888888888889
0.9755555555555555
0.9755555555555555
0.9561111111111111
1.0727777777777776
1.0894444444444444
1.0750000000000002
1.1561111111111113
1.2222222222222223
1.2344444444444445
1.1466666666666667
1.116111111111111
1.2416666666666667
1.25
1.3077777777777777
1.231111111111111
1.2877777777777777
1.4905555555555554
1.5283333333333333
1.5955555555555554
1.4533333333333334
1.468888888888889
1.4616666666666667
1.7966666666666669
1.6755555555555555
1.8544444444444446
1.6066666666666667
1.7055555555555555
1.6894444444444445
1.6394444444444445
1.6744444444444444
1.6805555555555556
1.7994444444444444
1.9288888888888889
2.022777777777778
2.27
1.7527777777777778
1.8577777777777778
2.055
2.0944444444444446
2.0288888888888885
1.963888888888889
2.0277777777777777
1.9116666666666664
2.162777777777778
2.1338888888888885
2.0572222222222223
2.066666666666667
2.3344444444444443
2.2644444444444445
2.413333333333333
2.321111111111111
2.192222222222222
2.2444444444444445
2.3555555555555556
2.192222222222222
2.3805555555555555
2.183333333333333
2.406111111111111
2.7094444444444448
2.336666666666667
2.2466666666666666
2.468888888888889
2.4994444444444444
2.3655555555555554
2.4161111111111113
2.661111111111111
2.453888888888889
2.427777777777778
2.637777777777778
2.945
2.736111111111111
2.8433333333333333
2.5683333333333334
2.3616666666666664
2.5816666666666666
2.716666666666667
2.788333333333333
2.8633333333333333
2.776666666666667
2.595
2.8633333333333333
2.6566666666666667
2.7716666666666665
2.4316666666666666
2.820555555555556
2.89
3.0633333333333335
2.8744444444444444
2.92
2.6816666666666666
2.631111111111111
2.6566666666666667
2.8194444444444446
2.953888888888889
2.820555555555556
2.9522222222222223
3.136111111111111
3.3433333333333333
3.1655555555555552
2.848888888888889
3.098888888888889
3.0922222222222224
3.075
3.1527777777777777
2.876666666666667
2.9266666666666667
3.167222222222222
2.953888888888889
3.042222222222222
2.8705555555555557
2.96
2.8961111111111113
2.5833333333333335
2.7788888888888885
2.6783333333333332
2.675
2.945
2.9566666666666666
3.1733333333333333
2.927777777777778
2.836666666666667
3.1594444444444445
3.093888888888889
2.9566666666666666
2.877222222222222
3.1344444444444446
3.0455555555555556
2.886111111111111
2.9188888888888886
2.77
2.761111111111111
3.161111111111111
3.0011111111111113
2.683888888888889
2.7816666666666667
3.0250000000000004
2.836666666666667
2.8961111111111113
2.7577777777777777
2.498333333333333
2.863888888888889
2.7938888888888886
2.3994444444444443
2.7905555555555552
2.5166666666666666
2.6161111111111115
2.743888888888889
2.7716666666666665
2.3405555555555555
2.72
2.481111111111111
2.226111111111111
2.1366666666666667
2.5255555555555556
2.5316666666666667
2.33
2.213888888888889
2.2305555555555556
2.2550000000000003
2.3333333333333335
2.302222222222222
2.126666666666667
2.01
1.9242105263157896
1.84
2.1763157894736844
2.099473684210526
2.1110526315789473
1.786842105263158
2.0363157894736843
2.092631578947368
1.9152631578947368
1.8873684210526316
2.1378947368421053
1.778421052631579
1.8199999999999998
1.9489473684210528
1.8426315789473684
1.8242105263157893
1.8789473684210527
1.6689473684210527
1.8473684210526315
1.7452631578947366
1.6326315789473684
1.5563157894736843
1.6884210526315788
1.5573684210526315
1.3368421052631578
1.3026315789473684
1.3594736842105262
1.4968421052631578
1.3189473684210526
1.3394736842105264
1.378421052631579
1.203684210526316
1.174736842105263
1.0873684210526315
1.1289473684210527
1.1494736842105262
1.115263157894737
1.1516666666666666
1.0766666666666667
1.0861111111111112
1.065
0.9905555555555556
0.9922222222222222
0.9783333333333333
0.8222222222222222
0.9083333333333334
1.0222222222222221
0.9433333333333334
0.8427777777777777
0.6444444444444444
0.6322222222222221
0.6583333333333333
0.6238888888888889
0.8311111111111111
0.7622222222222222
0.7466666666666666
0.6944444444444444
0.6722222222222222
0.64
0.6866666666666666
0.5888888888888889
0.7133333333333334
0.6927777777777778
0.6499999999999999
0.6016666666666667
0.4838888888888889
0.5138888888888888
0.5066666666666667
0.4855555555555556
0.4577777777777778
0.5083333333333333
0.37555555555555553
0.3805555555555556
0.35555555555555557
0.3466666666666667
0.3994444444444445
0.3877777777777778
0.35277777777777775
0.3944444444444445
0.345
0.3188888888888889
0.38277777777777783
0.175
0.185
0.21055555555555555
0.2822222222222222
0.2411111111111111
0.2338888888888889
0.23111111111111113
0.25555555555555554
0.31444444444444447
0.22277777777777777
0.23333333333333334
0.25666666666666665
0.24000000000000002
0.24333333333333332
0.21666666666666667
0.20777777777777778
0.2222222222222222
0.29
0.27388888888888885
0.21
0.305
0.2588888888888889
0.36166666666666664
0.21944444444444444
0.2138888888888889
0.22499999999999998
0.18555555555555558
0.13944444444444443
0.2222222222222222
0.275
0.18388888888888888
0.2
0.15722222222222224
0.12722222222222224
0.10722222222222222
0.125
0.16444444444444445
0.1938888888888889
0.17833333333333334
0.30333333333333334
0.2644444444444444
0.24444444444444446
0.3205555555555556
0.24555555555555555
0.1627777777777778
0.1761111111111111
0.18888888888888888
