temperature
3.238181818181818
2.2036363636363636
2.5863636363636364
2.166363636363636
2.73
2.33
3.0654545454545454
2.8236363636363637
2.919090909090909
3.52
3.460909090909091
3.2818181818181817
2.860909090909091
1.718181818181818
3.306363636363636
2.4854545454545454
2.2645454545454546
2.709090909090909
2.869090909090909
2.1836363636363636
1.4781818181818183
1.38
1.6281818181818182
1.3936363636363636
3.021818181818182
2.597272727272727
3.152727272727273
2.7063636363636365
2.0327272727272727
1.100909090909091
1.950909090909091
1.8018181818181818
1.1172727272727272
1.34
1.9600000000000002
2.2045454545454546
1.6772727272727272
1.6345454545454545
1.2236363636363636
1.9036363636363633
1.160909090909091
0.990909090909091
2.330909090909091
2.4127272727272726
2.900909090909091
3.3790909090909094
2.679090909090909
2.859090909090909
2.517272727272727
1.6227272727272728
2.002727272727273
2.48
3.119090909090909
3.9454545454545453
3.909090909090909
3.955454545454545
3.77
3.289090909090909
3.159090909090909
2.7536363636363634
2.1654545454545455
2.12
1.9245454545454548
2.108181818181818
3.010909090909091
3.773636363636364
3.810909090909091
4.089090909090909
3.8936363636363636
3.1772727272727277
3.748181818181818
3.117272727272727
3.7209090909090907
4.903636363636363
4.620909090909091
5.244545454545454
4.403636363636363
4.264545454545455
4.120909090909091
4.263636363636364
4.362727272727272
4.155454545454545
4.021818181818182
4.930909090909091
4.728181818181818
4.568181818181818
4.666363636363636
4.421818181818182
5.425454545454546
5.462727272727273
5.618181818181818
5.51
5.205454545454545
5.172727272727273
6.087272727272727
6.265454545454546
5.268181818181818
5.259090909090909
6.40090909090909
6.984545454545454
6.292727272727273
5.7727272727272725
5.836363636363637
7.058181818181819
6.671818181818182
6.364545454545455
6.288181818181818
5.9363636363636365
5.68
6.277272727272727
7.067272727272728
7.622727272727272
8.485454545454546
8.639090909090909
8.001818181818182
7.0636363636363635
7.184545454545455
7.488181818181818
7.542727272727273
7.269090909090909
7.417272727272728
7.069090909090909
7.58909090909091
8.277272727272727
9.36909090909091
9.082727272727272
8.681818181818182
8.469090909090909
8.39090909090909
8.488181818181818
8.814166666666667
8.254166666666666
7.574166666666667
7.8183333333333325
8.644166666666667
8.939166666666667
9.236666666666666
9.350833333333332
9.4025
9.893333333333333
9.471666666666666
9.38
9.819166666666666
10.09
10.169166666666667
10.0025
9.565833333333332
9.851666666666667
9.8825
9.999166666666667
10.486666666666666
11.066666666666668
11.870833333333332
11.934166666666668
10.899166666666666
10.730833333333335
10.8025
11.282499999999999
11.755
12.186666666666667
11.986666666666666
12.1325
11.600833333333334
11.335833333333333
11.0725
11.506666666666666
12.169166666666667
12.910833333333334
12.528333333333334
12.12
12.104999999999999
12.136666666666665
12.276666666666666
12.819166666666668
12.124166666666667
12.085
12.933333333333332
12.755833333333333
13.235
13.348333333333334
14.061666666666667
14.604166666666666
14.510833333333332
13.975833333333334
13.965000000000002
13.713333333333333
13.399166666666666
13.538333333333334
12.740833333333333
13.216666666666667
13.652500000000002
13.6825
13.775833333333333
13.220833333333333
13.637500000000001
13.839166666666666
14.094999999999999
14.524166666666666
14.514166666666666
14.405000000000001
13.777499999999998
13.523333333333333
13.525833333333333
14.106666666666667
14.3675
14.423333333333334
14.4
14.333333333333334
13.803333333333333
13.715833333333334
13.57
13.618333333333332
14.145000000000001
14.235833333333334
14.399166666666666
14.373333333333333
14.535833333333334
13.85
13.388333333333334
13.526666666666666
13.760833333333332
13.6
13.661666666666667
13.261666666666665
13.078333333333333
13.333333333333334
13.563333333333333
13.515
13.539166666666667
13.1325
13.584166666666667
13.7525
13.583333333333334
13.223333333333334
13.041666666666666
12.637500000000001
12.383333333333333
12.564166666666667
12.318333333333333
12.554166666666667
12.643333333333333
12.856666666666667
13.015
12.350833333333334
12.601666666666667
12.770833333333334
12.9425
13.184166666666668
12.726666666666667
12.215833333333334
12.183333333333332
11.965833333333334
12.6775
12.656666666666666
12.7425
12.049166666666666
11.425833333333335
10.746666666666668
10.4375
10.0975
10.500833333333334
11.125833333333333
11.400833333333333
11.784166666666666
11.660000000000002
11.145000000000001
10.100833333333334
10.363333333333333
10.139999999999999
10.686666666666667
11.429166666666667
11.1625
10.920833333333334
10.866363636363637
10.0
10.567272727272728
9.103636363636364
9.22090909090909
9.236363636363636
8.933636363636364
9.399090909090908
8.951818181818181
9.066363636363636
9.68
9.151818181818182
8.865454545454545
9.097272727272726
8.799090909090909
8.187272727272727
8.047272727272727
8.077272727272726
8.249090909090908
7.528181818181818
8.467272727272727
7.994545454545454
8.014545454545454
8.318181818181818
8.437272727272727
8.960909090909091
8.780909090909091
8.295454545454545
7.510909090909092
8.404545454545454
8.590000000000002
7.1863636363636365
6.56
6.587272727272728
5.91090909090909
5.78
5.37
6.007272727272727
6.463636363636363
5.197272727272727
5.473636363636364
5.9736363636363645
5.763636363636364
6.052727272727273
5.920909090909091
5.682727272727273
5.344545454545455
5.151818181818182
4.737272727272727
4.122727272727273
4.6481818181818175
4.494545454545454
3.5900000000000003
3.8172727272727274
4.348181818181818
3.0254545454545454
3.7854545454545456
4.75
3.7981818181818183
3.3345454545454545
2.5318181818181817
2.2409090909090907
2.35
1.808181818181818
2.502727272727273
3.2318181818181815
2.3836363636363633
2.4863636363636363
2.3254545454545457
3.266363636363636
3.5036363636363634
2.713636363636364
1.9445454545454546
2.289090909090909
2.850909090909091
3.022727272727273
2.403636363636364
1.539090909090909
1.3145454545454547
1.011818181818182
0.7427272727272729
1.9327272727272726
2.9863636363636363
3.622727272727273
2.8290909090909087
1.79
1.6054545454545455
2.0009090909090905
1.3518181818181818
1.6636363636363638
2.852727272727273
3.5745454545454547
