pet
0.3334782608695652
0.22913043478260867
0.44130434782608696
0.32130434782608697
0.16869565217391305
0.3743478260869565
0.2573913043478261
0.14434782608695654
0.16478260869565217
0.2491304347826087
0.30434782608695654
0.29869565217391303
0.30521739130434783
0.2582608695652174
0.28608695652173916
0.2534782608695652
0.2826086956521739
0.23043478260869568
0.26782608695652177
0.1908695652173913
0.23869565217391306
0.2391304347826087
0.2647826086956522
0.46695652173913044
0.24434782608695652
0.2778260869565218
0.3273913043478261
0.3126086956521739
0.2756521739130435
0.3552173913043478
0.388695652173913
0.3573913043478261
0.3717391304347826
0.21
0.3169565217391304
0.43565217391304345
0.3878260869565217
0.45695652173913043
0.4578260869565217
0.3539130434782609
0.5365217391304348
0.4069565217391304
0.3334782608695652
0.4504347826086956
0.48782608695652174
0.4469565217391304
0.5160869565217391
0.34652173913043477
0.4404347826086956
0.5473913043478261
0.48130434782608694
0.5308695652173914
0.5334782608695652
0.5795652173913044
0.5930434782608696
0.45217391304347826
0.6295652173913043
0.6413043478260869
0.5982608695652174
0.6860869565217391
0.7117391304347827
0.8278260869565217
0.7208695652173912
0.7291304347826086
0.6552173913043479
0.6934782608695652
0.8039130434782608
0.7369565217391304
0.6982608695652174
0.7569565217391304
0.8373913043478262
0.8395652173913043
0.93
0.8878260869565217
0.7665217391304348
0.961304347826087
1.0378260869565217
0.8869565217391304
0.8530434782608696
1.0217391304347827
1.1095652173913044
1.058695652173913
1.086521739130435
1.2008695652173913
1.0930434782608696
1.0682608695652174
1.1921739130434783
1.2165217391304348
1.1730434782608696
1.136086956521739
1.0813636363636363
1.1931818181818181
1.4286363636363637
1.425909090909091
1.249090909090909
1.4595454545454545
1.4904545454545455
1.473181818181818
1.5595454545454546
1.57
1.5422727272727272
1.6395454545454546
1.6522727272727273
1.971818181818182
1.8163636363636364
1.8763636363636365
1.6536363636363638
1.6381818181818182
1.7168181818181816
1.760909090909091
1.825909090909091
1.9413636363636364
1.8609090909090908
2.0463636363636364
1.9118181818181819
1.958181818181818
1.9627272727272727
1.9845454545454544
1.8181818181818181
1.8495454545454544
1.8877272727272727
2.3236363636363637
2.1077272727272724
2.144090909090909
2.0472727272727274
2.085
2.1654545454545455
2.340909090909091
2.1072727272727274
2.2286363636363635
2.108636363636364
2.4163636363636365
2.486818181818182
2.5204545454545455
2.7181818181818183
2.504090909090909
2.5113636363636362
2.569545454545455
2.6045454545454545
2.5500000000000003
2.310909090909091
2.4886363636363638
2.424545454545455
2.6045454545454545
2.682272727272727
2.6263636363636365
2.6031818181818185
2.649090909090909
2.541818181818182
2.585909090909091
2.68
2.569545454545455
2.4854545454545454
2.5940909090909092
2.821818181818182
2.245
2.541818181818182
2.691818181818182
2.4913636363636367
2.774090909090909
2.5477272727272724
2.5436363636363635
2.5304545454545457
2.89
2.962727272727273
2.9054545454545453
3.0768181818181817
2.4572727272727275
2.8654545454545453
2.622272727272727
2.914090909090909
2.7431818181818177
3.0186363636363636
2.69
2.872727272727273
2.5236363636363635
2.7677272727272726
2.722272727272727
2.6863636363636365
2.8499999999999996
2.996818181818182
3.0045454545454544
2.8368181818181815
3.296818181818182
2.8436363636363637
3.0427272727272725
3.371818181818182
3.2899999999999996
3.024090909090909
2.9904545454545457
2.815
3.063181818181818
2.7304545454545455
2.911818181818182
2.8459090909090907
2.7172727272727273
2.8736363636363635
2.848181818181818
2.8063636363636366
2.5995454545454546
2.8286363636363636
2.5913636363636363
2.652727272727273
2.565909090909091
2.433181818181818
3.0281818181818183
2.7145454545454544
2.6218181818181816
2.7236363636363636
2.972727272727273
2.624090909090909
2.6686363636363635
2.8413636363636363
2.821818181818182
2.5304545454545457
2.7804545454545457
2.5086363636363633
2.554090909090909
2.3345454545454545
2.623181818181818
2.413181818181818
2.587727272727273
2.4813636363636364
2.353181818181818
2.275909090909091
2.2445454545454546
2.595
2.7204545454545457
2.2859090909090907
2.0086363636363633
2.27
2.5195454545454545
2.328181818181818
2.403636363636364
2.2531818181818184
2.083181818181818
2.064090909090909
2.208181818181818
2.239090909090909
2.0872727272727274
1.960909090909091
2.0213636363636365
1.9013636363636364
1.8586363636363636
1.8636363636363635
2.1031818181818185
2.022727272727273
1.815
1.8054545454545454
1.8463636363636362
1.7909090909090908
1.7195454545454545
1.705909090909091
1.758181818181818
1.6745454545454543
1.5613636363636365
1.3113636363636365
1.4245454545454546
1.335909090909091
1.3245454545454545
1.2436363636363637
1.214090909090909
1.360909090909091
1.1895454545454547
1.32
1.1054545454545455
1.0222727272727272
1.045909090909091
1.0554545454545454
1.0172727272727273
0.9936363636363637
0.9227272727272727
0.9159090909090909
1.1208695652173915
1.05
0.8695652173913043
0.831304347826087
0.821304347826087
0.8678260869565217
0.8660869565217392
0.927391304347826
0.7143478260869565
0.638695652173913
0.812608695652174
0.6330434782608696
0.7756521739130434
0.6421739130434783
0.7034782608695652
0.7591304347826088
0.6395652173913043
0.6452173913043479
0.6991304347826086
0.648695652173913
0.6452173913043479
0.6634782608695652
0.4895652173913043
0.5495652173913044
0.45608695652173914
0.3869565217391305
0.5060869565217392
0.4817391304347826
0.4895652173913043
0.3843478260869565
0.361304347826087
0.31478260869565217
0.2965217391304348
0.43173913043478257
0.3630434782608695
0.3721739130434783
0.36869565217391304
0.31434782608695655
0.2682608695652174
0.49434782608695654
0.3765217391304348
0.29391304347826086
0.35695652173913045
0.4273913043478261
0.30391304347826087
0.39956521739130435
0.19956521739130434
0.3865217391304348
0.22608695652173913
0.3695652173913043
0.2669565217391304
0.26782608695652177
0.3765217391304348
0.19608695652173913
0.38
0.4008695652173913
0.23956521739130435
0.1308695652173913
0.1817391304347826
0.18130434782608695
0.12434782608695652
0.20260869565217393
0.23826086956521741
0.2434782608695652
0.17956521739130435
0.17391304347826086
0.1947826086956522
0.2643478260869565
0.22086956521739132
0.21739130434782608
0.1926086956521739
0.20869565217391303
0.2843478260869565
0.2456521739130435
0.2534782608695652
0.17956521739130435
0.23391304347826086
0.32
0.28304347826086956
0.22043478260869567
0.29
0.30826086956521737
0.17782608695652175
0.29913043478260876
0.18217391304347827
0.18
0.18043478260869567
0.2821739130434783
0.21521739130434783
0.2465217391304348
0.16304347826086957
0.16391304347826088
