temperature
2.274090909090909
2.130909090909091
1.5450000000000002
1.81
2.270909090909091
2.1577272727272727
1.499090909090909
1.7022727272727274
1.7981818181818183
1.5581818181818183
1.6704545454545454
1.1031818181818183
0.6404545454545455
1.1136363636363635
1.6286363636363637
1.7850000000000001
0.9627272727272728
0.6072727272727273
1.4145454545454546
1.5754545454545452
2.1463636363636365
2.2554545454545454
1.7386363636363635
1.8436363636363637
1.5299999999999998
1.1922727272727274
1.086818181818182
0.9522727272727273
1.5368181818181819
1.4172727272727272
1.074090909090909
1.1295454545454546
2.033181818181818
2.2354545454545454
2.2104545454545454
2.42
2.7004545454545457
2.3622727272727273
2.043181818181818
1.502727272727273
1.2300000000000002
0.7168181818181818
0.8163636363636364
0.9431818181818182
0.5968181818181818
0.19954545454545458
0.33681818181818185
0.8568181818181819
1.0331818181818182
1.1668181818181818
1.2231818181818181
1.6618181818181819
2.1545454545454543
2.2190909090909092
2.275
1.765
2.1354545454545453
2.1731818181818183
2.2022727272727276
2.5040909090909094
2.708181818181818
2.815909090909091
2.9818181818181815
3.2763636363636364
3.793636363636364
3.9518181818181817
3.894090909090909
3.4231818181818183
3.808181818181818
3.769545454545455
3.755454545454546
3.6140909090909092
3.2581818181818183
3.287272727272727
3.1768181818181818
3.683636363636364
3.6568181818181817
3.248181818181818
3.2936363636363635
3.3959090909090914
3.341818181818182
3.357727272727273
3.4718181818181817
4.0604545454545455
3.6772727272727277
3.850909090909091
3.737727272727273
3.8568181818181815
4.410454545454545
4.393636363636364
4.819090909090909
4.335
3.446818181818182
3.7459090909090906
4.059545454545455
4.153636363636363
4.1454545454545455
3.946818181818182
4.161363636363636
4.674545454545455
4.961818181818182
5.612727272727273
5.123636363636364
5.373181818181819
5.801363636363636
6.064545454545454
5.8931818181818185
5.868181818181818
6.284545454545454
6.152727272727272
6.316818181818181
6.37590909090909
6.099545454545455
5.892272727272727
5.973636363636363
6.112272727272727
5.9422727272727265
5.817272727272727
6.276818181818182
6.529545454545455
6.426363636363636
6.108636363636363
6.494545454545454
6.766818181818182
6.923636363636363
7.055000000000001
7.357272727272728
7.933636363636364
7.364545454545453
7.41
8.082727272727272
7.635909090909092
8.30590909090909
8.062272727272727
8.37
8.42090909090909
8.456363636363635
8.899090909090908
8.696363636363635
9.15409090909091
9.209090909090909
9.061363636363636
9.485454545454546
9.856363636363637
9.899090909090908
9.792272727272728
9.722272727272726
9.361363636363636
9.573636363636364
9.510909090909092
9.698181818181817
10.257727272727273
10.223636363636363
10.435
10.485909090909091
10.549090909090909
10.495454545454546
10.736363636363636
10.822727272727272
11.058636363636364
10.881818181818183
10.705454545454545
10.865
10.629545454545454
11.019545454545455
10.991363636363637
11.426818181818183
11.643181818181818
11.468181818181819
11.958181818181817
11.978636363636362
11.531363636363636
11.59909090909091
11.471363636363636
11.424999999999999
11.97181818181818
12.207727272727272
12.05318181818182
12.04590909090909
12.256363636363636
12.59590909090909
12.604545454545455
12.636818181818182
12.890454545454547
13.319090909090908
13.373636363636365
13.452272727272726
13.659999999999998
13.748636363636365
13.228636363636362
13.142727272727273
13.485454545454546
13.311818181818182
13.552272727272726
13.53
13.582272727272727
13.667727272727273
13.172272727272729
13.009999999999998
13.344999999999999
13.749545454545455
13.274545454545455
13.201818181818181
13.240454545454547
13.087272727272728
13.471363636363636
13.728636363636365
14.114545454545453
14.167727272727273
14.331818181818182
13.712272727272728
13.390454545454547
13.253181818181817
13.695454545454545
13.760000000000002
13.208636363636366
13.381818181818181
13.42818181818182
13.15318181818182
13.153636363636364
13.385909090909092
13.054545454545455
13.237727272727273
13.346363636363636
13.54090909090909
13.79
14.009090909090908
13.44590909090909
12.885000000000002
12.959545454545456
13.031818181818181
13.430909090909092
13.341818181818182
13.071363636363635
12.438636363636363
12.896818181818183
12.92090909090909
12.746818181818183
12.541818181818183
12.628636363636362
13.026363636363635
12.506363636363636
12.010909090909092
12.614090909090908
12.102272727272727
12.038636363636364
11.698636363636364
11.637727272727272
11.299999999999999
11.36909090909091
11.833181818181817
11.454545454545455
11.210909090909091
10.836363636363636
10.750454545454545
10.652727272727272
10.407727272727273
10.453636363636363
10.691363636363636
11.089545454545455
10.765454545454546
10.166818181818181
10.615
10.421818181818182
9.93090909090909
10.439545454545454
10.13090909090909
9.477727272727272
9.25
9.183181818181819
9.674999999999999
9.885454545454545
9.537272727272727
9.695
9.715
9.455
9.515454545454546
9.148636363636363
9.024545454545454
8.81590909090909
8.507727272727273
9.18409090909091
8.713181818181818
8.269090909090908
8.045
7.431818181818182
7.320909090909091
7.347272727272727
7.279545454545455
6.963181818181818
7.098181818181818
7.194545454545454
7.109545454545454
6.607727272727273
6.640454545454546
6.864545454545455
7.004090909090909
6.930000000000001
7.004999999999999
6.790454545454545
6.530454545454545
6.134090909090909
6.324090909090909
6.404545454545455
6.02
6.169090909090909
6.006363636363636
5.6486363636363635
5.162272727272727
4.78
5.294090909090909
5.547272727272727
5.289090909090909
5.246818181818181
5.290454545454545
4.501363636363636
3.9536363636363636
3.522272727272727
3.9918181818181817
3.791363636363636
3.4909090909090907
3.918636363636364
3.6013636363636365
2.8736363636363635
2.890909090909091
3.5231818181818184
3.83
3.735
3.5799999999999996
3.191818181818182
2.5945454545454543
2.4186363636363635
2.255
2.1768181818181818
2.5309090909090908
2.929090909090909
3.25
3.3854545454545457
3.2977272727272724
2.9136363636363636
2.28
1.969090909090909
1.8550000000000002
1.8886363636363634
2.104090909090909
2.227272727272727
2.2195454545454543
2.8927272727272726
3.137272727272727
2.751818181818182
2.2827272727272727
2.0040909090909094
2.255909090909091
2.416363636363636
3.223181818181818
2.563181818181818
2.9036363636363633
3.014545454545455
3.142272727272727
3.0786363636363636
2.725
2.9181818181818184
2.5731818181818182
2.0795454545454546
2.112727272727273
