temperature
3.015789473684211
3.0157894736842104
2.4710526315789476
2.3589473684210525
2.88
2.8294736842105266
2.541578947368421
2.5357894736842104
2.761052631578947
2.2736842105263158
1.9778947368421052
1.6342105263157896
1.6357894736842105
2.5315789473684207
2.5494736842105263
2.828421052631579
2.228421052631579
2.091578947368421
2.544736842105263
2.9257894736842105
3.090526315789474
2.840526315789474
2.433684210526316
2.5826315789473684
1.9210526315789473
1.5215789473684211
1.4431578947368422
1.7589473684210528
2.5205263157894735
2.7473684210526312
2.3063157894736843
2.3410526315789477
2.771578947368421
2.8410526315789477
3.2342105263157896
3.629473684210526
3.6726315789473687
2.6378947368421053
2.2573684210526315
2.0236842105263158
1.8889473684210527
1.6442105263157896
1.954736842105263
2.0273684210526315
1.8052631578947367
1.5184210526315791
1.2484210526315789
1.4821052631578948
1.924736842105263
2.005263157894737
1.8910526315789473
1.9394736842105265
2.775263157894737
2.8521052631578945
2.774736842105263
2.4478947368421053
2.61
3.2473684210526317
3.29
3.26
3.1989473684210528
3.0673684210526315
3.4221052631578943
3.91
4.806315789473683
4.896315789473684
4.869473684210526
4.46
4.98
4.747368421052632
4.8384210526315785
4.876315789473685
4.319473684210526
3.784210526315789
3.526842105263158
3.7684210526315787
3.666315789473684
3.477894736842105
3.4421052631578952
3.5173684210526317
3.728947368421052
3.8721052631578945
4.097894736842105
4.577368421052632
4.261578947368421
4.57
4.533157894736842
4.488947368421053
5.1626315789473685
5.356842105263158
5.49
4.958421052631579
4.29
4.524736842105263
4.985263157894737
5.166315789473684
5.230526315789473
4.931578947368421
5.508421052631578
5.752631578947368
5.802631578947368
6.01
5.603684210526316
5.877368421052632
6.2
6.631052631578947
6.508947368421053
6.029473684210527
6.576842105263157
6.523684210526316
6.712105263157895
6.643684210526316
6.936315789473684
7.01
6.855263157894737
6.9868421052631575
7.252631578947369
7.367368421052633
7.6831578947368415
7.962105263157895
7.453157894736841
7.512631578947369
7.590526315789473
7.7494736842105265
7.643684210526315
7.9331578947368415
8.285789473684211
8.217368421052631
7.484736842105264
7.757894736842106
8.841052631578947
8.74578947368421
9.147368421052633
9.400526315789472
9.39
8.891578947368421
8.94578947368421
8.974736842105264
8.907368421052633
9.492631578947368
9.811052631578947
9.761052631578949
10.263157894736842
10.740526315789474
10.337894736842104
10.135263157894736
10.071578947368423
9.819473684210527
10.399473684210527
10.883157894736842
11.103684210526316
11.248947368421051
10.993157894736843
11.336315789473684
11.452105263157895
11.000526315789473
10.92421052631579
10.996315789473684
10.964736842105264
11.561578947368423
11.481052631578947
11.459473684210526
11.24578947368421
11.127894736842105
11.223157894736843
11.35
11.762631578947369
12.333684210526316
12.004736842105263
12.424736842105263
12.69421052631579
11.906842105263157
11.82842105263158
11.39
11.770526315789475
12.092105263157896
12.447894736842105
12.745263157894737
12.99
12.772631578947369
12.861578947368422
12.395263157894737
12.196842105263158
12.57684210526316
13.16263157894737
13.219473684210525
13.42578947368421
13.702105263157893
13.657368421052633
13.403684210526315
13.24421052631579
13.995789473684212
13.85578947368421
13.703157894736842
13.821578947368423
13.442631578947369
13.317368421052631
13.130526315789474
13.326315789473684
13.803157894736842
14.321052631578949
13.861052631578948
13.697368421052632
14.11684210526316
14.059473684210525
14.5
14.699473684210528
14.608947368421052
14.306842105263158
14.660526315789474
14.080526315789472
14.01
13.76736842105263
14.169473684210528
13.996842105263157
13.629473684210526
13.704210526315789
13.638421052631578
13.488947368421053
13.278421052631579
13.468421052631578
13.06
13.57578947368421
13.65157894736842
13.296842105263158
13.284210526315789
13.462631578947368
13.277368421052632
13.152105263157896
13.49736842105263
13.946315789473685
14.012105263157896
13.854736842105263
13.513684210526316
12.859473684210526
13.045789473684211
12.868421052631579
12.667894736842106
12.448421052631579
12.646315789473684
13.283157894736842
12.799473684210525
12.452105263157895
12.757894736842106
12.330526315789474
12.726315789473684
12.34842105263158
11.849473684210528
11.483684210526315
11.454210526315789
11.909473684210527
11.75421052631579
11.682631578947369
11.501052631578949
11.259473684210526
11.027894736842105
10.745789473684212
10.658421052631578
11.160526315789474
11.591578947368422
11.33736842105263
10.983684210526315
11.226315789473684
11.068947368421053
10.613684210526316
10.866315789473685
10.59
9.908421052631578
9.500526315789473
9.829473684210527
10.286842105263156
10.66
10.208421052631579
10.37
9.958421052631579
9.627894736842105
9.85578947368421
9.515789473684212
9.704210526315789
9.72578947368421
9.580526315789474
9.891052631578948
9.297894736842105
8.861052631578946
9.043157894736842
8.676842105263159
8.963157894736844
8.48157894736842
7.888421052631578
7.622777777777778
7.813333333333333
7.658888888888888
7.786111111111111
7.110555555555555
7.040555555555556
7.337777777777778
7.232222222222223
7.147777777777778
7.543333333333333
7.044444444444444
7.142777777777777
6.806111111111111
6.986666666666666
7.027777777777778
6.618947368421053
6.56842105263158
6.416842105263158
6.195263157894737
6.083684210526316
5.939473684210526
6.484210526315789
6.598421052631579
6.409999999999999
6.415789473684211
6.522631578947369
6.003157894736842
5.346842105263158
5.221052631578948
5.220526315789473
4.931052631578948
4.541052631578947
5.46
4.925263157894737
4.089473684210526
4.274210526315789
4.662105263157895
4.780526315789474
4.5736842105263165
4.5815789473684205
3.8910526315789475
3.4894736842105263
3.6394736842105266
3.5805263157894736
3.806315789473684
4.079473684210527
4.521052631578947
5.148421052631579
4.493157894736842
3.8642105263157895
3.656842105263158
2.7605263157894737
2.555789473684211
2.776842105263158
3.0799999999999996
3.556315789473684
3.564736842105263
3.2910526315789475
3.276315789473684
3.4684210526315793
3.491578947368421
3.3815789473684212
2.9742105263157894
3.0921052631578947
2.391578947368421
2.776315789473684
2.5726315789473686
3.10578947368421
3.7221052631578946
3.6936842105263152
3.133157894736842
2.2047368421052633
2.8010526315789472
2.6399999999999997
2.725263157894737
2.8905263157894736
