pet
0.2744444444444445
0.35277777777777775
0.39
0.33722222222222226
0.30333333333333334
0.25666666666666665
0.42055555555555557
0.3294444444444445
0.31277777777777777
0.35833333333333334
0.42
0.4033333333333333
0.3027777777777778
0.3483333333333334
0.40222222222222226
0.28
0.3333333333333333
0.29944444444444446
0.35944444444444446
0.37222222222222223
0.3022222222222222
0.2833333333333333
0.2516666666666667
0.365
0.40555555555555556
0.3894444444444445
0.39222222222222225
0.4833333333333333
0.42277777777777775
0.38999999999999996
0.47277777777777774
0.4833333333333333
0.4466666666666667
0.4527777777777778
0.48777777777777775
0.4855555555555556
0.5344444444444445
0.5416666666666666
0.5555555555555556
0.5083333333333333
0.4405555555555556
0.4361111111111111
0.4861111111111111
0.5033333333333334
0.4722222222222222
0.5733333333333334
0.5316666666666667
0.4116666666666667
0.5094444444444445
0.5766666666666667
0.6555555555555556
0.6405555555555555
0.7772222222222223
0.68
0.5961111111111111
0.6911111111111111
0.8172222222222223
0.795
0.7688888888888888
0.7633333333333333
0.76
0.7472222222222222
0.8316666666666666
0.8794444444444445
0.8444444444444444
0.9133333333333334
0.8927777777777778
0.953888888888889
1.0344444444444445
1.018888888888889
1.0222222222222221
0.9794444444444443
1.0405555555555557
0.9744444444444444
0.9066666666666667
1.0366666666666666
1.1133333333333333
1.1233333333333333
1.1005555555555557
1.1811111111111112
1.1516666666666666
1.2344444444444445
1.1394444444444443
1.15
1.295
1.2216666666666667
1.2988888888888888
1.296111111111111
1.323888888888889
1.475
1.4877777777777779
1.4977777777777779
1.36
1.4338888888888888
1.4722222222222223
1.7044444444444444
1.6472222222222221
1.7455555555555555
1.6005555555555555
1.6627777777777777
1.6833333333333333
1.5566666666666666
1.645
1.6605555555555556
1.7755555555555556
1.953888888888889
1.9349999999999998
2.03
1.845
1.9544444444444444
1.9961111111111112
1.9055555555555554
1.961111111111111
1.9322222222222223
1.9833333333333334
1.9522222222222223
2.086111111111111
2.092222222222222
2.1733333333333333
2.0405555555555557
2.3961111111111113
2.321111111111111
2.476111111111111
2.33
2.2088888888888887
2.1127777777777776
2.4383333333333335
2.3177777777777777
2.3644444444444446
2.1927777777777777
2.363888888888889
2.6222222222222222
2.4122222222222223
2.2788888888888885
2.3533333333333335
2.3938888888888887
2.393888888888889
2.4144444444444444
2.53
2.3672222222222223
2.5088888888888885
2.5244444444444443
2.808333333333333
2.7366666666666664
2.7555555555555555
2.617777777777778
2.3994444444444443
2.535
2.5766666666666667
2.876111111111111
3.0088888888888885
2.803888888888889
2.6105555555555555
2.7672222222222222
2.5955555555555554
2.7216666666666667
2.442222222222222
2.8466666666666667
2.812222222222222
2.9805555555555556
2.951111111111111
3.066111111111111
2.677777777777778
2.4727777777777775
2.61
2.716666666666667
2.8783333333333334
2.7872222222222223
2.747777777777778
2.86
3.256111111111111
2.9733333333333336
2.711111111111111
2.910555555555556
2.8338888888888887
2.8538888888888887
3.062777777777778
2.663333333333333
2.8444444444444446
2.9811111111111113
2.5883333333333334
2.763888888888889
2.77
2.816666666666667
2.683333333333333
2.7355555555555555
2.6316666666666664
2.5966666666666667
2.6683333333333334
2.8344444444444443
2.8433333333333333
3.0255555555555556
2.9222222222222225
2.828333333333333
3.0372222222222223
2.9255555555555555
3.0149999999999997
2.7183333333333333
2.895
2.773888888888889
2.535555555555556
2.6172222222222223
2.5961111111111115
2.683888888888889
2.9000000000000004
2.786111111111111
2.554444444444444
2.7444444444444445
2.6516666666666664
2.4544444444444444
2.6894444444444443
2.4833333333333334
2.177777777777778
2.6316666666666664
2.6688888888888886
2.155
2.486111111111111
2.2755555555555556
2.3844444444444446
2.4994444444444444
2.578888888888889
2.078888888888889
2.318888888888889
2.2372222222222224
1.97
1.9905555555555554
2.3
2.276111111111111
2.252222222222222
1.9994444444444446
2.046111111111111
2.0633333333333335
2.12
2.2577777777777777
1.9811111111111108
1.9927777777777775
1.8250000000000002
1.8761111111111108
2.0977777777777775
1.9522222222222223
1.9861111111111112
1.7444444444444445
1.8738888888888887
1.8499999999999999
1.728888888888889
1.7455555555555557
1.933888888888889
1.6516666666666666
1.66
1.8605555555555557
1.6544444444444446
1.6755555555555555
1.7483333333333333
1.5833333333333333
1.6710526315789473
1.68
1.5510526315789472
1.4678947368421054
1.5036842105263157
1.3705263157894736
1.2847368421052632
1.2942105263157895
1.2810526315789474
1.388421052631579
1.3073684210526315
1.2705263157894737
1.318421052631579
1.0942105263157895
1.1205263157894736
0.9768421052631578
1.104736842105263
1.1094736842105262
1.0647368421052632
1.1222222222222222
1.0766666666666667
1.0416666666666667
1.0944444444444443
0.9966666666666667
0.9988888888888889
0.9733333333333333
0.825
0.9194444444444445
0.9816666666666668
0.9072222222222224
0.7577777777777778
0.6122222222222222
0.6233333333333334
0.6633333333333333
0.6494444444444444
0.778888888888889
0.7583333333333333
0.7361111111111112
0.6705555555555556
0.66
0.6661111111111111
0.6144444444444445
0.5805555555555555
0.7266666666666667
0.7316666666666667
0.7022222222222223
0.6783333333333332
0.5661111111111111
0.5988888888888888
0.6116666666666667
0.5011111111111111
0.48000000000000004
0.5405555555555556
0.41111111111111115
0.47611111111111115
0.39888888888888885
0.43
0.4605555555555556
0.4511111111111112
0.36333333333333334
0.5033333333333334
0.42388888888888887
0.42722222222222217
0.3961111111111111
0.22999999999999998
0.2638888888888889
0.2994444444444444
0.3027777777777778
0.31166666666666665
0.3138888888888889
0.28
0.2688888888888889
0.3055555555555556
0.2888888888888889
0.3133333333333333
0.3255555555555556
0.31833333333333336
0.33
0.285
0.29388888888888887
0.3005555555555556
0.30444444444444446
0.31555555555555553
0.2677777777777778
0.35333333333333333
0.2916666666666667
0.4261111111111111
0.29444444444444445
0.27888888888888885
0.32722222222222225
0.2222222222222222
0.16444444444444445
0.27222222222222225
0.3055555555555556
0.22444444444444445
0.27222222222222225
0.22388888888888892
0.16833333333333333
0.17722222222222223
0.19055555555555556
0.20833333333333334
0.21222222222222223
0.2027777777777778
0.3938888888888889
0.30000000000000004
0.2777777777777778
0.3194444444444444
0.26333333333333336
0.22666666666666668
0.2127777777777778
0.27666666666666667
