pet
0.3521739130434782
0.3230434782608696
0.33260869565217394
0.2534782608695652
0.17391304347826086
0.2408695652173913
0.22260869565217392
0.3060869565217391
0.23130434782608697
0.2773913043478261
0.3660869565217391
0.3934782608695652
0.3065217391304348
0.3426086956521739
0.18608695652173915
0.26
0.30391304347826087
0.26130434782608697
0.3539130434782609
0.25869565217391305
0.29391304347826086
0.2839130434782609
0.28608695652173916
0.3360869565217391
0.2726086956521739
0.3026086956521739
0.28782608695652173
0.2569565217391304
0.29608695652173916
0.28652173913043477
0.35347826086956524
0.3447826086956522
0.3552173913043478
0.3104347826086956
0.3969565217391305
0.3973913043478261
0.3908695652173913
0.48130434782608694
0.41956521739130437
0.348695652173913
0.4186956521739131
0.3926086956521739
0.3843478260869565
0.43956521739130433
0.4439130434782609
0.3852173913043478
0.39
0.3291304347826087
0.3639130434782608
0.4360869565217391
0.43043478260869567
0.4608695652173913
0.5860869565217391
0.5069565217391304
0.5047826086956522
0.4643478260869565
0.4891304347826087
0.5465217391304348
0.6247826086956522
0.601304347826087
0.63
0.7360869565217392
0.7465217391304348
0.6908695652173913
0.7278260869565218
0.697391304347826
0.717391304347826
0.7634782608695652
0.6873913043478261
0.7052173913043478
0.8473913043478262
0.7821739130434782
0.7408695652173912
0.8347826086956521
0.8160869565217391
0.8873913043478261
0.938695652173913
0.8530434782608696
0.9291304347826087
0.9904347826086957
1.0008695652173913
1.046521739130435
1.13
1.1091304347826085
1.0469565217391303
1.162608695652174
1.1778260869565218
1.22
1.1691304347826088
1.021304347826087
1.0495454545454546
1.1454545454545455
1.1295454545454544
1.190909090909091
1.2222727272727274
1.2236363636363636
1.2677272727272728
1.2431818181818182
1.3027272727272727
1.34
1.3245454545454545
1.4495454545454545
1.4495454545454545
1.6595454545454544
1.615
1.6218181818181818
1.6272727272727272
1.5409090909090908
1.5686363636363636
1.7104545454545457
1.6081818181818184
1.5486363636363636
1.7372727272727273
1.7277272727272726
1.7590909090909093
1.9063636363636363
1.9136363636363638
1.781818181818182
1.781818181818182
1.7090909090909092
1.9631818181818181
1.9468181818181818
1.9586363636363635
2.0136363636363637
1.968181818181818
2.0195454545454545
1.9118181818181819
2.0104545454545453
2.0309090909090908
1.9490909090909092
2.1654545454545455
2.0295454545454543
2.256818181818182
2.4568181818181816
2.3845454545454547
2.4927272727272727
2.311818181818182
2.286818181818182
2.4813636363636364
2.351818181818182
2.3277272727272726
2.430454545454545
2.127272727272727
2.4059090909090908
2.4986363636363635
2.4709090909090907
2.49
2.501818181818182
2.4013636363636364
2.48
2.368181818181818
2.638181818181818
2.403636363636364
2.566818181818182
2.6290909090909094
2.3368181818181815
2.2572727272727273
2.4709090909090907
2.4936363636363637
2.397727272727273
2.4854545454545454
2.2627272727272727
2.4086363636363637
2.4363636363636365
2.7809090909090908
2.708636363636364
2.4286363636363637
2.492272727272727
2.4709090909090907
2.6595454545454547
2.8313636363636365
2.481363636363636
2.6981818181818182
2.4695454545454543
2.438181818181818
2.516363636363636
2.611818181818182
2.6763636363636363
2.671818181818182
2.8581818181818184
2.7372727272727273
2.4736363636363636
2.7513636363636365
2.8354545454545454
2.726363636363636
2.791818181818182
3.0404545454545455
2.8572727272727274
2.6686363636363635
2.6986363636363637
2.4595454545454545
2.768181818181818
2.666818181818182
2.5045454545454544
2.453181818181818
2.4072727272727272
2.6036363636363635
2.5427272727272725
2.505454545454546
2.481818181818182
2.602272727272727
2.6463636363636365
2.233636363636364
2.2881818181818185
2.3327272727272725
2.5827272727272725
2.4463636363636363
2.523181818181818
2.389090909090909
2.5613636363636365
2.3677272727272727
2.178181818181818
2.4477272727272728
2.330909090909091
2.3677272727272727
2.295
2.2745454545454544
2.0586363636363636
1.9922727272727272
2.026818181818182
2.1572727272727272
2.174545454545455
2.1818181818181817
2.12
1.9759090909090908
1.9177272727272727
2.1377272727272727
2.3022727272727272
2.2036363636363636
1.9631818181818181
1.8463636363636362
2.0522727272727272
2.1377272727272727
2.022727272727273
1.9
1.9481818181818182
1.8363636363636362
1.8527272727272726
1.85
1.795909090909091
1.670909090909091
1.666818181818182
1.654090909090909
1.7972727272727271
1.7436363636363637
1.5881818181818181
1.6722727272727271
1.7195454545454545
1.6763636363636365
1.3722727272727273
1.5222727272727274
1.4954545454545454
1.4886363636363635
1.4522727272727272
1.3945454545454545
1.4549999999999998
1.4009090909090909
1.2754545454545454
1.2772727272727273
1.2695454545454545
1.3477272727272727
1.3227272727272728
1.2927272727272727
1.2168181818181818
1.1090909090909091
1.0086363636363638
1.086818181818182
0.9668181818181818
0.8809090909090909
0.8599999999999999
0.8745454545454546
0.9354545454545454
0.8886363636363637
0.9969565217391304
0.9130434782608695
0.8873913043478261
0.8343478260869566
0.8486956521739131
0.8478260869565217
0.8734782608695653
0.8539130434782609
0.7052173913043478
0.7934782608695652
0.7986956521739131
0.6173913043478261
0.5856521739130435
0.5843478260869565
0.46695652173913044
0.49391304347826087
0.681304347826087
0.6186956521739131
0.6434782608695653
0.5547826086956522
0.6056521739130435
0.5743478260869564
0.581304347826087
0.44521739130434784
0.48000000000000004
0.44478260869565217
0.4921739130434783
0.3652173913043478
0.5091304347826088
0.3904347826086957
0.45739130434782604
0.41173913043478266
0.41695652173913045
0.3860869565217391
0.4078260869565218
0.40521739130434786
0.47130434782608693
0.2752173913043478
0.34043478260869564
0.44869565217391305
0.44782608695652176
0.46695652173913044
0.39999999999999997
0.4682608695652174
0.2886956521739131
0.3765217391304348
0.2539130434782609
0.34391304347826085
0.28782608695652173
0.401304347826087
0.34347826086956523
0.1865217391304348
0.33391304347826084
0.26304347826086955
0.42
0.3243478260869565
0.25999999999999995
0.23173913043478261
0.23782608695652172
0.26956521739130435
0.21391304347826087
0.1982608695652174
0.23565217391304347
0.2608695652173913
0.3269565217391305
0.1947826086956522
0.30130434782608695
0.2952173913043478
0.13304347826086957
0.15565217391304348
0.1930434782608696
0.21869565217391304
0.28043478260869564
0.2756521739130435
0.17
0.24478260869565216
0.22913043478260867
0.2652173913043478
0.28565217391304343
0.23347826086956522
0.30826086956521737
0.1826086956521739
0.18
0.2639130434782609
0.2165217391304348
0.27043478260869563
0.1839130434782609
0.2573913043478261
0.30695652173913046
0.21434782608695652
0.3565217391304348
0.23173913043478261
