pet
0.23238095238095238
0.19476190476190475
0.3395238095238095
0.24714285714285716
0.1842857142857143
0.19571428571428573
0.21619047619047618
0.17904761904761907
0.2561904761904762
0.2661904761904762
0.27476190476190476
0.3895238095238095
0.21619047619047618
0.2342857142857143
0.33999999999999997
0.24761904761904763
0.2419047619047619
0.2704761904761905
0.2561904761904762
0.2671428571428572
0.3004761904761905
0.2776190476190476
0.22238095238095237
0.2761904761904762
0.24476190476190474
0.21857142857142856
0.28857142857142853
0.2966666666666667
0.26666666666666666
0.32047619047619047
0.32476190476190475
0.34619047619047616
0.3647619047619048
0.3880952380952381
0.3871428571428572
0.3128571428571429
0.36904761904761907
0.34523809523809523
0.4247619047619048
0.3742857142857143
0.36095238095238097
0.3147619047619048
0.28714285714285714
0.3295238095238095
0.35
0.4671428571428571
0.4866666666666667
0.3738095238095238
0.3795238095238095
0.46904761904761905
0.46619047619047616
0.5138095238095237
0.530952380952381
0.5533333333333333
0.5495238095238095
0.5761904761904761
0.6104761904761905
0.5347619047619048
0.6176190476190476
0.5695238095238095
0.5942857142857143
0.5066666666666667
0.6328571428571428
0.6757142857142857
0.7128571428571429
0.6771428571428572
0.7185714285714285
0.7423809523809524
0.769047619047619
0.8138095238095238
0.7857142857142857
0.7928571428571428
0.8123809523809523
0.7933333333333333
0.7738095238095238
0.8823809523809525
0.8604761904761905
0.9509523809523809
0.8942857142857144
0.9428571428571428
0.8490476190476189
0.9914285714285714
0.8966666666666667
0.9066666666666666
0.9385714285714286
1.0142857142857142
0.9742857142857143
1.0409523809523809
1.0157142857142858
1.09
1.1642857142857141
1.1790476190476191
1.0657142857142856
1.1123809523809522
1.362857142857143
1.2147619047619047
1.2385714285714287
1.2876190476190477
1.2742857142857145
1.4642857142857142
1.3099999999999998
1.4228571428571428
1.3585714285714285
1.3395238095238096
1.5357142857142858
1.5295238095238095
1.5840909090909092
1.384090909090909
1.6022727272727273
1.5668181818181817
1.504090909090909
1.3945454545454545
1.5863636363636362
1.5
1.5040909090909091
1.5686363636363636
1.5340909090909092
1.5777272727272729
1.710909090909091
1.665
1.7695454545454545
1.780909090909091
1.8836363636363636
1.869090909090909
1.8127272727272727
1.9590909090909092
1.9136363636363638
2.0477272727272724
2.0072727272727273
2.1154545454545453
2.014090909090909
1.8781818181818182
2.1063636363636364
2.215
1.9131818181818183
1.9145454545454543
1.8918181818181816
1.968181818181818
1.9050000000000002
1.9813636363636364
2.2177272727272728
2.3236363636363637
2.3459090909090907
2.4854545454545454
2.2463636363636366
2.377272727272727
2.085
2.153181818181818
2.0713636363636363
2.2795454545454543
2.375909090909091
2.2745454545454544
2.1786363636363637
2.319545454545455
2.0290909090909093
2.0931818181818183
2.2322727272727274
2.2554545454545454
2.226818181818182
2.2531818181818184
2.300909090909091
2.309090909090909
2.1281818181818184
2.0813636363636365
2.380909090909091
2.1163636363636367
2.1513636363636364
2.329090909090909
2.106818181818182
2.2822727272727272
2.3322727272727275
2.2418181818181817
2.0768181818181817
2.1836363636363636
2.149090909090909
2.2254545454545456
2.391363636363636
2.303181818181818
2.4127272727272726
2.2254545454545456
2.0772727272727276
2.275909090909091
2.2095454545454545
2.286818181818182
2.1727272727272724
2.115
2.0127272727272727
2.1572727272727272
2.3404545454545453
2.465909090909091
1.9822727272727272
2.1777272727272727
2.007727272727273
2.2613636363636362
2.1859090909090906
2.5254545454545454
2.2886363636363636
2.3536363636363635
2.1995454545454547
1.9795454545454545
2.139090909090909
2.2363636363636363
2.4822727272727274
2.141363636363636
2.227272727272727
2.0913636363636363
2.158181818181818
2.3213636363636363
1.8622727272727273
1.991818181818182
2.084090909090909
1.9804545454545455
2.0186363636363636
1.8313636363636363
2.099090909090909
2.2445454545454546
2.0913636363636363
1.8940909090909093
1.8836363636363636
1.9222727272727271
1.7654545454545456
1.6681818181818182
1.5704545454545453
1.7077272727272728
1.9195454545454544
1.6472727272727274
1.8631818181818183
1.7845454545454544
1.7950000000000002
1.4895454545454547
1.739090909090909
1.7595454545454545
1.7536363636363637
1.770909090909091
1.494090909090909
1.7699999999999998
1.5654545454545454
1.7
1.5063636363636363
1.4868181818181818
1.6954545454545453
1.5450000000000002
1.5022727272727272
1.2663636363636364
1.4872727272727273
1.3577272727272727
1.4236363636363636
1.4113636363636364
1.2963636363636364
1.354090909090909
1.375
1.3477272727272727
1.3609090909090908
1.125909090909091
1.1513636363636364
1.1945454545454546
1.1613636363636364
1.1413636363636364
1.07
1.0540909090909092
1.0277272727272726
1.0086363636363638
1.0268181818181819
1.008181818181818
1.1218181818181818
0.995909090909091
0.9318181818181818
0.9181818181818181
0.9681818181818183
0.8495454545454545
0.7718181818181818
0.7813636363636363
0.799090909090909
0.8076190476190477
0.7466666666666667
0.8861904761904762
0.7852380952380953
0.8438095238095238
0.8576190476190477
0.8114285714285714
0.6728571428571429
0.7371428571428572
0.7785714285714287
0.6271428571428571
0.5580952380952381
0.46095238095238095
0.4904761904761905
0.47095238095238096
0.4957142857142857
0.5123809523809524
0.5542857142857143
0.53
0.48190476190476195
0.429047619047619
0.3866666666666666
0.3647619047619048
0.48
0.5371428571428571
0.48047619047619045
0.48619047619047623
0.44
0.39571428571428574
0.4019047619047619
0.39857142857142863
0.4028571428571428
0.35285714285714287
0.37666666666666665
0.34904761904761905
0.2876190476190476
0.34523809523809523
0.3295238095238095
0.35809523809523813
0.3028571428571429
0.24047619047619045
0.3276190476190476
0.2752380952380952
0.2480952380952381
0.28285714285714286
0.23857142857142857
0.2647619047619048
0.2571428571428572
0.2628571428571429
0.19952380952380955
0.29285714285714287
0.2819047619047619
0.2014285714285714
0.22
0.23809523809523808
0.2604761904761905
0.23904761904761904
0.2561904761904762
0.16285714285714287
0.16238095238095238
0.23761904761904762
0.1919047619047619
0.16523809523809524
0.22238095238095237
0.1519047619047619
0.2280952380952381
0.23761904761904762
0.21952380952380954
0.21285714285714286
0.22333333333333336
0.27380952380952384
0.1780952380952381
0.14857142857142858
0.1757142857142857
0.24952380952380954
0.2895238095238095
0.23238095238095238
0.25761904761904764
0.18666666666666668
0.1419047619047619
0.19380952380952382
0.24571428571428572
0.19047619047619047
0.1895238095238095
0.250952380952381
0.20142857142857146
0.12238095238095237
0.1361904761904762
0.1376190476190476
0.12285714285714286
0.16333333333333333
0.17761904761904762
