pet
0.21227272727272728
0.23045454545454547
0.3281818181818182
0.2768181818181818
0.19863636363636364
0.20636363636363636
0.2827272727272727
0.22545454545454546
0.28045454545454546
0.30818181818181817
0.29409090909090907
0.3718181818181818
0.2727272727272727
0.29363636363636364
0.31272727272727274
0.23681818181818182
0.285
0.25545454545454543
0.3109090909090909
0.28954545454545455
0.28454545454545455
0.29863636363636364
0.2590909090909091
0.3386363636363636
0.3140909090909091
0.33136363636363636
0.355
0.3831818181818182
0.3159090909090909
0.3577272727272727
0.3709090909090909
0.3859090909090909
0.39909090909090905
0.4127272727272727
0.4072727272727273
0.3836363636363636
0.4327272727272727
0.41545454545454547
0.48363636363636364
0.46727272727272723
0.3890909090909091
0.39454545454545453
0.4327272727272727
0.43681818181818177
0.44727272727272727
0.5336363636363637
0.519090909090909
0.4018181818181818
0.4395454545454545
0.5363636363636364
0.5722727272727273
0.5840909090909091
0.6254545454545455
0.6318181818181818
0.5809090909090909
0.6386363636363637
0.6554545454545454
0.644090909090909
0.6613636363636364
0.6577272727272727
0.7172727272727273
0.6172727272727273
0.7309090909090908
0.7545454545454546
0.7945454545454546
0.8109090909090909
0.8340909090909091
0.8445454545454545
0.9286363636363636
0.9045454545454544
0.9095454545454544
0.9231818181818181
0.8895454545454545
0.9059090909090909
0.8754545454545455
0.9786363636363636
1.015
1.0663636363636364
0.9704545454545456
1.0431818181818182
0.9727272727272727
1.0622727272727273
1.010909090909091
1.0268181818181819
1.104090909090909
1.1104545454545454
1.135909090909091
1.21
1.1172727272727272
1.280909090909091
1.322608695652174
1.3547826086956523
1.1856521739130435
1.2839130434782609
1.4486956521739132
1.4886956521739132
1.3704347826086956
1.4282608695652175
1.395217391304348
1.6013043478260869
1.462608695652174
1.4673913043478262
1.4582608695652173
1.5456521739130433
1.5921739130434782
1.7030434782608697
1.662173913043478
1.5647826086956522
1.626086956521739
1.711304347826087
1.7252173913043478
1.5847826086956522
1.8004347826086955
1.7534782608695652
1.6669565217391302
1.7430434782608697
1.7947826086956522
1.7808695652173914
2.006521739130435
1.893913043478261
1.9921739130434784
2.051304347826087
2.1952173913043476
2.1356521739130434
1.9669565217391305
2.0960869565217393
2.152608695652174
2.1604347826086956
2.1713043478260867
2.143913043478261
2.1921739130434785
2.1656521739130437
2.138695652173913
2.221304347826087
2.066521739130435
2.0569565217391306
2.0565217391304347
2.257391304347826
2.2004347826086956
2.114782608695652
2.3117391304347827
2.3817391304347826
2.57
2.646521739130435
2.5543478260869565
2.517391304347826
2.220869565217391
2.391304347826087
2.371304347826087
2.571304347826087
2.754782608695652
2.5539130434782606
2.4330434782608696
2.5478260869565217
2.283913043478261
2.49
2.3369565217391304
2.6408695652173915
2.579565217391304
2.603478260869565
2.621304347826087
2.632608695652174
2.4243478260869566
2.345217391304348
2.4765217391304346
2.4439130434782608
2.5295652173913044
2.6139130434782607
2.582173913043478
2.6008695652173914
2.854782608695652
2.6234782608695655
2.542173913043478
2.6269565217391304
2.5669565217391304
2.4530434782608697
2.7704347826086955
2.58
2.800869565217391
2.7421739130434784
2.4217391304347826
2.5413043478260873
2.4769565217391305
2.5295652173913044
2.471739130434783
2.5860869565217395
2.372608695652174
2.4813043478260868
2.5278260869565217
2.7543478260869567
2.491304347826087
2.6421739130434783
2.53
2.620434782608696
2.6539130434782607
2.7047826086956523
2.765217391304348
2.5869565217391304
2.63695652173913
2.4191304347826086
2.4517391304347824
2.477391304347826
2.634782608695652
2.5417391304347827
2.5826086956521737
2.489130434782609
2.463478260869565
2.6139130434782607
2.358695652173913
2.31
2.4613043478260868
2.281739130434783
2.196086956521739
2.360869565217391
2.4769565217391305
2.2856521739130433
2.3343478260869563
2.2130434782608694
2.1034782608695655
2.240869565217391
2.226086956521739
1.9673913043478262
1.9795652173913043
2.011739130434783
2.0630434782608695
1.8808695652173912
2.2043478260869565
2.1395652173913042
2.1395652173913042
1.8456521739130436
2.0543478260869565
2.016086956521739
2.0143478260869565
2.1017391304347828
1.816521739130435
1.8595652173913044
1.7439130434782608
1.8499999999999999
1.8313043478260869
1.8095652173913042
1.9330434782608696
1.7234782608695653
1.6591304347826086
1.6682608695652172
1.6878260869565218
1.5317391304347825
1.693913043478261
1.5613043478260868
1.4891304347826086
1.591304347826087
1.5204347826086957
1.4769565217391303
1.5052173913043476
1.3943478260869566
1.3991304347826088
1.4186956521739131
1.392608695652174
1.311304347826087
1.2795652173913044
1.241304347826087
1.1965217391304348
1.2052173913043478
1.1904347826086956
1.2247826086956521
1.2469565217391305
1.1217391304347826
1.0678260869565217
1.0030434782608695
1.0391304347826087
0.9152173913043479
0.9604347826086956
0.9295652173913043
0.9347826086956522
0.9663636363636363
0.8463636363636364
0.9404545454545455
0.9618181818181818
0.9268181818181819
0.9163636363636364
0.8740909090909091
0.7813636363636364
0.8068181818181818
0.8554545454545455
0.73
0.6545454545454545
0.5713636363636364
0.5445454545454546
0.5445454545454546
0.5568181818181818
0.6109090909090908
0.6422727272727272
0.5963636363636364
0.5668181818181819
0.5290909090909092
0.48454545454545456
0.4786363636363636
0.53
0.6218181818181818
0.5918181818181818
0.5859090909090909
0.5322727272727273
0.455
0.49636363636363634
0.49863636363636366
0.45772727272727276
0.41590909090909095
0.42863636363636365
0.36045454545454547
0.35545454545454547
0.3513636363636364
0.36954545454545457
0.34136363636363637
0.3559090909090909
0.26272727272727275
0.35045454545454546
0.3140909090909091
0.3227272727272727
0.33818181818181814
0.23272727272727273
0.25227272727272726
0.27454545454545454
0.28818181818181815
0.20727272727272725
0.26681818181818184
0.25181818181818183
0.18136363636363637
0.2381818181818182
0.24772727272727274
0.24954545454545454
0.2377272727272727
0.24227272727272728
0.21363636363636365
0.2259090909090909
0.2595454545454545
0.24318181818181817
0.19045454545454546
0.2645454545454546
0.2113636363636364
0.2809090909090909
0.26818181818181813
0.29818181818181816
0.24000000000000002
0.2459090909090909
0.26636363636363636
0.17772727272727273
0.16818181818181818
0.18818181818181817
0.2636363636363636
0.25772727272727275
0.23954545454545453
0.24727272727272728
0.13772727272727273
0.15227272727272728
0.1759090909090909
0.2240909090909091
0.17454545454545453
0.17181818181818184
0.3009090909090909
0.23
0.1831818181818182
0.1781818181818182
0.17500000000000002
0.1668181818181818
0.17636363636363636
0.19863636363636364
