pet
0.3095
0.3745
0.362
0.3345
0.317
0.27799999999999997
0.42800000000000005
0.37
0.315
0.313
0.40099999999999997
0.371
0.346
0.40499999999999997
0.3915
0.28700000000000003
0.337
0.28500000000000003
0.3235
0.386
0.2945
0.292
0.304
0.38049999999999995
0.41900000000000004
0.417
0.378
0.497
0.42350000000000004
0.39
0.4485
0.46799999999999997
0.4245
0.41500000000000004
0.4615
0.48950000000000005
0.5475
0.5175
0.549
0.522
0.491
0.4795
0.5415
0.5835
0.541
0.585
0.612
0.526
0.645
0.647
0.7055
0.687
0.7304999999999999
0.631
0.5855
0.6825
0.7935
0.7455
0.778
0.774
0.8255000000000001
0.7415
0.8265
0.8705
0.8480000000000001
0.8495000000000001
0.8965
0.9035
0.975
0.9585000000000001
0.8869999999999999
0.908
0.9744999999999999
0.8785000000000001
0.8494999999999999
0.9115
1.079
1.1515
1.08
1.084
1.1480000000000001
1.2035
1.0805
1.1460000000000001
1.277
1.231
1.3525
1.3210000000000002
1.3395
1.4324999999999999
1.365
1.5130000000000001
1.335
1.409
1.3800000000000001
1.6415
1.654
1.7814999999999999
1.6145
1.6815000000000002
1.6725
1.5885
1.5394999999999999
1.5635
1.682
1.924
1.795
2.1105
1.8504999999999998
1.857
1.89
1.737
1.8755
1.7704999999999997
1.775
1.8059999999999998
2.0155000000000003
2.0490000000000004
2.0295
2.0305
2.3129999999999997
2.308
2.32
2.2375
2.0300000000000002
1.9225
2.2515
2.1094999999999997
2.2190000000000003
2.0035
2.2495000000000003
2.5420000000000003
2.2255
2.262
2.3609999999999998
2.307
2.202
2.1915
2.3009999999999997
2.227
2.3235
2.3785
2.4815
2.4955
2.554
2.4050000000000002
2.226
2.4050000000000002
2.4539999999999997
2.807
2.9295
2.7695
2.551
2.7030000000000003
2.6390000000000002
2.681
2.3449999999999998
2.83
2.808
2.981
2.75
2.7605
2.359
2.4795000000000003
2.5825
2.7030000000000003
2.913
2.747
2.6755
2.8045
2.9715
2.7314999999999996
2.621
2.8009999999999997
2.798
2.7895
2.8135
2.538
2.5995
2.7395
2.5215
2.552
2.5515
2.618
2.493
2.497
2.56
2.5460000000000003
2.6025
2.7515
2.7095
2.9370000000000003
2.753
2.6925
2.857
2.6350000000000002
2.8075
2.702
2.8920000000000003
2.8865
2.597
2.82
2.612
2.706
2.7085
2.9170000000000003
2.4505
2.6105
2.605
2.3565
2.5625
2.2305
2.0985
2.586
2.4699999999999998
2.037
2.497
2.1975000000000002
2.407
2.608
2.4825
2.144
2.3635
2.3255
1.8664999999999998
2.0324999999999998
2.2800000000000002
2.3095
2.077
2.0490000000000004
2.0905
2.0265
1.9224999999999999
2.212
1.8885
1.89
1.8235
1.9260000000000002
2.146
1.919
1.8969999999999998
1.7365
1.89
1.982
1.7235
1.73
1.9620000000000002
1.616
1.7150000000000003
1.8305
1.629
1.7765
1.797
1.552
1.716
1.754
1.652
1.559
1.640952380952381
1.567142857142857
1.4147619047619049
1.3976190476190478
1.379047619047619
1.4680952380952381
1.3371428571428572
1.381904761904762
1.4404761904761905
1.210952380952381
1.09
1.1071428571428572
1.2395238095238095
1.2185714285714286
1.0842857142857143
1.16
1.122
1.1
1.1789999999999998
1.0895
1.061
0.9914999999999999
0.9720000000000001
0.922
0.984
0.9029999999999999
0.8539999999999999
0.743
0.7745
0.747
0.762
0.9289999999999999
0.932
0.8949999999999999
0.7745
0.771
0.77
0.778
0.71
0.8150000000000001
0.799
0.7775000000000001
0.721
0.658
0.6375
0.6575
0.5825
0.5814999999999999
0.607
0.5345
0.592
0.544
0.5549999999999999
0.49000000000000005
0.5415
0.45149999999999996
0.5
0.488
0.524
0.45599999999999996
0.2945
0.3235
0.366
0.3875
0.369
0.37
0.32399999999999995
0.323
0.34950000000000003
0.3375
0.3465
0.395
0.34950000000000003
0.3725
0.3185
0.358
0.35500000000000004
0.41150000000000003
0.39449999999999996
0.3605
0.43099999999999994
0.3015
0.44800000000000006
0.333
0.3025
0.34500000000000003
0.2705
0.242
0.29
0.3325
0.288
0.3245
0.233
0.2185
0.22349999999999998
0.2415
0.20550000000000002
0.23700000000000002
0.23700000000000002
0.37
0.3185
0.31
0.3885
0.284
0.2555
0.195
0.30100000000000005
