pet
0.44045454545454543
0.43409090909090914
0.405
0.35818181818181816
0.3431818181818182
0.33818181818181814
0.43772727272727274
0.38272727272727275
0.365
0.35363636363636364
0.4581818181818182
0.3804545454545455
0.385
0.4772727272727273
0.45363636363636367
0.39136363636363636
0.3531818181818182
0.35454545454545455
0.30863636363636365
0.42136363636363633
0.37227272727272726
0.35045454545454546
0.3790909090909091
0.3963636363636364
0.3931818181818182
0.5559090909090909
0.4422727272727273
0.6536363636363637
0.4586363636363636
0.48000000000000004
0.5045454545454545
0.4827272727272728
0.4913636363636364
0.41545454545454547
0.5631818181818182
0.5640909090909091
0.5759090909090909
0.5631818181818182
0.5872727272727273
0.5922727272727273
0.5622727272727274
0.5045454545454545
0.6427272727272727
0.6740909090909091
0.6690909090909091
0.6818181818181818
0.7104545454545454
0.6604545454545455
0.7295454545454546
0.7286363636363636
0.6931818181818182
0.859090909090909
0.7599999999999999
0.6736363636363637
0.6595454545454545
0.7254545454545455
0.8340909090909091
0.7786363636363636
0.8059090909090909
0.9136363636363637
0.9418181818181818
0.8022727272727272
0.8936363636363637
0.9513636363636363
0.9986363636363635
0.8936363636363637
0.9795454545454546
1.0086363636363638
1.0445454545454547
0.9990909090909091
0.9640909090909091
1.1086363636363636
1.0195454545454545
0.9754545454545455
1.03
1.1440909090909093
1.1386363636363637
1.324090909090909
1.2713636363636363
1.106818181818182
1.2331818181818182
1.29
1.18
1.2618181818181817
1.3695454545454544
1.3636363636363635
1.3486363636363636
1.3545454545454545
1.4840909090909091
1.5345454545454544
1.4868181818181818
1.5881818181818181
1.3486363636363636
1.5922727272727273
1.5154545454545454
1.7322727272727272
1.903181818181818
1.9186363636363637
1.8181818181818181
2.006818181818182
1.9381818181818182
1.833181818181818
1.7090909090909092
1.685909090909091
1.8368181818181817
2.079090909090909
1.9695454545454545
2.5395454545454546
1.954090909090909
1.905909090909091
2.079090909090909
1.785
1.9431818181818181
1.7454545454545454
1.7677272727272728
1.8904545454545456
2.0827272727272725
2.2186363636363633
2.0422727272727275
2.1254545454545455
2.215909090909091
2.4863636363636363
2.466818181818182
2.3968181818181815
2.173636363636364
2.098181818181818
2.376818181818182
2.2063636363636365
2.329090909090909
2.0136363636363637
2.3413636363636363
2.5977272727272727
2.294090909090909
2.421818181818182
2.4477272727272728
2.334090909090909
2.221363636363636
2.38
2.2818181818181817
2.3763636363636365
2.355
2.614090909090909
2.634090909090909
2.536363636363636
2.4745454545454546
2.388181818181818
2.2695454545454545
2.4563636363636365
2.4986363636363635
2.789090909090909
2.9486363636363637
2.6468181818181815
2.462727272727273
2.730909090909091
2.824090909090909
2.591818181818182
2.5500000000000003
2.7800000000000002
3.075454545454545
3.0850000000000004
2.6463636363636365
2.675909090909091
2.4054545454545457
2.7418181818181817
2.8181818181818183
2.9808695652173913
2.999565217391304
2.7482608695652173
2.824782608695652
2.9408695652173913
2.891739130434783
2.7530434782608695
2.8604347826086953
3.1343478260869566
3.0256521739130435
3.1021739130434782
2.82
2.976086956521739
2.8413043478260867
2.884782608695652
2.9560869565217387
2.8108695652173914
2.64
2.746086956521739
2.5495652173913044
2.32695652173913
2.5808695652173914
2.7304347826086954
2.710434782608696
2.896086956521739
2.5943478260869566
3.076521739130435
2.7134782608695653
2.6234782608695655
2.861304347826087
2.5682608695652176
2.5834782608695654
2.941304347826087
2.72
2.8895652173913042
2.829565217391304
3.0839130434782613
2.900434782608696
2.824347826086956
2.898695652173913
3.138260869565217
2.513478260869565
2.5634782608695654
2.6943478260869567
2.5808695652173914
2.5660869565217395
2.3126086956521736
2.3534782608695655
2.6556521739130434
2.613913043478261
2.242608695652174
2.6230434782608696
2.239130434782609
2.686086956521739
2.9147826086956523
2.464782608695652
2.4
2.4469565217391307
2.5030434782608695
2.2356521739130435
2.1939130434782608
2.44
2.5586956521739133
2.176086956521739
2.152608695652174
2.252608695652174
2.246521739130435
2.0760869565217392
2.1956521739130435
2.0178260869565214
2.0517391304347825
1.96
2.0517391304347825
2.3286956521739133
2.2195652173913043
1.9204347826086958
1.8460869565217393
2.1052173913043477
2.155217391304348
1.894782608695652
1.828695652173913
1.9830434782608695
1.7
1.8704347826086958
1.8704347826086956
1.7634782608695654
1.8582608695652174
1.8843478260869566
1.6669565217391307
1.798695652173913
1.7856521739130435
1.7213043478260872
1.682173913043478
1.8843478260869564
1.7665217391304349
1.45
1.4608695652173913
1.4717391304347827
1.5239130434782608
1.4469565217391305
1.4756521739130435
1.4343478260869567
1.4056521739130434
1.0656521739130433
1.1665217391304348
1.1682608695652175
1.202608695652174
1.0326086956521738
1.059090909090909
1.0881818181818181
1.1754545454545455
1.1572727272727272
1.1595454545454547
1.0995454545454546
1.0827272727272728
1.0186363636363636
0.8863636363636364
1.0059090909090909
0.9104545454545455
0.9463636363636364
0.8177272727272726
0.9072727272727273
0.8227272727272728
0.7913636363636364
1.0168181818181818
0.9622727272727272
0.9622727272727274
0.815
0.8795454545454546
0.7327272727272728
0.8586363636363636
0.6831818181818181
0.8445454545454546
0.7890909090909091
0.770909090909091
0.6472727272727273
0.6627272727272727
0.5622727272727273
0.6463636363636364
0.6413636363636364
0.6427272727272727
0.6109090909090908
0.5554545454545455
0.5695454545454545
0.58
0.5863636363636364
0.5536363636363636
0.5495454545454546
0.49954545454545457
0.46636363636363637
0.49272727272727274
0.455
0.5995454545454545
0.3809090909090909
0.37772727272727274
0.4090909090909091
0.46181818181818185
0.47
0.4190909090909091
0.3972727272727273
0.3427272727272727
0.3813636363636364
0.3522727272727273
0.3359090909090909
0.40954545454545455
0.34954545454545455
0.42818181818181816
0.36772727272727274
0.3718181818181818
0.3640909090909091
0.46090909090909093
0.4954545454545455
0.42
0.4977272727272727
0.37454545454545457
0.5445454545454546
0.3590909090909091
0.38818181818181824
0.33999999999999997
0.3431818181818182
0.29545454545454547
0.34909090909090906
0.47454545454545455
0.3763636363636364
0.37227272727272726
0.2527272727272727
0.31
0.21045454545454545
0.2604545454545455
0.22090909090909092
0.22772727272727272
0.2931818181818182
0.41590909090909095
0.29545454545454547
0.3795454545454545
0.4559090909090909
0.34136363636363637
0.35954545454545456
0.25772727272727275
0.3527272727272727
