temperature
5.653636363636363
4.994545454545454
5.233636363636363
4.993636363636363
5.836363636363637
5.098636363636364
5.27590909090909
5.223181818181818
5.1440909090909095
5.649545454545454
5.757272727272727
6.473181818181818
6.043636363636364
5.540909090909091
6.652272727272727
5.865
5.776363636363636
5.733636363636363
5.895
5.329090909090909
5.254545454545454
5.326818181818182
4.890909090909091
4.788181818181818
4.8909090909090915
4.343181818181818
4.391363636363637
4.916818181818182
4.872727272727273
4.660454545454545
4.415909090909091
4.7704545454545455
4.415909090909091
4.535454545454545
5.674545454545455
5.870454545454546
5.576363636363637
5.2309090909090905
5.001363636363636
4.885
5.267272727272727
5.882272727272727
6.0618181818181816
5.374545454545455
4.607272727272727
4.9804545454545455
5.164545454545455
5.352727272727273
5.376363636363636
5.513636363636364
4.966363636363636
5.01409090909091
5.384545454545454
5.751818181818182
5.870000000000001
5.582727272727273
5.653636363636363
5.36090909090909
5.3545454545454545
5.01
4.586818181818182
4.8940909090909095
4.954090909090909
4.915909090909091
5.722727272727273
6.576818181818182
6.6827272727272735
6.465909090909091
6.524090909090909
6.447272727272727
6.131818181818182
5.915454545454546
5.9786363636363635
6.848181818181818
6.807272727272727
7.2
6.663636363636363
6.105
6.0986363636363645
6.644090909090909
7.079999999999999
7.201363636363637
7.244545454545454
7.565454545454545
7.360454545454545
6.956818181818182
6.9013636363636355
7.385
7.568181818181818
7.797727272727273
7.908181818181817
7.909090909090909
7.456818181818182
7.329090909090909
7.235
8.018636363636363
7.115909090909091
7.2304545454545455
7.577272727272727
7.807272727272727
7.574545454545454
7.518636363636364
7.623181818181819
7.872272727272727
8.086818181818181
8.205454545454545
8.15090909090909
8.089545454545455
7.518636363636364
7.855
8.780454545454544
9.13090909090909
9.331363636363635
9.378636363636362
9.674545454545454
9.707727272727272
9.639999999999999
9.728181818181818
9.442272727272726
9.545454545454545
9.759090909090908
10.416818181818181
10.324545454545454
10.09681818181818
10.173181818181819
10.078636363636363
10.294545454545455
10.25
10.268181818181818
10.632272727272728
11.085454545454546
10.553181818181818
10.42090909090909
10.441363636363636
10.80181818181818
11.267272727272728
10.648181818181818
10.581818181818182
10.688636363636364
10.88
11.19409090909091
11.312272727272727
11.639999999999999
11.710909090909091
11.632272727272728
11.614090909090908
11.604545454545455
11.48
11.718636363636364
12.52727272727273
12.355454545454545
12.513636363636364
13.076363636363636
12.92
12.589545454545457
12.513636363636364
12.898181818181818
12.807727272727272
12.930909090909092
12.945
13.001363636363637
13.055
12.917727272727273
12.875454545454545
13.423181818181819
13.61826086956522
13.931739130434783
14.135652173913044
14.238260869565218
14.38173913043478
14.078695652173913
13.61
13.728260869565217
13.879565217391304
13.817826086956522
14.308695652173913
14.289565217391305
14.686521739130436
14.730434782608697
15.062608695652173
14.939565217391305
15.296521739130435
14.765217391304349
15.006086956521738
14.716521739130435
14.52
14.378695652173912
14.641304347826088
14.798695652173913
15.123913043478263
15.364782608695652
15.219565217391304
15.03
15.150434782608695
15.358695652173912
15.73304347826087
15.598260869565218
15.533043478260868
15.616521739130436
16.04478260869565
15.83608695652174
15.79304347826087
15.484347826086957
15.592608695652174
15.70304347826087
16.165652173913042
16.08608695652174
16.054782608695653
16.29478260869565
15.912608695652175
15.502608695652174
15.430434782608694
15.982608695652175
16.20695652173913
16.11
16.072608695652175
16.301304347826086
15.959130434782608
15.971304347826086
15.909565217391306
15.932608695652174
16.008695652173913
15.966956521739132
15.74304347826087
15.318260869565217
15.425217391304349
15.419565217391304
15.350434782608696
15.459130434782608
15.434782608695652
15.47391304347826
15.639565217391306
15.55695652173913
15.68913043478261
15.360434782608696
14.858260869565218
15.042173913043479
15.441304347826087
14.734347826086957
14.478695652173913
14.267826086956523
14.723478260869564
14.796086956521739
14.318695652173913
14.409565217391306
14.802173913043477
14.631739130434784
14.47391304347826
14.618260869565216
14.42478260869565
14.213478260869566
14.265217391304349
14.440434782608696
14.493478260869566
13.814347826086957
13.673913043478262
13.257826086956522
13.070434782608697
13.051304347826088
12.995652173913042
13.200434782608696
13.626086956521737
13.569565217391306
13.525217391304347
13.354347826086956
13.04304347826087
12.89391304347826
12.51086956521739
12.72086956521739
12.66
12.953478260869565
12.897391304347826
13.293478260869565
13.324545454545454
12.607727272727272
12.376363636363635
11.618181818181817
11.47181818181818
11.967272727272729
11.520454545454545
12.371818181818183
12.262727272727272
12.246363636363638
12.020454545454545
11.673181818181819
11.381818181818183
11.215454545454547
11.26
11.384545454545455
10.558636363636364
10.146818181818182
10.276818181818182
10.125
10.702272727272726
10.453636363636363
10.628181818181817
10.732727272727272
10.363636363636363
10.606818181818182
10.585454545454546
10.178636363636365
10.29
10.537727272727274
10.156363636363636
9.19909090909091
9.08
9.11909090909091
9.016363636363637
9.268181818181818
8.962727272727273
8.602272727272727
9.214545454545455
8.501363636363637
8.517727272727273
8.887272727272729
8.437272727272727
8.461818181818181
8.185454545454546
7.702272727272727
7.5640909090909085
7.594090909090909
7.706818181818181
7.423636363636363
7.544090909090909
7.296818181818182
6.850909090909091
6.721363636363637
7.178181818181818
7.036818181818182
7.134545454545455
6.990909090909091
7.292727272727273
7.055000000000001
6.88909090909091
6.409090909090909
6.40090909090909
6.174545454545455
6.445909090909091
6.136363636363637
5.885
5.850454545454546
6.078636363636363
5.840909090909091
6.079090909090909
5.986818181818182
5.951818181818182
5.8522727272727275
5.36090909090909
5.1463636363636365
5.1013636363636365
4.99
5.321818181818181
5.083181818181818
4.986363636363636
5.682727272727273
5.262272727272727
5.982727272727273
6.080909090909091
5.19
4.654090909090909
4.826818181818182
4.3959090909090905
4.958636363636364
5.487727272727273
5.374090909090909
