pet
0.23095238095238094
0.2123809523809524
0.3466666666666667
0.24904761904761902
0.20047619047619047
0.21047619047619048
0.2219047619047619
0.21142857142857144
0.2776190476190476
0.26857142857142857
0.29285714285714287
0.3952380952380953
0.20523809523809522
0.24571428571428572
0.35190476190476194
0.23095238095238094
0.25333333333333335
0.28523809523809524
0.2561904761904762
0.26571428571428574
0.2719047619047619
0.2742857142857143
0.21047619047619048
0.27
0.26142857142857145
0.2219047619047619
0.24714285714285716
0.28047619047619043
0.2704761904761905
0.3190476190476191
0.30714285714285716
0.3485714285714286
0.34095238095238095
0.3742857142857143
0.3495238095238095
0.2857142857142857
0.37476190476190474
0.3566666666666667
0.4057142857142857
0.35714285714285715
0.3495238095238095
0.32999999999999996
0.3
0.3461904761904762
0.35000000000000003
0.46523809523809523
0.47333333333333333
0.36238095238095236
0.4071428571428572
0.4747619047619048
0.44476190476190475
0.47333333333333333
0.5495238095238095
0.5161904761904762
0.51
0.570952380952381
0.5704761904761905
0.5176190476190475
0.5714285714285714
0.5442857142857143
0.5599999999999999
0.49666666666666665
0.5966666666666667
0.621904761904762
0.6395238095238095
0.6476190476190476
0.680952380952381
0.6847619047619047
0.7495238095238095
0.7538095238095238
0.7204761904761905
0.7385714285714285
0.7628571428571428
0.7714285714285714
0.7285714285714286
0.8223809523809523
0.8500000000000001
0.8942857142857144
0.8428571428571429
0.8695238095238095
0.8128571428571428
0.9476190476190476
0.9361904761904762
0.9176190476190476
0.9747619047619047
0.9928571428571429
0.9976190476190476
1.0233333333333334
0.9657142857142857
1.1042857142857143
1.1642857142857141
1.1885714285714286
1.099047619047619
1.1052380952380954
1.2476190476190476
1.190952380952381
1.2347619047619047
1.2219047619047618
1.2285714285714286
1.4061904761904762
1.259047619047619
1.3833333333333333
1.3323809523809524
1.325238095238095
1.5342857142857143
1.5376190476190477
1.5723809523809524
1.4466666666666665
1.7080952380952379
1.6142857142857143
1.526190476190476
1.4947619047619047
1.6285714285714288
1.4976190476190476
1.5514285714285714
1.577142857142857
1.568095238095238
1.6057142857142856
1.8195238095238095
1.7485714285714284
1.9185714285714286
1.88
1.9185714285714286
1.89
1.7609523809523808
1.8571428571428572
1.947142857142857
2.0804761904761904
2.0695238095238095
2.0757142857142856
2.0300000000000002
1.9252380952380952
2.2152380952380955
2.159047619047619
1.8852380952380954
1.9066666666666667
1.8280952380952382
1.8366666666666667
1.8361904761904764
1.9142857142857144
2.0985714285714288
2.227142857142857
2.202857142857143
2.380952380952381
2.196190476190476
2.310952380952381
2.0085714285714285
2.1371428571428575
2.0814285714285714
2.3866666666666667
2.4076190476190478
2.298095238095238
2.2319047619047616
2.3438095238095236
2.1
2.1028571428571428
2.2461904761904763
2.31
2.2895238095238093
2.405238095238095
2.357142857142857
2.3495238095238093
2.0885714285714285
1.9342857142857142
2.3138095238095238
2.1347619047619046
2.125714285714286
2.366190476190476
2.087619047619048
2.1347619047619046
2.3185714285714285
2.16
2.1547619047619047
2.1804761904761905
2.2276190476190476
2.3042857142857143
2.4804761904761903
2.2728571428571427
2.255714285714286
2.1680952380952383
1.9885714285714284
2.2204761904761905
2.0771428571428574
2.269047619047619
2.2285714285714286
2.179047619047619
1.9847619047619047
2.1371428571428575
2.3333333333333335
2.4342857142857146
2.1180952380952385
2.294761904761905
2.043333333333333
2.2642857142857142
2.1685714285714286
2.3514285714285714
2.237619047619048
2.297142857142857
2.2604761904761905
1.997142857142857
2.1271428571428572
2.1495238095238096
2.387142857142857
2.083809523809524
2.2095238095238097
2.1514285714285712
2.184285714285714
2.1914285714285713
1.7614285714285716
1.9590476190476191
2.05
1.9204761904761904
1.9480952380952379
1.889047619047619
2.0038095238095237
2.09952380952381
2.053809523809524
1.86
1.8638095238095238
1.9466666666666668
1.8776190476190475
1.6823809523809523
1.5776190476190477
1.639047619047619
1.7742857142857142
1.6204761904761906
1.7619047619047619
1.7547619047619047
1.7004761904761905
1.5057142857142858
1.6980952380952379
1.6352380952380954
1.6695238095238096
1.7752380952380953
1.5385714285714287
1.7438095238095237
1.520952380952381
1.6047619047619048
1.4047619047619047
1.46
1.533809523809524
1.439047619047619
1.4495238095238097
1.1957142857142857
1.354285714285714
1.3452380952380953
1.368095238095238
1.2652380952380953
1.26
1.370952380952381
1.3557142857142856
1.339047619047619
1.3571428571428572
1.1428571428571428
1.1504761904761904
1.1723809523809525
1.1247619047619049
1.100952380952381
1.0280952380952382
1.0076190476190476
0.9938095238095238
1.0133333333333334
1.0304761904761905
0.9828571428571429
1.0757142857142856
0.9547619047619048
0.9942857142857142
0.8704761904761905
0.9414285714285714
0.7942857142857143
0.7738095238095238
0.7823809523809524
0.7728571428571429
0.8505
0.7515
0.8210000000000001
0.7895000000000001
0.7915
0.7985
0.73
0.6439999999999999
0.7344999999999999
0.7435
0.617
0.5445
0.46449999999999997
0.5265
0.493
0.5085
0.5304761904761905
0.5633333333333334
0.5304761904761905
0.48952380952380947
0.4766666666666667
0.4057142857142857
0.37666666666666665
0.47000000000000003
0.5385714285714286
0.4414285714285714
0.5066666666666667
0.47190476190476194
0.40095238095238095
0.41047619047619044
0.40619047619047616
0.36523809523809525
0.3585714285714286
0.38333333333333336
0.37666666666666665
0.32476190476190475
0.36333333333333334
0.3466666666666667
0.3680952380952381
0.3252380952380952
0.2719047619047619
0.3933333333333333
0.31333333333333335
0.259047619047619
0.2938095238095238
0.24333333333333335
0.24904761904761907
0.24
0.24904761904761907
0.21714285714285714
0.31523809523809526
0.29714285714285715
0.24428571428571427
0.22238095238095237
0.260952380952381
0.2833333333333333
0.2419047619047619
0.2733333333333333
0.17952380952380953
0.17476190476190476
0.25333333333333335
0.2261904761904762
0.19666666666666666
0.2333333333333333
0.1661904761904762
0.2219047619047619
0.22142857142857145
0.27
0.2547619047619048
0.23333333333333334
0.26333333333333336
0.18619047619047618
0.16333333333333333
0.1880952380952381
0.25523809523809526
0.2661904761904762
0.2580952380952381
0.23714285714285716
0.17904761904761904
0.1523809523809524
0.18714285714285714
0.2280952380952381
0.16952380952380952
0.18666666666666668
0.25857142857142856
0.18476190476190477
0.12904761904761905
0.1319047619047619
0.1419047619047619
0.16904761904761903
0.16857142857142857
0.19380952380952382
