pet
0.23954545454545456
0.2890909090909091
0.31681818181818183
0.2918181818181818
0.2509090909090909
0.22454545454545458
0.3731818181818181
0.31363636363636366
0.30363636363636365
0.3409090909090909
0.3740909090909091
0.35545454545454547
0.3377272727272727
0.3427272727272727
0.3290909090909091
0.2640909090909091
0.3186363636363636
0.28136363636363637
0.3509090909090909
0.33999999999999997
0.30772727272727274
0.3068181818181818
0.29954545454545456
0.36590909090909096
0.3813636363636364
0.4163636363636364
0.3972727272727273
0.4559090909090909
0.3772727272727273
0.3963636363636364
0.43227272727272725
0.45
0.43727272727272726
0.4336363636363636
0.4768181818181818
0.4668181818181818
0.5204545454545454
0.5322727272727273
0.5236363636363636
0.5154545454545455
0.4772727272727273
0.46181818181818185
0.5495454545454546
0.5595454545454546
0.5281818181818182
0.5986363636363636
0.600909090909091
0.48454545454545456
0.5813636363636363
0.6459090909090909
0.705
0.6768181818181819
0.7372727272727272
0.6690909090909091
0.5859090909090909
0.7090909090909091
0.7695454545454545
0.7936363636363637
0.7350000000000001
0.7818181818181817
0.8613636363636363
0.7531818181818182
0.829090909090909
0.8231818181818181
0.8940909090909092
0.8972727272727272
0.9163636363636364
0.9322727272727274
1.0768181818181817
1.0
1.0240909090909092
1.0127272727272727
1.038181818181818
1.0022727272727272
0.9627272727272728
1.0681818181818181
1.1018181818181818
1.1627272727272726
1.0836363636363637
1.16
1.16
1.1890909090909092
1.1763636363636363
1.1322727272727273
1.2813636363636365
1.2659090909090909
1.324090909090909
1.383181818181818
1.3163636363636364
1.4854545454545454
1.49
1.545909090909091
1.4159090909090908
1.4368181818181818
1.4968181818181818
1.7504545454545453
1.627727272727273
1.7277272727272726
1.594090909090909
1.7245454545454544
1.6872727272727273
1.593181818181818
1.6550000000000002
1.7072727272727273
1.7554545454545454
1.9418181818181817
1.86
2.0063636363636363
1.7454545454545454
1.8768181818181817
1.955909090909091
1.9572727272727273
2.0218181818181815
1.9759090909090908
2.0118181818181817
1.9736363636363636
2.114090909090909
2.0995454545454546
2.137272727272727
2.12
2.381818181818182
2.3795454545454544
2.4727272727272727
2.416818181818182
2.194545454545455
2.244545454545454
2.4099999999999997
2.3113636363636365
2.430454545454545
2.183181818181818
2.376818181818182
2.580454545454545
2.39
2.3504545454545456
2.409090909090909
2.2963636363636364
2.255909090909091
2.4086363636363637
2.5386363636363636
2.274090909090909
2.3877272727272727
2.4386363636363635
2.7077272727272725
2.670909090909091
2.757727272727273
2.583636363636364
2.4054545454545457
2.6186363636363637
2.605
2.9068181818181817
3.0509090909090912
2.938636363636364
2.708181818181818
2.7254545454545456
2.574090909090909
2.824090909090909
2.4440909090909093
2.915909090909091
2.875
3.0454545454545454
2.8695454545454546
2.895454545454545
2.588181818181818
2.5868181818181815
2.6445454545454545
2.8045454545454547
2.9286363636363633
2.8395454545454544
2.9263636363636363
2.838181818181818
3.1768181818181818
2.936363636363636
2.890909090909091
3.0040909090909094
2.9422727272727274
2.8581818181818184
3.055
2.7972727272727274
2.978181818181818
3.0868181818181815
2.7731818181818184
2.8172727272727274
2.705
2.7572727272727273
2.6954545454545453
2.778181818181818
2.6863636363636365
2.7513636363636365
2.7286363636363635
2.975909090909091
2.9427272727272724
3.071363636363636
2.9545454545454546
2.899090909090909
3.105
2.909090909090909
3.087727272727273
2.8045454545454547
3.0254545454545454
2.9959090909090906
2.815
2.7563636363636363
2.8086363636363636
2.8840909090909093
2.9295454545454547
2.995
2.62
2.829090909090909
2.772727272727273
2.683181818181818
2.8190909090909093
2.5454545454545454
2.3591304347826085
2.7930434782608695
2.739130434782609
2.323913043478261
2.7030434782608697
2.5195652173913046
2.477391304347826
2.6230434782608696
2.6621739130434783
2.3443478260869566
2.472608695652174
2.283913043478261
2.156086956521739
2.1730434782608694
2.4504347826086956
2.4530434782608697
2.367826086956522
2.1830434782608696
2.3317391304347823
2.21
2.1856521739130437
2.3491304347826087
2.053913043478261
1.9578260869565218
1.9260869565217391
1.9591304347826088
2.1886956521739127
2.0456521739130435
1.9756521739130435
1.8221739130434782
1.8521739130434782
1.9526086956521738
1.8265217391304347
1.6969565217391305
1.9460869565217391
1.7047826086956521
1.683478260869565
1.8452173913043477
1.6891304347826088
1.7495652173913043
1.7517391304347825
1.6091304347826085
1.6343478260869564
1.671304347826087
1.5795652173913042
1.445217391304348
1.5521739130434784
1.4700000000000002
1.3656521739130434
1.3234782608695652
1.3126086956521739
1.4539130434782608
1.3195652173913044
1.2782608695652176
1.297826086956522
1.1108695652173914
1.113913043478261
1.2460869565217392
1.1443478260869566
1.111304347826087
1.0634782608695652
1.1095454545454546
1.044090909090909
1.0468181818181819
1.1309090909090909
1.0259090909090909
0.9759090909090908
0.9313636363636363
0.860909090909091
0.9022727272727273
0.9654545454545456
0.8686363636363637
0.7745454545454545
0.67
0.6631818181818182
0.6545454545454545
0.6513636363636364
0.7977272727272727
0.7895454545454546
0.7177272727272727
0.6572727272727272
0.6722727272727272
0.6754545454545454
0.6527272727272727
0.6545454545454545
0.72
0.7218181818181818
0.7022727272727273
0.6386363636363637
0.5477272727272727
0.5854545454545454
0.6145454545454545
0.524090909090909
0.505
0.4872727272727273
0.4186363636363637
0.44
0.4254545454545454
0.4227272727272728
0.3909090909090909
0.3972727272727273
0.3336363636363636
0.3931818181818182
0.37863636363636366
0.4022727272727273
0.39181818181818184
0.25545454545454543
0.26545454545454544
0.29045454545454547
0.3054545454545454
0.24954545454545454
0.28363636363636363
0.245
0.21863636363636363
0.2913636363636364
0.26136363636363635
0.2636363636363636
0.28
0.26227272727272727
0.2877272727272727
0.2722727272727273
0.2740909090909091
0.2927272727272727
0.29
0.3259090909090909
0.2890909090909091
0.34454545454545454
0.3
0.40136363636363637
0.24954545454545454
0.29045454545454547
0.2827272727272727
0.2240909090909091
0.18181818181818182
0.225
0.29590909090909095
0.2427272727272727
0.2772727272727273
0.1959090909090909
0.13818181818181818
0.14818181818181816
0.16818181818181818
0.2113636363636364
0.19318181818181818
0.20772727272727273
0.3568181818181818
0.26636363636363636
0.2640909090909091
0.26454545454545453
0.21772727272727274
0.21409090909090908
0.2127272727272727
0.23272727272727273
