temperature
4.308636363636364
3.8904545454545456
3.664090909090909
3.5922727272727273
4.609090909090909
4.283181818181818
4.637727272727273
4.77
4.637272727272727
4.9368181818181816
4.913636363636364
5.593181818181818
5.656818181818182
4.747727272727273
5.2704545454545455
4.525454545454545
4.51409090909091
4.634545454545454
5.025454545454545
4.736818181818181
4.005454545454546
3.9395454545454545
3.9540909090909087
4.080909090909091
4.426363636363636
4.059545454545455
4.203181818181818
3.966818181818182
4.103181818181818
3.839090909090909
4.088181818181818
4.279545454545455
4.014545454545455
4.169545454545455
5.066818181818181
4.944090909090909
4.828636363636364
4.323181818181818
3.7418181818181817
3.9709090909090907
4.2736363636363635
5.034090909090909
5.484545454545454
4.840454545454545
4.1890909090909085
4.789545454545455
4.457272727272727
4.431818181818182
4.364545454545454
4.252272727272727
4.0627272727272725
4.3127272727272725
4.659545454545455
5.018636363636364
5.048181818181818
5.134545454545455
5.174090909090909
5.176818181818182
4.822272727272727
4.6013636363636365
4.251818181818181
4.317272727272727
4.176363636363636
4.464090909090909
5.126818181818181
6.1859090909090915
6.197272727272727
6.141818181818182
6.238181818181818
5.857272727272728
5.569545454545454
5.1454545454545455
5.796363636363636
6.516818181818182
6.5631818181818184
6.992727272727273
6.252272727272728
5.766363636363637
5.85
6.168636363636364
6.440454545454545
6.770909090909091
6.760909090909092
7.155
6.73590909090909
6.223636363636363
6.643636363636364
6.992272727272728
7.474545454545455
7.7681818181818185
8.075000000000001
7.945454545454546
7.709545454545454
7.328181818181818
7.514545454545455
7.935454545454546
6.992272727272728
6.798181818181818
7.483636363636363
7.927727272727273
7.452272727272727
7.1477272727272725
7.140454545454546
7.94
8.000909090909092
7.989545454545455
8.165454545454544
7.505909090909091
7.19
7.917272727272728
8.922272727272727
9.621818181818183
10.144545454545455
10.183181818181819
10.06090909090909
9.526818181818182
9.723636363636363
9.828636363636363
9.590454545454547
9.620454545454546
10.040909090909091
10.236363636363636
10.30590909090909
10.27818181818182
10.328181818181818
10.218636363636364
10.634090909090908
10.508181818181818
10.475454545454546
10.665
10.781363636363636
10.630454545454546
10.43818181818182
10.577727272727273
11.106363636363637
11.144090909090908
10.842727272727274
10.883636363636363
11.206363636363635
11.52818181818182
11.341363636363637
11.492727272727272
11.885454545454547
11.932727272727272
11.888181818181819
11.843636363636364
11.91590909090909
12.006818181818181
12.232272727272727
12.55
13.00409090909091
13.188636363636363
13.537272727272727
13.234090909090908
12.705454545454545
12.826818181818181
13.274090909090908
13.41590909090909
13.228636363636362
13.665
13.45909090909091
13.353181818181817
13.16590909090909
13.343636363636364
13.532272727272726
13.660909090909092
14.219545454545454
14.763181818181819
14.72409090909091
14.838181818181818
14.629090909090907
13.965454545454547
14.117272727272727
14.432272727272727
14.490454545454547
14.77590909090909
14.936818181818182
14.787272727272727
15.100454545454545
15.374545454545455
15.278636363636364
15.455454545454545
15.642272727272728
15.534090909090908
15.560454545454546
15.363636363636363
15.260454545454547
15.468636363636364
15.305909090909092
15.538181818181817
16.068181818181817
15.764090909090909
15.903636363636364
15.576363636363636
15.762272727272727
15.82818181818182
15.915454545454544
15.627727272727272
16.252727272727274
16.695454545454545
16.406363636363636
15.901818181818184
15.89409090909091
16.325454545454544
16.384090909090908
16.541818181818183
16.528181818181817
16.667272727272728
16.454090909090908
16.61
16.450909090909093
16.42909090909091
16.709130434782608
16.55782608695652
16.593913043478263
16.354347826086954
16.62391304347826
16.457391304347826
16.23304347826087
16.012608695652176
16.317391304347826
16.113478260869567
16.567826086956522
16.03086956521739
15.585217391304347
15.820434782608697
16.010434782608694
15.718260869565217
15.901739130434782
15.774347826086956
16.12695652173913
16.156521739130437
15.806521739130435
15.72
15.476956521739131
14.785217391304348
14.837826086956522
14.961304347826088
14.471304347826088
14.261739130434782
14.41
14.516521739130434
14.60086956521739
14.382608695652175
14.595652173913043
14.874347826086957
14.567826086956522
14.599130434782607
14.392173913043477
14.259130434782607
14.141739130434782
13.89782608695652
14.254347826086958
14.432173913043478
13.925217391304347
13.495217391304347
13.032608695652174
12.73913043478261
12.59695652173913
12.555217391304348
13.03217391304348
13.34
13.487391304347826
13.398695652173913
12.960869565217392
12.648260869565219
12.373913043478263
12.151304347826088
12.28608695652174
13.519565217391303
12.882173913043479
12.914782608695653
13.023478260869567
13.050454545454546
12.105
11.956363636363637
11.085909090909091
11.019545454545455
11.236818181818181
10.993181818181817
11.731818181818182
11.645454545454545
11.412727272727274
11.238636363636363
10.932727272727274
10.629090909090909
10.582272727272727
10.558181818181819
10.197727272727272
9.929545454545455
9.433181818181819
9.62
8.980454545454545
9.84909090909091
9.939545454545454
9.841818181818182
10.00590909090909
9.947727272727272
10.08
10.148181818181818
9.510909090909092
9.013636363636364
9.652727272727274
9.627272727272727
8.98
8.614090909090908
8.876363636363637
8.256818181818183
8.60590909090909
8.035454545454545
7.97409090909091
8.335909090909091
7.339545454545455
7.566818181818181
7.947272727272727
7.832727272727272
7.822272727272727
7.300454545454546
7.167727272727273
6.635909090909092
6.619090909090909
6.515
6.02590909090909
6.08590909090909
5.948181818181819
5.575454545454545
5.555
6.260909090909092
5.8554545454545455
6.3531818181818185
6.372727272727272
5.965454545454546
5.834545454545455
5.749545454545454
5.407727272727272
5.459545454545455
5.405909090909091
5.34
5.277272727272727
5.1872727272727275
4.927727272727273
4.824090909090909
5.01
5.182727272727273
4.928181818181819
5.0618181818181816
5.123181818181818
4.433636363636364
4.199090909090909
4.486818181818181
4.005454545454546
3.8763636363636365
3.710909090909091
2.7100000000000004
3.8263636363636366
4.22
4.988636363636363
5.245909090909091
4.3122727272727275
3.755
3.7
3.209090909090909
3.222727272727273
3.909090909090909
4.035909090909091
