temperature
4.1872727272727275
3.641818181818182
3.4954545454545456
3.4122727272727276
4.465454545454545
3.899545454545455
4.140909090909091
4.237272727272727
4.056818181818182
4.492727272727273
4.616818181818181
5.2295454545454545
5.083181818181818
4.368636363636363
5.105
4.428636363636364
4.40090909090909
4.385909090909091
4.6409090909090915
4.257727272727273
3.7213636363636367
3.6577272727272727
3.5136363636363637
3.6263636363636365
3.889090909090909
3.441818181818182
3.4986363636363635
3.5627272727272725
3.6268181818181815
3.4054545454545457
3.445
3.715909090909091
3.433636363636363
3.508181818181818
4.5631818181818184
4.6068181818181815
4.369545454545455
3.934090909090909
3.4645454545454544
3.5518181818181818
3.897727272727273
4.626363636363636
4.954090909090909
4.379545454545454
3.5109090909090908
4.013636363636364
3.8845454545454543
3.9545454545454546
3.9490909090909088
4.0618181818181816
3.6072727272727274
3.7895454545454546
4.201818181818182
4.420000000000001
4.547272727272728
4.578181818181818
4.613636363636363
4.475909090909091
4.179545454545455
3.985454545454545
3.5704545454545453
3.6931818181818183
3.6454545454545455
3.83
4.640454545454546
5.433636363636364
5.582727272727273
5.454545454545454
5.530454545454545
5.246818181818181
4.956363636363637
4.474545454545455
4.93
5.7704545454545455
5.6881818181818184
6.080909090909091
5.476818181818182
5.017272727272727
5.084545454545455
5.521818181818182
5.8109090909090915
6.127272727272728
6.22
6.569545454545454
6.190454545454545
5.700909090909091
5.9340909090909095
6.370454545454546
6.601363636363636
6.859545454545454
7.056521739130435
7.025652173913044
6.651304347826087
6.434347826086957
6.442173913043478
7.073478260869565
6.1552173913043475
6.175217391304348
6.684347826086957
6.8591304347826085
6.582173913043477
6.514347826086956
6.532608695652174
7.01608695652174
7.103478260869565
7.267391304347826
7.406956521739131
7.023478260869565
6.668260869565217
7.200869565217391
8.039130434782608
8.48304347826087
8.927391304347825
8.925217391304347
8.983478260869566
8.806521739130435
8.851304347826087
8.982173913043479
8.841304347826087
8.964782608695652
9.21
9.458260869565217
9.36
9.24304347826087
9.328260869565218
9.208260869565217
9.596521739130434
9.578260869565218
9.536521739130436
9.902608695652173
10.374782608695652
10.014347826086958
9.727391304347826
9.69695652173913
10.040869565217392
10.226086956521739
9.959999999999999
9.860869565217392
10.163913043478262
10.21391304347826
10.369565217391305
10.546956521739132
11.062608695652173
11.158695652173913
10.955217391304348
10.781304347826087
10.966086956521739
10.904782608695653
11.153913043478262
11.710434782608695
11.86608695652174
12.03217391304348
12.562173913043479
12.288695652173912
11.934782608695652
11.932173913043478
12.294782608695652
12.239565217391304
12.262608695652174
12.632608695652175
12.587391304347825
12.382608695652175
12.127391304347826
12.190434782608696
12.58695652173913
12.69391304347826
13.165652173913044
13.53086956521739
13.51304347826087
13.653913043478262
13.314782608695653
12.742173913043478
12.964782608695652
13.199130434782608
13.246956521739131
13.684782608695652
13.811304347826086
13.786521739130434
14.04391304347826
14.43
14.350434782608696
14.448260869565217
14.314347826086957
14.367391304347825
14.242608695652173
13.968260869565217
13.809565217391304
14.073478260869566
14.16304347826087
14.28086956521739
14.860869565217392
14.485652173913044
14.51391304347826
14.362173913043478
14.601304347826087
14.756956521739129
14.859130434782609
14.532608695652174
15.01304347826087
15.448260869565217
15.109130434782609
14.75391304347826
14.711739130434783
15.110000000000001
15.112173913043478
15.392173913043477
15.297391304347824
15.374347826086957
15.343478260869563
15.318695652173913
15.05608695652174
14.96391304347826
15.38173913043478
15.387391304347828
15.402608695652173
15.264347826086956
15.543478260869565
15.255652173913044
15.154782608695653
14.977826086956522
15.253478260869565
15.151304347826088
15.474782608695653
14.988260869565218
14.455652173913045
14.656956521739131
14.73521739130435
14.562173913043479
14.760434782608696
14.661304347826086
14.887391304347828
15.00391304347826
14.691739130434781
14.831304347826087
14.579999999999998
13.905217391304348
13.992173913043478
14.36695652173913
13.727826086956522
13.406956521739131
13.385217391304348
13.665217391304349
13.775217391304347
13.419565217391304
13.541739130434781
13.98913043478261
13.64391304347826
13.588695652173914
13.540434782608695
13.40913043478261
13.20608695652174
13.14304347826087
13.442608695652174
13.584782608695651
12.97086956521739
12.738260869565218
12.214347826086957
11.98913043478261
11.861739130434783
11.873478260869565
12.361739130434783
12.695217391304348
12.683913043478261
12.540869565217392
12.209999999999999
11.987391304347826
11.762608695652174
11.437826086956521
11.636521739130433
11.799130434782608
12.144782608695651
12.141739130434782
12.428260869565218
12.424545454545456
11.479090909090909
11.313636363636364
10.475909090909092
10.40318181818182
10.752727272727272
10.384545454545455
11.235454545454546
11.120909090909091
10.972272727272726
10.821363636363635
10.439545454545454
10.048636363636364
9.946363636363635
10.077727272727273
9.963181818181818
9.47
9.008181818181818
9.159545454545453
8.674999999999999
9.439545454545454
9.375454545454545
9.436363636363636
9.58909090909091
9.361363636363636
9.56590909090909
9.671818181818182
9.040909090909091
8.865
9.35909090909091
9.169545454545455
8.334545454545454
8.141818181818183
8.27590909090909
7.848181818181818
8.299999999999999
7.8140909090909085
7.512727272727273
8.00590909090909
7.189545454545455
7.316363636363636
7.693181818181818
7.429545454545454
7.549545454545455
6.926363636363636
6.640454545454546
6.253636363636363
6.392727272727272
6.3931818181818185
5.826363636363637
5.8963636363636365
5.671818181818182
5.447272727272727
5.295
6.011363636363637
5.700454545454545
6.007727272727274
5.886818181818182
5.728181818181818
5.631363636363637
5.557727272727273
5.13909090909091
5.216363636363636
5.1054545454545455
5.222727272727273
5.021818181818182
4.891818181818182
4.662272727272728
4.699090909090909
4.681818181818182
4.761818181818182
4.600909090909091
4.8131818181818184
4.716363636363636
4.05
3.7781818181818183
4.046363636363636
3.652727272727273
3.8540909090909086
3.675
2.9136363636363636
4.056363636363636
4.0236363636363635
4.6854545454545455
4.850454545454546
3.9427272727272724
3.5386363636363636
3.5968181818181817
3.162272727272727
3.3227272727272723
3.864090909090909
3.9054545454545457
