temperature
3.7043478260869565
3.7508695652173913
3.5143478260869565
3.8143478260869568
4.0517391304347825
4.556086956521739
3.424782608695652
3.930869565217391
4.345217391304348
4.222173913043478
3.8039130434782606
2.8969565217391304
2.6882608695652173
2.7795652173913044
3.5456521739130435
3.7517391304347827
3.178260869565217
2.603913043478261
3.28
3.4778260869565223
4.058260869565218
4.331739130434783
4.444782608695652
4.256086956521739
3.803478260869565
3.7065217391304346
3.3943478260869564
3.5234782608695654
3.54
3.114347826086956
3.0617391304347827
3.367391304347826
3.599565217391304
3.955217391304348
3.9795652173913045
4.44695652173913
4.809565217391304
4.615652173913043
4.250869565217391
3.7326086956521736
3.0895652173913044
2.9147826086956523
3.176521739130435
2.890869565217391
2.243478260869565
2.1
2.163913043478261
2.7491304347826087
2.9873913043478257
3.1052173913043477
3.0495652173913044
3.686086956521739
4.156521739130435
4.218695652173913
4.237391304347826
3.4482608695652175
3.8982608695652172
3.9473913043478257
4.230869565217391
4.733478260869566
4.964782608695652
5.028695652173913
4.82304347826087
4.984782608695652
5.166086956521739
5.698695652173913
5.684347826086957
5.57391304347826
5.95
6.291304347826087
5.85695652173913
5.9173913043478255
5.756521739130435
5.861739130434782
5.48695652173913
6.131304347826087
6.239130434782608
6.368695652173913
6.102173913043478
6.207826086956522
6.223478260869564
5.931739130434783
6.34
6.738260869565217
6.237391304347827
6.659130434782608
6.320434782608696
6.301304347826087
6.525652173913044
6.512608695652173
7.6
7.42409090909091
6.319999999999999
6.055909090909091
6.119545454545454
6.233636363636363
6.837272727272728
6.735454545454545
6.707272727272727
7.182272727272727
7.56
7.997727272727272
7.704545454545454
7.902272727272727
8.245909090909091
8.472272727272726
7.856363636363636
7.855
8.575454545454546
8.56590909090909
8.402727272727274
9.325000000000001
8.80909090909091
8.14
8.239090909090908
8.098181818181818
8.161818181818182
8.210454545454546
8.437272727272727
8.818636363636363
9.22090909090909
9.049090909090909
9.345
9.449545454545454
9.731818181818182
10.073181818181817
10.293636363636365
11.083636363636364
10.618636363636364
10.579545454545455
10.796818181818182
10.718181818181819
11.537272727272727
11.19
11.572727272727272
11.47181818181818
11.411363636363637
11.381363636363638
11.773181818181818
12.388181818181819
12.139999999999999
11.916818181818183
12.335454545454546
12.305454545454547
12.476363636363637
12.662272727272727
12.485909090909091
12.05
12.238636363636363
12.438636363636363
12.69818181818182
13.239545454545453
13.162272727272727
13.350454545454545
13.166818181818183
13.12409090909091
13.29090909090909
13.286363636363637
13.482727272727272
13.647272727272728
13.487727272727273
13.573636363636364
13.651818181818184
13.92590909090909
14.337272727272728
13.968636363636364
14.215909090909092
14.37681818181818
13.785454545454543
14.639090909090909
14.686818181818182
14.622727272727273
14.694545454545455
14.507272727272726
14.667727272727273
14.992727272727272
15.406818181818181
15.159999999999998
15.084545454545456
15.309545454545455
15.630454545454546
15.787727272727272
15.910454545454543
15.631818181818181
16.145
16.98772727272727
17.01318181818182
16.901363636363637
17.202727272727273
16.89590909090909
16.76409090909091
16.92909090909091
16.354545454545455
16.913181818181815
16.827727272727273
17.06681818181818
16.476363636363637
16.336363636363636
16.291363636363634
16.342727272727274
16.937272727272727
16.46227272727273
16.469545454545454
16.538181818181815
16.158636363636365
16.473636363636363
16.990909090909092
16.966363636363635
17.25318181818182
17.422727272727272
17.557727272727274
17.472272727272728
16.92909090909091
16.849090909090908
17.151818181818182
16.972272727272728
16.73
16.731818181818184
16.16590909090909
16.757272727272728
16.932727272727274
16.85090909090909
16.62818181818182
16.651818181818182
16.89090909090909
17.524545454545457
17.722272727272728
16.93136363636364
16.404545454545453
16.35590909090909
16.558636363636364
16.84
16.792727272727273
16.625
15.52590909090909
15.805454545454547
15.896363636363635
16.12909090909091
15.500454545454545
15.919545454545455
16.151363636363637
15.873636363636363
15.061818181818182
15.670454545454545
15.376363636363635
15.237272727272728
14.942272727272728
14.953636363636365
14.57818181818182
14.736818181818181
14.90227272727273
14.853181818181817
14.750454545454545
14.140454545454544
14.29
13.658181818181818
13.251363636363637
13.67909090909091
13.815454545454545
14.174545454545454
13.852727272727272
13.409545454545453
13.409090909090908
13.523181818181818
13.199545454545454
13.398181818181818
13.093636363636364
12.882272727272728
12.892272727272728
12.885000000000002
12.812727272727273
12.819545454545453
12.898636363636363
12.538260869565217
12.174347826086956
12.06304347826087
12.22086956521739
11.966956521739132
11.614347826086956
11.31913043478261
10.949130434782608
11.744347826086956
11.758695652173913
11.220434782608695
11.111304347826087
10.894782608695651
9.95608695652174
10.23608695652174
9.646521739130435
9.605217391304347
10.016521739130434
10.427391304347825
9.798260869565217
9.167391304347825
9.189565217391303
9.16304347826087
9.660434782608695
9.42
9.478695652173913
9.610434782608696
9.078695652173913
8.471304347826088
8.802173913043477
9.334347826086956
9.117391304347825
9.03695652173913
8.724347826086957
7.656086956521739
7.527391304347826
6.93304347826087
7.626086956521739
8.235217391304348
7.8039130434782615
7.564782608695652
7.880000000000001
6.673913043478261
6.193913043478261
5.6204347826086964
5.911739130434783
6.037826086956522
5.92608695652174
6.477826086956522
6.265217391304348
5.375652173913044
5.0578260869565215
5.466521739130435
6.039999999999999
5.992173913043478
5.90391304347826
5.1582608695652175
4.839565217391304
4.492608695652174
4.06391304347826
4.098695652173913
4.767391304347826
5.030434782608696
5.416956521739131
5.539565217391305
5.605217391304348
4.996521739130435
4.929565217391304
4.391304347826087
4.135652173913043
3.753913043478261
4.015652173913043
4.028695652173913
4.015217391304348
4.5117391304347825
5.036086956521739
4.77391304347826
4.7760869565217385
4.6173913043478265
4.421739130434783
4.700869565217391
5.429565217391304
4.7926086956521745
4.964347826086957
4.975652173913043
5.0200000000000005
4.732173913043479
4.9
4.773478260869565
4.801304347826087
3.7256521739130433
3.4030434782608694
