temperature
4.000454545454546
3.503181818181818
3.2981818181818183
3.23
4.299545454545455
3.7963636363636364
4.077272727272727
4.161363636363636
4.009545454545455
4.415
4.507272727272727
5.136363636363637
5.026818181818182
4.290909090909091
4.924545454545455
4.247272727272727
4.236363636363636
4.249090909090909
4.505454545454546
4.161818181818182
3.5504545454545453
3.48
3.4054545454545457
3.5704545454545453
3.841818181818182
3.4295454545454547
3.516818181818182
3.4490909090909088
3.522272727272728
3.304090909090909
3.430454545454545
3.6895454545454545
3.418636363636364
3.496818181818182
4.474545454545455
4.471818181818182
4.266363636363637
3.806363636363636
3.3045454545454547
3.458181818181818
3.766363636363636
4.527727272727272
4.876363636363636
4.309545454545455
3.4904545454545453
4.032727272727272
3.8018181818181818
3.848181818181818
3.8027272727272727
3.889090909090909
3.51
3.6990909090909088
4.115
4.333636363636364
4.413636363636363
4.51409090909091
4.534090909090909
4.446363636363636
4.1000000000000005
3.9054545454545457
3.519090909090909
3.6236363636363635
3.544545454545455
3.7818181818181817
4.553636363636364
5.38909090909091
5.497727272727273
5.384545454545454
5.482727272727273
5.151818181818182
4.864090909090908
4.365454545454546
4.930454545454546
5.703181818181818
5.633636363636364
6.047272727272727
5.396818181818182
4.965454545454546
5.0627272727272725
5.46
5.718181818181818
6.069999999999999
6.1468181818181815
6.498636363636364
6.102727272727273
5.591818181818182
5.885
6.277727272727272
6.5631818181818184
6.833181818181817
7.05
6.993478260869565
6.670434782608695
6.396521739130435
6.463913043478262
7.028695652173913
6.136521739130435
6.11
6.675217391304348
6.887826086956522
6.547391304347826
6.464782608695652
6.443913043478261
7.012173913043478
7.080869565217392
7.210434782608695
7.399130434782609
6.908260869565217
6.61695652173913
7.198695652173913
8.03695652173913
8.520434782608696
9.019565217391303
9.00608695652174
8.974347826086957
8.737391304347826
8.814782608695653
8.938695652173914
8.826521739130435
8.941304347826087
9.20217391304348
9.390869565217391
9.324782608695653
9.260434782608696
9.323478260869566
9.19608695652174
9.608260869565218
9.571304347826088
9.532608695652174
9.861304347826087
10.273913043478261
9.984347826086957
9.677826086956522
9.67608695652174
10.044782608695652
10.168260869565218
9.969565217391304
9.84695652173913
10.180434782608696
10.253043478260869
10.352608695652174
10.54
11.046086956521739
11.13304347826087
10.922173913043478
10.73913043478261
10.935217391304347
10.927391304347825
11.201304347826087
11.68
11.90304347826087
12.090434782608694
12.565217391304348
12.284782608695652
11.907826086956522
11.912173913043478
12.295652173913044
12.274347826086956
12.260000000000002
12.684782608695652
12.626521739130435
12.41
12.123478260869565
12.181739130434783
12.515652173913043
12.623913043478263
13.135217391304348
13.563913043478262
13.515652173913043
13.638695652173913
13.308260869565217
12.714347826086957
12.964782608695652
13.213043478260868
13.265217391304349
13.672173913043478
13.861739130434783
13.726956521739131
14.033478260869565
14.407391304347826
14.342608695652174
14.405652173913042
14.375652173913043
14.395652173913044
14.326086956521738
14.026521739130436
13.860434782608696
14.132608695652175
14.176521739130434
14.254782608695653
14.87
14.476521739130433
14.549565217391304
14.328260869565218
14.566086956521739
14.68913043478261
14.828695652173913
14.48608695652174
15.022173913043478
15.444347826086956
15.107391304347827
14.67608695652174
14.699565217391303
15.153913043478262
15.119565217391305
15.35608695652174
15.274347826086956
15.358260869565218
15.25695652173913
15.331739130434782
15.10086956521739
15.018695652173914
15.411739130434782
15.373043478260868
15.402608695652173
15.246956521739131
15.50695652173913
15.23913043478261
15.098695652173912
14.904782608695653
15.220434782608695
15.08695652173913
15.461739130434783
14.952173913043477
14.435652173913043
14.667391304347827
14.732173913043477
14.537391304347826
14.758695652173913
14.629565217391304
14.90913043478261
15.002608695652174
14.659565217391306
14.741304347826087
14.515652173913043
13.833913043478262
13.898695652173913
14.221304347826086
13.619565217391305
13.338695652173914
13.371739130434783
13.584782608695651
13.701304347826087
13.381304347826086
13.53
13.951739130434783
13.596086956521738
13.566956521739131
13.444782608695652
13.332173913043478
13.14608695652174
13.02913043478261
13.379565217391304
13.527826086956521
12.925217391304347
12.693478260869565
12.142608695652173
11.907826086956522
11.75391304347826
11.785217391304348
12.30391304347826
12.610869565217392
12.635217391304348
12.513478260869565
12.140869565217391
11.894782608695651
11.64695652173913
11.369130434782608
11.544782608695652
11.694782608695652
12.103478260869565
12.11608695652174
12.351739130434781
12.340909090909092
11.371818181818183
11.226363636363637
10.370909090909091
10.325000000000001
10.607272727272727
10.307727272727274
11.117727272727272
10.991818181818182
10.798636363636364
10.645909090909091
10.295454545454545
9.915909090909091
9.855909090909092
9.981818181818182
9.77
9.34909090909091
8.905454545454544
9.06090909090909
8.503181818181817
9.285454545454545
9.271363636363636
9.293181818181818
9.449545454545456
9.27909090909091
9.468181818181819
9.582727272727272
8.931818181818182
8.655909090909091
9.212272727272728
9.078636363636363
8.295
8.059545454545455
8.22090909090909
7.748181818181819
8.19590909090909
7.666818181818183
7.442727272727273
7.866363636363636
7.004545454545454
7.174090909090908
7.548181818181818
7.346363636363637
7.445454545454546
6.832272727272727
6.615
6.163636363636363
6.278636363636363
6.23590909090909
5.6477272727272725
5.717272727272728
5.513636363636364
5.259545454545455
5.154090909090909
5.914545454545455
5.528181818181818
5.907272727272727
5.818181818181818
5.552727272727273
5.458181818181818
5.404545454545455
4.978181818181818
5.090909090909091
5.011818181818182
5.048181818181818
4.911818181818182
4.817272727272727
4.5645454545454545
4.538181818181818
4.640909090909091
4.745
4.513181818181819
4.693181818181818
4.613181818181818
3.9450000000000003
3.6849999999999996
4.009090909090909
3.571818181818182
3.6504545454545454
3.4840909090909093
2.6104545454545454
3.803636363636364
3.8959090909090905
4.575909090909091
4.7250000000000005
3.8213636363636367
3.4
3.427272727272727
2.9713636363636367
3.090909090909091
3.6599999999999997
3.7345454545454544
