pet
0.3186363636363636
0.3190909090909091
0.32
0.30454545454545456
0.2722727272727273
0.22863636363636364
0.37363636363636366
0.34045454545454545
0.2809090909090909
0.2818181818181818
0.38272727272727275
0.32136363636363635
0.33681818181818185
0.3718181818181818
0.3513636363636364
0.3022727272727273
0.27636363636363637
0.2990909090909091
0.28454545454545455
0.36272727272727273
0.335
0.3004545454545455
0.31136363636363634
0.31545454545454543
0.3740909090909091
0.4677272727272727
0.3718181818181818
0.5568181818181818
0.39136363636363636
0.40045454545454545
0.4440909090909091
0.42045454545454547
0.4068181818181818
0.3527272727272727
0.4968181818181818
0.4968181818181818
0.504090909090909
0.49227272727272725
0.49727272727272726
0.4968181818181818
0.4763636363636364
0.4268181818181818
0.5809090909090909
0.5836363636363636
0.5695454545454545
0.5954545454545455
0.644090909090909
0.5681818181818182
0.6386363636363637
0.6627272727272727
0.6718181818181818
0.755
0.7327272727272728
0.6622727272727272
0.6063636363636363
0.7240909090909091
0.8045454545454546
0.7599999999999999
0.7209090909090909
0.8177272727272726
0.8854545454545455
0.77
0.845
0.8618181818181818
0.950909090909091
0.8613636363636363
0.9022727272727273
0.9577272727272728
1.0222727272727274
0.9900000000000001
0.9854545454545455
1.0613636363636363
1.0463636363636364
0.9818181818181819
1.0327272727272727
1.0336363636363637
1.115909090909091
1.2386363636363635
1.1804545454545454
1.1409090909090909
1.194090909090909
1.2681818181818183
1.1845454545454546
1.1918181818181817
1.3186363636363636
1.3427272727272728
1.3949999999999998
1.3918181818181818
1.3813636363636363
1.4877272727272726
1.496086956521739
1.608695652173913
1.4000000000000001
1.558695652173913
1.5273913043478262
1.784782608695652
1.7295652173913043
1.848695652173913
1.6886956521739132
1.8304347826086957
1.786086956521739
1.7752173913043479
1.733913043478261
1.6956521739130435
1.8595652173913042
2.0030434782608695
1.9369565217391302
2.378695652173913
1.8891304347826086
1.896086956521739
2.0895652173913044
1.9152173913043478
1.9465217391304346
1.8839130434782607
1.9121739130434785
1.9460869565217391
2.1539130434782607
2.31
2.1308695652173912
2.212173913043478
2.3526086956521737
2.508260869565217
2.4786956521739127
2.4343478260869564
2.2691304347826087
2.240869565217391
2.4208695652173913
2.3130434782608695
2.367391304347826
2.128695652173913
2.4643478260869567
2.6643478260869564
2.3634782608695653
2.4321739130434783
2.5343478260869565
2.3060869565217392
2.238695652173913
2.416086956521739
2.4830434782608695
2.3782608695652177
2.424782608695652
2.5852173913043477
2.8000000000000003
2.627391304347826
2.63304347826087
2.507391304347826
2.3504347826086955
2.5634782608695654
2.6495652173913045
2.8526086956521737
3.095652173913044
2.862608695652174
2.6534782608695653
2.8143478260869568
2.8065217391304347
2.902173913043478
2.59304347826087
2.938695652173913
3.1626086956521737
3.071739130434783
2.857391304347826
2.7282608695652173
2.4304347826086956
2.787826086956522
2.7795652173913044
3.0552173913043474
3.063478260869565
2.861739130434782
2.996521739130435
3.114782608695652
3.13
2.9834782608695654
2.9565217391304346
3.218260869565217
3.1769565217391307
3.148695652173913
3.008260869565217
3.034347826086957
3.0221739130434786
3.1895652173913045
3.0908695652173916
3.0104347826086952
2.765217391304348
2.88
2.7043478260869565
2.5582608695652174
2.7630434782608693
2.7804347826086953
2.82695652173913
3.037391304347826
2.8721739130434782
3.178260869565217
2.9430434782608694
2.707826086956522
3.0478260869565217
2.7704347826086955
2.8517391304347828
2.9847826086956517
2.97
3.0565217391304347
3.0226086956521736
3.106521739130435
2.959565217391304
2.928260869565217
3.039565217391304
3.236521739130435
2.61304347826087
2.6865217391304346
2.901304347826087
2.680869565217391
2.801304347826087
2.512608695652174
2.473913043478261
2.795217391304348
2.7447826086956524
2.347826086956522
2.8065217391304347
2.4191304347826086
2.6608695652173915
2.882608695652174
2.6691304347826086
2.44
2.5495652173913044
2.553478260869565
2.2817391304347825
2.2530434782608695
2.4956521739130433
2.5682608695652176
2.2726086956521736
2.2308695652173913
2.3134782608695654
2.3069565217391306
2.21
2.299130434782609
2.057391304347826
2.037391304347826
1.9865217391304346
2.0634782608695654
2.323478260869565
2.2056521739130437
1.9717391304347827
1.8447826086956522
2.04
2.068695652173913
1.8995652173913042
1.7730434782608697
2.033913043478261
1.7330434782608695
1.8491304347826087
1.8769565217391304
1.7991304347826087
1.8360869565217393
1.8595652173913044
1.642173913043478
1.767391304347826
1.767391304347826
1.6195652173913044
1.5947826086956522
1.7582608695652173
1.6582608695652175
1.4173913043478261
1.3982608695652172
1.387391304347826
1.4904347826086957
1.362608695652174
1.3952173913043477
1.4004347826086956
1.2821739130434784
1.048695652173913
1.1439130434782607
1.1595652173913042
1.1634782608695653
1.0352173913043479
1.06
1.0386363636363636
1.1027272727272726
1.0922727272727273
1.0409090909090908
1.045
0.9850000000000001
0.9281818181818182
0.8927272727272727
0.985909090909091
0.9086363636363637
0.8431818181818183
0.7195454545454546
0.7913636363636364
0.7431818181818183
0.7154545454545455
0.9309090909090909
0.8468181818181818
0.8040909090909092
0.7254545454545455
0.7899999999999999
0.7095454545454545
0.7718181818181818
0.6840909090909091
0.7818181818181817
0.7577272727272728
0.7118181818181818
0.6122727272727272
0.5959090909090908
0.5513636363636364
0.5813636363636364
0.545
0.5495454545454546
0.5213636363636364
0.44045454545454543
0.47954545454545455
0.4818181818181818
0.4763636363636364
0.465
0.4304545454545455
0.38818181818181813
0.39909090909090905
0.3609090909090909
0.375
0.4686363636363637
0.24454545454545454
0.27590909090909094
0.3059090909090909
0.3322727272727273
0.31772727272727275
0.3231818181818182
0.28863636363636364
0.2631818181818182
0.32636363636363636
0.28136363636363637
0.25363636363636366
0.3195454545454546
0.28045454545454546
0.33272727272727276
0.29636363636363633
0.2809090909090909
0.3140909090909091
0.37000000000000005
0.3877272727272727
0.3281818181818182
0.39136363636363636
0.3009090909090909
0.4445454545454545
0.2604545454545455
0.29045454545454547
0.2631818181818182
0.28045454545454546
0.21545454545454545
0.2586363636363636
0.3813636363636364
0.27454545454545454
0.2681818181818182
0.14954545454545454
0.18999999999999997
0.13954545454545456
0.1827272727272727
0.21227272727272728
0.19636363636363638
0.23863636363636365
0.36272727272727273
0.265
0.2990909090909091
0.35954545454545456
0.2559090909090909
0.2559090909090909
0.21045454545454545
0.265
