temperature
3.144347826086957
3.067391304347826
2.4321739130434783
2.635217391304348
3.1221739130434782
3.215217391304348
2.6517391304347826
3.011304347826087
3.1395652173913047
2.91
2.7569565217391303
2.0769565217391306
1.7060869565217391
2.2017391304347824
2.6847826086956523
2.816521739130435
2.0443478260869568
1.8021739130434782
2.604782608695652
2.7069565217391305
3.245217391304348
3.332173913043478
2.882608695652174
2.988695652173913
2.741739130434783
2.3130434782608695
2.2134782608695653
2.0904347826086958
2.6078260869565217
2.3717391304347823
2.067391304347826
2.1291304347826085
3.074782608695652
3.356521739130435
3.38
3.4143478260869564
3.6956521739130435
3.4439130434782608
3.146086956521739
2.668695652173913
2.393913043478261
1.8643478260869566
2.0343478260869565
2.074782608695652
1.7078260869565218
1.2747826086956522
1.2773913043478262
1.7869565217391306
2.0834782608695654
2.2569565217391303
2.3752173913043477
2.8408695652173916
3.263913043478261
3.3143478260869568
3.4008695652173913
2.866521739130435
3.1739130434782608
3.1873913043478264
3.14
3.4508695652173915
3.7017391304347824
3.710434782608696
3.760869565217391
4.05608695652174
4.675217391304348
4.855217391304348
4.867826086956521
4.466521739130435
4.687826086956521
4.749130434782609
4.8273913043478265
4.7156521739130435
4.268695652173913
4.263478260869565
4.119565217391305
4.5826086956521745
4.6
4.242608695652174
4.270434782608696
4.339565217391304
4.288695652173913
4.364347826086957
4.6234782608695655
5.085652173913044
4.682173913043478
4.869130434782608
4.855652173913044
5.01304347826087
5.519130434782609
5.378695652173913
5.741363636363636
5.302727272727273
4.470454545454545
4.771818181818182
5.09
5.173636363636364
5.167727272727273
4.982727272727273
5.168181818181818
5.6068181818181815
6.0622727272727275
6.635454545454547
6.235454545454545
6.476363636363636
6.890909090909091
7.029545454545455
6.7272727272727275
6.883181818181819
7.27909090909091
7.100454545454546
7.364545454545453
7.458181818181817
7.152272727272727
6.872727272727272
6.994090909090909
6.99
6.805454545454546
6.678181818181818
7.139545454545455
7.324545454545455
7.318181818181818
7.196818181818182
7.666818181818181
7.957727272727272
8.057727272727274
8.235454545454546
8.544545454545455
9.103636363636364
8.430454545454545
8.56318181818182
9.21
8.815909090909091
9.525
9.342272727272727
9.592272727272727
9.478181818181818
9.374090909090908
9.930454545454545
9.72409090909091
10.341363636363637
10.294545454545455
10.107272727272727
10.41
10.862272727272726
10.961363636363636
10.873636363636363
10.797272727272727
10.363181818181818
10.497727272727273
10.551363636363636
10.76909090909091
11.304545454545455
11.294545454545455
11.430454545454545
11.391363636363636
11.421363636363637
11.282727272727273
11.547272727272727
11.565
11.732727272727272
11.563636363636364
11.503181818181817
11.82818181818182
11.582272727272727
11.887727272727272
11.892272727272728
12.282727272727273
12.417272727272728
12.24409090909091
12.91909090909091
12.971363636363636
12.545454545454545
12.588181818181818
12.567727272727273
12.541818181818183
13.08090909090909
13.07409090909091
12.925
12.865000000000002
13.02909090909091
13.489090909090908
13.615454545454547
13.706818181818182
13.903636363636364
14.301363636363636
14.598636363636365
14.615454545454547
14.842727272727274
14.932727272727272
14.496818181818183
14.409999999999998
14.795454545454545
14.522272727272728
14.64409090909091
14.547727272727274
14.573636363636364
14.451363636363636
13.959545454545456
13.932272727272727
14.274090909090908
14.75
14.360000000000001
14.21
14.118181818181819
14.134090909090908
14.658181818181818
14.852272727272727
15.15181818181818
15.091818181818182
15.295
14.794090909090908
14.396818181818183
14.238636363636363
14.657272727272726
14.653636363636364
14.18590909090909
14.443181818181818
14.455
14.055454545454547
14.082272727272727
14.40409090909091
14.035909090909092
14.201363636363636
14.4
14.57409090909091
14.646818181818183
14.851818181818182
14.338181818181818
13.886363636363637
13.84909090909091
13.982272727272727
14.376818181818182
14.288636363636362
14.246818181818183
13.694545454545453
14.17681818181818
14.144545454545455
13.97590909090909
13.608181818181817
13.680909090909092
13.988181818181818
13.429545454545455
12.985454545454546
13.543181818181818
13.031363636363636
13.07909090909091
12.884090909090908
12.785909090909092
12.488181818181818
12.434545454545455
12.889545454545454
12.450909090909091
12.099545454545455
11.782272727272726
11.818181818181818
11.575909090909091
11.458181818181819
11.586818181818181
11.897272727272728
12.22090909090909
11.869545454545454
11.165454545454544
11.56409090909091
11.42909090909091
11.047272727272727
11.546818181818182
11.085454545454546
10.488636363636363
10.261363636363637
10.289090909090909
10.826363636363636
11.09681818181818
10.753636363636364
10.706521739130435
10.62217391304348
10.414347826086956
10.557826086956522
10.161739130434782
9.968695652173913
9.765652173913043
9.456521739130435
10.033913043478261
9.68
9.252173913043478
9.15695652173913
8.540434782608695
8.426521739130434
8.445217391304348
8.345652173913043
7.983478260869566
8.176521739130434
8.18391304347826
7.977391304347826
7.53
7.630869565217391
7.8878260869565215
8.057826086956522
8.04
7.990869565217391
7.707826086956522
7.544347826086957
7.272173913043478
7.516521739130434
7.589565217391304
7.132173913043478
7.3047826086956515
7.0539130434782615
6.728695652173912
6.207391304347826
5.78695652173913
6.278695652173913
6.551304347826087
6.360869565217392
6.365217391304348
6.354347826086957
5.51
4.9
4.43
4.877391304347825
4.69695652173913
4.505217391304348
4.919130434782609
4.585217391304348
3.8117391304347827
3.9108695652173915
4.501304347826087
4.926521739130435
4.924782608695652
4.775652173913044
4.2873913043478264
3.7643478260869565
3.670434782608696
3.3752173913043477
3.3530434782608696
3.635652173913044
4.046956521739131
4.293043478260869
4.40695652173913
4.381304347826087
3.9904347826086957
3.3491304347826087
2.9456521739130435
2.8330434782608696
2.89
3.167391304347826
3.3386956521739135
3.3069565217391306
3.8791304347826085
4.16
3.9039130434782607
3.441304347826087
3.2491304347826087
3.536521739130435
3.5173913043478264
4.1234782608695655
3.4773913043478264
3.885652173913044
3.9482608695652175
4.058695652173912
4.031739130434783
3.597826086956522
3.8052173913043474
3.510869565217391
3.034782608695652
3.0165217391304346
