temperature
3.4152173913043478
3.468695652173913
3.226086956521739
3.5117391304347825
3.7347826086956526
4.272173913043478
3.1369565217391306
3.6239130434782605
4.0465217391304344
3.9473913043478257
3.54
2.6030434782608696
2.4313043478260865
2.537826086956522
3.2617391304347825
3.467391304347826
2.901739130434783
2.3117391304347827
2.9782608695652173
3.1969565217391307
3.763478260869565
4.040869565217391
4.188260869565218
3.965652173913044
3.5091304347826084
3.4352173913043482
3.1278260869565218
3.2673913043478264
3.273478260869565
2.83
2.7726086956521736
3.0947826086956525
3.2978260869565217
3.6482608695652172
3.6643478260869564
4.1665217391304346
4.5486956521739135
4.316521739130435
3.9434782608695653
3.441304347826087
2.7821739130434784
2.621304347826087
2.8978260869565218
2.6021739130434782
1.9378260869565218
1.8108695652173912
1.8747826086956523
2.4469565217391307
2.7017391304347824
2.8078260869565215
2.7643478260869565
3.401304347826087
3.862173913043478
3.933043478260869
3.936086956521739
3.151304347826087
3.5882608695652176
3.645652173913043
3.930869565217391
4.447826086956522
4.678695652173913
4.7443478260869565
4.524347826086957
4.676521739130435
4.844347826086957
5.39304347826087
5.375652173913044
5.282608695652174
5.660434782608696
6.01304347826087
5.570869565217391
5.622608695652174
5.474782608695652
5.570434782608696
5.210869565217391
5.862608695652174
5.972608695652174
6.104782608695652
5.83
5.9308695652173915
5.9656521739130435
5.64695652173913
6.083043478260869
6.466086956521739
5.967826086956522
6.398260869565218
6.043913043478261
6.015652173913044
6.232173913043479
6.228260869565218
7.326818181818182
7.186818181818182
6.081363636363636
5.781818181818182
5.822272727272727
5.944999999999999
6.577272727272727
6.491818181818181
6.4363636363636365
6.924545454545455
7.285
7.700454545454545
7.419545454545454
7.61
7.956818181818182
8.190454545454545
7.556818181818182
7.552727272727273
8.270454545454545
8.277272727272727
8.1
9.042272727272728
8.540909090909091
7.861363636363635
7.955909090909091
7.8118181818181816
7.881363636363636
7.9377272727272725
8.16
8.54409090909091
8.973181818181818
8.809545454545455
9.066363636363636
9.159090909090908
9.452272727272726
9.80090909090909
10.001818181818182
10.805
10.365
10.326818181818181
10.512272727272729
10.462727272727273
11.271818181818182
10.924545454545454
11.315
11.21
11.163181818181819
11.09909090909091
11.542272727272728
12.126363636363635
11.852272727272727
11.638181818181819
12.05909090909091
12.018636363636364
12.202272727272726
12.403636363636364
12.211818181818183
11.789090909090909
11.964090909090908
12.200454545454546
12.445
12.985909090909091
12.90181818181818
13.088636363636363
12.912727272727272
12.839090909090908
13.020454545454545
13.021363636363635
13.217272727272727
13.392272727272728
13.215454545454547
13.318181818181818
13.373181818181818
13.674545454545456
14.110000000000001
13.730454545454545
13.937727272727273
14.096363636363636
13.503181818181817
14.351363636363637
14.416363636363638
14.355454545454545
14.443181818181818
14.24909090909091
14.419545454545455
14.706818181818182
15.147272727272728
14.909545454545453
14.82909090909091
15.052727272727275
15.379545454545456
15.524545454545455
15.646363636363638
15.34681818181818
15.854545454545455
16.745454545454546
16.78090909090909
16.659545454545455
16.945454545454545
16.655454545454546
16.49318181818182
16.674090909090907
16.09
16.648636363636363
16.59
16.805909090909093
16.21227272727273
16.075909090909093
16.055
16.08
16.689545454545456
16.21590909090909
16.224545454545453
16.290454545454544
15.893181818181818
16.208636363636366
16.736363636363635
16.704090909090908
16.995454545454546
17.165454545454544
17.31
17.262727272727272
16.706818181818182
16.58818181818182
16.902272727272727
16.76181818181818
16.48409090909091
16.468636363636364
15.940454545454545
16.53909090909091
16.714545454545455
16.650909090909092
16.388636363636365
16.396818181818183
16.63
17.3
17.492727272727272
16.71227272727273
16.16909090909091
16.12409090909091
16.33409090909091
16.596363636363638
16.567272727272726
16.387272727272727
15.29
15.532272727272726
15.633181818181818
15.882272727272728
15.25
15.67
15.90318181818182
15.629090909090907
14.832272727272727
15.416818181818183
15.150454545454545
14.994545454545454
14.692727272727273
14.69681818181818
14.32409090909091
14.487272727272728
14.639090909090909
14.615454545454547
14.52
13.911363636363637
14.051363636363636
13.402727272727274
12.976818181818182
13.456363636363637
13.552272727272726
13.938636363636363
13.620909090909093
13.188181818181818
13.15227272727273
13.288636363636364
12.959545454545456
13.129090909090907
12.836363636363636
12.660909090909092
12.661363636363637
12.664090909090909
12.558636363636365
12.57909090909091
12.656363636363636
12.300434782608693
11.92478260869565
11.808695652173913
11.964782608695652
11.73304347826087
11.355217391304349
11.04782608695652
10.69
11.491304347826087
11.53
10.979130434782608
10.859565217391305
10.67608695652174
9.705217391304348
10.0
9.396521739130435
9.356521739130434
9.79
10.186521739130434
9.537826086956523
8.929130434782609
8.934347826086958
8.886086956521739
9.395652173913044
9.147391304347826
9.23
9.36608695652174
8.820869565217391
8.222173913043479
8.522608695652174
9.073478260869566
8.867391304347825
8.77304347826087
8.459565217391305
7.3539130434782605
7.235652173913044
6.663043478260869
7.352173913043478
7.97304347826087
7.550869565217391
7.294347826086957
7.622173913043478
6.399130434782609
5.927391304347827
5.357391304347826
5.632608695652174
5.778260869565218
5.665217391304348
6.22
5.996521739130435
5.111739130434782
4.796086956521739
5.190869565217391
5.760434782608696
5.697826086956522
5.604347826086957
4.8621739130434785
4.554347826086956
4.192608695652174
3.7669565217391305
3.8182608695652176
4.498695652173913
4.736521739130435
5.148260869565218
5.24695652173913
5.333043478260869
4.716956521739131
4.668260869565217
4.1460869565217395
3.8760869565217395
3.4747826086956524
3.723913043478261
3.744347826086957
3.739130434782609
4.217826086956522
4.731304347826088
4.487391304347827
4.49304347826087
4.356521739130435
4.145217391304348
4.425217391304348
5.153478260869565
4.532608695652174
4.677391304347826
4.693478260869566
4.746086956521739
4.440434782608696
4.630869565217392
4.477391304347826
4.503913043478261
3.4126086956521737
3.095217391304348
