pet
0.27789473684210525
0.2673684210526316
0.3673684210526316
0.28
0.26421052631578945
0.21210526315789474
0.26421052631578945
0.18421052631578946
0.2621052631578948
0.2921052631578947
0.3821052631578947
0.4594736842105263
0.28631578947368425
0.26842105263157895
0.3868421052631579
0.2826315789473684
0.22210526315789472
0.3026315789473684
0.3078947368421052
0.3136842105263158
0.4010526315789474
0.3063157894736842
0.27789473684210525
0.26789473684210524
0.28210526315789475
0.23631578947368423
0.2789473684210526
0.2963157894736842
0.31684210526315787
0.35789473684210527
0.35368421052631577
0.3694736842105263
0.3936842105263158
0.521578947368421
0.41842105263157897
0.39842105263157895
0.3610526315789474
0.3978947368421053
0.4489473684210527
0.3826315789473684
0.4205263157894737
0.36526315789473685
0.27578947368421053
0.33894736842105266
0.35000000000000003
0.43999999999999995
0.5231578947368422
0.3994736842105263
0.4194736842105263
0.4263157894736842
0.42894736842105263
0.44842105263157894
0.5473684210526316
0.5047368421052632
0.5310526315789473
0.6115789473684211
0.5889473684210526
0.5536842105263158
0.5342105263157895
0.47789473684210526
0.5263157894736842
0.47421052631578947
0.6447368421052632
0.6073684210526316
0.7026315789473684
0.69
0.7294736842105263
0.7442105263157895
0.7315789473684211
0.7821052631578947
0.7536842105263158
0.7605263157894736
0.7473684210526317
0.7563157894736842
0.7405263157894737
0.8278947368421052
0.8089473684210526
0.8468421052631578
0.8857894736842105
0.8405263157894737
0.851578947368421
0.9626315789473684
0.9778947368421054
0.9321052631578948
1.0194736842105263
0.994736842105263
1.0515789473684212
0.9694736842105264
1.0621052631578947
1.0726315789473684
1.2552631578947369
1.208421052631579
1.085263157894737
1.0531578947368423
1.2021052631578948
1.061578947368421
1.1478947368421053
1.1294736842105264
1.05
1.358421052631579
1.2278947368421052
1.3136842105263158
1.2557894736842106
1.3452631578947367
1.4778947368421052
1.4684210526315788
1.575263157894737
1.3868421052631579
1.6247368421052633
1.5042105263157897
1.5694736842105264
1.5894736842105264
1.5647368421052632
1.6268421052631579
1.5636842105263158
1.677894736842105
1.5184210526315791
1.4657894736842105
1.6110526315789473
1.7442105263157894
1.8778947368421053
1.7794736842105265
1.6989473684210528
1.6626315789473685
1.6684210526315788
1.8889473684210527
1.9068421052631577
2.0857894736842106
2.063684210526316
1.9521052631578946
1.9273684210526318
1.9889473684210526
2.205263157894737
2.101578947368421
1.7278947368421052
1.8810526315789475
1.8489473684210527
1.963684210526316
1.9026315789473685
1.8063157894736843
1.8773684210526316
2.155263157894737
2.022105263157895
2.1763157894736844
1.9705263157894735
2.119473684210526
2.1989473684210528
2.1384210526315792
1.9657894736842105
2.2789473684210524
2.3757894736842107
2.143157894736842
2.057894736842105
2.143157894736842
2.2263157894736842
2.1073684210526316
2.3305263157894736
2.2142105263157896
2.276842105263158
2.2873684210526317
2.333684210526316
2.221578947368421
1.9494736842105262
1.8478947368421053
2.360526315789474
2.093157894736842
2.028421052631579
2.1005263157894736
2.0147368421052634
1.9684210526315788
1.9257894736842107
1.8631578947368421
1.773684210526316
1.7647368421052632
2.0789473684210527
2.1621052631578945
2.3389473684210524
2.223157894736842
2.1305263157894734
2.011052631578947
2.0573684210526317
2.032631578947368
1.9989473684210524
2.2821052631578946
2.015263157894737
1.9773684210526317
1.8536842105263158
1.9489473684210528
2.0673684210526315
2.1647368421052633
1.8542105263157898
2.183157894736842
1.8063157894736843
2.106842105263158
2.005263157894737
2.0799999999999996
2.0789473684210527
2.0805263157894736
1.9563157894736842
1.8194736842105264
2.0473684210526315
1.946842105263158
2.2357894736842105
2.0189473684210526
2.0989473684210527
1.9594736842105263
1.9342105263157894
2.031578947368421
1.7347368421052631
1.8668421052631579
1.8415789473684212
1.7057894736842103
1.7894736842105263
1.7899999999999998
1.9157894736842105
1.971578947368421
1.9278947368421053
1.7594736842105263
1.7763157894736843
1.7599999999999998
1.6810526315789474
1.5578947368421054
1.5
1.4657894736842105
1.6773684210526314
1.6584210526315788
1.6578947368421053
1.5642105263157895
1.6136842105263158
1.5021052631578946
1.5789473684210527
1.5121052631578948
1.5963157894736841
1.6942105263157894
1.4826315789473685
1.6121052631578947
1.5442105263157895
1.6078947368421053
1.3336842105263158
1.361578947368421
1.4631578947368422
1.3031578947368423
1.3157894736842106
1.1345
1.3115
1.2605
1.277
1.2269999999999999
1.2925
1.284
1.401
1.341
1.2865
1.088
1.116
1.09
0.99
1.041
0.9705
0.986
1.0310000000000001
1.0225
0.9810000000000001
0.967
0.9595
0.9135
0.8865000000000001
0.8734999999999999
0.8960000000000001
0.837
0.8215
0.8125
0.7955
0.8247368421052631
0.7857894736842105
0.8878947368421053
0.7889473684210526
0.8231578947368421
0.8457894736842105
0.7263157894736842
0.6489473684210526
0.7526315789473684
0.7489473684210527
0.6247368421052631
0.5815789473684211
0.5494736842105263
0.5610526315789474
0.5047368421052632
0.5010526315789473
0.5473684210526316
0.5463157894736842
0.5336842105263159
0.506842105263158
0.5268421052631579
0.4463157894736842
0.4257894736842105
0.5
0.49526315789473685
0.4810526315789474
0.5042105263157894
0.4789473684210526
0.45631578947368423
0.4505263157894737
0.45
0.38842105263157894
0.3826315789473684
0.4594736842105263
0.34210526315789475
0.3468421052631579
0.40421052631578946
0.35368421052631577
0.48157894736842105
0.3694736842105263
0.3368421052631579
0.4163157894736842
0.3542105263157895
0.28
0.33894736842105266
0.30421052631578943
0.31105263157894736
0.2942105263157895
0.318421052631579
0.3310526315789474
0.39
0.3652631578947368
0.27421052631578946
0.2694736842105263
0.31526315789473686
0.3294736842105263
0.3410526315789474
0.3357894736842105
0.2542105263157895
0.20421052631578948
0.25999999999999995
0.23789473684210524
0.2431578947368421
0.2889473684210526
0.2131578947368421
0.22473684210526312
0.2794736842105263
0.27473684210526317
0.2815789473684211
0.3168421052631579
0.31842105263157894
0.2752631578947369
0.19578947368421054
0.2731578947368421
0.38000000000000006
0.35789473684210527
0.3105263157894737
0.30631578947368415
0.2394736842105263
0.21842105263157896
0.28631578947368425
0.3257894736842106
0.26263157894736844
0.35000000000000003
0.29684210526315785
0.20736842105263156
0.14421052631578948
0.16631578947368422
0.1563157894736842
0.18947368421052632
0.20526315789473684
0.21947368421052632
