temperature
2.8352631578947367
2.426842105263158
2.9705263157894737
2.6294736842105264
2.796842105263158
2.305263157894737
2.5626315789473684
1.8563157894736844
2.748421052631579
2.4473684210526314
3.1794736842105262
3.5710526315789473
3.269473684210526
2.8952631578947368
3.501578947368421
2.4615789473684213
2.188947368421053
2.7842105263157895
2.71
2.241052631578947
3.2221052631578946
3.306842105263158
2.997894736842105
2.816842105263158
2.97
3.1984210526315793
3.3852631578947365
3.3752631578947367
2.876842105263158
2.756842105263158
2.6673684210526316
2.53
2.371578947368421
3.346842105263158
2.9
2.815263157894737
2.8089473684210526
2.1189473684210527
2.622105263157895
2.7421052631578946
2.5052631578947366
3.2905263157894735
2.938421052631579
3.192105263157895
3.5636842105263162
3.677368421052632
3.691052631578947
3.693684210526316
3.0510526315789472
2.202105263157895
2.743684210526316
2.823157894736842
2.4342105263157894
3.5363157894736843
2.63
3.2331578947368422
2.994736842105263
2.8710526315789475
2.567894736842105
2.227894736842105
1.928421052631579
2.02
2.506842105263158
2.7794736842105263
3.5884210526315794
4.592631578947369
3.680526315789474
3.5278947368421054
3.7305263157894735
3.6484210526315786
3.555789473684211
4.009473684210526
4.414736842105263
4.2905263157894735
4.854736842105264
5.287368421052631
4.256842105263158
4.101578947368421
4.237894736842105
4.24578947368421
4.37421052631579
4.178421052631579
4.011052631578947
4.52
4.624736842105263
4.649473684210527
4.479473684210526
4.580526315789474
5.050526315789473
5.298421052631579
5.578947368421052
5.365263157894737
4.747894736842105
4.795789473684211
5.54421052631579
5.228421052631579
4.963157894736842
5.201052631578947
5.6499999999999995
6.1078947368421055
5.206315789473685
4.787368421052631
4.736315789473685
5.632105263157895
5.534736842105263
5.483157894736842
5.402631578947369
5.036842105263158
5.058947368421053
5.577368421052632
6.888421052631578
7.336842105263158
7.283684210526315
7.272105263157894
6.686315789473684
6.321052631578947
6.406315789473684
6.778421052631579
6.768421052631578
6.746842105263158
6.499473684210526
6.666315789473684
6.607368421052632
7.316315789473684
7.471578947368421
7.025789473684211
7.281578947368421
7.69157894736842
7.856315789473685
7.842105263157895
7.366315789473685
7.3852631578947365
7.680526315789474
7.8910526315789475
8.037894736842105
8.088947368421053
8.032105263157895
7.995789473684211
8.310526315789474
8.305263157894737
8.287368421052632
8.247894736842106
8.339473684210526
8.46
8.431052631578947
8.407368421052633
8.64578947368421
8.948947368421052
8.853684210526316
9.086842105263159
9.320526315789474
10.023684210526316
10.036315789473685
9.723157894736843
9.586842105263159
9.571052631578947
9.78
10.09578947368421
10.309999999999999
10.296315789473685
10.325263157894737
10.095263157894736
9.489473684210527
9.32842105263158
9.550526315789474
9.803157894736842
10.202631578947368
10.50578947368421
10.630526315789472
10.287894736842105
10.425263157894738
10.473157894736843
10.573157894736841
10.548421052631578
10.503684210526316
10.675263157894738
11.232105263157894
11.073684210526316
11.386315789473684
11.459473684210526
11.714736842105262
11.9
12.170526315789473
12.22578947368421
12.272105263157894
11.877894736842105
11.721052631578948
11.484736842105264
11.801052631578948
12.012631578947369
11.781052631578948
11.82421052631579
11.34
11.378947368421052
11.289473684210526
11.864736842105264
12.136315789473684
12.473157894736843
12.301052631578948
12.115263157894736
12.443157894736842
12.208421052631579
12.503157894736843
12.74842105263158
12.64578947368421
12.410526315789474
12.436842105263159
12.765789473684212
12.642631578947368
12.46
12.32578947368421
12.502105263157894
12.782631578947369
12.936842105263159
13.117894736842105
13.266315789473685
12.945263157894738
12.876315789473685
12.284736842105263
12.10421052631579
12.275789473684211
12.276842105263157
12.127894736842105
12.379473684210527
12.727368421052631
12.60421052631579
12.217894736842105
12.196842105263158
12.298421052631578
11.751052631578949
12.07842105263158
12.036842105263156
12.036315789473685
11.436842105263159
11.458947368421052
11.43157894736842
11.343684210526316
11.092631578947367
10.991052631578947
11.465263157894737
11.423684210526316
11.42263157894737
11.296842105263158
11.3055
11.7915
11.6535
11.829
11.867999999999999
11.3045
10.9815
10.9405
10.838
11.440999999999999
11.281
10.937999999999999
10.7135
9.9765
9.9665
10.0285
9.912
9.984
9.9095
10.1785
10.8545
10.431000000000001
9.714
9.753
10.0665
9.6195
10.1575
10.372499999999999
9.897499999999999
9.7045
9.203684210526315
9.301052631578948
9.144736842105264
8.301052631578948
8.803684210526317
8.613684210526316
8.464210526315789
8.777368421052632
8.592631578947367
8.045789473684211
7.792631578947368
7.916315789473684
8.35421052631579
8.927894736842106
8.300526315789474
7.276315789473684
7.202105263157895
7.077894736842104
6.630526315789474
6.549473684210526
7.095263157894737
7.257368421052631
6.768421052631578
7.071578947368422
7.340526315789473
7.12578947368421
7.021578947368421
6.984736842105264
6.698947368421052
7.252105263157894
7.122105263157894
6.435263157894736
6.292631578947368
6.443157894736842
5.975263157894737
5.537894736842105
5.247894736842105
6.003684210526315
5.434736842105264
4.991578947368422
5.37
5.528947368421052
5.525263157894737
4.987894736842105
5.737368421052632
5.8578947368421055
5.371052631578947
4.666842105263158
4.2231578947368416
4.525789473684211
5.11
4.796842105263158
3.6142105263157895
4.228947368421053
4.681052631578948
3.7952631578947367
4.693157894736842
4.683684210526316
4.117894736842105
3.3878947368421053
3.9589473684210525
2.8710526315789475
3.14421052631579
3.2131578947368418
3.15
3.269473684210526
2.9721052631578946
3.149473684210526
3.944736842105263
4.891578947368421
4.546315789473684
3.4247368421052626
2.5978947368421053
3.3263157894736843
3.843157894736842
3.5436842105263158
2.59
2.3847368421052635
1.4305263157894736
1.3910526315789473
1.7947368421052632
2.5421052631578944
2.3036842105263156
3.2047368421052633
2.9773684210526317
1.833684210526316
1.528421052631579
1.6473684210526316
1.0636842105263158
1.0610526315789475
1.9131578947368422
2.360526315789474
