pet
0.211
0.2685
0.2445
0.2845
0.24100000000000002
0.1895
0.2915
0.306
0.2645
0.17099999999999999
0.273
0.2925
0.3065
0.27149999999999996
0.267
0.23450000000000001
0.1895
0.26549999999999996
0.24100000000000002
0.28650000000000003
0.308
0.273
0.28450000000000003
0.28250000000000003
0.2925
0.3255
0.308
0.4285
0.3655
0.3675
0.4305
0.45099999999999996
0.44349999999999995
0.4305
0.47050000000000003
0.46900000000000003
0.5025000000000001
0.49799999999999994
0.46299999999999997
0.471
0.479
0.3935
0.39899999999999997
0.5685
0.5085
0.5525
0.6345
0.5535
0.5635
0.6155
0.608
0.6585
0.6885
0.624
0.609
0.658
0.8535
0.7435
0.658
0.72
0.883
0.762
0.7995
0.9125
0.9595
0.8460000000000001
0.8245000000000001
0.958
0.8955
0.869
1.0275
1.0195
1.067
1.035
1.08
0.8665
1.046
1.0625
1.03
1.044
1.2695
1.213
1.1084999999999998
1.1145
1.0975
1.3275000000000001
1.4135
1.1789999999999998
1.1800000000000002
1.4055
1.5095
1.623
1.5065
1.518
1.5385
1.733
1.614
1.857
1.584
1.7205
1.6199999999999999
1.6765
1.641
1.6785
1.8190000000000002
1.9344999999999999
2.1495
2.2565
1.7325
1.8635000000000002
2.1615
2.285
2.0035
1.921
1.857
1.7934999999999999
2.1195
2.1510000000000002
1.9934999999999998
2.0755
2.247
2.2485
2.3015
2.233
2.1064999999999996
2.353
2.3625
2.1955
2.323
2.372
2.3815
2.5875
2.394
2.3055
2.419
2.4675000000000002
2.3715
2.1675
2.5934999999999997
2.3935
2.3605
2.5845
2.819
2.717
2.8235
2.6675
2.311
2.481
2.7855
2.7640000000000002
2.9539999999999997
2.7800000000000002
2.585238095238095
2.671904761904762
2.526190476190476
2.628095238095238
2.508095238095238
2.7585714285714285
3.0161904761904763
2.771904761904762
2.828095238095238
2.58
2.551428571428571
2.6195238095238094
2.7285714285714286
2.7652380952380953
2.8295238095238098
2.8304761904761904
3.0733333333333337
3.1757142857142857
3.130952380952381
3.0904761904761906
2.85
3.0785714285714287
3.1842857142857146
3.0414285714285714
3.069523809523809
2.9628571428571426
2.916190476190476
3.130952380952381
2.9266666666666667
3.0352380952380953
2.7714285714285714
2.8061904761904763
2.8976190476190475
2.636190476190476
2.7204761904761905
2.604285714285714
2.633809523809524
3.0766666666666667
2.83
3.0704761904761906
2.703333333333333
2.774285714285714
3.165714285714286
3.0952380952380953
2.835238095238095
2.7714285714285714
3.078095238095238
3.1485714285714286
2.956666666666667
3.1104761904761906
3.1123809523809522
3.0033333333333334
3.238095238095238
3.139047619047619
2.664761904761905
2.6885714285714286
2.9704761904761905
2.999047619047619
3.021904761904762
2.8319047619047617
2.8714285714285714
2.9857142857142858
2.8604761904761906
2.6957142857142857
3.096190476190476
2.6976190476190474
2.6685714285714286
2.849047619047619
2.809047619047619
2.5214285714285714
2.82047619047619
2.550952380952381
2.397142857142857
2.3295238095238098
2.525714285714286
2.5757142857142856
2.470952380952381
2.4457142857142857
2.5442857142857145
2.4404761904761907
2.420952380952381
2.2085714285714286
2.1561904761904764
2.0561904761904763
2.0114285714285716
1.8666666666666667
2.1152380952380954
2.1795238095238094
2.1209523809523807
1.878095238095238
2.1423809523809525
2.030952380952381
1.9538095238095239
1.9952380952380953
2.1676190476190476
1.8390476190476188
1.9133333333333333
1.8952380952380952
1.89
1.8723809523809525
1.8523809523809522
1.7066666666666666
1.86
1.7504761904761903
1.6276190476190475
1.6047619047619048
1.7190476190476192
1.5814285714285714
1.4947619047619047
1.3823809523809525
1.460952380952381
1.5342857142857143
1.4123809523809523
1.362857142857143
1.349047619047619
1.3438095238095238
1.1619047619047618
1.1823809523809523
1.1776190476190476
1.139047619047619
1.1352380952380952
1.0915000000000001
1.0435
1.013
1.0205
0.9964999999999999
1.016
0.9109999999999999
0.8109999999999999
0.9289999999999999
1.008
0.9365
0.916
0.6875
0.6785
0.7525000000000001
0.686
0.889
0.7609999999999999
0.783
0.7745
0.6559999999999999
0.6865
0.7345
0.6555
0.7625
0.6900000000000001
0.679
0.592
0.5589999999999999
0.5585
0.5125
0.5155000000000001
0.49050000000000005
0.5559999999999999
0.433
0.41600000000000004
0.45949999999999996
0.44799999999999995
0.43099999999999994
0.36950000000000005
0.40800000000000003
0.374
0.397
0.311
0.40800000000000003
0.20600000000000002
0.19
0.2375
0.2645
0.261
0.2225
0.248
0.2815
0.34750000000000003
0.217
0.27
0.28500000000000003
0.24499999999999997
0.19
0.205
0.2225
0.2435
0.278
0.316
0.26749999999999996
0.307
0.254
0.3525
0.175
0.2375
0.1915
0.2
0.16399999999999998
0.195
0.3105
0.2565
0.213
0.16699999999999998
0.1275
0.119
0.1295
0.2015
0.20950000000000002
0.194
0.29100000000000004
0.306
0.2765
0.284
0.2685
0.1995
0.2065
0.1795
