pet
0.17571428571428574
0.19666666666666666
0.27809523809523806
0.25
0.17904761904761904
0.16666666666666666
0.28285714285714286
0.20047619047619047
0.2523809523809524
0.2742857142857143
0.27142857142857146
0.31333333333333335
0.2261904761904762
0.23952380952380953
0.26761904761904765
0.1961904761904762
0.22380952380952382
0.21476190476190476
0.2619047619047619
0.25523809523809526
0.22333333333333336
0.2195238095238095
0.1880952380952381
0.2671428571428572
0.26952380952380955
0.24476190476190474
0.27142857142857146
0.3147619047619048
0.2838095238095238
0.2561904761904762
0.3138095238095238
0.3223809523809524
0.32476190476190475
0.32857142857142857
0.3595238095238095
0.34904761904761905
0.3871428571428572
0.3757142857142857
0.40380952380952384
0.3757142857142857
0.33666666666666667
0.3438095238095238
0.38047619047619047
0.3761904761904762
0.3642857142857143
0.45666666666666667
0.4561904761904762
0.33476190476190476
0.38999999999999996
0.45857142857142863
0.5119047619047619
0.5166666666666666
0.579047619047619
0.5819047619047619
0.5042857142857142
0.5628571428571428
0.6076190476190476
0.5928571428571429
0.5866666666666667
0.5766666666666667
0.6054545454545455
0.5413636363636364
0.6277272727272728
0.6463636363636364
0.6931818181818182
0.7168181818181818
0.75
0.7645454545454545
0.8477272727272727
0.8140909090909091
0.8277272727272728
0.8131818181818182
0.8109090909090909
0.8290909090909092
0.8172727272727273
0.8995454545454545
0.924090909090909
0.9381818181818182
0.8899999999999999
0.9422727272727273
0.9140909090909091
0.9540909090909092
0.9413636363636364
0.9536363636363636
1.0240909090909092
1.0127272727272727
1.0522727272727272
1.1036363636363637
1.0422727272727272
1.2031818181818181
1.2395454545454545
1.2659090909090909
1.1595454545454547
1.1890909090909092
1.3222727272727273
1.419090909090909
1.3127272727272727
1.3786363636363637
1.3354545454545454
1.468181818181818
1.4227272727272728
1.3572727272727272
1.3936363636363636
1.4572727272727273
1.4854545454545454
1.6186363636363637
1.5454545454545454
1.5554545454545454
1.5163636363636364
1.606818181818182
1.6440909090909093
1.5913636363636363
1.745
1.7086363636363637
1.6940909090909093
1.7031818181818181
1.7872727272727273
1.7545454545454546
1.9022727272727273
1.8031818181818182
1.9454545454545453
1.995
2.1259090909090905
2.074090909090909
1.924090909090909
2.0322727272727272
2.0959090909090907
2.085909090909091
2.105909090909091
2.0472727272727274
2.1036363636363635
2.173636363636364
2.1245454545454545
2.166363636363636
2.0927272727272728
2.0254545454545454
2.0513636363636363
2.1559090909090908
2.213636363636364
2.086818181818182
2.2436363636363637
2.269090909090909
2.476818181818182
2.5168181818181816
2.523181818181818
2.4404545454545454
2.201363636363636
2.38
2.3554545454545455
2.5754545454545457
2.7468181818181816
2.6072727272727274
2.4363636363636365
2.519090909090909
2.2486363636363635
2.4718181818181817
2.2413636363636367
2.5931818181818183
2.5636363636363635
2.644090909090909
2.605
2.6322727272727273
2.4050000000000002
2.3086363636363636
2.41
2.458181818181818
2.5445454545454544
2.5863636363636364
2.6027272727272726
2.5527272727272727
2.8545454545454545
2.6286363636363634
2.565
2.625909090909091
2.5786363636363636
2.5054545454545454
2.755909090909091
2.4986363636363635
2.7181818181818183
2.7154545454545453
2.429090909090909
2.4986363636363635
2.4572727272727275
2.4822727272727274
2.415
2.553181818181818
2.3686363636363637
2.4563636363636365
2.4909090909090907
2.6954545454545453
2.549090909090909
2.679090909090909
2.555
2.590909090909091
2.7190909090909092
2.69
2.7677272727272726
2.5168181818181816
2.6418181818181816
2.485909090909091
2.4386363636363635
2.4286363636363637
2.555454545454545
2.5318181818181817
2.5436363636363635
2.504090909090909
2.3813636363636363
2.585
2.350909090909091
2.3136363636363635
2.4404545454545454
2.2413636363636367
2.148181818181818
2.3686363636363637
2.432272727272727
2.182727272727273
2.350909090909091
2.227272727272727
2.1159090909090907
2.227272727272727
2.235909090909091
1.9268181818181818
2.033181818181818
1.9936363636363637
1.9477272727272728
1.8781818181818182
2.1418181818181816
2.0772727272727276
2.079090909090909
1.8572727272727272
2.019090909090909
1.9381818181818182
1.9127272727272726
2.0386363636363636
1.7699999999999998
1.7481818181818183
1.7072727272727273
1.744090909090909
1.8081818181818183
1.7513636363636365
1.8236363636363635
1.6104545454545454
1.575909090909091
1.5795454545454546
1.580909090909091
1.464090909090909
1.6154545454545455
1.4836363636363636
1.4431818181818181
1.5104545454545453
1.430909090909091
1.4236363636363636
1.4295454545454545
1.3209090909090908
1.3322727272727273
1.3877272727272727
1.3172727272727274
1.2177272727272728
1.2436363636363637
1.1859090909090908
1.1318181818181818
1.0963636363636364
1.116818181818182
1.145
1.1268181818181817
1.0272727272727273
1.0054545454545456
0.9
0.9149999999999999
0.8495454545454546
0.8895454545454545
0.8818181818181817
0.845
0.8842857142857143
0.8142857142857144
0.8623809523809524
0.8785714285714286
0.8309523809523809
0.8252380952380951
0.7757142857142857
0.6923809523809524
0.7266666666666667
0.758095238095238
0.6676190476190476
0.5876190476190476
0.49238095238095236
0.4695238095238095
0.4742857142857143
0.47904761904761906
0.55
0.5480952380952381
0.5176190476190475
0.48142857142857143
0.4561904761904762
0.45285714285714285
0.43285714285714283
0.4614285714285714
0.5542857142857143
0.5557142857142857
0.5119047619047619
0.45809523809523806
0.3880952380952381
0.4266666666666667
0.45428571428571424
0.36142857142857143
0.34
0.3580952380952381
0.30523809523809525
0.31047619047619046
0.29285714285714287
0.31333333333333335
0.3119047619047619
0.2857142857142857
0.21952380952380954
0.3142857142857143
0.26
0.2757142857142857
0.2752380952380952
0.18047619047619048
0.19904761904761903
0.21428571428571427
0.22285714285714284
0.1676190476190476
0.2138095238095238
0.21047619047619048
0.14904761904761904
0.20904761904761904
0.20476190476190476
0.20476190476190476
0.20571428571428574
0.1952380952380952
0.18571428571428572
0.16333333333333333
0.23047619047619047
0.19142857142857142
0.17476190476190476
0.20761904761904765
0.16428571428571428
0.24476190476190474
0.21523809523809526
0.2647619047619048
0.1823809523809524
0.1961904761904762
0.20666666666666667
0.13523809523809524
0.1280952380952381
0.17285714285714285
0.2123809523809524
0.20190476190476192
0.19333333333333336
0.1680952380952381
0.10476190476190476
0.10095238095238096
0.13523809523809524
0.17714285714285716
0.1480952380952381
0.13904761904761903
0.2671428571428572
0.20952380952380953
0.17666666666666667
0.16857142857142857
0.1561904761904762
0.15
0.1538095238095238
0.16952380952380952
