temperature
3.0578260869565215
2.762608695652174
1.7682608695652176
2.069130434782609
2.358695652173913
2.6534782608695653
2.5634782608695654
2.4791304347826086
2.11695652173913
2.2913043478260873
2.619565217391304
1.8026086956521739
1.7443478260869565
2.4330434782608696
2.6008695652173914
2.6630434782608696
2.015217391304348
1.808695652173913
2.5586956521739133
2.705217391304348
2.947391304347826
3.05
2.7730434782608695
2.425217391304348
2.074782608695652
1.6282608695652174
1.744782608695652
1.5395652173913041
2.5456521739130435
2.526521739130435
2.0156521739130433
2.1134782608695653
2.9086956521739133
2.9969565217391305
3.106521739130435
3.217391304347826
3.3078260869565215
2.5834782608695654
2.4382608695652173
2.0782608695652174
1.9795652173913043
1.6152173913043477
1.626521739130435
1.9882608695652175
1.7952173913043479
1.1139130434782607
1.21
1.6191304347826088
2.382173913043478
2.4191304347826086
2.83
2.8865217391304347
3.42
3.426086956521739
3.3043478260869565
3.2065217391304346
3.157391304347826
3.3056521739130433
2.794782608695652
3.0256521739130435
3.2304347826086954
3.3143478260869568
3.558695652173913
3.8326086956521737
4.796956521739131
4.778260869565218
4.818260869565217
4.455217391304347
4.26
4.120869565217391
4.5169565217391305
3.95695652173913
3.5643478260869568
3.3495652173913046
3.5430434782608695
3.858695652173913
3.8773913043478263
3.3047826086956524
3.5760869565217392
3.2886956521739132
3.5217391304347827
3.65695652173913
3.9469565217391307
4.3017391304347825
4.014782608695652
4.0404347826086955
4.175217391304348
4.3078260869565215
4.6869565217391305
4.957826086956522
4.6877272727272725
4.454090909090909
3.8590909090909093
4.267727272727273
4.787272727272727
4.6890909090909085
4.574090909090909
4.410909090909091
4.635909090909091
5.033181818181818
5.409545454545455
5.424545454545455
5.1059090909090905
5.58
6.16
5.8518181818181825
5.7318181818181815
5.973636363636363
6.243636363636364
6.302727272727273
6.449545454545454
6.234090909090909
6.020454545454545
6.249090909090909
6.197727272727272
6.135909090909092
6.013636363636365
5.949090909090909
6.357272727272728
6.628636363636364
6.546363636363637
6.572727272727272
6.635
6.825454545454545
6.882272727272727
7.012272727272728
7.369090909090909
7.824090909090909
7.405909090909091
7.588636363636363
7.909545454545454
7.6863636363636365
8.364545454545455
8.249090909090908
8.708181818181819
8.395454545454545
8.286363636363637
8.876363636363637
8.728636363636364
8.947272727272727
9.092727272727272
8.856818181818182
9.194545454545455
9.702727272727273
9.80590909090909
9.828181818181818
9.731818181818182
9.31590909090909
9.312727272727273
9.723181818181818
9.79
10.363181818181818
10.33
10.181818181818182
9.973636363636365
10.145909090909091
10.273181818181818
10.332727272727272
10.214545454545455
10.591818181818182
10.134090909090908
10.272727272727273
10.535454545454545
10.43681818181818
10.769090909090908
10.659090909090908
10.812272727272727
10.966818181818182
11.259090909090908
11.621818181818183
11.68409090909091
11.152272727272727
11.344545454545454
11.268181818181818
11.398181818181818
11.838181818181818
11.576818181818181
11.540909090909091
11.315454545454545
11.283181818181818
11.995
12.037727272727272
12.432272727272727
12.295
12.852727272727272
13.048181818181819
13.255454545454546
13.438636363636363
13.17181818181818
12.92909090909091
12.65227272727273
13.073636363636364
12.844090909090909
12.695454545454545
13.094090909090909
12.768636363636364
12.582272727272727
12.32409090909091
12.769545454545455
12.988181818181818
13.381818181818181
12.728181818181817
12.412272727272727
12.570454545454545
12.62409090909091
13.154545454545454
13.37409090909091
13.693636363636363
13.890909090909092
13.93
13.001363636363635
12.946363636363635
13.117272727272727
13.361818181818181
13.056818181818182
12.557272727272727
12.759545454545453
12.890454545454544
13.133636363636363
13.02909090909091
12.87409090909091
12.609545454545453
12.965454545454547
12.956363636363637
13.147272727272728
13.12409090909091
13.170454545454545
13.139545454545454
12.441818181818183
12.407727272727273
12.648181818181818
12.925
12.898181818181818
12.275454545454545
12.292727272727273
12.811363636363637
12.59909090909091
12.464090909090908
12.366818181818182
12.158181818181818
12.664545454545454
11.835454545454546
11.768181818181818
12.267727272727273
11.818636363636363
11.693636363636363
11.585909090909091
11.396818181818182
11.025454545454545
11.075909090909091
11.384545454545455
10.923181818181819
10.532272727272728
10.262272727272729
10.200000000000001
10.29590909090909
10.324545454545456
10.439545454545454
10.601363636363637
11.343636363636364
10.781818181818181
10.397272727272728
10.647727272727273
10.303181818181818
9.893636363636363
10.036363636363637
9.65318181818182
9.297272727272727
8.827727272727273
9.021363636363636
9.345
10.070454545454545
9.620909090909091
9.923043478260869
9.922608695652174
9.570869565217391
9.558695652173913
9.550869565217392
9.197826086956523
8.783043478260868
8.704347826086957
8.974782608695651
8.395217391304348
8.32913043478261
8.104782608695652
7.651739130434783
7.818260869565217
7.937391304347826
7.943913043478261
7.539565217391305
7.574782608695652
7.047826086956522
6.877826086956522
7.017826086956521
7.113478260869566
7.388260869565218
7.410869565217391
7.27695652173913
7.5456521739130435
7.186956521739131
7.151304347826087
7.199130434782609
6.969130434782608
6.495217391304347
6.224347826086956
6.605652173913044
6.280869565217392
5.908695652173913
5.424782608695652
5.397391304347826
5.82304347826087
5.710000000000001
5.631739130434783
5.774782608695652
5.345217391304348
4.628260869565217
4.441304347826088
4.316521739130435
4.521739130434782
4.113043478260869
3.9121739130434783
3.993478260869565
3.6504347826086954
3.2230434782608692
3.7343478260869567
4.4769565217391305
4.32304347826087
4.357826086956522
3.9778260869565214
3.7008695652173915
3.3504347826086955
3.354347826086957
2.9004347826086954
3.1869565217391305
3.1917391304347826
3.7065217391304346
4.104782608695652
4.032173913043478
4.106086956521739
3.6265217391304345
2.6117391304347826
2.708695652173913
2.7713043478260873
3.0282608695652176
3.209565217391304
3.0878260869565217
3.29
3.1739130434782608
3.496086956521739
3.2143478260869567
2.925217391304348
2.896086956521739
3.1617391304347824
3.1982608695652175
3.486521739130435
3.384782608695652
3.4295652173913043
3.529130434782609
3.7704347826086955
3.6960869565217394
2.933478260869565
3.092608695652174
2.5495652173913044
2.44
2.7569565217391303
