temperature
4.447727272727272
3.9954545454545456
3.8318181818181816
3.833636363636364
4.475909090909091
4.3104545454545455
4.611363636363636
4.991363636363636
4.6077272727272724
4.734090909090909
4.670454545454546
5.200909090909091
5.803636363636364
4.637727272727273
5.209090909090909
4.510909090909091
4.405909090909091
4.579090909090909
5.231818181818182
4.901363636363636
4.281818181818182
4.157727272727272
4.267272727272727
3.809090909090909
4.162727272727273
3.877727272727273
3.950909090909091
3.7827272727272727
4.245909090909091
3.9395454545454545
3.9490909090909088
3.850454545454545
3.7295454545454545
3.9909090909090907
5.294090909090909
5.079090909090909
4.977727272727273
4.416363636363636
3.8227272727272723
3.9040909090909093
4.531363636363636
4.942272727272727
5.48590909090909
4.505
4.025454545454545
4.571363636363636
4.841363636363637
4.589545454545455
4.570454545454545
4.1895454545454545
4.044545454545455
4.3540909090909095
4.429545454545455
4.985
5.445
5.362272727272727
5.52
5.341363636363637
5.158181818181818
5.07
4.725454545454546
4.509545454545455
4.507727272727273
4.775454545454545
5.207272727272727
6.366818181818181
6.515000000000001
6.63909090909091
6.288636363636363
6.075454545454545
6.026818181818182
5.661363636363636
6.0590909090909095
6.943636363636363
7.3522727272727275
7.430909090909091
6.781818181818181
5.988636363636363
6.065454545454545
6.205454545454546
6.4772727272727275
6.652727272727272
6.855
7.193181818181818
6.679090909090909
6.3931818181818185
6.72409090909091
7.379090909090909
8.078636363636363
8.488181818181818
8.483478260869566
8.518695652173914
8.135217391304348
7.785652173913043
8.005217391304347
8.512608695652174
7.263913043478261
7.165652173913044
7.603478260869565
8.370869565217392
8.009130434782609
7.533478260869565
7.448695652173913
8.075652173913044
8.342608695652174
8.47913043478261
8.847391304347827
8.21391304347826
7.995652173913044
8.548260869565217
9.563478260869566
10.376521739130435
10.945217391304348
10.88
11.091739130434783
10.261304347826087
10.560869565217391
10.689565217391305
10.414782608695651
10.392608695652173
10.690434782608696
10.389565217391304
10.57304347826087
10.305217391304348
10.654347826086957
11.160434782608695
11.279565217391305
11.14608695652174
11.484347826086957
11.75391304347826
11.612608695652172
11.20608695652174
11.02304347826087
11.008260869565218
11.391739130434782
11.798695652173913
11.768260869565218
11.961739130434783
12.04304347826087
12.369565217391305
12.016521739130434
12.042608695652175
12.635652173913044
12.97391304347826
12.78217391304348
12.866521739130436
12.60608695652174
12.898260869565219
12.794347826086955
12.964782608695652
13.52304347826087
13.683043478260869
14.22391304347826
13.714347826086957
13.253043478260869
13.861739130434783
14.075652173913044
14.657826086956522
14.291739130434781
14.473478260869564
14.320434782608697
14.203478260869565
14.361304347826087
14.463478260869566
14.430869565217392
14.423478260869565
14.920434782608696
15.534347826086956
15.766521739130434
15.767391304347827
15.752173913043478
15.207826086956521
15.035652173913043
15.269565217391303
15.260434782608696
15.276521739130436
15.733478260869566
16.170434782608698
16.119565217391305
16.378695652173914
16.188695652173912
16.284347826086957
16.73478260869565
16.711304347826086
17.078695652173913
16.379565217391306
16.460869565217394
16.35391304347826
16.180869565217392
16.350434782608694
16.32608695652174
16.58086956521739
16.523043478260867
16.328695652173913
17.06304347826087
17.348695652173912
17.434782608695652
16.82695652173913
17.08913043478261
17.67
17.60695652173913
17.22086956521739
16.997826086956522
17.709130434782608
17.92913043478261
17.473478260869566
17.480869565217393
18.07391304347826
18.146521739130435
18.211304347826086
17.71217391304348
17.635217391304348
18.165652173913042
17.854347826086954
17.92695652173913
17.500434782608696
17.948260869565217
18.14
17.848260869565216
17.533478260869565
17.620434782608694
17.56913043478261
17.957391304347826
17.29608695652174
17.050869565217393
17.031739130434783
17.62086956521739
17.13478260869565
17.076521739130435
17.44695652173913
17.52173913043478
17.452173913043477
17.350434782608694
16.955652173913045
16.79695652173913
16.088260869565218
16.125217391304346
16.11304347826087
15.68
15.26478260869565
15.475217391304348
15.58304347826087
15.581739130434782
15.444347826086958
15.667391304347827
15.735652173913044
15.57304347826087
15.762173913043478
15.728695652173913
15.45304347826087
15.42608695652174
15.252173913043478
15.207826086956523
15.443478260869565
15.23913043478261
14.095217391304347
14.11608695652174
13.73304347826087
13.77
13.34086956521739
13.755217391304347
14.185652173913043
14.368695652173914
14.327826086956522
13.905652173913042
13.691304347826087
13.36826086956522
13.037826086956523
13.035217391304348
13.346086956521738
13.579565217391304
13.61608695652174
13.741739130434782
13.882727272727273
13.110454545454546
12.610909090909091
11.936363636363637
11.687727272727273
12.15318181818182
11.44909090909091
12.282727272727273
12.631818181818181
12.490454545454547
12.203636363636365
11.74909090909091
11.564545454545454
11.375454545454545
10.977727272727272
10.744545454545454
10.733636363636364
9.853636363636364
10.136363636363637
9.65318181818182
10.633181818181818
10.81181818181818
10.700909090909091
10.792272727272728
10.705454545454545
10.616818181818182
10.632272727272728
10.086818181818181
9.636363636363637
9.985454545454546
9.9
9.31909090909091
9.088181818181818
9.456818181818182
8.725
8.742727272727272
8.412272727272727
8.321363636363635
8.650454545454545
7.652727272727272
7.858636363636363
8.201818181818181
8.028636363636364
7.8981818181818175
7.41090909090909
7.167272727272728
6.494090909090909
6.338636363636363
6.485454545454545
6.370000000000001
6.241818181818181
6.123181818181819
6.082272727272727
5.863636363636363
6.141363636363637
6.286363636363637
6.53590909090909
6.549545454545455
6.3109090909090915
6.300909090909091
6.005909090909091
6.047272727272727
5.649545454545454
5.514545454545455
5.434545454545455
5.227727272727273
4.952727272727272
4.884545454545454
4.967727272727273
4.848636363636364
4.652272727272727
4.954999999999999
5.157727272727272
5.261363636363637
4.3963636363636365
4.321363636363636
4.185
3.744545454545454
3.959090909090909
3.9099999999999997
3.0336363636363632
3.9327272727272726
4.408636363636364
5.029090909090909
5.823181818181817
4.793181818181818
4.1886363636363635
3.95
3.4663636363636368
3.2531818181818184
3.9890909090909092
4.141363636363637
