temperature
4.5495
4.077
3.8495
3.646
4.601
4.2395
4.559
4.3469999999999995
4.215
4.5735
4.8155
5.62
5.2465
4.624499999999999
5.3025
4.561999999999999
4.795
4.8175
4.7655
4.306
3.6659999999999995
3.6659999999999995
3.7415
3.9299999999999997
4.0655
3.8545000000000003
3.8899999999999997
3.6665
3.5479999999999996
3.4465000000000003
3.6895000000000002
3.883
3.9055
3.8295000000000003
4.5235
4.503
4.361
3.854
3.621
3.9524999999999997
4.075
4.843
5.0205
4.58
4.0295000000000005
4.621
4.2604999999999995
4.267
3.9485
4.0985
3.875
4.16
4.6525
4.8545
4.71
4.8759999999999994
4.7675
4.4475
4.05
4.005
3.6719999999999997
3.8869999999999996
3.8735
4.0305
4.8065
5.646
5.57
5.4335
5.4350000000000005
5.098000000000001
4.9955
4.299
5.1085
5.7675
5.724
6.1674999999999995
5.388
5.1475
5.4495
5.6875
5.7299999999999995
5.9665
6.124499999999999
6.439
6.182
5.891
5.95
6.306
6.565
6.7505
6.9435
7.199
6.767
6.4495000000000005
6.501
6.704000000000001
6.0485
6.1695
6.928999999999999
6.874
6.607000000000001
6.431
6.4575000000000005
7.12
7.1659999999999995
7.1165
7.33
6.952
6.7
7.2655
8.1945
8.479000000000001
8.7735
8.8255
8.7045
8.3845
8.531
8.568000000000001
8.4875
8.507
8.974
9.098
9.1035
9.1915
9.0395
8.7365
9.468
9.626000000000001
9.541
9.8
10.006499999999999
9.871500000000001
9.7655
9.6805
10.1655
10.287
10.17
9.891
10.1375
10.3635
10.1605
10.318000000000001
10.516499999999999
10.587
10.5425
10.7005
10.8865
10.831
11.112
11.5525
11.7905
11.9575
12.235
12.136
11.8265
11.8285
11.956999999999999
11.9675
12.077
12.318999999999999
12.3285
12.2105
11.848
11.9135
12.254000000000001
12.42
12.8415
13.319999999999999
13.144499999999999
13.2035
12.765
12.440000000000001
12.642
12.85
12.783
13.341
13.491499999999998
12.9175
13.1945
13.7065
13.6965
13.885
13.891428571428573
13.767142857142858
13.920952380952382
13.836190476190476
13.628571428571428
13.841904761904763
13.850476190476192
14.069999999999999
14.72904761904762
14.314761904761905
14.265714285714285
13.921904761904763
14.096190476190475
14.177619047619048
14.369047619047619
14.152857142857142
14.75
15.063809523809523
14.687142857142858
14.261904761904763
14.371428571428572
14.730476190476189
14.686190476190477
15.031904761904762
14.922857142857143
14.83904761904762
14.641904761904764
14.846666666666668
14.687142857142858
14.556666666666667
15.050952380952381
15.03761904761905
15.00952380952381
14.998571428571429
15.215714285714288
14.961428571428572
14.644285714285715
14.41047619047619
14.760476190476192
14.867142857142856
15.090952380952379
14.788095238095238
14.486190476190476
14.656666666666668
14.425238095238095
14.333333333333334
14.620952380952382
14.38
14.613333333333333
14.651428571428571
14.325238095238095
14.210952380952381
14.22857142857143
13.742857142857144
13.76
14.174285714285716
13.570000000000002
13.369047619047619
13.405714285714286
13.416666666666666
13.652380952380952
13.140476190476189
13.504285714285713
13.934285714285714
13.762857142857142
13.751904761904763
13.406666666666668
13.245238095238093
12.997142857142856
12.871904761904762
13.434285714285714
13.540476190476191
12.99095238095238
12.792380952380952
12.19857142857143
12.113809523809525
11.862857142857143
11.94095238095238
12.566190476190476
12.635714285714286
12.59
12.603333333333333
12.332380952380953
12.126190476190477
11.72
11.581904761904761
11.698095238095238
11.927142857142858
12.349523809523808
12.292380952380952
12.611904761904762
12.457
11.4785
11.49
10.743500000000001
10.673
10.7315
10.5525
11.4015
11.0935
10.807
10.645
10.308
10.2005
10.4405
10.528
10.245999999999999
9.8985
9.525
9.631
8.789
9.5155
9.541500000000001
9.6405
9.798
9.718
9.8
9.963
9.2945
8.9255
9.436
9.2795
8.5955
8.501000000000001
8.381499999999999
7.92
8.3895
7.935
7.8865
7.9405
7.073
7.4305
7.834999999999999
7.631
7.6674999999999995
7.2155000000000005
7.261
6.6955
6.8095
6.622
5.988
6.2025
6.1155
5.784000000000001
5.7635
6.6530000000000005
5.8229999999999995
6.285500000000001
6.323
6.1935
6.048
5.8965000000000005
5.2125
5.279
5.099
5.1175
5.2605
5.102
4.8995
4.885
5.349
5.4865
4.894
4.7025
4.7515
4.621
4.2935
4.446
3.9234999999999998
3.6905
3.556
2.8855
4.4315
4.6475
5.2915
5.2005
4.2305
3.8155
3.6835
2.961
3.1870000000000003
3.9875
4.2705
