pet
0.21636363636363634
0.23954545454545456
0.20590909090909093
0.25727272727272726
0.245
0.14772727272727273
0.28681818181818186
0.27772727272727277
0.24454545454545454
0.21772727272727274
0.26227272727272727
0.2831818181818182
0.31181818181818177
0.25045454545454543
0.24500000000000002
0.25363636363636366
0.20590909090909093
0.26636363636363636
0.23454545454545456
0.3190909090909091
0.2918181818181818
0.26
0.2809090909090909
0.27545454545454545
0.28454545454545455
0.36227272727272725
0.30454545454545456
0.44681818181818184
0.3277272727272727
0.3472727272727273
0.39136363636363636
0.3686363636363636
0.3854545454545455
0.3390909090909091
0.43772727272727274
0.4272727272727273
0.4722727272727273
0.4572727272727273
0.41954545454545455
0.43454545454545457
0.4290909090909091
0.3618181818181818
0.44636363636363635
0.5140909090909092
0.5113636363636364
0.5281818181818182
0.6172727272727273
0.5104545454545455
0.5513636363636364
0.5722727272727273
0.5968181818181818
0.6572727272727273
0.6490909090909092
0.6027272727272727
0.5340909090909091
0.6481818181818182
0.78
0.7054545454545454
0.6140909090909091
0.7209090909090908
0.8572727272727273
0.754090909090909
0.7654545454545455
0.8218181818181818
0.9359090909090909
0.8022727272727272
0.7922727272727272
0.9168181818181819
0.9645454545454547
0.8886363636363637
1.0104545454545455
1.0054545454545456
1.0595454545454546
1.0040909090909091
1.050909090909091
0.9113636363636364
1.0422727272727272
1.119090909090909
1.0636363636363635
1.1027272727272726
1.180909090909091
1.1454545454545455
1.1522727272727273
1.0904545454545456
1.1663636363636363
1.305
1.3418181818181818
1.2618181818181817
1.205
1.4354545454545453
1.4726086956521738
1.5982608695652174
1.482608695652174
1.5139130434782608
1.5099999999999998
1.7678260869565217
1.5626086956521739
1.8013043478260868
1.5543478260869565
1.683913043478261
1.6534782608695653
1.6921739130434783
1.6486956521739131
1.6769565217391305
1.7569565217391303
1.8417391304347825
1.9665217391304346
2.195217391304348
1.7104347826086959
1.8517391304347828
2.109565217391304
2.127391304347826
1.9000000000000001
1.8730434782608696
1.9382608695652173
1.836521739130435
2.1291304347826085
2.1869565217391305
2.046521739130435
2.13695652173913
2.2691304347826087
2.3017391304347825
2.367391304347826
2.3195652173913044
2.199130434782609
2.356086956521739
2.3330434782608696
2.2569565217391307
2.322173913043478
2.286086956521739
2.457826086956522
2.534782608695652
2.386086956521739
2.322173913043478
2.508260869565217
2.334782608695652
2.2395652173913043
2.2678260869565214
2.552173913043478
2.2543478260869567
2.3260869565217392
2.621304347826087
2.857391304347826
2.66
2.713478260869565
2.5543478260869565
2.2595652173913043
2.4608695652173913
2.7717391304347827
2.7886956521739132
3.0482608695652176
2.858695652173913
2.6065217391304345
2.746521739130435
2.5682608695652176
2.848695652173913
2.5456521739130435
2.8747826086956523
3.0578260869565215
2.8126086956521736
2.820869565217391
2.632173913043478
2.496521739130435
2.740869565217391
2.725217391304348
2.9456521739130435
2.8773913043478263
2.856956521739131
3.0547826086956524
3.1900000000000004
3.1656521739130437
3.063913043478261
2.9643478260869567
3.167391304347826
3.245217391304348
3.0634782608695654
3.1078260869565217
3.0543478260869565
3.074347826086956
3.271304347826087
3.132173913043478
3.130434782608696
2.827391304347826
2.9056521739130434
2.912608695652174
2.6995652173913043
2.8152173913043477
2.7678260869565214
2.7221739130434783
3.069130434782609
2.9547826086956523
3.157391304347826
2.8869565217391306
2.678695652173913
3.1295652173913044
2.9991304347826087
2.8791304347826085
2.90695652173913
3.0904347826086958
3.143913043478261
3.066086956521739
3.0965217391304347
3.1165217391304343
3.031739130434783
3.17304347826087
3.173478260869565
2.683478260869565
2.694782608695652
2.968695652173913
2.9091304347826084
2.997391304347826
2.774782608695652
2.7482608695652173
2.9321739130434783
2.9017391304347826
2.5799999999999996
3.03695652173913
2.667826086956522
2.7104347826086954
2.853913043478261
2.7913043478260873
2.4943478260869565
2.657826086956522
2.546521739130435
2.4439130434782608
2.347826086956522
2.5591304347826087
2.595217391304348
2.4195652173913045
2.416086956521739
2.4504347826086956
2.464782608695652
2.3778260869565218
2.263478260869565
2.1017391304347828
2.0717391304347825
1.9673913043478262
1.8895652173913045
2.1817391304347824
2.2247826086956524
2.0830434782608696
1.853913043478261
2.052608695652174
1.9926086956521738
1.9308695652173915
1.8791304347826085
2.0991304347826087
1.8126086956521739
1.8291304347826087
1.8660869565217393
1.8504347826086958
1.857391304347826
1.8391304347826085
1.6326086956521737
1.7691304347826087
1.7186956521739132
1.566521739130435
1.4969565217391305
1.663913043478261
1.55
1.4034782608695653
1.2956521739130435
1.35
1.4656521739130435
1.338695652173913
1.3269565217391304
1.3117391304347827
1.2156521739130435
1.0795652173913042
1.1265217391304347
1.102608695652174
1.0617391304347827
1.0365217391304349
1.0218181818181817
0.979090909090909
1.0077272727272728
1.014090909090909
0.9518181818181819
0.9904545454545454
0.88
0.799090909090909
0.870909090909091
0.9659090909090909
0.8722727272727273
0.8168181818181818
0.6254545454545455
0.6636363636363636
0.6795454545454546
0.6240909090909091
0.8518181818181819
0.7186363636363636
0.6877272727272726
0.6486363636363636
0.6718181818181818
0.6318181818181818
0.7109090909090909
0.6577272727272727
0.7104545454545454
0.6577272727272727
0.6359090909090909
0.5418181818181819
0.48363636363636364
0.48227272727272724
0.47909090909090907
0.47181818181818186
0.45272727272727276
0.4668181818181818
0.35045454545454546
0.35545454545454547
0.39136363636363636
0.3831818181818182
0.3768181818181818
0.3004545454545455
0.3259090909090909
0.3259090909090909
0.3068181818181818
0.26636363636363636
0.3890909090909091
0.1918181818181818
0.16045454545454546
0.20363636363636364
0.2409090909090909
0.20681818181818182
0.23045454545454547
0.21
0.22045454545454543
0.2868181818181818
0.20454545454545456
0.20636363636363636
0.2340909090909091
0.20590909090909093
0.18999999999999997
0.20681818181818182
0.18681818181818183
0.22681818181818184
0.25681818181818183
0.3059090909090909
0.23318181818181818
0.29454545454545455
0.2527272727272727
0.3195454545454546
0.14681818181818182
0.2513636363636364
0.17
0.21772727272727274
0.18999999999999997
0.18545454545454546
0.30772727272727274
0.20681818181818182
0.20045454545454547
0.13090909090909092
0.09545454545454546
0.07090909090909091
0.10136363636363636
0.18181818181818182
0.17772727272727273
0.18727272727272729
0.2918181818181818
0.24909090909090906
0.2609090909090909
0.255
0.22454545454545452
0.19045454545454546
0.2131818181818182
0.18454545454545457
