pet
0.22583333333333333
0.18583333333333332
0.435
0.20333333333333334
0.14916666666666667
0.19833333333333333
0.1975
0.24333333333333332
0.19083333333333333
0.20166666666666666
0.1825
0.32416666666666666
0.20916666666666664
0.35833333333333334
0.27416666666666667
0.2233333333333333
0.35000000000000003
0.22333333333333336
0.29333333333333333
0.1741666666666667
0.31083333333333335
0.42416666666666664
0.30916666666666665
0.33249999999999996
0.26666666666666666
0.2275
0.245
0.2916666666666667
0.22666666666666668
0.25166666666666665
0.1475
0.28
0.3875
0.38916666666666666
0.41250000000000003
0.3933333333333333
0.4383333333333333
0.36999999999999994
0.3775
0.395
0.35833333333333334
0.36166666666666664
0.37000000000000005
0.36333333333333334
0.385
0.455
0.4675
0.3875
0.4008333333333333
0.545
0.47333333333333333
0.47333333333333333
0.4991666666666667
0.5108333333333334
0.4366666666666667
0.5308333333333334
0.4975
0.43166666666666664
0.535
0.41583333333333333
0.48333333333333334
0.48
0.6391666666666667
0.57
0.6533333333333334
0.7050000000000001
0.5733333333333334
0.6866666666666666
0.7158333333333333
0.7816666666666666
0.745
0.7600000000000001
0.7158333333333333
0.7600000000000001
0.7591666666666667
0.7366666666666667
0.8733333333333334
0.8116666666666666
0.8275
0.8533333333333334
0.6341666666666667
0.7633333333333333
0.8325
0.9158333333333334
0.9674999999999999
0.9608333333333333
0.9691666666666667
1.0766666666666667
1.0166666666666666
1.0816666666666668
1.1175
1.1241666666666668
1.0033333333333332
1.06
1.0975
1.1066666666666667
1.1025
1.0358333333333334
1.0541666666666667
1.2925
0.9383333333333334
1.1475
1.2333333333333334
1.155
1.3158333333333332
1.2766666666666666
1.4416666666666667
1.2216666666666667
1.3975
1.3633333333333333
1.2858333333333334
1.2216666666666667
1.3972727272727272
1.449090909090909
1.3090909090909089
1.2972727272727271
1.3754545454545455
1.500909090909091
1.5554545454545454
1.3745454545454545
1.9663636363636363
1.5754545454545457
1.8827272727272728
1.7018181818181817
1.8263636363636364
1.839090909090909
1.7309090909090907
1.8618181818181818
1.8672727272727272
2.0936363636363637
2.0436363636363635
1.9936363636363637
1.9263636363636365
2.112727272727273
1.8299999999999998
1.7936363636363637
1.619090909090909
1.999090909090909
1.757272727272727
1.711818181818182
1.8727272727272728
2.180909090909091
2.3345454545454545
2.3536363636363635
2.1290909090909094
2.171818181818182
1.9663636363636363
1.8972727272727274
1.9100000000000001
1.9590909090909092
1.8681818181818182
2.0036363636363634
1.87
1.979090909090909
2.189090909090909
2.0945454545454543
2.0481818181818183
2.3563636363636364
2.191818181818182
2.0727272727272728
1.958181818181818
2.079090909090909
1.9309090909090911
2.148181818181818
2.400909090909091
2.132727272727273
2.2254545454545456
2.539090909090909
2.1136363636363638
2.071818181818182
2.372727272727273
2.0563636363636366
2.2163636363636363
2.3327272727272725
2.3136363636363635
2.358181818181818
2.3790909090909094
2.3254545454545457
2.362727272727273
2.153636363636364
1.7281818181818183
1.94
1.8763636363636365
1.9490909090909092
2.18
1.8427272727272728
1.8981818181818182
1.8645454545454547
2.129090909090909
2.403636363636364
1.9627272727272727
2.1045454545454545
1.9827272727272727
2.14
2.0427272727272725
2.2581818181818183
2.1763636363636363
2.267272727272727
2.2418181818181817
1.9336363636363636
2.0790909090909087
2.210909090909091
2.3354545454545454
1.8654545454545455
2.0354545454545456
1.8845454545454545
2.059090909090909
2.2236363636363636
1.8627272727272726
1.8581818181818184
1.9009090909090909
1.9527272727272729
2.122727272727273
1.9518181818181817
1.9272727272727272
2.1809090909090907
2.109090909090909
1.9318181818181819
1.8454545454545455
1.810909090909091
1.6809090909090911
1.8154545454545454
1.5563636363636364
1.741818181818182
1.8318181818181818
1.5936363636363637
1.7854545454545454
1.8845454545454545
1.6845454545454546
1.5909090909090908
1.7336363636363636
1.7518181818181817
1.7172727272727273
1.7227272727272727
1.4536363636363636
1.6345454545454545
1.3572727272727272
1.6318181818181818
1.41
1.4181818181818182
1.39
1.2718181818181817
1.3936363636363636
1.0990909090909091
1.3254545454545454
1.2645454545454546
1.3009090909090908
1.280909090909091
0.9890909090909091
1.2227272727272729
1.3245454545454545
1.2609090909090908
1.208181818181818
1.08
0.9627272727272728
1.139090909090909
1.0681818181818181
1.1209090909090909
0.93
1.039090909090909
0.9490909090909091
0.9972727272727273
0.9136363636363637
0.9190909090909091
0.8881818181818182
0.8518181818181819
0.8581818181818182
0.770909090909091
0.8318181818181819
0.7218181818181818
0.5927272727272727
0.72
0.7109090909090909
0.8
0.6709090909090909
0.8154545454545455
0.7118181818181818
0.7790909090909092
0.7536363636363635
0.6554545454545454
0.6363636363636364
0.6854545454545454
0.8118181818181818
0.6245454545454545
0.6245454545454545
0.47
0.4745454545454546
0.47181818181818175
0.4954545454545455
0.5381818181818182
0.5463636363636364
0.5927272727272727
0.45363636363636367
0.4681818181818182
0.3245454545454545
0.2645454545454546
0.4227272727272728
0.5290909090909092
0.34454545454545454
0.4
0.34
0.3109090909090909
0.33545454545454545
0.28818181818181815
0.3390909090909091
0.3718181818181818
0.4563636363636364
0.4254545454545454
0.25363636363636366
0.25363636363636366
0.26454545454545453
0.3
0.2863636363636364
0.17181818181818181
0.19363636363636363
0.15916666666666668
0.14916666666666667
0.22
0.23
0.20833333333333334
0.22583333333333333
0.33166666666666667
0.20333333333333334
0.33
0.24166666666666667
0.2008333333333333
0.18666666666666668
0.16166666666666668
0.2316666666666667
0.26333333333333336
0.21333333333333335
0.13833333333333334
0.15166666666666667
0.2825
0.2041666666666667
0.26999999999999996
0.27166666666666667
0.17500000000000002
0.20333333333333334
0.22583333333333333
0.23750000000000002
0.24749999999999997
0.19333333333333333
0.16333333333333333
0.1025
0.15833333333333333
0.1875
0.18416666666666667
0.29583333333333334
0.24583333333333335
0.2891666666666666
0.18166666666666667
0.1708333333333333
0.13249999999999998
0.17833333333333334
0.09666666666666666
0.09333333333333334
0.20333333333333334
0.16666666666666666
0.10166666666666667
0.09749999999999999
0.07166666666666667
0.08
0.09249999999999999
0.13666666666666666
