pet
0.20681818181818182
0.2631818181818182
0.29090909090909095
0.2781818181818182
0.2259090909090909
0.20636363636363636
0.35409090909090907
0.2931818181818182
0.3068181818181818
0.3259090909090909
0.35000000000000003
0.34863636363636363
0.32363636363636367
0.32
0.31
0.24000000000000002
0.28863636363636364
0.2595454545454545
0.33
0.33772727272727276
0.29954545454545456
0.29
0.28045454545454546
0.3427272727272727
0.35045454545454546
0.3977272727272727
0.37772727272727274
0.4318181818181818
0.375
0.38045454545454543
0.4168181818181818
0.4445454545454545
0.4454545454545455
0.4309090909090909
0.4854545454545454
0.4690909090909091
0.5263636363636364
0.5440909090909091
0.5309090909090909
0.5159090909090909
0.4913636363636364
0.46727272727272723
0.5404545454545454
0.545
0.5127272727272728
0.5895454545454546
0.6004545454545455
0.47363636363636363
0.5481818181818182
0.62
0.6772727272727272
0.6754545454545454
0.7322727272727273
0.6859090909090909
0.5918181818181818
0.7059090909090909
0.756818181818182
0.7968181818181819
0.7277272727272727
0.7731818181818183
0.8913636363636364
0.7609090909090909
0.8286363636363636
0.8254545454545454
0.9190909090909091
0.9227272727272727
0.9127272727272728
0.9445454545454546
1.0822727272727273
1.0204545454545455
1.0572727272727271
1.0468181818181819
1.0731818181818182
1.0250000000000001
1.0
1.069090909090909
1.1004545454545456
1.1636363636363638
1.0540909090909092
1.1786363636363637
1.1804545454545454
1.1727272727272728
1.1472727272727274
1.116818181818182
1.26
1.2677272727272728
1.3154545454545454
1.3590909090909091
1.3086363636363636
1.515
1.5127272727272727
1.5618181818181818
1.4504545454545454
1.4277272727272727
1.5509090909090908
1.7904545454545455
1.6104545454545454
1.7481818181818183
1.5827272727272728
1.7263636363636363
1.6868181818181818
1.570909090909091
1.6409090909090909
1.7254545454545456
1.7118181818181817
1.9077272727272727
1.8590909090909091
1.9631818181818181
1.6422727272727273
1.8181818181818181
1.971818181818182
2.0404545454545455
2.049090909090909
2.002272727272727
2.015454545454545
1.950909090909091
2.125909090909091
2.0686363636363634
2.1436363636363636
2.0890909090909093
2.3086363636363636
2.321818181818182
2.4454545454545453
2.3936363636363636
2.221818181818182
2.3190909090909093
2.4045454545454543
2.293181818181818
2.4395454545454545
2.2100000000000004
2.3654545454545453
2.5236363636363635
2.3422727272727273
2.2995454545454543
2.401818181818182
2.2981818181818183
2.2463636363636366
2.4745454545454546
2.5604545454545455
2.2540909090909094
2.3718181818181816
2.4440909090909093
2.791739130434783
2.7256521739130433
2.762608695652174
2.563913043478261
2.342608695652174
2.6182608695652174
2.6456521739130436
2.8052173913043474
3.050869565217391
2.9130434782608696
2.632173913043478
2.7143478260869567
2.531304347826087
2.8178260869565217
2.528260869565217
2.9004347826086954
2.9082608695652175
3.0169565217391305
2.7930434782608695
2.7886956521739132
2.611304347826087
2.606086956521739
2.5604347826086955
2.7730434782608695
2.856086956521739
2.8421739130434784
2.9730434782608692
2.8760869565217395
3.2282608695652173
2.992173913043478
2.8895652173913042
3.007391304347826
2.928260869565217
2.8317391304347823
3.0191304347826087
2.8713043478260873
3.0643478260869568
3.149130434782609
2.8843478260869566
2.884782608695652
2.781304347826087
2.8004347826086957
2.822173913043478
2.842608695652174
2.75
2.8143478260869568
2.696086956521739
2.970434782608695
2.9560869565217387
3.1026086956521737
2.96304347826087
2.8682608695652174
3.1234782608695655
2.968260869565217
3.112608695652174
2.8126086956521736
3.0247826086956526
2.986521739130435
2.857391304347826
2.759130434782609
2.8717391304347823
2.925217391304348
3.026086956521739
2.923478260869565
2.7352173913043476
2.8330434782608696
2.8686956521739133
2.760869565217391
2.9034782608695653
2.652608695652174
2.4682608695652175
2.854347826086957
2.845652173913044
2.4504347826086956
2.7886956521739132
2.6491304347826086
2.539565217391304
2.638695652173913
2.7291304347826086
2.372608695652174
2.548695652173913
2.3060869565217392
2.2656521739130433
2.2669565217391305
2.568695652173913
2.562173913043478
2.4765217391304346
2.2778260869565217
2.4343478260869564
2.3191304347826085
2.302608695652174
2.3865217391304347
2.112173913043478
1.9582608695652173
1.9469565217391305
1.93
2.2056521739130432
2.1160869565217393
2.092608695652174
1.871304347826087
1.8704347826086958
2.0230434782608695
1.91
1.7343478260869565
1.9978260869565219
1.7743478260869565
1.712608695652174
1.875217391304348
1.7391304347826086
1.7830434782608695
1.7786956521739128
1.6643478260869566
1.6665217391304348
1.646086956521739
1.6021739130434782
1.4378260869565218
1.5552173913043479
1.4778260869565218
1.3521739130434782
1.321304347826087
1.342608695652174
1.4747826086956521
1.3547826086956523
1.2795652173913044
1.2469565217391305
1.1095652173913044
1.1252173913043477
1.117391304347826
1.151304347826087
1.1052173913043477
1.0908695652173912
1.1209090909090909
1.0568181818181819
1.069090909090909
1.1418181818181818
1.0581818181818183
0.9813636363636363
0.9263636363636363
0.8409090909090909
0.8936363636363637
0.9827272727272728
0.8745454545454545
0.7777272727272727
0.6577272727272727
0.63
0.619090909090909
0.6177272727272727
0.7845454545454547
0.7795454545454544
0.7054545454545454
0.6472727272727273
0.6336363636363637
0.6522727272727272
0.629090909090909
0.6409090909090909
0.6972727272727273
0.7036363636363636
0.6872727272727273
0.6218181818181818
0.5145454545454545
0.5586363636363637
0.5686363636363636
0.51
0.4786363636363636
0.4627272727272727
0.39681818181818185
0.3940909090909091
0.40954545454545455
0.3772727272727273
0.35954545454545456
0.3645454545454545
0.29545454545454547
0.34954545454545455
0.33954545454545454
0.36818181818181817
0.375
0.24636363636363637
0.2409090909090909
0.26227272727272727
0.28954545454545455
0.22363636363636363
0.25545454545454543
0.22045454545454543
0.19727272727272727
0.28
0.24045454545454545
0.23272727272727273
0.2381818181818182
0.23045454545454547
0.23681818181818182
0.23318181818181818
0.24772727272727274
0.2527272727272727
0.2381818181818182
0.28909090909090907
0.25863636363636366
0.3231818181818182
0.29
0.34136363636363637
0.22999999999999998
0.26272727272727275
0.2531818181818182
0.20272727272727273
0.17272727272727273
0.205
0.29090909090909095
0.23136363636363635
0.2527272727272727
0.2009090909090909
0.12454545454545456
0.12454545454545456
0.14818181818181816
0.20454545454545456
0.1859090909090909
0.1959090909090909
0.32863636363636367
0.25636363636363635
0.25181818181818183
0.23136363636363635
0.22318181818181818
0.17500000000000002
0.2
0.1981818181818182
