temperature
3.6990909090909088
3.3354545454545454
3.1504545454545454
3.0518181818181818
3.9813636363636364
3.766363636363636
4.174545454545455
4.385
4.210454545454545
4.415
4.342272727272728
5.024545454545454
5.221363636363637
4.175454545454546
4.665454545454545
3.8813636363636363
3.852272727272727
4.026818181818182
4.546363636363636
4.31
3.5036363636363634
3.4472727272727273
3.5036363636363634
3.5231818181818184
3.9600000000000004
3.600909090909091
3.7418181818181817
3.453181818181818
3.684090909090909
3.3540909090909095
3.6431818181818185
3.7509090909090905
3.514545454545454
3.714090909090909
4.621818181818181
4.433636363636364
4.382272727272727
3.8822727272727273
3.235454545454546
3.4818181818181815
3.8004545454545453
4.499545454545454
5.033181818181818
4.309545454545455
3.771818181818182
4.371818181818182
4.0609090909090915
3.9704545454545452
3.950909090909091
3.6645454545454546
3.597272727272727
3.869090909090909
4.170454545454546
4.625454545454546
4.6863636363636365
4.668636363636364
4.767727272727273
4.790909090909091
4.496363636363636
4.243181818181818
3.9181818181818184
3.955454545454545
3.746818181818182
4.068181818181818
4.657272727272727
5.860454545454545
5.824090909090909
5.836363636363637
5.885
5.501363636363636
5.220454545454546
4.8545454545454545
5.498636363636364
6.211363636363637
6.371363636363637
6.784090909090909
6.001363636363636
5.440909090909091
5.484090909090909
5.761363636363637
6.055454545454546
6.326363636363637
6.253181818181818
6.722272727272727
6.2695454545454545
5.766818181818182
6.251363636363636
6.609545454545454
7.241363636363636
7.536363636363637
7.793636363636364
7.591363636363636
7.387272727272728
7.004090909090909
7.364090909090908
7.726363636363636
6.696363636363636
6.448181818181819
7.165
7.734090909090909
7.198636363636364
6.733636363636364
6.702272727272727
7.572272727272727
7.617272727272728
7.647272727272727
7.848181818181818
7.146818181818182
6.802272727272728
7.558181818181819
8.624090909090908
9.453181818181818
9.995909090909091
10.025
9.899090909090908
9.25
9.542727272727273
9.625909090909092
9.30590909090909
9.255
9.665
9.774545454545454
9.913181818181819
9.91909090909091
10.023181818181818
10.06409090909091
10.341363636363637
10.158636363636363
10.217727272727272
10.323636363636364
10.367727272727272
10.162727272727274
9.973181818181818
10.133636363636363
10.740909090909092
10.860454545454546
10.56181818181818
10.75590909090909
10.984545454545454
11.358181818181817
11.078636363636363
11.225
11.772173913043478
11.86304347826087
11.710869565217392
11.540869565217392
11.540434782608695
11.758260869565218
12.00695652173913
12.235652173913044
12.701304347826087
12.986521739130435
13.29304347826087
12.930434782608694
12.410434782608695
12.644782608695651
13.154782608695653
13.369565217391305
13.196521739130434
13.686521739130436
13.39608695652174
13.228260869565217
13.074782608695653
13.205217391304348
13.20608695652174
13.337826086956522
13.998695652173915
14.611304347826087
14.648260869565219
14.691739130434781
14.546086956521739
13.801739130434783
13.97304347826087
14.181304347826087
14.146521739130435
14.359130434782609
14.690434782608696
14.691739130434781
15.007826086956522
15.16
15.092608695652174
15.275217391304347
15.564347826086957
15.589565217391305
15.656956521739131
15.148695652173913
15.164782608695653
15.376086956521737
15.143478260869566
15.223478260869564
15.525217391304347
15.375217391304348
15.583913043478262
15.288260869565217
15.725652173913044
15.829999999999998
15.939565217391305
15.53391304347826
15.965652173913043
16.432173913043478
16.24478260869565
15.736521739130435
15.696956521739132
16.330434782608698
16.315217391304348
16.190434782608694
16.25565217391304
16.61826086956522
16.49434782608696
16.661739130434785
16.330434782608698
16.28782608695652
16.707391304347826
16.508695652173913
16.549565217391304
16.242173913043477
16.538260869565217
16.44
16.16521739130435
15.928260869565218
16.164782608695653
15.959565217391305
16.46391304347826
15.893478260869566
15.535217391304348
15.743913043478262
16.057391304347824
15.691739130434783
15.824347826086955
15.768695652173914
16.10608695652174
16.084347826086958
15.770434782608698
15.546521739130435
15.299565217391304
14.61695652173913
14.69304347826087
14.656086956521738
14.250434782608695
14.076521739130435
14.29304347826087
14.319130434782608
14.370434782608696
14.24304347826087
14.48391304347826
14.629565217391304
14.371739130434783
14.458695652173914
14.247826086956522
14.083478260869565
14.035217391304348
13.721739130434784
14.01086956521739
14.222608695652173
13.794347826086955
13.183913043478261
12.88
12.51391304347826
12.403913043478262
12.271304347826087
12.702608695652176
13.02608695652174
13.238695652173913
13.140434782608697
12.703478260869565
12.379565217391304
12.093043478260869
11.873913043478263
11.978695652173913
12.47304347826087
12.563478260869564
12.60217391304348
12.64
12.715454545454547
11.841363636363637
11.654545454545454
10.781818181818181
10.695
10.897272727272728
10.637727272727274
11.320454545454545
11.311363636363636
11.103181818181818
10.900454545454545
10.625909090909092
10.368181818181817
10.297727272727274
10.122272727272728
9.736363636363636
9.566363636363636
9.003636363636362
9.208181818181819
8.546818181818182
9.475
9.631818181818183
9.459545454545456
9.600909090909092
9.60590909090909
9.688181818181818
9.712272727272726
9.092272727272727
8.489090909090908
9.121363636363636
9.137272727272727
8.596363636363636
8.18909090909091
8.493181818181817
7.78590909090909
8.045
7.485
7.470909090909092
7.8518181818181825
6.803636363636364
7.009090909090909
7.380454545454546
7.3140909090909085
7.217272727272728
6.792727272727273
6.6872727272727275
6.115909090909091
6.007727272727274
5.904090909090908
5.531818181818182
5.545
5.452727272727273
5.008181818181819
5.026818181818182
5.616363636363636
5.289090909090909
5.819545454545454
5.8931818181818185
5.454545454545454
5.307272727272728
5.196363636363636
4.952727272727273
4.8954545454545455
4.8131818181818184
4.747272727272727
4.699090909090909
4.570454545454545
4.301363636363636
4.203636363636364
4.309090909090909
4.543181818181818
4.385909090909091
4.542727272727273
4.673636363636363
3.9431818181818183
3.7181818181818183
3.930909090909091
3.443636363636364
3.2436363636363637
3.1163636363636367
2.0945454545454543
3.048636363636364
3.627272727272727
4.421363636363636
4.827272727272727
3.889545454545455
3.258181818181818
3.1436363636363636
2.6368181818181817
2.525
3.289090909090909
3.463636363636364
