temperature
5.07
4.457272727272727
4.279545454545455
4.322272727272727
4.992727272727273
4.797727272727273
4.902727272727272
5.261363636363637
4.8531818181818185
5.1440909090909095
5.13
5.616818181818181
6.121818181818182
5.051818181818182
5.735
5.075454545454545
4.994090909090908
5.098636363636364
5.678636363636364
5.152727272727272
4.793181818181818
4.636818181818182
4.640454545454546
4.192272727272727
4.441818181818181
4.153181818181818
4.07
4.251363636363636
4.532272727272727
4.238181818181818
4.192727272727272
4.265909090909091
4.06
4.261818181818182
5.609090909090909
5.458181818181818
5.344090909090909
4.721363636363637
4.293636363636363
4.197272727272727
4.841363636363637
5.272272727272727
5.780454545454545
4.926363636363637
4.288181818181818
4.795
5.1054545454545455
4.914090909090909
4.9750000000000005
4.711363636363637
4.339090909090909
4.733636363636363
4.8554545454545455
5.347272727272728
5.800909090909091
5.716363636363636
5.733636363636363
5.596363636363637
5.405
5.350909090909091
4.920000000000001
4.826363636363637
4.852727272727273
5.008181818181819
5.550909090909091
6.53590909090909
6.734999999999999
6.800909090909091
6.5231818181818175
6.3536363636363635
6.252272727272728
5.9781818181818185
6.159545454545454
7.237727272727272
7.415909090909091
7.513181818181818
6.9818181818181815
6.208181818181819
6.274090909090909
6.5
6.823636363636364
7.0227272727272725
7.241363636363636
7.451818181818182
7.097272727272728
6.866363636363636
7.071818181818182
7.717727272727273
8.181818181818182
8.532727272727273
8.617391304347825
8.701739130434783
8.31695652173913
8.108695652173912
7.981739130434783
8.628695652173914
7.414782608695652
7.473478260869566
7.763478260869565
8.434347826086958
8.209565217391305
7.885652173913043
7.866521739130435
8.368260869565217
8.62217391304348
8.707391304347826
9.006521739130434
8.57913043478261
8.190434782608696
8.789130434782608
9.709999999999999
10.384782608695652
10.764347826086958
10.829565217391304
10.986521739130435
10.552608695652173
10.726521739130435
10.823478260869566
10.650869565217391
10.766521739130434
10.988695652173913
10.856521739130434
10.834347826086956
10.498695652173913
10.831739130434782
11.150434782608695
11.433043478260869
11.405652173913042
11.546521739130435
12.058260869565219
12.120869565217392
11.64608695652174
11.429565217391303
11.461304347826088
11.566086956521739
12.042608695652175
11.933043478260869
11.878260869565217
12.133478260869564
12.346086956521738
12.202173913043477
12.283043478260868
12.885217391304348
13.226956521739131
13.121739130434783
12.991304347826087
12.759565217391303
12.818695652173913
12.951739130434783
13.354347826086958
13.749130434782609
13.843913043478262
14.485652173913044
14.00391304347826
13.55695652173913
14.017826086956523
14.277826086956521
14.631304347826086
14.39913043478261
14.640869565217391
14.53
14.285217391304348
14.42478260869565
14.541739130434781
14.802173913043477
14.645652173913044
15.157826086956522
15.619565217391305
15.746956521739131
15.82521739130435
15.72391304347826
15.220434782608695
15.064347826086957
15.389130434782608
15.52608695652174
15.652608695652173
15.980434782608697
16.276521739130434
16.250434782608696
16.58478260869565
16.409565217391304
16.582608695652173
16.674347826086954
16.71608695652174
16.824347826086957
16.278260869565216
16.323478260869564
16.346521739130434
16.29
16.573478260869564
16.554782608695653
16.682608695652174
16.518260869565218
16.426521739130436
17.09173913043478
17.38086956521739
17.459565217391305
16.965652173913043
17.12086956521739
17.73217391304348
17.59521739130435
17.33
17.13304347826087
17.65695652173913
17.89782608695652
17.704347826086956
17.579565217391302
18.106521739130436
18.202608695652174
18.12
17.70173913043478
17.604782608695654
18.02913043478261
17.81434782608696
17.812173913043477
17.583478260869565
18.047391304347826
18.07695652173913
17.92478260869565
17.65434782608696
17.80695652173913
17.661304347826086
17.98304347826087
17.472608695652173
16.990434782608695
16.94608695652174
17.487391304347824
17.09913043478261
17.065217391304348
17.363478260869567
17.47217391304348
17.41217391304348
17.22478260869565
17.08086956521739
16.843478260869567
16.157826086956522
16.222608695652173
16.495217391304347
15.845217391304347
15.32695652173913
15.385652173913044
15.707391304347825
15.799999999999999
15.449565217391307
15.68
15.921739130434782
15.70608695652174
15.750434782608695
15.795217391304348
15.54391304347826
15.459999999999999
15.354347826086956
15.350434782608696
15.490869565217393
15.241304347826087
14.23695652173913
14.099565217391305
13.777391304347827
13.871304347826088
13.430869565217392
13.85608695652174
14.289565217391305
14.36826086956522
14.281739130434783
13.946521739130434
13.748695652173915
13.581304347826087
13.123478260869566
13.226956521739131
13.589565217391305
13.719565217391304
13.726521739130433
13.955652173913045
14.103636363636362
13.231363636363636
12.77681818181818
12.178636363636365
11.837727272727273
12.432727272727272
11.658636363636363
12.628636363636362
12.883181818181818
12.74909090909091
12.508636363636363
11.908636363636363
11.773181818181818
11.450000000000001
11.201363636363636
10.991818181818182
10.955
10.047727272727274
10.36909090909091
10.037272727272727
10.92681818181818
11.061363636363636
10.987727272727271
11.095454545454546
10.990454545454545
10.96409090909091
10.968181818181819
10.424999999999999
10.120909090909091
10.43409090909091
10.316818181818181
9.598181818181818
9.356818181818182
9.732727272727272
8.983636363636363
9.129545454545454
8.790909090909091
8.674999999999999
8.996818181818183
8.093181818181819
8.281363636363636
8.701363636363636
8.436818181818182
8.358181818181817
7.700454545454545
7.359999999999999
6.843636363636364
6.797727272727273
6.9359090909090915
6.758636363636364
6.635
6.457272727272727
6.660454545454545
6.235454545454545
6.598181818181818
6.806363636363637
6.917272727272728
6.944999999999999
6.792727272727273
6.766818181818182
6.397272727272727
6.411818181818182
6.054545454545454
5.919090909090909
5.973181818181818
5.593636363636364
5.336818181818182
5.4363636363636365
5.440454545454545
5.279090909090909
4.909090909090909
5.245909090909091
5.430909090909091
5.551818181818182
4.682272727272727
4.577727272727273
4.457272727272727
4.0631818181818184
4.511818181818182
4.3104545454545455
3.527272727272727
4.638636363636364
4.874545454545454
5.484545454545454
6.110454545454545
5.132727272727273
4.5227272727272725
4.370909090909091
3.943636363636364
3.863181818181818
4.5213636363636365
4.629545454545455
