temperature
3.858636363636364
3.3736363636363635
3.161363636363636
3.078181818181818
4.15090909090909
3.6363636363636362
3.931363636363636
3.9395454545454545
3.841818181818182
4.261363636363637
4.350454545454546
4.994545454545454
4.815909090909091
4.181363636363636
4.755909090909091
4.102727272727273
4.103181818181818
4.103181818181818
4.278636363636364
3.933636363636364
3.3590909090909093
3.304090909090909
3.252727272727273
3.463181818181818
3.6854545454545455
3.3004545454545453
3.397727272727273
3.2736363636363635
3.3172727272727274
3.1159090909090907
3.2818181818181817
3.5545454545454547
3.2959090909090913
3.3468181818181817
4.264545454545455
4.27590909090909
4.068636363636364
3.600909090909091
3.139545454545455
3.3313636363636365
3.5786363636363636
4.365
4.66
4.120909090909091
3.339090909090909
3.8845454545454547
3.610909090909091
3.666818181818182
3.57
3.7209090909090907
3.3468181818181817
3.489545454545455
3.9377272727272725
4.125
4.157727272727272
4.3104545454545455
4.308636363636364
4.207727272727272
3.860909090909091
3.652272727272727
3.2795454545454548
3.4036363636363633
3.3354545454545454
3.5936363636363637
4.361363636363636
5.159090909090909
5.240454545454545
5.109090909090909
5.215454545454545
4.885909090909091
4.605
4.096363636363637
4.73
5.404090909090909
5.3131818181818184
5.744545454545454
5.086818181818182
4.703636363636364
4.842272727272728
5.219545454545455
5.447272727272727
5.823181818181819
5.890454545454546
6.245454545454546
5.854090909090909
5.345
5.616363636363636
5.97409090909091
6.24
6.511818181818182
6.733043478260869
6.686521739130434
6.366086956521738
6.074782608695652
6.160869565217391
6.667826086956523
5.869999999999999
5.845652173913043
6.433478260869565
6.593043478260869
6.257826086956522
6.198695652173913
6.172173913043479
6.727391304347826
6.771739130434782
6.881304347826087
7.098260869565217
6.5826086956521745
6.343913043478261
6.905652173913044
7.722608695652174
8.150434782608697
8.650869565217391
8.639565217391304
8.574347826086957
8.375217391304348
8.437391304347827
8.560869565217391
8.5
8.59304347826087
8.847826086956522
9.062173913043479
8.984782608695653
8.969130434782608
8.98391304347826
8.817826086956522
9.274782608695652
9.245652173913044
9.185652173913043
9.493478260869566
9.924347826086956
9.658695652173913
9.360434782608696
9.333478260869565
9.694782608695652
9.797391304347826
9.63304347826087
9.44608695652174
9.78695652173913
9.882608695652175
9.97695652173913
10.190869565217392
10.662173913043478
10.731304347826086
10.509565217391303
10.364782608695652
10.581304347826087
10.581304347826087
10.850434782608696
11.317826086956522
11.501739130434784
11.706521739130435
12.14782608695652
11.906086956521738
11.550434782608697
11.509130434782607
11.873478260869566
11.839565217391305
11.839130434782609
12.248695652173915
12.245652173913042
12.019565217391303
11.696521739130434
11.734782608695651
12.07304347826087
12.200434782608696
12.691304347826087
13.13391304347826
13.053478260869566
13.17608695652174
12.827391304347826
12.277826086956521
12.546086956521739
12.783043478260868
12.844782608695652
13.259130434782607
13.460869565217392
13.244782608695653
13.592173913043478
13.98391304347826
13.923913043478262
13.967391304347826
13.924347826086956
13.926521739130434
13.887826086956522
13.616521739130436
13.420000000000002
13.690434782608696
13.761304347826087
13.82
14.476521739130433
14.071304347826086
14.123913043478263
13.864347826086956
14.068695652173913
14.198260869565217
14.355217391304349
14.061304347826088
14.599130434782607
14.987826086956522
14.634782608695653
14.205652173913045
14.26478260869565
14.717391304347826
14.654347826086957
14.916086956521738
14.82521739130435
14.843478260869563
14.708260869565219
14.830434782608696
14.616521739130436
14.542608695652175
14.937826086956521
14.925652173913045
14.961739130434783
14.847391304347827
15.056521739130435
14.760434782608696
14.615217391304347
14.416521739130435
14.753043478260869
14.64304347826087
14.991304347826087
14.503043478260869
14.031739130434783
14.26782608695652
14.247391304347826
14.089565217391305
14.34086956521739
14.194782608695652
14.472608695652173
14.566086956521739
14.22
14.26478260869565
14.081304347826087
13.452608695652176
13.506086956521738
13.849565217391305
13.241739130434782
13.010434782608696
13.048695652173913
13.211739130434783
13.349565217391305
13.029565217391305
13.18695652173913
13.609130434782609
13.243913043478262
13.218695652173912
13.06304347826087
12.964782608695652
12.777391304347827
12.660434782608695
13.047391304347824
13.185652173913043
12.545652173913044
12.421304347826087
11.830869565217393
11.609565217391303
11.429130434782609
11.498695652173915
12.039130434782608
12.317826086956522
12.318260869565217
12.246956521739131
11.876521739130435
11.617826086956521
11.342608695652174
11.11217391304348
11.256521739130434
11.491739130434782
11.832173913043478
11.85086956521739
12.094347826086958
12.040454545454544
11.08
10.957272727272727
10.100909090909092
10.09590909090909
10.331818181818182
10.101818181818182
10.868181818181817
10.708181818181819
10.502272727272727
10.337727272727273
10.017727272727273
9.646363636363636
9.64
9.788636363636364
9.534090909090908
9.115909090909092
8.73409090909091
8.878636363636362
8.308636363636364
9.041818181818181
9.019090909090908
9.05090909090909
9.19909090909091
9.052727272727273
9.246363636363636
9.358636363636364
8.715454545454547
8.445454545454545
8.995454545454546
8.867272727272727
8.094090909090909
7.873181818181819
7.995000000000001
7.588636363636363
8.026818181818182
7.507272727272727
7.3109090909090915
7.665909090909091
6.820454545454546
7.004090909090909
7.36
7.192727272727273
7.275454545454545
6.729545454545455
6.535
6.059545454545455
6.1827272727272735
6.115454545454545
5.51409090909091
5.590909090909091
5.378181818181818
5.100454545454546
5.034545454545455
5.836363636363637
5.376363636363636
5.767727272727273
5.677272727272728
5.3999999999999995
5.309090909090909
5.2704545454545455
4.800454545454546
4.970909090909091
4.897272727272727
4.873636363636364
4.796818181818182
4.723181818181818
4.460454545454545
4.415
4.641363636363637
4.772272727272727
4.457272727272727
4.551363636363636
4.4390909090909085
3.8236363636363637
3.5731818181818182
3.9204545454545454
3.4963636363636366
3.496818181818182
3.353181818181818
2.4718181818181817
3.705909090909091
3.795
4.466363636363636
4.546363636363636
3.6645454545454546
3.2595454545454543
3.2786363636363633
2.819545454545455
2.9713636363636367
3.5377272727272726
3.61
