pet
0.3206666666666667
0.412
0.35866666666666663
0.262
0.2853333333333333
0.27133333333333337
0.4
0.33266666666666667
0.33
0.33999999999999997
0.448
0.41600000000000004
0.3393333333333333
0.3346666666666666
0.39666666666666667
0.2775
0.34500000000000003
0.29125
0.31125
0.3925
0.303125
0.323125
0.28375
0.389375
0.385
0.3975
0.40375
0.521875
0.47125
0.435
0.500625
0.515625
0.444375
0.424375
0.4425
0.43625
0.5125
0.493125
0.54625
0.489375
0.41875
0.43125
0.52125
0.52
0.475625
0.53125
0.460625
0.431875
0.548125
0.579375
0.624375
0.596875
0.69625
0.62
0.5525
0.661875
0.7775
0.66
0.691875
0.729375
0.735625
0.755
0.78125
0.80875
0.808125
0.79875
0.838125
0.859375
0.9493750000000001
0.869375
0.92375
0.875625
0.9199999999999999
0.8099999999999999
0.7925
0.9293750000000001
0.998125
1.046875
1.070625
1.035625
1.055625
1.231875
1.128125
1.22
1.286875
1.17875
1.211875
1.260625
1.25875
1.3025
1.304375
1.46875
1.2281250000000001
1.381875
1.3431250000000001
1.541875
1.56125
1.735
1.56375
1.57625
1.605
1.431875
1.50625
1.58
1.6800000000000002
1.904375
1.778125
2.02
1.91
1.901875
1.9325
1.68875
1.85
1.708125
1.76875
1.82625
1.865
1.929375
1.93875
1.884375
2.27
2.22125
2.2475
2.168125
2.0
1.894375
2.294375
2.118125
2.146875
1.938125
2.260625
2.55125
2.248125
2.185
2.13
2.180625
2.0700000000000003
1.99125
2.14375
2.08875
2.279375
2.290625
2.611875
2.500625
2.510625
2.42625
2.1625
2.323125
2.354375
2.766875
2.863125
2.52625
2.529375
2.7199999999999998
2.560625
2.61625
2.37125
2.749375
2.819375
2.873125
2.860625
2.840625
2.401875
2.42625
2.5575
2.5975
2.655625
2.6275
2.566875
2.748125
2.9137500000000003
2.63875
2.543125
2.84875
2.69125
2.654375
2.8762499999999998
2.475
2.5975
2.810625
2.444375
2.578125
2.575625
2.61125
2.45125
2.481875
2.43
2.368125
2.5025
2.67
2.5793749999999998
2.79625
2.716875
2.695625
2.904375
2.655
2.771875
2.549375
2.718125
2.766875
2.4125
2.55
2.446875
2.5324999999999998
2.57875
2.7725
2.29625
2.473125
2.394375
2.20375
2.395625
2.114375
2.04
2.471875
2.539375
1.91
2.296875
2.023125
2.3225
2.450625
2.375625
1.9368750000000001
2.19625
2.180625
1.788125
1.84125
2.03
2.14125
2.06125
1.834375
1.770625
1.89875
1.8475
2.119375
1.87375
1.86375
1.8018750000000001
1.8743750000000001
1.986875
1.8125
1.82625
1.5825
1.8425
1.8075
1.635625
1.696875
1.86
1.47
1.585625
1.701875
1.52125
1.610625
1.664375
1.496875
1.579375
1.55875
1.508125
1.471875
1.48125
1.3825
1.291875
1.300625
1.255625
1.3275000000000001
1.26
1.213125
1.3675
1.16625
1.095
1.02375
1.158125
1.175
1.099375
1.1460000000000001
1.0586666666666666
1.062
1.1033333333333333
0.986
1.062
1.0026666666666666
0.9079999999999999
0.95
0.9293333333333333
0.86
0.7233333333333333
0.62
0.6713333333333333
0.722
0.748
0.8393333333333334
0.8393333333333334
0.8066666666666666
0.682
0.672
0.754
0.702
0.6579999999999999
0.7833333333333333
0.782
0.724
0.6446666666666666
0.594
0.596
0.6513333333333333
0.5653333333333334
0.5726666666666667
0.62
0.4686666666666667
0.52
0.4713333333333333
0.5433333333333333
0.5313333333333333
0.53
0.4233333333333333
0.5833333333333334
0.532
0.5613333333333334
0.4793333333333333
0.30333333333333334
0.324
0.3526666666666667
0.37266666666666665
0.3546666666666667
0.35866666666666663
0.33266666666666667
0.3333333333333333
0.37866666666666665
0.34933333333333333
0.3986666666666666
0.33666666666666667
0.38266666666666665
0.35933333333333334
0.358
0.3506666666666666
0.37133333333333335
0.41600000000000004
0.392
0.34600000000000003
0.452
0.31933333333333336
0.4913333333333333
0.338
0.322
0.39133333333333337
0.28200000000000003
0.23533333333333334
0.308
0.35933333333333334
0.23333333333333334
0.264
0.21866666666666665
0.23
0.2693333333333333
0.2786666666666667
0.252
0.2506666666666667
0.18933333333333333
0.35733333333333334
0.21
0.26333333333333336
0.404
0.3186666666666667
0.29733333333333334
0.20466666666666666
0.3333333333333333
