temperature
5.175789473684211
4.386315789473684
4.216842105263158
4.158421052631579
4.771052631578947
4.576315789473685
4.6010526315789475
4.817894736842105
4.272105263157894
4.476315789473684
4.79
5.248421052631579
5.591052631578948
4.482631578947369
5.424736842105263
4.77421052631579
4.786842105263158
5.052631578947368
5.449473684210527
4.881578947368421
4.53421052631579
4.175789473684211
4.158421052631579
3.833157894736842
4.081052631578948
4.062631578947368
3.867894736842105
4.144210526315789
4.226842105263158
3.8757894736842107
3.9189473684210525
3.9578947368421056
4.009473684210526
3.9842105263157896
5.338947368421053
5.484210526315789
5.216842105263158
4.4605263157894735
4.106315789473684
3.9031578947368417
4.403684210526316
4.871052631578947
5.535789473684211
4.767894736842106
4.234210526315789
4.644736842105263
4.567894736842105
4.46578947368421
4.587894736842105
4.71578947368421
4.3647368421052635
4.96157894736842
5.0336842105263155
5.379473684210526
5.579473684210527
5.394210526315789
5.5142105263157895
5.244736842105263
4.8978947368421055
4.771578947368421
4.381052631578947
4.375263157894737
4.577894736842105
4.3968421052631586
5.25421052631579
6.284736842105263
6.546315789473684
6.557894736842105
6.213684210526316
6.088421052631579
6.04
5.795789473684211
5.846842105263158
7.0873684210526315
7.226842105263158
7.275263157894736
6.680526315789474
5.841052631578948
6.181578947368421
6.53578947368421
6.625263157894737
6.588947368421053
6.491578947368422
6.784736842105263
6.796315789473684
6.916315789473684
7.022105263157894
7.567368421052632
7.896315789473684
8.214736842105262
8.320526315789474
8.821578947368423
8.276315789473685
7.982105263157894
7.623684210526315
8.126842105263158
6.846315789473685
7.094736842105264
7.542631578947368
7.950526315789474
7.610526315789474
7.37
7.690526315789474
8.271052631578948
8.430000000000001
8.233684210526315
8.323684210526316
8.1
7.721052631578947
8.298947368421054
9.245263157894737
9.754210526315788
10.138947368421052
10.299999999999999
10.437368421052632
10.033684210526316
10.052105263157895
10.086315789473684
9.926315789473684
10.054736842105262
10.517368421052632
10.458947368421052
10.331578947368422
10.125263157894736
10.559999999999999
10.528947368421052
10.842631578947367
11.078947368421053
11.296842105263158
11.867894736842105
11.898421052631578
11.513684210526316
11.242105263157894
11.232105263157894
11.44421052631579
11.897368421052633
11.871052631578948
11.90421052631579
12.209473684210526
12.308421052631578
11.99157894736842
11.90578947368421
12.285263157894736
12.57578947368421
12.68157894736842
12.535263157894738
12.454736842105262
12.30421052631579
12.747894736842106
13.080526315789474
13.192631578947369
13.357894736842105
14.24842105263158
13.799473684210525
13.40263157894737
13.553684210526315
13.403157894736841
13.454736842105262
13.504210526315788
14.073157894736841
14.079473684210527
13.793157894736842
14.013684210526316
14.14421052631579
14.446842105263158
14.376315789473683
14.731052631578947
15.072105263157894
15.008947368421053
15.362631578947367
15.154736842105264
14.770526315789473
14.615263157894736
15.056842105263158
15.03736842105263
15.166842105263159
15.223684210526315
15.271578947368422
15.29842105263158
15.864736842105264
15.762631578947369
16.021578947368422
15.935263157894736
16.046315789473685
15.998947368421053
15.59842105263158
15.832105263157894
15.90684210526316
15.781578947368422
16.01578947368421
16.047894736842107
15.943157894736842
15.68263157894737
15.775263157894738
16.203157894736844
16.62578947368421
16.71263157894737
16.431578947368422
16.612105263157893
16.943684210526317
16.71421052631579
16.44
16.34842105263158
16.612105263157893
16.82526315789474
17.012105263157896
16.947894736842105
17.212105263157895
17.382631578947368
17.22736842105263
16.602105263157895
16.570526315789476
17.088947368421053
16.91
16.75526315789474
16.82315789473684
17.349473684210526
17.246315789473684
17.27263157894737
17.063684210526315
17.269473684210528
17.001052631578947
17.279473684210526
16.86684210526316
16.45
16.338421052631578
16.73315789473684
16.243157894736843
16.285263157894736
16.42157894736842
16.22421052631579
16.22421052631579
16.181578947368422
16.281578947368423
16.263684210526314
15.723684210526315
15.673684210526316
16.083157894736843
15.391052631578948
15.024736842105265
15.030526315789473
15.271578947368422
15.446315789473685
14.906315789473686
15.100526315789475
15.637894736842105
15.333157894736841
15.514736842105265
15.54842105263158
15.05578947368421
14.802105263157895
14.774736842105261
15.048947368421054
15.336315789473684
14.997894736842104
13.905263157894737
13.76736842105263
13.687368421052632
13.515263157894738
13.049999999999999
13.64
13.981052631578947
14.02421052631579
13.895789473684209
13.435263157894738
13.396842105263158
13.198421052631579
12.773684210526316
12.734736842105264
13.33421052631579
13.594210526315791
13.589473684210526
13.826315789473684
13.921666666666667
12.972777777777777
12.562222222222223
11.841111111111111
11.571666666666665
12.291111111111112
11.209444444444443
12.165555555555555
12.368888888888888
12.345
12.015
11.195555555555556
11.001666666666667
10.75
10.742222222222223
10.928333333333335
10.730555555555556
9.95111111111111
10.139444444444443
9.671111111111111
10.559444444444445
10.56111111111111
10.585
10.58
10.502777777777776
10.482222222222223
10.695555555555556
10.215555555555556
9.810555555555556
10.243888888888888
10.145555555555555
9.26
9.067222222222222
9.043333333333333
8.127222222222223
8.59
8.64111111111111
8.226666666666667
8.72111111111111
7.746666666666666
7.842222222222222
8.644444444444444
8.158333333333333
7.902222222222223
7.281666666666666
6.952777777777778
6.638333333333334
7.176666666666667
7.083333333333333
6.760555555555555
6.670555555555556
6.638333333333333
6.837777777777777
6.225
6.466666666666667
6.316666666666666
6.459444444444444
6.698333333333333
6.953888888888889
6.831666666666667
6.019444444444444
5.791111111111111
5.314210526315789
4.904736842105263
5.266842105263158
5.457368421052632
5.226842105263158
5.187368421052632
5.112105263157894
5.058947368421053
4.659473684210527
4.772105263157894
4.807894736842105
4.903684210526316
4.637368421052631
4.575263157894736
4.239473684210526
3.6184210526315788
3.883684210526315
3.58578947368421
3.2705263157894735
4.616315789473685
4.623157894736842
5.62578947368421
6.404736842105263
5.346842105263158
4.5473684210526315
4.403157894736842
3.615789473684211
3.5294736842105263
4.383157894736843
4.522631578947368
