temperature
2.385263157894737
1.8221052631578947
2.3910526315789475
1.8900000000000001
2.0584210526315787
1.8110526315789472
2.0168421052631578
1.4805263157894737
2.1526315789473682
2.128421052631579
2.423157894736842
3.1042105263157893
2.6926315789473683
2.1973684210526314
2.936315789473684
1.9542105263157896
1.7526315789473683
2.287894736842105
2.2642105263157895
1.6010526315789473
2.2300000000000004
2.528421052631579
2.4526315789473685
2.227894736842105
2.314736842105263
2.568421052631579
2.9373684210526316
2.6336842105263156
2.0978947368421053
1.9078947368421053
2.146315789473684
2.1573684210526314
1.8852631578947368
2.6378947368421053
2.5073684210526315
2.2847368421052634
2.3684210526315788
1.5978947368421053
2.079473684210526
2.3173684210526315
1.9799999999999998
2.7931578947368423
2.487894736842105
2.46
3.0810526315789475
3.3305263157894736
3.0494736842105263
3.1321052631578947
2.3910526315789475
1.8889473684210527
2.364736842105263
2.4878947368421054
2.1794736842105267
3.312105263157895
2.5173684210526317
3.0073684210526315
2.741578947368421
2.52
2.37
1.7947368421052632
1.6121052631578947
1.881578947368421
2.156842105263158
2.3805263157894734
2.935263157894737
4.258421052631578
3.478421052631579
3.2994736842105263
3.3610526315789473
3.27
3.15
3.6147368421052626
4.169473684210526
4.211052631578948
4.654736842105263
5.240526315789474
4.173684210526315
3.788947368421052
3.9726315789473685
4.002105263157895
4.091052631578948
3.8415789473684216
3.726842105263158
4.185263157894736
4.2436842105263155
4.421578947368421
4.362105263157894
4.296315789473684
4.895263157894737
5.141578947368421
5.272631578947369
4.971052631578948
4.694210526315789
4.638421052631578
5.501578947368421
5.119473684210526
4.782631578947369
5.03578947368421
5.7368421052631575
6.13
5.275263157894737
4.766315789473684
4.5473684210526315
5.577894736842105
5.586315789473685
5.191052631578947
5.22
4.701052631578947
4.858421052631579
5.394210526315789
6.649473684210527
7.0668421052631585
7.243157894736842
7.243157894736842
6.771052631578947
6.23
6.402631578947369
6.63578947368421
6.7494736842105265
6.500526315789474
6.378947368421053
6.585263157894737
6.686842105263158
7.308947368421053
7.441052631578947
7.078947368421052
7.216315789473684
7.492105263157894
7.7
7.900526315789473
7.479473684210527
7.282105263157895
7.57842105263158
7.853157894736842
8.085263157894737
8.33421052631579
8.297368421052632
8.063684210526317
8.414736842105263
8.695263157894738
8.52
8.415263157894737
8.670526315789473
8.756315789473684
8.706315789473685
8.842105263157896
8.697368421052632
9.012105263157894
9.028947368421052
9.197368421052632
9.221578947368421
10.15578947368421
10.126315789473685
9.991052631578947
9.608947368421052
9.496842105263157
9.947894736842105
10.211578947368421
10.352631578947367
10.3905
10.4795
10.327
9.73
9.7405
9.6835
10.0985
10.6205
11.2075
11.0865
10.773
10.787
10.724
10.705
10.999500000000001
10.7395
10.925
11.386
11.0945
11.4495
11.5215
11.757000000000001
12.1685
12.4105
12.315000000000001
12.440000000000001
12.103
12.0125
11.986
12.1335
12.343
12.024
12.201
11.8295
11.556000000000001
11.7635
12.3535
12.463
12.88
12.555
12.427
12.6735
12.5265
12.716
13.0535
12.9665
12.497
12.715
12.885499999999999
12.6985
12.690999999999999
12.488
12.6525
12.848500000000001
12.907
13.127500000000001
13.464000000000002
13.227500000000001
13.198500000000001
12.6325
12.343
12.440999999999999
12.4875
12.306000000000001
12.5375
13.047999999999998
12.872499999999999
12.529
12.464
12.605500000000001
12.1115
12.573
12.501999999999999
12.365
11.5465
11.5815
11.7015
11.379
11.3675
11.0875
11.5655
11.6515
11.6125
11.5265
11.4245
12.037
11.892
11.937000000000001
12.0525
11.477500000000001
11.189
11.0955
10.8065
11.327
11.408
10.949
10.7595
10.149
9.958499999999999
9.9715
9.852500000000001
9.961
9.940999999999999
10.174
10.9345
10.4855
9.5755
9.517
9.933
9.509
10.01
10.3265
9.8795
9.686499999999999
9.411052631578947
9.065263157894737
9.204736842105262
8.272631578947369
8.553684210526317
8.342631578947367
8.283684210526317
8.526315789473685
8.42157894736842
8.007368421052632
7.672105263157896
7.771578947368421
8.192105263157895
8.701052631578946
8.15421052631579
7.187368421052632
6.9584210526315795
6.8
6.583684210526316
6.319473684210526
7.025789473684211
7.123157894736842
6.555789473684211
6.80157894736842
7.2505263157894735
7.264736842105263
6.953684210526316
6.908421052631579
6.361052631578947
6.88
6.804736842105263
6.315263157894736
5.88421052631579
6.034736842105263
5.707894736842105
5.13578947368421
4.815263157894736
5.654210526315789
5.2
4.409999999999999
5.006842105263158
5.17
5.13421052631579
4.481578947368422
5.417894736842105
5.535263157894737
5.133157894736843
4.336315789473685
3.833684210526316
4.005263157894737
4.67421052631579
4.453684210526316
3.0799999999999996
3.561578947368421
4.1968421052631575
3.3326315789473684
4.214736842105263
4.3999999999999995
3.94
3.25
3.340526315789474
2.451578947368421
2.670526315789474
2.6557894736842105
2.321578947368421
2.758947368421053
2.378421052631579
2.087368421052632
3.103684210526316
4.2426315789473685
4.086315789473685
2.8442105263157895
1.7468421052631578
2.7721052631578944
3.27
3.031578947368421
2.083157894736842
1.8747368421052635
0.7115789473684211
0.5421052631578946
0.7368421052631579
1.795263157894737
1.8294736842105266
2.9589473684210525
2.7357894736842105
1.438421052631579
1.036315789473684
0.9936842105263157
0.3942105263157895
0.22157894736842104
1.4210526315789473
1.8342105263157895
