pet
0.3656521739130435
0.28478260869565214
0.44434782608695655
0.33956521739130435
0.1765217391304348
0.38565217391304346
0.2856521739130435
0.1917391304347826
0.18478260869565216
0.2639130434782609
0.3160869565217391
0.34521739130434786
0.33695652173913043
0.29260869565217396
0.2252173913043478
0.2639130434782609
0.3269565217391305
0.24043478260869564
0.31956521739130433
0.19956521739130434
0.2791304347826087
0.2995652173913043
0.29869565217391303
0.47347826086956524
0.25217391304347825
0.3226086956521739
0.31565217391304345
0.28043478260869564
0.2765217391304348
0.3443478260869565
0.4056521739130435
0.3743478260869565
0.3830434782608696
0.25956521739130434
0.34521739130434786
0.44826086956521743
0.39217391304347826
0.4895652173913043
0.46695652173913044
0.3839130434782609
0.5447826086956521
0.4273913043478261
0.3421739130434783
0.47695652173913045
0.4860869565217391
0.43217391304347824
0.49
0.3356521739130435
0.41173913043478266
0.532608695652174
0.48434782608695653
0.5052173913043478
0.5865217391304348
0.5965217391304348
0.5817391304347826
0.4726086956521739
0.6578260869565218
0.6256521739130434
0.6104347826086957
0.6917391304347826
0.7330434782608696
0.831304347826087
0.7630434782608696
0.7634782608695653
0.7191304347826086
0.7186956521739131
0.8569565217391305
0.7969565217391303
0.6952173913043478
0.7765217391304348
0.91
0.8391304347826087
0.9152173913043479
0.9121739130434783
0.7878260869565218
0.9682608695652174
1.0743478260869566
0.9195652173913043
0.938695652173913
1.0830434782608696
1.1391304347826086
1.1430434782608696
1.1382608695652174
1.2369565217391305
1.1265217391304347
1.1478260869565218
1.2017391304347826
1.2530434782608695
1.1695652173913043
1.1669565217391304
1.155909090909091
1.2145454545454546
1.3727272727272728
1.3727272727272728
1.2922727272727272
1.4377272727272727
1.4436363636363636
1.4222727272727271
1.564090909090909
1.5668181818181817
1.5663636363636364
1.617727272727273
1.6604545454545454
1.9568181818181818
1.7945454545454544
1.830909090909091
1.6449999999999998
1.6404545454545456
1.7122727272727274
1.8045454545454547
1.7845454545454544
1.9381818181818182
1.8531818181818183
1.9268181818181818
1.914090909090909
1.9590909090909092
1.9231818181818183
1.9877272727272726
1.8072727272727271
1.8145454545454547
1.9577272727272728
2.3113636363636365
2.1495454545454544
2.2245454545454546
2.0672727272727274
2.1363636363636362
2.2536363636363634
2.3572727272727274
2.2027272727272726
2.2763636363636364
2.1368181818181817
2.375
2.544090909090909
2.605909090909091
2.7495454545454545
2.6418181818181816
2.605
2.495
2.6295454545454544
2.5186363636363636
2.440909090909091
2.61
2.3986363636363635
2.6104545454545454
2.7077272727272725
2.661818181818182
2.6772727272727272
2.6936363636363634
2.5786363636363636
2.5545454545454547
2.7195454545454543
2.642272727272727
2.5504545454545453
2.6568181818181817
2.8459090909090907
2.3822727272727273
2.5318181818181817
2.7654545454545456
2.6627272727272726
2.6936363636363634
2.6177272727272727
2.575454545454545
2.6313636363636363
2.9695454545454543
2.929090909090909
2.946363636363636
3.0090909090909093
2.588181818181818
2.8577272727272724
2.6513636363636364
2.9672727272727273
2.8659090909090907
3.061363636363636
2.7572727272727273
2.872727272727273
2.587727272727273
2.8577272727272724
2.737727272727273
2.7554545454545454
2.9845454545454544
3.0622727272727275
3.069090909090909
2.855
3.37
2.9981818181818185
3.0722727272727273
3.4227272727272724
3.2954545454545454
3.058181818181818
2.9995454545454545
2.853181818181818
3.0959090909090907
2.7486363636363635
2.985909090909091
2.8963636363636365
2.8636363636363638
2.9186363636363635
2.952727272727273
2.8422727272727273
2.6954545454545453
2.8231818181818182
2.737727272727273
2.6504545454545454
2.6418181818181816
2.52
3.0677272727272724
2.7404545454545453
2.7590909090909093
2.7713636363636365
3.0431818181818184
2.7286363636363635
2.715909090909091
2.8836363636363633
2.9568181818181816
2.6636363636363636
2.8045454545454547
2.6154545454545453
2.663181818181818
2.3322727272727275
2.5704545454545453
2.429090909090909
2.540909090909091
2.5386363636363636
2.4654545454545453
2.393181818181818
2.390909090909091
2.727272727272727
2.833181818181818
2.364090909090909
2.1136363636363638
2.3304545454545456
2.6177272727272727
2.3795454545454544
2.4022727272727273
2.2754545454545454
2.159090909090909
2.095
2.2745454545454544
2.3204545454545453
2.1195454545454546
2.045909090909091
2.0945454545454543
1.915
1.9154545454545455
1.9922727272727272
2.132727272727273
2.1054545454545455
1.9659090909090908
1.935
1.883181818181818
1.908181818181818
1.85
1.8436363636363637
1.7968181818181819
1.7672727272727273
1.6613636363636362
1.4754545454545456
1.4622727272727274
1.4772727272727273
1.3954545454545455
1.3081818181818183
1.295909090909091
1.454090909090909
1.261818181818182
1.3872727272727272
1.210909090909091
1.1372727272727272
1.0968181818181817
1.0645454545454547
1.0840909090909092
1.0563636363636364
0.9745454545454546
0.945
1.126086956521739
1.1108695652173914
0.9213043478260868
0.8865217391304349
0.9134782608695652
0.9565217391304348
0.9426086956521739
0.9500000000000001
0.7682608695652174
0.7191304347826086
0.8869565217391304
0.672608695652174
0.7804347826086956
0.662608695652174
0.6830434782608696
0.72
0.7021739130434782
0.67
0.7134782608695652
0.6665217391304348
0.63
0.6747826086956522
0.541304347826087
0.64
0.523913043478261
0.41304347826086957
0.5195652173913043
0.4904347826086956
0.5169565217391304
0.4208695652173913
0.388695652173913
0.35043478260869565
0.33260869565217394
0.4543478260869565
0.42608695652173917
0.4273913043478261
0.4056521739130435
0.3669565217391304
0.2821739130434783
0.5373913043478261
0.40391304347826085
0.32130434782608697
0.4078260869565218
0.478695652173913
0.3443478260869565
0.41434782608695647
0.22043478260869567
0.3952173913043478
0.2491304347826087
0.3795652173913044
0.2778260869565218
0.26608695652173914
0.3969565217391305
0.21130434782608698
0.43347826086956526
0.4273913043478261
0.27217391304347827
0.21217391304347827
0.2
0.22130434782608696
0.1317391304347826
0.18956521739130436
0.24869565217391304
0.2634782608695652
0.20434782608695654
0.18956521739130436
0.2391304347826087
0.29
0.17565217391304347
0.21
0.21086956521739134
0.21
0.32652173913043475
0.24
0.23391304347826086
0.18869565217391304
0.22260869565217392
0.3247826086956522
0.2891304347826087
0.23391304347826086
0.29260869565217396
0.28521739130434787
0.16260869565217392
0.31000000000000005
0.20608695652173914
0.21
0.19043478260869565
0.29260869565217396
0.24434782608695652
0.25826086956521743
0.21913043478260869
0.1956521739130435
