temperature
3.6357894736842105
3.4926315789473685
2.9636842105263157
3.096315789473684
3.751052631578947
3.6015789473684214
3.0205263157894735
3.2047368421052633
3.5410526315789475
2.9236842105263157
2.5115789473684216
2.006842105263158
1.7157894736842103
2.3526315789473684
2.786842105263158
3.328421052631579
2.438947368421053
2.148421052631579
2.9563157894736842
3.3621052631578947
3.9931578947368425
3.667894736842105
3.212105263157895
3.538947368421052
3.127894736842105
2.7757894736842106
2.6031578947368423
2.677368421052632
3.334736842105263
3.2963157894736845
3.212105263157895
3.13
3.4105000000000003
3.7939999999999996
4.157
4.5329999999999995
4.7025
4.1945
3.6205
3.176
2.7845
2.3075
2.5825
2.726
2.3369999999999997
2.0665
1.7794999999999999
2.1774999999999998
2.5545
2.791
2.5825
2.7824999999999998
3.5520000000000005
3.658
3.71
3.2924999999999995
3.6645000000000003
4.2425
4.39
4.269
4.3685
4.311999999999999
4.3885
5.1530000000000005
5.7485
5.7325
5.7445
5.333
5.956
5.9799999999999995
5.723
5.901999999999999
5.6705
5.1165
4.7365
5.1585
5.155
4.819
4.64
4.93
4.987
5.146
5.151
5.7545
5.488
5.6265
5.641
5.628
6.279
6.384
6.968999999999999
6.160500000000001
5.212
5.2620000000000005
5.825
6.093500000000001
6.101999999999999
5.745
6.151
6.752
6.8865
7.505
6.9159999999999995
7.093999999999999
7.3655
7.7395
7.5120000000000005
6.983
7.894499999999999
7.873
8.0345
8.156
8.0885
7.8255
7.7715000000000005
7.8625
7.9430000000000005
7.972499999999999
8.59
8.912
8.6035
8.4145
8.883500000000002
8.933499999999999
9.053
9.323
9.576
9.871500000000001
9.003499999999999
9.097
10.061
9.7
10.0745
10.1955
10.357000000000001
10.0595
10.066500000000001
10.2595
10.212
10.731
10.977500000000001
11.0335
11.614
12.055
11.791
11.4285
11.3605
11.108
11.661
11.631
11.8965
12.544
12.411
12.778
12.67
12.333
12.156
12.0925
12.144
12.8305
12.75
12.301
12.269
12.463
12.721
12.601
13.075999999999999
13.358
13.223500000000001
13.7125
13.866999999999999
13.124
13.26
13.0655
13.3215
13.770500000000002
14.0975
14.284
14.5835
14.549000000000001
14.663
14.3375
14.338
14.744
15.279
15.3195
15.380500000000001
15.763
15.915000000000001
15.3215
15.217000000000002
15.6555
15.5645
15.636000000000001
15.366
15.3295
15.235499999999998
14.895
14.7835
15.242500000000001
15.624
15.129
15.038499999999999
15.397
15.4195
15.847
15.871500000000001
16.1255
15.925
16.2285
15.7035
15.5395
15.260499999999999
15.6835
15.726499999999998
15.241499999999998
15.135
14.9375
14.641499999999999
14.5695
14.892000000000001
14.735
15.239
15.247499999999999
14.940999999999999
15.072
15.407
14.991
14.805000000000001
15.081
15.2915
15.570500000000001
15.5555
15.4635
14.397499999999999
14.477
14.5785
14.367500000000001
13.952000000000002
14.013499999999999
14.6775
14.291999999999998
13.735
14.3235
13.8335
13.5905
13.242500000000001
13.141
12.916999999999998
12.9365
13.381499999999999
13.1645
13.0815
12.907499999999999
12.6065
12.3935
12.105500000000001
12.102
12.289
12.67
12.588
12.101
12.424
12.4075
11.965
12.197
11.998000000000001
11.353
11.3205
11.5015
11.843
11.9345
11.625499999999999
11.6615
11.4185
11.004999999999999
11.015
10.493
10.772499999999999
10.8865
10.543000000000001
11.165000000000001
10.644
10.129999999999999
10.5015
9.965
9.626000000000001
9.4145
8.9855
8.7895
8.783
9.1385
9.134
8.4755
8.4135
8.4085
8.4555
8.382
8.68
8.327
8.1375
7.882000000000001
8.3515
8.3315
7.8175
7.517999999999999
7.336
7.004
6.883
6.598999999999999
7.1370000000000005
7.5525
7.302
7.218999999999999
7.544
6.833499999999999
6.089
5.859
6.0375
5.7195
5.497999999999999
6.1985
6.022
5.1245
5.059
5.5385
5.7485
5.399500000000001
5.6259999999999994
5.3215
4.6
4.423
4.335
4.333
4.6925
4.947368421052632
5.405789473684211
4.985263157894737
4.516315789473684
4.261052631578948
3.77578947368421
3.5636842105263153
3.8278947368421057
3.666315789473684
4.03421052631579
4.009473684210526
3.846315789473684
4.1421052631578945
4.374736842105263
4.173684210526315
4.225263157894737
3.7531578947368422
3.867894736842105
3.3736842105263154
4.022105263157894
3.4247368421052626
4.077368421052632
4.681052631578948
4.642631578947368
4.38578947368421
3.7778947368421054
4.293157894736842
4.011578947368421
3.6310526315789473
3.6399999999999997
