pet
0.29705882352941176
0.33352941176470585
0.4188235294117647
0.33588235294117647
0.29294117647058826
0.2823529411764706
0.2958823529411765
0.24705882352941178
0.2958823529411765
0.34352941176470586
0.34294117647058825
0.46352941176470586
0.2647058823529412
0.2917647058823529
0.43117647058823527
0.32235294117647056
0.31000000000000005
0.3488235294117647
0.3311764705882353
0.351764705882353
0.3111764705882353
0.33294117647058824
0.26411764705882357
0.3452941176470588
0.3629411764705882
0.33529411764705885
0.35352941176470587
0.4047058823529412
0.36882352941176466
0.4047058823529412
0.4517647058823529
0.45529411764705885
0.4035294117647059
0.4617647058823529
0.3982352941176471
0.35058823529411764
0.3847058823529412
0.4188235294117647
0.47411764705882353
0.3876470588235294
0.37529411764705883
0.39705882352941174
0.34352941176470586
0.3735294117647059
0.4117647058823529
0.49235294117647066
0.4764705882352941
0.36882352941176466
0.4135294117647059
0.4882352941176471
0.5123529411764707
0.5358823529411765
0.6347058823529411
0.5723529411764706
0.5829411764705883
0.6535294117647058
0.7000000000000001
0.6311764705882353
0.6470588235294118
0.6270588235294118
0.5970588235294118
0.5905882352941176
0.7000000000000001
0.7623529411764707
0.7364705882352941
0.7547058823529412
0.7876470588235295
0.7652941176470588
0.8564705882352941
0.8629411764705882
0.888235294117647
0.8611764705882353
0.8652941176470589
0.8958823529411765
0.8358823529411765
0.9417647058823531
0.9723529411764706
1.015294117647059
0.9629411764705883
1.0523529411764707
0.9505882352941176
1.1188235294117648
1.0652941176470587
1.0499999999999998
1.1111764705882354
1.0999999999999999
1.1011764705882352
1.1588235294117646
1.0747058823529412
1.2623529411764707
1.321764705882353
1.3423529411764705
1.2305882352941175
1.301764705882353
1.4429411764705884
1.3470588235294116
1.3829411764705881
1.4294117647058824
1.4023529411764706
1.5341176470588234
1.43
1.4929411764705882
1.4976470588235296
1.526470588235294
1.7164705882352942
1.822941176470588
1.8211764705882354
1.6641176470588235
1.911764705882353
1.822941176470588
1.7758823529411762
1.671764705882353
1.7952941176470587
1.724705882352941
1.68
1.7647058823529411
1.788235294117647
1.7511764705882353
2.052941176470588
2.0135294117647056
2.0429411764705883
2.093529411764706
2.1135294117647057
2.0976470588235294
1.9752941176470586
2.0394117647058825
2.25
2.3435294117647056
2.2470588235294118
2.248235294117647
2.2388235294117647
2.1841176470588235
2.4558823529411766
2.36
1.992941176470588
2.0041176470588233
2.0141176470588236
2.0605555555555557
2.0344444444444445
2.1405555555555558
2.393333333333333
2.4605555555555556
2.408888888888889
2.55
2.397222222222222
2.493888888888889
2.2327777777777778
2.2244444444444444
2.2605555555555554
2.5772222222222223
2.7455555555555557
2.4216666666666664
2.4055555555555554
2.53
2.248333333333333
2.3277777777777775
2.378888888888889
2.412777777777778
2.4183333333333334
2.5166666666666666
2.6444444444444444
2.647222222222222
2.352222222222222
2.1372222222222224
2.4744444444444444
2.198888888888889
2.261111111111111
2.4749999999999996
2.235
2.426111111111111
2.595
2.3677777777777775
2.2616666666666667
2.2994444444444446
2.298888888888889
2.4177777777777774
2.6861111111111113
2.2755555555555556
2.4094444444444445
2.307777777777778
2.147222222222222
2.467222222222222
2.348888888888889
2.4433333333333334
2.355
2.502222222222222
2.1527777777777777
2.3205555555555555
2.4344444444444444
2.5411111111111113
2.1422222222222222
2.53
2.2966666666666664
2.4883333333333333
2.433333333333333
2.59
2.5105555555555554
2.453333333333333
2.421666666666667
2.071111111111111
2.221111111111111
2.1500000000000004
2.528888888888889
2.3827777777777777
2.5166666666666666
2.286111111111111
2.3216666666666668
2.325
1.963888888888889
2.0611111111111113
2.238888888888889
2.0416666666666665
2.036111111111111
1.9866666666666666
2.147222222222222
2.1405555555555558
2.0644444444444447
1.8938888888888887
1.9466666666666665
2.068888888888889
2.1127777777777776
1.6772222222222224
1.6277777777777778
1.786111111111111
1.8566666666666667
1.6733333333333333
1.9349999999999998
1.8233333333333333
1.8577777777777778
1.58
1.7049999999999998
1.7544444444444443
1.8283333333333331
1.9888888888888887
1.6938888888888888
1.9094444444444443
1.636111111111111
1.7744444444444445
1.5333333333333332
1.6011111111111112
1.7788888888888887
1.5783333333333334
1.6766666666666667
1.4072222222222222
1.5499999999999998
1.5277777777777777
1.5472222222222223
1.4333333333333333
1.4855555555555557
1.5322222222222222
1.4827777777777778
1.4616666666666667
1.5283333333333333
1.281111111111111
1.3138888888888889
1.3099999999999998
1.241111111111111
1.23
1.1833333333333333
1.13
1.0566666666666666
1.12
1.1383333333333334
1.1027777777777776
1.215
1.09
1.095
1.0216666666666667
1.0255555555555556
0.8783333333333334
0.86
0.8527777777777777
0.9127777777777778
0.9482352941176471
0.8794117647058823
0.9623529411764705
0.9035294117647058
0.8382352941176471
0.9211764705882353
0.8500000000000001
0.7158823529411764
0.8605882352941177
0.8552941176470589
0.7094117647058824
0.6041176470588235
0.5794117647058823
0.6158823529411765
0.6370588235294118
0.6011764705882353
0.621764705882353
0.6423529411764706
0.5964705882352942
0.5535294117647059
0.5735294117647058
0.5470588235294118
0.5211764705882352
0.5235294117647059
0.6305882352941177
0.6141176470588235
0.6623529411764706
0.6229411764705882
0.5452941176470588
0.5535294117647059
0.5623529411764706
0.4647058823529412
0.45235294117647057
0.47058823529411764
0.3935294117647059
0.4535294117647059
0.46941176470588236
0.4717647058823529
0.5094117647058823
0.4752941176470588
0.3835294117647059
0.5623529411764706
0.4541176470588235
0.37941176470588234
0.38117647058823534
0.3064705882352941
0.2723529411764706
0.26941176470588235
0.26294117647058823
0.30941176470588233
0.37411764705882355
0.37411764705882355
0.27941176470588236
0.2988235294117647
0.3205882352941177
0.3952941176470588
0.34705882352941175
0.39941176470588236
0.2876470588235294
0.22941176470588234
0.3058823529411765
0.3088235294117647
0.24529411764705883
0.32529411764705884
0.25882352941176473
0.24647058823529408
0.26294117647058823
0.33294117647058824
0.3064705882352941
0.31058823529411766
0.39
0.2788235294117647
0.2023529411764706
0.2976470588235294
0.3847058823529412
0.3211764705882353
0.28941176470588237
0.25941176470588234
0.17058823529411765
0.21882352941176472
0.23823529411764705
0.3
0.22764705882352942
0.25352941176470584
0.3788235294117647
0.24823529411764705
0.19647058823529412
0.1941176470588235
0.23411764705882354
0.2223529411764706
0.22705882352941179
0.24529411764705883
