temperature
0.45478260869565207
0.33521739130434786
-0.3526086956521738
-0.14913043478260868
0.2973913043478261
0.4426086956521739
-0.043043478260869565
0.2808695652173912
0.3743478260869565
0.1830434782608696
0.06608695652173921
-0.5760869565217392
-0.9556521739130435
-0.4604347826086956
-0.013043478260869634
0.11304347826086955
-0.6426086956521739
-0.9295652173913043
-0.10347826086956523
-0.0013043478260869287
0.5178260869565218
0.628695652173913
0.12434782608695652
0.23347826086956522
-0.03999999999999999
-0.4617391304347826
-0.512608695652174
-0.6656521739130434
-0.06434782608695654
-0.2530434782608696
-0.6295652173913043
-0.6047826086956521
0.3865217391304348
0.6465217391304349
0.6843478260869565
0.752608695652174
1.048695652173913
0.7560869565217392
0.4208695652173914
-0.06652173913043477
-0.3060869565217391
-0.8330434782608696
-0.6947826086956522
-0.6165217391304347
-0.9652173913043478
-1.4247826086956523
-1.4173913043478261
-0.8939130434782608
-0.5678260869565218
-0.4230434782608696
-0.24782608695652178
0.168695652173913
0.6017391304347827
0.6391304347826088
0.7465217391304348
0.23217391304347826
0.5108695652173914
0.4908695652173913
0.41521739130434787
0.7191304347826086
0.9843478260869566
1.0330434782608697
1.107391304347826
1.4343478260869567
2.0365217391304347
2.216521739130435
2.2430434782608697
1.8269565217391306
2.0256521739130435
2.055217391304348
2.1708695652173913
2.0043478260869563
1.554782608695652
1.5273913043478262
1.4178260869565218
1.9056521739130434
1.9043478260869566
1.5065217391304346
1.558695652173913
1.6430434782608696
1.5917391304347825
1.6456521739130436
1.9069565217391304
2.3886956521739133
1.9804347826086954
2.138695652173913
2.134782608695652
2.3169565217391304
2.8056521739130433
2.6647826086956523
2.995
2.5890909090909093
1.7377272727272726
2.0286363636363633
2.3440909090909092
2.432727272727273
2.389090909090909
2.2363636363636363
2.412272727272727
2.9
3.3686363636363637
3.924090909090909
3.480909090909091
3.733181818181818
4.192272727272727
4.251818181818182
3.987727272727273
4.192727272727272
4.578181818181818
4.399090909090909
4.643636363636364
4.664545454545455
4.329090909090909
4.095454545454545
4.195909090909091
4.222727272727273
4.014545454545455
3.938636363636364
4.432272727272728
4.59909090909091
4.574090909090909
4.413181818181818
4.895909090909091
5.166363636363636
5.240909090909091
5.41090909090909
5.742727272727273
6.358636363636363
5.735454545454545
5.844545454545455
6.4340909090909095
6.006818181818182
6.744090909090909
6.486363636363635
6.7677272727272735
6.666363636363636
6.538636363636363
7.134545454545455
6.9340909090909095
7.5218181818181815
7.481363636363636
7.311818181818182
7.575
8.030454545454544
8.178636363636365
8.128636363636364
8.010909090909092
7.615909090909091
7.72
7.790454545454545
8.000454545454545
8.558636363636364
8.562272727272727
8.673181818181819
8.604545454545455
8.697727272727272
8.578181818181818
8.833181818181819
8.799090909090909
8.943181818181818
8.799090909090909
8.742727272727272
9.068181818181818
8.858636363636364
9.223636363636363
9.161363636363637
9.506818181818183
9.687727272727273
9.535454545454545
10.197272727272727
10.240454545454545
9.751818181818182
9.826818181818181
9.798636363636364
9.853636363636364
10.405454545454544
10.375909090909092
10.225909090909092
10.147272727272728
10.27909090909091
10.754090909090909
10.933181818181819
11.067727272727273
11.165909090909091
11.539545454545454
11.783636363636363
11.849545454545455
12.105454545454545
12.161363636363637
11.725454545454545
11.640454545454544
12.067727272727273
11.768636363636364
11.868181818181819
11.81590909090909
11.842727272727274
11.72181818181818
11.227272727272727
11.234545454545454
11.562272727272727
12.063636363636363
11.594545454545456
11.425454545454546
11.353181818181818
11.374545454545455
11.907272727272726
12.111818181818181
12.460909090909091
12.436818181818182
12.609545454545456
12.045454545454545
11.714545454545457
11.581818181818182
12.003636363636362
11.964545454545457
11.495454545454546
11.747727272727273
11.787272727272727
11.393636363636363
11.40318181818182
11.658636363636363
11.344090909090909
11.505454545454546
11.689545454545454
11.895454545454545
11.97318181818182
12.181363636363637
11.67818181818182
11.180454545454545
11.156363636363636
11.253636363636364
11.653636363636364
11.566818181818181
11.432727272727274
10.973181818181818
11.471363636363636
11.414545454545454
11.226818181818182
10.905
10.97090909090909
11.304545454545455
10.680454545454545
10.246818181818183
10.845
10.30590909090909
10.377272727272727
10.193636363636363
10.06090909090909
9.767272727272728
9.720454545454546
10.165
9.751363636363637
9.405454545454546
9.08090909090909
9.066363636363636
8.91909090909091
8.789090909090909
8.905909090909091
9.20409090909091
9.622272727272728
9.229545454545455
8.506363636363636
8.923181818181819
8.763636363636364
8.347727272727273
8.840454545454547
8.345
7.751818181818181
7.533636363636364
7.586363636363637
8.106818181818182
8.418636363636365
8.068181818181818
8.04
7.976086956521739
7.743478260869565
7.862608695652174
7.5230434782608695
7.259130434782609
7.028260869565218
6.752608695652174
7.342173913043479
6.938260869565217
6.570434782608696
6.435217391304348
5.839130434782609
5.719565217391305
5.761304347826086
5.684347826086957
5.3
5.47608695652174
5.418695652173913
5.21304347826087
4.803478260869565
4.939565217391304
5.2013043478260865
5.3826086956521735
5.343913043478261
5.302173913043478
5.029565217391305
4.825652173913043
4.595652173913043
4.81
4.836086956521739
4.376086956521739
4.560869565217391
4.346521739130435
4.008260869565217
3.486521739130435
3.0895652173913044
3.5491304347826085
3.7913043478260873
3.619565217391304
3.6221739130434782
3.611304347826087
2.7595652173913043
2.203478260869565
1.727391304347826
2.1804347826086956
1.9865217391304346
1.7739130434782608
2.1630434782608696
1.838695652173913
1.1121739130434782
1.2256521739130435
1.8247826086956522
2.237391304347826
2.226086956521739
2.0630434782608695
1.6126086956521741
1.0691304347826087
0.961304347826087
0.6917391304347826
0.621304347826087
0.9160869565217391
1.3530434782608693
1.6139130434782607
1.711304347826087
1.7069565217391303
1.2978260869565217
0.5721739130434783
0.24695652173913038
0.16217391304347825
0.2156521739130435
0.47565217391304354
0.6408695652173914
0.5995652173913043
1.178695652173913
1.4108695652173915
1.1543478260869566
0.7086956521739131
0.5182608695652174
0.8286956521739129
0.8008695652173914
1.411304347826087
0.8008695652173914
1.1778260869565218
1.2234782608695653
1.3491304347826085
1.2952173913043479
0.8604347826086957
1.098695652173913
0.7734782608695652
0.3017391304347826
0.2995652173913044
