pet
0.21647058823529414
0.2958823529411765
0.2511764705882353
0.2376470588235294
0.24823529411764705
0.20705882352941177
0.35117647058823526
0.2788235294117647
0.2523529411764706
0.25529411764705884
0.3635294117647059
0.3247058823529412
0.2976470588235294
0.29411764705882354
0.3523529411764706
0.23588235294117646
0.2564705882352941
0.24823529411764705
0.2647058823529412
0.3370588235294118
0.30470588235294116
0.2752941176470588
0.27588235294117647
0.2964705882352941
0.3294117647058824
0.3411764705882353
0.34823529411764703
0.5282352941176471
0.42764705882352944
0.3911764705882353
0.4505882352941177
0.47941176470588237
0.44470588235294123
0.4211764705882353
0.5058823529411764
0.51
0.5123529411764707
0.5129411764705882
0.5347058823529411
0.4988235294117647
0.4258823529411765
0.4052941176470588
0.4888235294117647
0.4994117647058824
0.5064705882352941
0.5529411764705883
0.5629411764705883
0.47411764705882353
0.5335294117647059
0.5776470588235294
0.6070588235294118
0.6729411764705882
0.73
0.6570588235294118
0.5682352941176471
0.6617647058823529
0.7905882352941176
0.7364705882352941
0.6694117647058824
0.7217647058823529
0.8552941176470588
0.8099999999999999
0.8311764705882352
0.8547058823529411
0.9494117647058824
0.9282352941176472
0.8776470588235294
0.9923529411764707
1.018235294117647
0.9158823529411765
1.0329411764705883
1.071764705882353
1.0947058823529412
0.9917647058823529
1.0041176470588236
1.0005882352941178
1.075294117647059
1.1076470588235292
1.1088235294117648
1.1788235294117646
1.244705882352941
1.29
1.178235294117647
1.1852941176470588
1.3323529411764705
1.3023529411764707
1.3494117647058825
1.2741176470588236
1.3305882352941176
1.4941176470588236
1.5605882352941176
1.6488235294117646
1.4241176470588235
1.4770588235294118
1.4694117647058824
1.8076470588235294
1.7388235294117649
1.9329411764705882
1.6947058823529413
1.8070588235294116
1.7523529411764704
1.6564705882352941
1.6817647058823528
1.7170588235294115
1.8935294117647057
2.023529411764706
2.0500000000000003
2.3688235294117646
1.8552941176470588
1.8958823529411768
2.16
2.094705882352941
2.098235294117647
1.9823529411764707
1.9941176470588236
1.8988235294117648
2.1758823529411764
2.135294117647059
2.0205882352941176
2.0794117647058825
2.385882352941177
2.2399999999999998
2.4382352941176473
2.3505882352941176
2.2294117647058824
2.2211764705882353
2.373529411764706
2.135882352941177
2.2894117647058825
2.1129411764705885
2.416470588235294
2.7588235294117647
2.293529411764706
2.2623529411764705
2.3658823529411763
2.381764705882353
2.2476470588235293
2.2794117647058822
2.5329411764705885
2.378823529411765
2.3835294117647057
2.6388235294117646
2.967647058823529
2.7600000000000002
2.8388235294117647
2.5958823529411768
2.361764705882353
2.5647058823529414
2.641764705882353
2.73
2.8258823529411763
2.7447058823529416
2.6194117647058826
2.921176470588235
2.745294117647059
2.8194117647058823
2.4464705882352944
2.823529411764706
3.0111764705882353
3.105882352941176
2.9247058823529413
2.9711764705882353
2.6241176470588234
2.726470588235294
2.7335294117647058
2.8676470588235294
2.9817647058823527
2.8747058823529414
3.0641176470588234
3.0923529411764705
3.3170588235294116
3.091176470588235
2.8041176470588236
3.1852941176470586
3.143529411764706
3.1
3.2241176470588235
2.8676470588235294
2.8723529411764703
3.232941176470588
2.9441176470588233
3.0358823529411763
2.888235294117647
2.991176470588235
2.894705882352941
2.5035294117647062
2.8441176470588236
2.665294117647059
2.6694117647058824
2.9641176470588237
2.9594117647058824
3.261764705882353
3.017058823529412
2.7635294117647056
3.1811764705882353
3.0958823529411768
2.9570588235294117
2.868235294117647
3.101176470588235
3.063529411764706
2.864117647058823
2.9176470588235297
2.7635294117647056
2.7358823529411764
3.133529411764706
3.053529411764706
2.705294117647059
2.8105882352941176
3.107647058823529
2.8258823529411763
2.8841176470588237
2.748235294117647
2.5288235294117647
2.8794117647058823
2.901764705882353
2.2876470588235294
2.708235294117647
2.438823529411765
2.5958823529411768
2.7347058823529413
2.6999999999999997
2.294705882352941
2.6594117647058826
2.4594117647058824
2.1511764705882355
2.104117647058824
2.4670588235294115
2.506470588235294
2.2788235294117647
2.1558823529411764
2.158823529411765
2.2529411764705882
2.304705882352941
2.3123529411764707
2.2029411764705884
2.0070588235294116
1.9423529411764704
1.8629411764705883
2.1964705882352944
2.1523529411764706
2.0588235294117645
1.8023529411764707
2.0658823529411765
2.1005882352941176
1.9464705882352944
1.9317647058823528
2.212941176470588
1.8182352941176472
1.8694117647058823
1.9800000000000002
1.8311764705882352
1.81
1.9094117647058824
1.7005882352941177
1.8852941176470586
1.728235294117647
1.6205882352941177
1.621764705882353
1.6670588235294117
1.6147058823529412
1.3805882352941177
1.3805882352941177
1.3511764705882352
1.5082352941176471
1.3076470588235294
1.3188235294117647
1.4341176470588235
1.275294117647059
1.2135294117647057
1.1611764705882355
1.2094117647058822
1.2423529411764707
1.1729411764705884
1.1612500000000001
1.094375
1.149375
1.11875
1.041875
1.075625
1.0025
0.89
0.920625
0.99875
1.0
0.826875
0.669375
0.660625
0.7175
0.678125
0.869375
0.83375
0.811875
0.718125
0.635625
0.673125
0.730625
0.609375
0.729375
0.738125
0.683125
0.538125
0.47125
0.54375
0.585
0.56125
0.529375
0.544375
0.43125
0.39125
0.399375
0.370625
0.38687499999999997
0.373125
0.36125
0.435
0.38875
0.3725
0.43312500000000004
0.215
0.221875
0.240625
0.3125
0.28125
0.251875
0.22625
0.26375
0.3625
0.24625
0.268125
0.30125
0.29000000000000004
0.265
0.243125
0.2275
0.266875
0.33749999999999997
0.33375
0.26375
0.35625
0.2725
0.393125
0.238125
0.22625
0.2275
0.17875
0.150625
0.216875
0.290625
0.195
0.17941176470588238
0.16352941176470587
0.15823529411764706
0.13294117647058823
0.15235294117647058
0.17411764705882352
0.20176470588235296
0.18764705882352942
0.2823529411764706
0.21823529411764706
0.23705882352941177
0.3552941176470588
0.26941176470588235
0.18764705882352942
0.1735294117647059
0.19882352941176473
