temperature
3.3425000000000002
2.564375
3.165625
2.80125
3.19875
2.9975
3.38625
2.873125
3.05125
3.37125
3.3275
3.726875
3.388125
2.783125
3.675625
3.02
2.81125
3.23875
3.353125
2.8743749999999997
2.925
3.0725
3.206875
3.09875
3.623125
3.706875
4.13375
3.4631250000000002
2.859375
2.475625
3.0625
3.04625
2.7525
3.1237500000000002
3.283125
3.204375
2.953125
2.78375
2.7624999999999997
2.9425
2.74625
3.425625
3.07625
2.936875
3.425
3.7824999999999998
3.6731249999999998
3.705625
2.7625
2.315
2.8200000000000003
3.373125
2.975625
4.024375
3.4031249999999997
3.6725
3.7525
3.538125
3.454375
2.694375
2.3762499999999998
2.7775
3.115625
3.455
4.141875
5.379375
4.96625
4.68625
4.39
4.148125
3.805625
3.93125
4.6725
4.83375
5.09
5.89
5.026875
4.521875
4.62375
5.018125
5.05125
4.66375
4.488125
5.026875
5.040625
5.368125
5.25625
4.87875
5.465
5.961875
5.9875
5.926875
6.0925
5.748125
6.2125
6.030625000000001
5.35375
5.6525
6.796875
7.19875
6.540625
6.054375
5.994375
7.26125
7.13625
6.599375
6.505625
5.9025
6.225625
6.7025
7.8025
8.25625
8.415000000000001
8.4275
8.08
7.446875
7.34125
7.496875
7.6206249999999995
7.3862499999999995
7.258125
7.588125
7.716875
8.43875
9.013125
8.68
8.655625
8.905
8.880625
9.1025
8.805
8.385
8.46875
8.785
9.046875
9.39875
9.536875
9.025625
9.399375000000001
10.04875
9.9425
9.948125
9.9375
10.06125
9.981875
10.076875
9.82125
10.155625
10.255
10.525625
10.695625
11.644375
11.838125
11.690625
10.953125
10.691875
11.299375
11.398125
11.643125
11.805625
11.87125
11.86875
11.21625
11.288125
11.070625
11.54875
11.985
12.65375
12.50875
12.288124999999999
12.154375
12.083125
12.363125
12.56375
12.0375
12.11125
12.741875
12.440625
12.871875
12.97
13.344375
13.945
14.193125
13.87625
13.885
13.57625
13.34
13.401875
12.964375
13.328125
13.185
13.27625
13.04875
12.759375
13.14625
13.875625
13.843125
14.411875
14.079375
13.78
13.6
13.551875
13.875
14.1975
14.345625
14.0725
14.21125
14.160625
13.97375
14.05125
13.81375
13.81375
14.13625
14.1425
14.290625
14.56625
14.408125
14.180625
13.728125
13.35875
13.736875
13.564375
13.465
13.620625
14.09375
14.03375
13.71375
13.40875
13.66125
13.2475
13.44375
13.46
13.553125
12.879375
13.036249999999999
13.071875
12.76
12.61375
12.1575
12.621875
12.794375
12.688125
12.706875
12.273125
12.939375
12.64125
12.916875000000001
12.92
12.54625
12.121875
12.0575
11.781875
12.43
12.643125
12.753125
12.551875
11.58875
11.106875
11.009375
10.984375
10.95
10.891875
11.14125
11.823125000000001
11.56
10.564375
10.329375
10.890625
10.499375
11.008125
11.57375
11.13875
11.07125
10.872666666666667
10.426666666666668
10.489333333333333
9.354000000000001
9.812000000000001
9.350666666666665
9.314
9.773333333333333
9.356
8.984666666666667
9.151333333333334
8.954
9.228666666666667
9.864666666666666
9.160666666666666
8.038
7.848666666666667
7.970666666666667
7.873333333333333
7.673333333333333
7.968666666666667
7.947333333333333
7.492666666666667
7.658
8.198666666666666
8.599333333333334
8.312
8.295333333333334
7.681333333333333
7.953333333333333
7.910666666666668
7.174
7.039333333333333
6.658
6.479333333333333
6.240666666666667
6.042666666666666
6.681333333333333
6.292
5.292666666666666
6.418666666666667
6.661333333333333
6.375333333333333
5.666
6.5600000000000005
6.525333333333333
5.720625
5.218125
5.011875
5.313125
5.76375
5.18
4.029375
4.725625
5.3175
4.32125
5.123125
5.5756250000000005
4.99625
4.47
4.3500000000000005
3.384375
3.479375
3.448125
3.55125
3.8375
3.635
2.88125
3.385625
4.585
4.5575
3.540625
2.395625
3.46875
3.995625
3.663125
2.66875
2.191875
1.205
0.9974999999999999
1.27375
2.69875
3.010625
4.35125
3.8918749999999998
2.529375
2.1637500000000003
1.863125
1.296875
1.154375
2.046875
2.654375
