pet
0.38
0.33608695652173914
0.3786956521739131
0.29782608695652174
0.1626086956521739
0.2956521739130435
0.2908695652173913
0.31130434782608696
0.2391304347826087
0.3126086956521739
0.3595652173913043
0.40956521739130436
0.3252173913043478
0.3647826086956522
0.17478260869565218
0.27608695652173915
0.348695652173913
0.27869565217391307
0.3778260869565217
0.23130434782608697
0.33608695652173914
0.3421739130434783
0.33043478260869563
0.3973913043478261
0.2882608695652174
0.3717391304347826
0.3160869565217391
0.2882608695652174
0.2995652173913043
0.31782608695652176
0.3930434782608696
0.3752173913043478
0.3717391304347826
0.30695652173913046
0.39652173913043476
0.43652173913043485
0.41434782608695647
0.5504347826086956
0.4608695652173913
0.3869565217391305
0.48434782608695653
0.43086956521739134
0.4008695652173913
0.4973913043478261
0.4865217391304348
0.42347826086956525
0.43521739130434783
0.34043478260869564
0.3991304347826087
0.49521739130434783
0.4747826086956522
0.47782608695652173
0.6169565217391304
0.5730434782608695
0.5369565217391304
0.5091304347826088
0.5908695652173913
0.5760869565217391
0.6391304347826087
0.6721739130434782
0.6843478260869565
0.8295652173913044
0.7834782608695652
0.7813043478260869
0.7973913043478261
0.7339130434782608
0.8034782608695652
0.8521739130434783
0.6917391304347826
0.7534782608695652
0.928695652173913
0.8147826086956521
0.8295652173913043
0.9060869565217391
0.8530434782608696
0.9369565217391305
0.9934782608695653
0.9260869565217391
0.9730434782608696
1.0643478260869565
1.1234782608695653
1.2030434782608697
1.1669565217391304
1.2369565217391305
1.126086956521739
1.2239130434782608
1.2191304347826086
1.276086956521739
1.2147826086956521
1.111304347826087
1.134090909090909
1.174090909090909
1.1890909090909092
1.2736363636363637
1.2695454545454545
1.2836363636363637
1.294090909090909
1.2677272727272728
1.4186363636363637
1.430909090909091
1.4631818181818181
1.5450000000000002
1.5577272727272728
1.8127272727272727
1.6936363636363636
1.7295454545454545
1.6659090909090908
1.606818181818182
1.6913636363636364
1.8
1.6618181818181819
1.7222727272727274
1.770909090909091
1.7759090909090909
1.8631818181818183
1.9427272727272729
1.9549999999999998
1.9127272727272726
1.843181818181818
1.791818181818182
2.0045454545454544
2.0813636363636365
2.096818181818182
2.162272727272727
2.025909090909091
2.1304545454545454
2.0822727272727275
2.1445454545454545
2.208636363636364
2.096363636363636
2.1681818181818184
2.1486363636363635
2.367272727272727
2.6004545454545456
2.519090909090909
2.645909090909091
2.489090909090909
2.3790909090909094
2.5854545454545454
2.4677272727272728
2.3536363636363635
2.588181818181818
2.223181818181818
2.4822727272727274
2.549545454545455
2.6036363636363635
2.605909090909091
2.5654545454545454
2.4709090909090907
2.483181818181818
2.5704545454545453
2.7254545454545456
2.4995454545454545
2.635909090909091
2.7513636363636365
2.3918181818181816
2.387272727272727
2.640909090909091
2.682727272727273
2.4863636363636363
2.588636363636364
2.4
2.586818181818182
2.6854545454545455
2.8863636363636362
2.835909090909091
2.6054545454545455
2.5704545454545453
2.653181818181818
2.7181818181818183
2.9686363636363637
2.6818181818181817
2.8986363636363635
2.622272727272727
2.5822727272727275
2.6281818181818184
2.7772727272727273
2.732727272727273
2.747272727272727
3.0181818181818185
2.8804545454545454
2.77
2.841818181818182
3.23
2.9299999999999997
2.8736363636363635
3.215909090909091
3.0304545454545457
2.7527272727272725
2.8368181818181815
2.614090909090909
2.9149999999999996
2.788181818181818
2.7572727272727273
2.630909090909091
2.680454545454545
2.7654545454545456
2.798636363636364
2.675909090909091
2.6004545454545456
2.6672727272727275
2.73
2.3877272727272727
2.536363636363636
2.4954545454545456
2.8645454545454547
2.609545454545455
2.721363636363636
2.585909090909091
2.7827272727272727
2.5272727272727273
2.3822727272727273
2.7068181818181816
2.673636363636364
2.604090909090909
2.546818181818182
2.4777272727272726
2.3822727272727273
2.1563636363636363
2.2154545454545453
2.2409090909090907
2.358636363636364
2.346818181818182
2.341818181818182
2.248181818181818
2.1686363636363635
2.4640909090909093
2.5704545454545453
2.3727272727272726
2.0645454545454545
2.0722727272727273
2.3431818181818183
2.2836363636363637
2.174090909090909
2.0640909090909094
2.098181818181818
1.9663636363636363
2.08
2.0959090909090907
1.9800000000000002
1.869090909090909
1.916818181818182
1.7877272727272726
1.854090909090909
1.9286363636363637
1.7799999999999998
1.9222727272727271
1.915
1.8986363636363637
1.6549999999999998
1.7263636363636365
1.7604545454545457
1.7104545454545457
1.6286363636363637
1.5899999999999999
1.6254545454545453
1.5690909090909089
1.385
1.4590909090909092
1.37
1.3672727272727274
1.3972727272727274
1.455909090909091
1.2972727272727271
1.2822727272727272
1.133181818181818
1.2195454545454545
1.069090909090909
0.9827272727272728
1.011818181818182
1.0086363636363638
1.0259090909090909
0.9604545454545454
1.0982608695652174
1.0156521739130435
0.9595652173913044
0.908695652173913
0.9404347826086956
0.9356521739130435
0.9547826086956522
0.9178260869565217
0.7813043478260869
0.7982608695652174
0.8713043478260869
0.697391304347826
0.6591304347826087
0.6439130434782608
0.5465217391304348
0.5795652173913044
0.7621739130434783
0.707391304347826
0.6878260869565217
0.6008695652173913
0.6460869565217391
0.6365217391304349
0.6160869565217392
0.5530434782608696
0.5421739130434783
0.42695652173913046
0.5013043478260869
0.41956521739130437
0.5360869565217391
0.44521739130434784
0.44478260869565217
0.43782608695652175
0.3826086956521739
0.45608695652173914
0.4678260869565217
0.45913043478260873
0.46608695652173915
0.3091304347826087
0.35695652173913045
0.5413043478260869
0.4682608695652174
0.43130434782608695
0.4265217391304348
0.5204347826086956
0.3452173913043478
0.41434782608695647
0.25478260869565217
0.3860869565217392
0.32782608695652177
0.4373913043478261
0.34652173913043477
0.23086956521739133
0.39999999999999997
0.25956521739130434
0.46608695652173915
0.39999999999999997
0.29739130434782607
0.28956521739130436
0.2373913043478261
0.28478260869565214
0.18478260869565216
0.21391304347826087
0.27695652173913043
0.2773913043478261
0.2856521739130435
0.1765217391304348
0.29739130434782607
0.32956521739130434
0.15739130434782608
0.1926086956521739
0.23043478260869565
0.2365217391304348
0.34347826086956523
0.27043478260869563
0.20304347826086958
0.25565217391304346
0.2308695652173913
0.30043478260869566
0.31999999999999995
0.24956521739130436
0.3252173913043478
0.21
0.16782608695652174
0.28695652173913044
0.21173913043478262
0.26782608695652177
0.21739130434782608
0.27304347826086955
0.2839130434782609
0.24000000000000002
0.3678260869565218
0.2391304347826087
