pet
0.3957894736842105
0.2805263157894737
0.4352631578947368
0.3726315789473684
0.22789473684210526
0.3857894736842105
0.3078947368421052
0.22578947368421054
0.21157894736842103
0.25894736842105265
0.2926315789473684
0.31526315789473686
0.3373684210526316
0.26
0.21263157894736842
0.31842105263157894
0.318421052631579
0.24631578947368418
0.24
0.2731578947368421
0.20736842105263156
0.27473684210526317
0.2910526315789474
0.43105263157894735
0.22421052631578947
0.32052631578947366
0.25157894736842107
0.2826315789473684
0.16473684210526315
0.3468421052631579
0.38894736842105265
0.35210526315789475
0.41263157894736846
0.25684210526315787
0.3684210526315789
0.46736842105263154
0.40789473684210525
0.48578947368421055
0.47421052631578947
0.3557894736842105
0.65
0.4005263157894737
0.4342105263157895
0.4610526315789474
0.49894736842105264
0.5233333333333333
0.5594444444444444
0.48000000000000004
0.5072222222222222
0.5722222222222222
0.5772222222222223
0.5733333333333334
0.5594444444444444
0.5327777777777778
0.5188888888888888
0.49277777777777776
0.6761111111111111
0.7
0.5950000000000001
0.7872222222222223
0.7405555555555555
0.8216666666666668
0.75
0.7161111111111111
0.7677777777777778
0.6422222222222222
0.9244444444444445
0.7661111111111112
0.7955555555555556
0.7883333333333333
0.9461111111111111
0.8755555555555555
0.9994444444444444
0.9872222222222222
0.7727777777777778
1.0127777777777778
1.09
0.9622222222222222
0.9233333333333333
1.0205555555555557
1.0550000000000002
0.9616666666666668
1.228888888888889
1.1016666666666668
1.2255555555555555
1.2455555555555555
1.2544444444444443
1.2161111111111111
1.0966666666666667
1.2072222222222222
1.166111111111111
1.3555555555555554
1.4455555555555555
1.4083333333333334
1.385
1.4383333333333335
1.281111111111111
1.42
1.5505555555555555
1.5894444444444444
1.595
1.7827777777777776
1.6844444444444444
2.042222222222222
1.911111111111111
1.8338888888888887
1.6522222222222223
1.78
1.7122222222222223
1.7999999999999998
1.927777777777778
1.9927777777777775
1.74
1.926111111111111
2.018888888888889
2.1005555555555557
2.0255555555555556
2.2550000000000003
1.8755555555555554
1.9633333333333332
1.9816666666666667
2.4427777777777777
2.298888888888889
2.2894444444444444
2.273888888888889
2.332777777777778
2.3922222222222222
2.538333333333333
2.251111111111111
2.1244444444444444
2.171666666666667
2.4155555555555552
2.6861111111111113
2.703888888888889
3.0394444444444444
2.638888888888889
2.4561111111111114
2.43
2.391111111111111
2.155
2.2205555555555554
2.6344444444444446
2.482222222222222
2.626111111111111
2.5683333333333334
2.4266666666666667
2.2022222222222223
2.4694444444444446
2.6444444444444444
2.5444444444444443
2.895
2.591111111111111
2.4344444444444444
2.33
2.7555555555555555
2.6005555555555557
2.585
2.7255555555555557
2.7016666666666667
2.4783333333333335
2.604444444444445
2.2583333333333333
2.4322222222222223
2.9316666666666666
3.125
3.0372222222222223
3.0955555555555554
2.7755555555555556
2.961111111111111
2.9455555555555555
3.1894444444444443
2.8777777777777778
3.09
2.753888888888889
2.6355555555555554
2.5172222222222222
2.8822222222222225
3.0072222222222225
3.2072222222222226
3.136111111111111
3.1377777777777776
2.92
2.766111111111111
3.1821052631578945
2.8957894736842102
3.072631578947368
3.155263157894737
3.138421052631579
2.98
2.953157894736842
2.976842105263158
3.2073684210526316
2.9184210526315786
2.944210526315789
2.945263157894737
2.642105263157895
2.883157894736842
3.099473684210526
2.791578947368421
2.743684210526316
3.011578947368421
2.8505263157894736
3.0031578947368422
2.912631578947368
2.6373684210526314
3.3005263157894738
2.8105263157894735
2.782631578947368
2.7742105263157897
2.8989473684210525
2.6115789473684208
2.732105263157895
3.02
3.0147368421052634
2.876842105263158
2.811578947368421
2.8636842105263156
2.9078947368421053
2.4878947368421054
2.7047368421052633
2.443157894736842
2.5957894736842104
2.3726315789473684
2.444210526315789
2.4642105263157896
2.5236842105263158
2.7068421052631577
2.825263157894737
2.498947368421053
2.345263157894737
2.581578947368421
2.884210526315789
2.5973684210526318
2.4652631578947366
2.196315789473684
2.1010526315789475
1.9678947368421054
2.245789473684211
2.2668421052631578
2.1726315789473687
2.0173684210526317
2.1626315789473685
2.0163157894736843
1.7963157894736843
2.0494736842105263
2.033157894736842
2.0589473684210526
1.991578947368421
1.8589473684210527
1.8299999999999998
1.7589473684210528
1.8415789473684212
1.7442105263157894
1.6826315789473683
1.6626315789473685
1.6931578947368422
1.4552631578947368
1.4273684210526316
1.453157894736842
1.428421052631579
1.31
1.3242105263157895
1.473157894736842
1.2726315789473683
1.3810526315789473
1.2410526315789474
1.013157894736842
1.1068421052631578
0.9099999999999999
1.11
1.0121052631578948
0.9310526315789475
0.8347368421052631
0.9694736842105264
0.9589473684210525
0.78
0.9894736842105264
0.8457894736842105
1.0057894736842106
0.9273684210526316
0.9926315789473684
0.7531578947368421
0.6952631578947368
0.86
0.6452631578947369
0.7494736842105263
0.68
0.7126315789473685
0.8052631578947369
0.8021052631578948
0.6568421052631579
0.7326315789473684
0.5947368421052632
0.5968421052631578
0.6494736842105263
0.5563157894736842
0.6605263157894737
0.5468421052631579
0.4089473684210526
0.4963157894736842
0.4678947368421053
0.5363157894736842
0.47210526315789475
0.4194736842105263
0.30473684210526314
0.41
0.3794736842105263
0.37894736842105264
0.4163157894736842
0.4431578947368421
0.3663157894736842
0.25736842105263164
0.38684210526315793
0.2473684210526316
0.26473684210526316
0.25947368421052636
0.3263157894736842
0.2910526315789474
0.4073684210526316
0.1726315789473684
0.33421052631578946
0.18526315789473685
0.35736842105263156
0.29684210526315785
0.25894736842105265
0.2831578947368421
0.20578947368421052
0.3705263157894737
0.33421052631578946
0.24578947368421053
0.17105263157894737
0.13210526315789473
0.22947368421052633
0.12736842105263158
0.21736842105263157
0.2336842105263158
0.3094736842105263
0.2605263157894737
0.21105263157894735
0.18947368421052632
0.29
0.13
0.26263157894736844
0.1542105263157895
0.21894736842105264
0.3078947368421052
0.16052631578947368
0.29894736842105263
0.19105263157894736
0.29789473684210527
0.27210526315789474
0.2736842105263158
0.26105263157894737
0.28368421052631576
0.35
0.1773684210526316
0.37421052631578944
0.19789473684210526
0.2036842105263158
0.2563157894736842
0.23157894736842102
0.2036842105263158
0.23421052631578948
0.19631578947368422
0.24842105263157893
