temperature
3.6226315789473684
3.7526315789473683
3.65
4.141052631578947
4.331052631578948
4.343157894736842
3.135263157894737
3.555789473684211
4.0884210526315785
4.360526315789474
3.6742105263157896
3.2194736842105263
3.106842105263158
2.9157894736842103
3.223684210526316
3.952631578947368
3.699473684210526
2.926842105263158
3.5805263157894736
3.8426315789473686
4.198947368421052
4.558947368421053
4.448421052631579
3.870526315789473
3.6363157894736844
3.3942105263157893
3.261052631578947
3.883157894736842
4.285263157894737
3.854736842105263
3.9763157894736842
4.218947368421053
3.7578947368421054
4.106842105263158
4.655263157894737
4.727894736842106
5.308421052631579
4.777894736842105
3.996315789473684
3.9226315789473687
3.474736842105263
3.317894736842105
3.7084210526315786
3.0126315789473685
2.2089473684210525
2.5772222222222223
2.691666666666667
3.177777777777778
3.3694444444444445
3.013888888888889
2.6205555555555557
2.86
3.2716666666666665
3.5372222222222223
3.8177777777777777
3.217777777777778
3.696111111111111
4.442222222222222
5.030555555555555
4.984444444444445
4.857777777777778
5.058888888888889
4.671111111111111
5.425000000000001
5.900555555555555
6.529444444444445
6.211111111111112
5.892222222222222
6.65
6.769444444444444
6.111111111111111
6.171666666666667
6.186111111111111
6.062222222222222
5.464444444444444
6.524444444444445
6.493888888888889
6.441111111111111
5.855555555555556
6.068333333333333
6.598333333333333
6.511111111111111
7.342222222222222
7.2266666666666675
6.686111111111111
6.614444444444445
6.573333333333333
6.515
7.174444444444443
7.232222222222223
7.826666666666666
7.101111111111111
6.422777777777778
6.185555555555556
6.226666666666667
6.607777777777778
7.282222222222221
7.518888888888889
7.612222222222223
8.403333333333332
8.442777777777778
8.383888888888889
7.843333333333334
8.065555555555555
8.686666666666667
9.091666666666667
8.601111111111111
8.285555555555554
8.658333333333333
8.914444444444445
8.615555555555556
9.605555555555556
9.527777777777779
9.023888888888889
9.127222222222223
9.152222222222223
9.63
9.414444444444445
9.776111111111112
10.110000000000001
10.357222222222223
10.027777777777779
9.89111111111111
9.54
9.873888888888889
10.541666666666666
10.551666666666668
11.017222222222223
10.394444444444444
10.016666666666667
10.597222222222221
11.149444444444445
11.774999999999999
12.020000000000001
12.445
12.119444444444445
11.795555555555556
11.212777777777777
11.48388888888889
12.372777777777777
12.140555555555556
12.243333333333332
12.761666666666667
12.97111111111111
12.954444444444444
12.997222222222222
12.418333333333333
11.998888888888889
12.45722222222222
13.057777777777778
13.520555555555555
13.956666666666667
13.668333333333333
13.584444444444445
13.62
13.59
14.144444444444444
14.242222222222223
14.15611111111111
14.062222222222223
13.893333333333334
13.975555555555555
13.766666666666667
13.979444444444445
14.881111111111112
14.370000000000001
14.620000000000001
14.894444444444446
14.714444444444446
14.988333333333335
15.342777777777778
14.934444444444445
14.938888888888888
14.547222222222224
14.530000000000001
15.02277777777778
15.84888888888889
16.253333333333334
15.729444444444445
16.077777777777776
16.122777777777777
15.982777777777777
15.811666666666667
15.717894736842105
15.978947368421053
16.67684210526316
16.725263157894737
16.686315789473685
17.023684210526316
16.996315789473684
16.733684210526317
17.466842105263158
17.115263157894738
17.50052631578947
17.728421052631578
17.683157894736844
17.187894736842104
16.436315789473685
16.684736842105263
16.96421052631579
17.32263157894737
17.358947368421052
17.242105263157896
17.40157894736842
17.42684210526316
17.357894736842105
17.60842105263158
18.011578947368424
18.22736842105263
18.457894736842103
18.317894736842106
18.362105263157893
17.68842105263158
17.515263157894736
17.981052631578947
17.70157894736842
17.319473684210525
17.31736842105263
16.702105263157897
17.13315789473684
17.288947368421052
17.67157894736842
17.232105263157894
17.077368421052633
16.71
17.29315789473684
17.73315789473684
17.22421052631579
16.821578947368423
17.028947368421054
17.63684210526316
17.849999999999998
17.798947368421054
17.628947368421052
16.123684210526317
15.658947368421051
15.892105263157895
16.252105263157897
15.598947368421053
15.837894736842106
15.903157894736843
16.027368421052632
15.377368421052632
15.636842105263156
15.686315789473685
15.38
15.24842105263158
14.940526315789475
14.584736842105263
14.813157894736841
15.136315789473686
15.266842105263157
15.412105263157894
14.783157894736842
14.893684210526317
14.172105263157894
13.671052631578947
13.937368421052632
14.244210526315788
14.743157894736843
14.677894736842106
14.279473684210526
13.930000000000001
14.285789473684211
13.842105263157896
13.62
13.546842105263158
13.204736842105262
13.31842105263158
13.317368421052631
13.000526315789473
13.125263157894736
13.259473684210526
13.357368421052632
12.71
12.416315789473684
12.446842105263158
12.278947368421052
12.006315789473684
12.042105263157895
11.845263157894736
12.636315789473684
12.60421052631579
11.943684210526316
11.739473684210527
12.266315789473685
11.065263157894737
11.178947368421053
10.193684210526316
10.214736842105264
10.316842105263158
10.532105263157893
10.391578947368421
10.036842105263156
9.990526315789474
9.372105263157895
9.825263157894737
9.962105263157895
10.323684210526316
10.111052631578946
9.643684210526315
9.216315789473683
9.232105263157894
9.432631578947369
9.722105263157895
9.127368421052632
9.155263157894737
8.500526315789473
7.961578947368421
7.177368421052631
8.205263157894738
8.67157894736842
8.182105263157895
8.190000000000001
8.507894736842106
7.830526315789474
7.193157894736841
6.301052631578948
6.826315789473684
6.6078947368421055
6.507894736842106
7.183684210526316
7.025263157894736
5.900526315789474
5.416842105263158
6.02
6.383684210526315
6.42
6.704210526315789
6.312631578947368
5.547894736842105
4.525263157894737
4.316842105263158
5.125263157894737
5.805789473684211
6.172631578947368
6.534736842105263
6.5542105263157895
6.011578947368421
4.71157894736842
4.751578947368421
4.52421052631579
4.452105263157895
3.962105263157895
4.231052631578947
4.4389473684210525
4.766842105263158
4.535263157894737
4.882105263157895
5.177368421052631
5.395263157894737
5.361578947368422
5.0336842105263155
4.680526315789473
5.313684210526316
4.728947368421053
4.408421052631579
4.683157894736842
4.784736842105263
4.445263157894736
4.640526315789474
4.5268421052631584
4.657894736842105
3.8847368421052635
3.762631578947368
