pet
0.33391304347826084
0.2326086956521739
0.4373913043478261
0.3269565217391305
0.17695652173913046
0.38130434782608696
0.2634782608695652
0.14956521739130435
0.15869565217391304
0.24130434782608695
0.31217391304347825
0.30478260869565216
0.31130434782608696
0.26608695652173914
0.32
0.2578260869565217
0.28608695652173916
0.23956521739130435
0.2673913043478261
0.2021739130434783
0.23956521739130435
0.21608695652173912
0.2739130434782609
0.4726086956521739
0.2526086956521739
0.26956521739130435
0.3308695652173913
0.33304347826086955
0.28608695652173916
0.3652173913043478
0.38913043478260867
0.3626086956521739
0.3817391304347826
0.21391304347826087
0.32304347826086954
0.43869565217391304
0.3808695652173913
0.45173913043478264
0.46695652173913044
0.3521739130434782
0.5595652173913044
0.4108695652173914
0.3482608695652174
0.44565217391304346
0.4930434782608696
0.4608695652173913
0.5173913043478261
0.3569565217391304
0.46391304347826084
0.5621739130434783
0.48869565217391303
0.5565217391304348
0.5395652173913044
0.591304347826087
0.6004347826086956
0.44173913043478263
0.6399999999999999
0.6565217391304348
0.5860869565217391
0.6947826086956522
0.6995652173913044
0.8260869565217391
0.7039130434782609
0.74
0.6604347826086956
0.7156521739130435
0.8156521739130433
0.7265217391304348
0.7130434782608697
0.7626086956521739
0.838695652173913
0.8630434782608696
0.9382608695652174
0.8682608695652173
0.7726086956521739
0.9591304347826086
1.0339130434782609
0.8917391304347825
0.8391304347826087
1.0191304347826087
1.1052173913043477
1.057391304347826
1.078695652173913
1.1791304347826088
1.0895652173913042
1.0482608695652174
1.192608695652174
1.221304347826087
1.193478260869565
1.1339130434782607
1.075
1.1822727272727274
1.4254545454545455
1.4
1.239090909090909
1.4372727272727273
1.4840909090909091
1.4572727272727273
1.544090909090909
1.565
1.5231818181818182
1.6413636363636364
1.6436363636363636
1.9336363636363636
1.8072727272727271
1.8572727272727272
1.6490909090909092
1.6286363636363637
1.6827272727272728
1.7095454545454545
1.8072727272727271
1.9
1.8204545454545453
2.034090909090909
1.872272727272727
1.958181818181818
1.9136363636363638
1.96
1.783181818181818
1.8577272727272727
1.830909090909091
2.291818181818182
2.0431818181818184
2.106818181818182
2.0045454545454544
2.0345454545454547
2.112727272727273
2.291818181818182
2.0813636363636365
2.192272727272727
2.0168181818181816
2.411363636363636
2.455909090909091
2.445909090909091
2.674090909090909
2.471363636363636
2.4499999999999997
2.546818181818182
2.5336363636363637
2.51
2.2295454545454545
2.4454545454545453
2.430909090909091
2.549090909090909
2.6763636363636363
2.591818181818182
2.5295454545454543
2.5945454545454543
2.5254545454545454
2.555454545454545
2.6472727272727274
2.515909090909091
2.4463636363636363
2.4954545454545456
2.7713636363636365
2.1768181818181818
2.4927272727272727
2.666363636363636
2.4109090909090907
2.6977272727272728
2.4745454545454546
2.4881818181818183
2.4463636363636363
2.834090909090909
2.929090909090909
2.7931818181818184
3.039090909090909
2.362727272727273
2.85
2.5318181818181817
2.8277272727272726
2.6336363636363633
2.8963636363636365
2.6036363636363635
2.8213636363636363
2.4127272727272726
2.729090909090909
2.666363636363636
2.683181818181818
2.7818181818181817
2.9072727272727272
2.9263636363636363
2.7531818181818184
3.200909090909091
2.7545454545454544
2.946363636363636
3.286363636363636
3.2195454545454543
2.9563636363636365
2.9254545454545453
2.7486363636363635
3.012272727272727
2.685
2.888181818181818
2.787272727272727
2.642272727272727
2.83
2.7695454545454545
2.7177272727272728
2.5136363636363637
2.769090909090909
2.5086363636363633
2.580909090909091
2.49
2.385
2.975909090909091
2.6290909090909094
2.54
2.6586363636363637
2.881818181818182
2.578181818181818
2.6209090909090906
2.7972727272727274
2.7672727272727276
2.437727272727273
2.7304545454545455
2.484545454545455
2.5336363636363637
2.305
2.5959090909090907
2.3863636363636362
2.5736363636363637
2.445
2.303181818181818
2.2645454545454546
2.2122727272727274
2.5472727272727274
2.6577272727272727
2.2686363636363636
1.9645454545454546
2.2331818181818184
2.4786363636363635
2.3140909090909094
2.405
2.26
2.028181818181818
2.0086363636363633
2.1863636363636365
2.194090909090909
2.0663636363636364
1.924090909090909
2.002727272727273
1.8913636363636364
1.8922727272727273
1.8554545454545455
2.0904545454545453
2.002727272727273
1.7659090909090909
1.7804545454545455
1.829090909090909
1.7631818181818182
1.7022727272727274
1.6550000000000002
1.7481818181818183
1.6440909090909093
1.5286363636363638
1.2745454545454544
1.423181818181818
1.3022727272727272
1.2895454545454546
1.26
1.200909090909091
1.3509090909090908
1.2127272727272727
1.2986363636363636
1.0763636363636364
1.0109090909090908
1.0368181818181819
1.085909090909091
1.014090909090909
0.9904545454545454
0.9327272727272727
0.9213636363636364
1.1347826086956523
1.0521739130434782
0.8843478260869565
0.8439130434782609
0.8260869565217391
0.8786956521739131
0.8765217391304347
0.9430434782608696
0.7017391304347826
0.6369565217391304
0.7982608695652174
0.6508695652173914
0.7952173913043478
0.6447826086956522
0.7243478260869566
0.7856521739130435
0.6369565217391304
0.6478260869565218
0.7147826086956522
0.681304347826087
0.6808695652173913
0.6891304347826087
0.5043478260869565
0.5556521739130434
0.45652173913043476
0.3847826086956522
0.5221739130434783
0.4930434782608696
0.5065217391304347
0.3847826086956522
0.3652173913043478
0.32521739130434785
0.2952173913043478
0.43913043478260866
0.3634782608695652
0.3673913043478261
0.3847826086956522
0.3130434782608696
0.271304347826087
0.49
0.3821739130434782
0.3065217391304348
0.3456521739130435
0.43347826086956526
0.30782608695652175
0.3973913043478261
0.2034782608695652
0.3878260869565217
0.23565217391304347
0.3834782608695652
0.28695652173913044
0.2773913043478261
0.3821739130434783
0.20782608695652174
0.3904347826086957
0.42173913043478256
0.2465217391304348
0.1282608695652174
0.18478260869565216
0.18478260869565216
0.1391304347826087
0.23217391304347826
0.2408695652173913
0.24391304347826087
0.1956521739130435
0.18
0.20478260869565218
0.2882608695652174
0.23695652173913045
0.23043478260869565
0.21173913043478262
0.21130434782608698
0.27956521739130435
0.26652173913043475
0.2760869565217391
0.18130434782608695
0.24869565217391304
0.3291304347826087
0.29
0.2426086956521739
0.3104347826086956
0.3160869565217391
0.1834782608695652
0.29130434782608694
0.18434782608695652
0.17217391304347826
0.18695652173913044
0.29434782608695653
0.21999999999999997
0.2543478260869565
0.14347826086956522
0.16
