pet
0.30625
0.29875
0.5325
0.4075
0.384375
0.328125
0.391875
0.356875
0.271875
0.325625
0.410625
0.365
0.318125
0.55375
0.186875
0.314
0.4166666666666667
0.2786666666666667
0.376
0.294
0.27666666666666667
0.43666666666666665
0.412
0.5106666666666667
0.386
0.45
0.3606666666666667
0.35400000000000004
0.18866666666666668
0.3546666666666667
0.4346666666666667
0.33533333333333337
0.4293333333333333
0.35200000000000004
0.366
0.5166666666666667
0.45399999999999996
0.5399999999999999
0.47400000000000003
0.49733333333333335
0.528
0.42533333333333334
0.5366666666666667
0.5373333333333333
0.6006666666666667
0.6146666666666667
0.7526666666666666
0.538
0.5326666666666667
0.678
0.5846666666666667
0.6926666666666667
0.6333333333333333
0.5706666666666667
0.618
0.7413333333333333
0.6093333333333334
0.748
0.792
0.8033333333333333
0.8013333333333333
0.7166666666666667
0.6080000000000001
0.7260000000000001
0.7353333333333333
0.6206666666666667
0.7606666666666667
0.7786666666666666
0.7146666666666667
0.882
0.7986666666666667
0.8673333333333333
0.7426666666666667
0.894
0.8260000000000001
0.9873333333333334
0.9493333333333334
1.0013333333333334
0.9113333333333333
0.8753333333333333
1.008
0.9380000000000001
1.0246666666666666
1.1653333333333333
1.0666666666666667
1.232
1.2773333333333334
1.2026666666666666
0.9846666666666667
1.2233333333333334
1.1179999999999999
1.0026666666666666
1.13
1.214
1.228
1.4006666666666667
1.2826666666666666
1.1280000000000001
1.3406666666666667
1.5479999999999998
1.3719999999999999
1.57
1.5166666666666666
1.6953333333333334
1.4966666666666666
1.5606666666666666
1.538
1.4946666666666666
1.5293333333333334
1.6253333333333335
1.384
1.6873333333333334
1.74
1.852
1.7346666666666666
1.814
2.0406666666666666
2.048
1.8739999999999999
1.8960000000000001
2.0433333333333334
2.475
2.34875
2.270625
2.00625
2.325
2.18625
2.27625
2.304375
1.8631250000000001
2.085
2.24625
2.033125
2.30625
2.506875
2.315
2.185
2.439375
2.5237499999999997
2.393125
2.35875
2.443125
2.295625
2.591875
2.25625
2.296875
2.4387499999999998
2.70125
2.44625
2.50875
2.513125
2.645
2.0875
2.22125
2.5012499999999998
2.321875
2.041875
2.42375
2.443125
2.36875
2.3850000000000002
2.144375
2.454375
2.588125
2.5056249999999998
2.9425
2.944375
2.47625
2.669375
2.78125
2.8725
2.58375
2.651875
2.506875
2.75
2.559375
2.5625
2.746875
2.745625
2.854375
2.70375
2.60875
2.5612500000000002
2.8075
2.58
2.88
2.860625
2.73125
2.634375
2.74625
2.48875
2.546875
2.5231250000000003
2.55625
2.363125
2.296875
2.711875
2.61
2.53375
2.633125
2.82125
2.62625
2.723125
2.8025
2.55875
2.995
2.5125
2.57625
2.44125
2.3325
2.5475
2.300625
2.3987499999999997
2.49625
2.393125
2.425625
2.495625
2.376875
2.14
2.405625
2.13625
2.373125
2.025625
2.086875
2.141875
2.13
2.145625
2.324375
2.340625
2.08375
2.200625
2.195625
2.061875
2.116875
1.793125
1.878125
1.68625
1.8925
2.035625
1.825
1.679375
1.976875
1.7550000000000001
1.75625
1.825
1.556875
1.64
1.753125
1.7518749999999998
1.581875
1.636875
1.619375
1.643125
1.46375
1.48125
1.62375
1.409375
1.341875
1.3824999999999998
1.358125
1.285
1.34375
1.3287499999999999
1.295625
1.311875
1.21625
1.379375
1.07375
0.8875000000000001
1.00625
1.0
1.0475
0.9243750000000001
1.099375
0.9706250000000001
0.96375
1.1600000000000001
0.889375
0.869375
0.9125
0.9725
0.7212500000000001
0.8462500000000001
0.846875
0.864375
0.8006249999999999
0.875
0.645
0.716875
0.8825000000000001
0.67125
0.759375
0.723125
0.7375
0.659375
0.644375
0.668125
0.63625
0.615
0.5425
0.68375
0.71625
0.581875
0.52875
0.5225
0.581875
0.39875
0.541875
0.579375
0.56125
0.360625
0.3725
0.56
0.419375
0.361875
0.4275
0.404375
0.385625
0.35812499999999997
0.33625
0.41000000000000003
0.398125
0.346875
0.435625
0.33999999999999997
0.355
0.29625
0.3225
0.361875
0.43125
0.273125
0.3025
0.259375
0.345625
0.23375
0.279375
0.398125
0.349375
0.283125
0.368125
0.4575
0.250625
0.393125
0.23375
0.314375
0.288125
0.225
0.200625
0.30562500000000004
0.444375
0.21875
0.384375
0.2925
0.31
0.245625
0.290625
0.320625
0.37875000000000003
0.36
0.30625
0.295
0.145
0.27375
0.285625
0.306875
