pet
0.33090909090909093
0.3559090909090909
0.34954545454545455
0.31
0.2877272727272727
0.26545454545454544
0.39045454545454544
0.3427272727272727
0.30454545454545456
0.32636363636363636
0.4127272727272727
0.345
0.3513636363636363
0.39681818181818185
0.3577272727272727
0.3109090909090909
0.3322727272727273
0.2963636363636364
0.33272727272727276
0.37000000000000005
0.29045454545454547
0.31136363636363634
0.315
0.3718181818181818
0.4022727272727273
0.45999999999999996
0.3981818181818182
0.5122727272727272
0.385
0.41818181818181815
0.4318181818181818
0.4359090909090909
0.42772727272727273
0.3877272727272727
0.4727272727272727
0.4681818181818182
0.5081818181818182
0.5122727272727272
0.5245454545454545
0.5145454545454545
0.47409090909090906
0.44181818181818183
0.5718181818181818
0.5827272727272728
0.5572727272727273
0.5895454545454546
0.6136363636363636
0.5404545454545455
0.634090909090909
0.6559090909090909
0.6922727272727273
0.7045454545454546
0.7113636363636364
0.6131818181818182
0.5750000000000001
0.6986363636363637
0.7604545454545455
0.7336363636363636
0.7322727272727273
0.7918181818181819
0.8390909090909091
0.7350000000000001
0.8140909090909091
0.8477272727272727
0.8663636363636363
0.8109090909090909
0.8849999999999999
0.8845454545454546
1.015
0.9431818181818182
0.9213636363636364
0.9509090909090908
0.9527272727272728
0.9036363636363636
0.9059090909090909
0.9868181818181818
1.0672727272727274
1.1795454545454545
1.1113636363636363
1.0818181818181818
1.1395454545454546
1.1963636363636363
1.1354545454545455
1.1568181818181817
1.2895454545454546
1.2668181818181818
1.2895454545454546
1.3704545454545454
1.326818181818182
1.4145454545454546
1.3830434782608696
1.5017391304347825
1.296086956521739
1.4408695652173913
1.4060869565217389
1.6817391304347826
1.622608695652174
1.6960869565217391
1.58
1.7147826086956521
1.6908695652173913
1.6208695652173915
1.6165217391304347
1.6486956521739131
1.7352173913043476
1.91
1.7678260869565217
2.1134782608695653
1.8460869565217393
1.8143478260869563
1.8865217391304347
1.7356521739130435
1.9143478260869566
1.79
1.81
1.8982608695652172
2.0243478260869567
2.1334782608695653
2.066086956521739
2.117391304347826
2.2930434782608695
2.4269565217391302
2.402173913043478
2.3465217391304347
2.101304347826087
2.077391304347826
2.342608695652174
2.22
2.302608695652174
2.001304347826087
2.3126086956521736
2.5578260869565215
2.280869565217391
2.294782608695652
2.364347826086956
2.2
2.134782608695652
2.2743478260869567
2.388695652173913
2.216521739130435
2.2891304347826087
2.336086956521739
2.5343478260869565
2.445217391304348
2.4995652173913046
2.3460869565217393
2.2221739130434783
2.462608695652174
2.451304347826087
2.79
2.9426086956521744
2.7256521739130433
2.5243478260869567
2.6078260869565217
2.6252173913043477
2.7517391304347827
2.384782608695652
2.8256521739130434
2.929130434782609
2.969130434782609
2.6856521739130432
2.657826086956522
2.3486956521739133
2.566521739130435
2.5643478260869568
2.82
2.899130434782609
2.7021739130434783
2.7313043478260868
2.7330434782608695
2.931304347826087
2.743913043478261
2.785217391304348
2.9452173913043476
2.9065217391304343
2.8747826086956523
2.827826086956522
2.7621739130434784
2.8313043478260873
2.9743478260869565
2.77
2.6982608695652175
2.597391304347826
2.6517391304347826
2.4669565217391307
2.5743478260869566
2.5604347826086955
2.623913043478261
2.643913043478261
2.856521739130435
2.736521739130435
2.9404347826086954
2.8060869565217392
2.707826086956522
2.845652173913044
2.5682608695652176
2.8286956521739133
2.7469565217391305
2.79
2.8491304347826087
2.687826086956522
2.766521739130435
2.686086956521739
2.7256521739130433
2.7647826086956524
3.0117391304347825
2.430869565217391
2.5543478260869565
2.618695652173913
2.405217391304348
2.614782608695652
2.3052173913043474
2.181304347826087
2.6539130434782607
2.5408695652173914
2.1478260869565218
2.569130434782609
2.243478260869565
2.43
2.6495652173913045
2.4930434782608697
2.260869565217391
2.3865217391304347
2.3117391304347827
2.006086956521739
2.09304347826087
2.3069565217391306
2.3604347826086958
2.168695652173913
2.0834782608695654
2.1317391304347826
2.057391304347826
1.9778260869565218
2.2352173913043476
1.9473913043478261
1.893478260869565
1.8804347826086956
1.9865217391304346
2.2156521739130435
2.0104347826086957
1.827391304347826
1.7417391304347827
1.874782608695652
1.9686956521739132
1.7578260869565216
1.671304347826087
1.8843478260869566
1.6113043478260871
1.6995652173913045
1.7878260869565217
1.6330434782608696
1.7421739130434784
1.7378260869565216
1.5647826086956522
1.6365217391304347
1.7052173913043478
1.5739130434782609
1.5034782608695652
1.6352173913043477
1.5439130434782609
1.3830434782608696
1.346521739130435
1.3221739130434782
1.4421739130434783
1.311304347826087
1.3356521739130434
1.381304347826087
1.1843478260869564
1.0621739130434782
1.0578260869565217
1.1743478260869564
1.1582608695652175
1.0330434782608697
1.095909090909091
1.055
1.0686363636363636
1.139090909090909
1.041818181818182
1.020909090909091
0.9754545454545455
0.9213636363636364
0.9068181818181817
0.97
0.8686363636363637
0.8222727272727273
0.7377272727272728
0.7740909090909092
0.7318181818181819
0.7368181818181818
0.9231818181818181
0.9109090909090909
0.8236363636363637
0.735909090909091
0.7827272727272727
0.7331818181818182
0.7654545454545455
0.6836363636363636
0.7831818181818182
0.7745454545454545
0.7390909090909091
0.6772727272727272
0.6318181818181818
0.5909090909090909
0.6654545454545455
0.5681818181818182
0.5759090909090909
0.5390909090909091
0.4904545454545455
0.5377272727272727
0.52
0.5136363636363637
0.46181818181818185
0.4968181818181818
0.41727272727272724
0.45772727272727276
0.45454545454545453
0.4622727272727273
0.4709090909090909
0.305
0.32136363636363635
0.3768181818181818
0.3618181818181818
0.34500000000000003
0.3422727272727273
0.30000000000000004
0.2827272727272727
0.315
0.3077272727272727
0.30863636363636365
0.35818181818181816
0.3140909090909091
0.36772727272727274
0.3190909090909091
0.3281818181818182
0.3322727272727273
0.39045454545454544
0.40136363636363637
0.36772727272727274
0.41818181818181815
0.33090909090909093
0.5045454545454545
0.29954545454545456
0.3618181818181818
0.3422727272727273
0.30727272727272725
0.24045454545454545
0.26227272727272727
0.3440909090909091
0.2809090909090909
0.32863636363636367
0.1981818181818182
0.2081818181818182
0.20954545454545456
0.2322727272727273
0.2240909090909091
0.21181818181818182
0.23590909090909087
0.37772727272727274
0.28454545454545455
0.32545454545454544
0.35863636363636364
0.2531818181818182
0.28500000000000003
0.21636363636363634
0.30000000000000004
