temperature
4.293636363636364
3.746818181818182
3.6204545454545456
3.5181818181818185
4.570454545454545
3.966818181818182
4.207727272727272
4.258181818181819
4.103181818181818
4.557272727272728
4.698181818181818
5.317272727272727
5.098181818181818
4.458181818181818
5.195909090909091
4.536818181818182
4.512727272727273
4.467727272727273
4.675
4.289090909090909
3.7922727272727275
3.74
3.5845454545454545
3.714090909090909
3.950909090909091
3.495
3.5504545454545453
3.6240909090909095
3.669545454545455
3.4604545454545454
3.492272727272727
3.773181818181818
3.497272727272727
3.55
4.591818181818182
4.662272727272727
4.411363636363636
3.9954545454545456
3.558181818181818
3.6463636363636365
3.9645454545454544
4.69
4.9795454545454545
4.420454545454546
3.5518181818181818
4.039090909090909
3.9154545454545455
4.006363636363637
3.995
4.154545454545455
3.6822727272727276
3.819090909090909
4.256363636363637
4.445454545454545
4.56
4.588181818181818
4.628636363636364
4.462272727272727
4.185
3.977727272727273
3.565909090909091
3.7113636363636364
3.669545454545455
3.8545454545454545
4.676363636363636
5.426363636363636
5.575
5.432272727272728
5.510909090909091
5.240909090909091
4.952272727272727
4.459090909090909
4.926363636363636
5.722727272727273
5.622727272727273
6.026363636363637
5.426818181818182
4.994545454545454
5.072727272727272
5.518636363636364
5.798181818181818
6.122272727272727
6.213181818181818
6.568181818181818
6.194090909090909
5.702272727272727
5.898636363636364
6.331818181818182
6.530454545454545
6.774090909090909
6.971739130434782
6.949130434782609
6.556956521739131
6.3500000000000005
6.35695652173913
6.9769565217391305
6.112608695652174
6.149130434782609
6.650434782608696
6.767826086956521
6.5200000000000005
6.477826086956522
6.5004347826086954
6.947391304347826
7.020434782608696
7.194782608695652
7.329130434782608
6.970434782608695
6.617826086956522
7.124347826086957
7.947391304347826
8.343478260869565
8.769565217391303
8.768695652173914
8.837391304347825
8.710434782608695
8.728695652173913
8.865217391304348
8.739565217391304
8.845217391304347
9.086521739130434
9.382173913043477
9.269565217391303
9.163913043478262
9.220869565217392
9.078260869565218
9.477826086956522
9.465652173913044
9.41
9.764782608695652
10.28217391304348
9.910434782608695
9.63304347826087
9.56608695652174
9.918695652173913
10.113043478260868
9.84086956521739
9.718260869565217
10.005217391304347
10.058695652173913
10.23391304347826
10.425217391304347
10.922608695652174
11.000869565217391
10.791739130434783
10.651304347826086
10.849565217391303
10.776521739130434
11.012173913043478
11.59086956521739
11.691304347826087
11.867826086956521
12.38391304347826
12.140434782608697
11.80782608695652
11.774347826086956
12.118260869565216
12.037826086956523
12.089565217391305
12.432173913043478
12.41391304347826
12.219565217391304
11.952173913043477
11.997391304347826
12.417391304347827
12.547826086956523
12.990869565217393
13.34
13.320434782608697
13.466521739130435
13.111304347826087
12.567826086956522
12.797826086956523
13.014347826086956
13.05913043478261
13.51478260869565
13.623913043478263
13.593043478260869
13.861739130434783
14.258695652173913
14.182173913043478
14.27695652173913
14.097826086956522
14.152608695652173
14.021739130434783
13.77913043478261
13.597826086956522
13.862173913043478
13.98608695652174
14.10304347826087
14.709130434782608
14.323478260869566
14.335217391304347
14.191739130434781
14.39608695652174
14.561304347826088
14.65608695652174
14.365217391304347
14.840434782608694
15.257826086956522
14.899565217391304
14.57695652173913
14.53217391304348
14.901739130434782
14.898695652173913
15.223478260869564
15.114347826086956
15.144347826086957
15.119130434782608
15.093043478260869
14.824782608695653
14.730869565217391
15.162173913043478
15.209999999999999
15.220434782608695
15.11
15.362608695652176
15.042608695652175
14.952173913043477
14.784782608695652
15.05391304347826
14.990869565217393
15.28086956521739
14.81086956521739
14.297391304347824
14.502173913043478
14.520434782608698
14.381304347826086
14.600434782608696
14.502173913043478
14.700000000000001
14.82521739130435
14.527391304347827
14.668260869565218
14.434347826086958
13.794347826086955
13.885652173913044
14.28391304347826
13.626521739130435
13.332173913043478
13.292608695652175
13.563478260869564
13.683913043478261
13.320434782608697
13.433913043478261
13.884347826086955
13.538695652173912
13.482173913043477
13.438260869565216
13.308260869565219
13.10608695652174
13.057391304347826
13.36608695652174
13.496086956521738
12.85086956521739
12.700000000000001
12.160869565217391
11.949130434782608
11.806521739130435
11.849565217391305
12.338260869565216
12.659565217391306
12.61826086956522
12.493478260869566
12.179565217391303
11.964782608695652
11.727391304347828
11.416956521739133
11.610869565217392
11.666086956521738
12.105652173913043
12.098260869565218
12.404347826086957
12.383636363636363
11.45409090909091
11.299545454545454
10.459090909090909
10.411818181818182
10.747272727272728
10.407272727272728
11.237727272727271
11.102272727272727
10.97090909090909
10.809545454545455
10.450000000000001
10.047727272727274
9.965909090909092
10.119545454545454
10.025
9.492727272727272
9.073181818181817
9.209545454545454
8.740909090909092
9.461818181818181
9.372727272727273
9.460909090909091
9.6
9.362727272727273
9.580454545454545
9.686363636363636
9.064545454545454
8.935
9.402272727272727
9.190454545454545
8.344545454545456
8.184545454545455
8.277727272727272
7.914545454545455
8.366363636363637
7.895454545454545
7.574545454545455
8.063181818181818
7.276818181818182
7.386363636363637
7.75
7.489545454545455
7.612272727272727
7.028636363636363
6.74
6.358181818181818
6.515454545454546
6.511818181818182
5.944999999999999
6.011363636363637
5.78090909090909
5.533181818181818
5.403636363636363
6.126363636363636
5.792727272727273
6.082272727272727
5.945909090909091
5.823636363636364
5.722727272727273
5.666818181818182
5.208181818181818
5.3131818181818184
5.195909090909091
5.3149999999999995
5.129090909090909
5.003636363636364
4.764545454545455
4.817727272727272
4.824545454545454
4.934545454545455
4.748181818181818
4.928181818181819
4.785454545454545
4.1463636363636365
3.8740909090909095
4.1459090909090905
3.7827272727272727
3.9790909090909095
3.8150000000000004
3.105909090909091
4.2263636363636365
4.139545454545455
4.791818181818182
4.911363636363636
4.025454545454545
3.6459090909090914
3.713636363636364
3.2709090909090914
3.4786363636363635
4.002727272727273
4.033181818181818
