temperature
3.8747368421052633
3.9421052631578943
3.9721052631578946
4.353684210526316
4.527368421052631
4.512631578947368
3.4468421052631575
3.678421052631579
4.224736842105263
4.601578947368421
3.9694736842105263
3.3610526315789473
3.3021052631578947
3.1842105263157894
3.547894736842105
4.187368421052632
3.917894736842105
3.1110526315789473
3.8652631578947365
4.112631578947369
4.42
4.894736842105263
4.706842105263158
4.07
3.906315789473684
3.6731578947368426
3.617368421052632
4.238421052631579
4.596842105263158
3.9578947368421056
4.021052631578947
4.360526315789474
4.0063157894736845
4.348421052631579
4.883684210526316
4.872105263157894
5.503157894736842
4.915789473684211
4.233157894736842
4.08578947368421
3.5678947368421055
3.4373684210526316
3.8273684210526313
3.2963157894736845
2.4373684210526316
2.973157894736842
3.0457894736842106
3.595263157894737
3.711578947368421
3.322631578947368
3.1336842105263156
3.439473684210526
3.5900000000000003
3.99
4.239473684210526
3.793157894736842
3.9926315789473685
4.63421052631579
5.372631578947368
5.3052631578947365
5.193157894736842
5.215263157894737
4.854736842105263
5.457894736842105
5.928421052631579
6.67
6.113684210526316
5.8921052631578945
6.505263157894737
6.67157894736842
6.277894736842105
6.24578947368421
6.334736842105263
6.428421052631579
5.879473684210526
6.728421052631579
6.538947368421052
6.68
5.9447368421052635
6.095263157894737
6.611052631578947
6.546315789473684
7.3978947368421055
7.3784210526315785
6.898947368421053
6.866842105263157
6.772105263157894
6.6889473684210525
7.360526315789474
7.351052631578947
7.841052631578947
7.166315789473684
6.657368421052632
6.3661111111111115
6.202777777777778
6.626666666666667
7.336666666666667
7.719444444444444
7.500555555555555
8.246666666666666
8.365555555555556
8.213888888888889
7.890555555555555
8.096666666666668
8.54
9.009444444444444
8.567777777777778
8.278333333333332
8.464444444444446
8.903333333333332
8.392777777777777
9.51611111111111
9.589444444444446
9.114444444444445
9.064444444444444
9.269444444444444
9.679444444444444
9.381666666666668
9.731666666666666
10.077222222222222
10.318888888888889
10.18888888888889
9.74
9.550555555555555
9.721666666666668
10.456666666666667
10.338888888888889
10.767777777777777
10.340555555555556
10.03111111111111
10.562222222222223
11.144444444444444
11.493333333333332
11.893888888888888
12.245555555555555
11.92611111111111
11.89611111111111
11.236666666666666
11.367222222222221
12.407777777777778
11.809444444444445
12.131666666666668
12.62388888888889
12.817777777777778
12.908333333333333
12.965555555555556
12.40611111111111
11.968333333333334
12.241666666666667
13.06
13.267777777777777
13.715
13.588888888888889
13.372222222222222
13.47888888888889
13.228333333333332
13.867222222222223
14.133333333333333
13.837777777777777
13.897222222222222
13.651111111111112
13.76388888888889
13.583333333333334
13.774999999999999
14.722777777777777
14.290555555555557
14.481666666666667
14.42388888888889
14.437222222222223
14.815000000000001
15.154444444444444
14.83111111111111
14.808333333333334
14.508333333333335
14.60222222222222
14.811666666666667
15.778333333333332
16.16611111111111
15.543333333333331
16.008333333333333
15.966111111111111
15.898333333333333
15.660555555555554
15.729444444444445
15.949444444444445
16.762222222222224
16.741666666666667
16.501666666666665
16.814444444444447
17.030555555555555
16.622777777777777
17.294444444444444
17.099444444444444
17.453888888888887
17.603333333333335
17.607777777777777
17.297777777777778
16.22277777777778
16.449444444444442
16.802777777777777
17.065
17.37388888888889
17.300555555555555
17.329444444444444
17.35111111111111
17.397222222222222
17.358333333333334
17.72888888888889
17.977777777777778
18.07
18.00722222222222
18.234444444444442
17.430555555555557
17.471111111111114
17.93777777777778
17.716666666666665
17.237222222222222
17.205555555555556
16.688333333333333
17.270555555555557
17.435
17.905
17.04111111111111
17.015555555555554
16.576666666666668
17.142777777777777
17.56722222222222
17.048333333333332
16.72
16.77777777777778
17.502222222222223
17.691111111111113
17.69222222222222
17.63388888888889
16.09888888888889
15.597777777777777
15.875
16.35388888888889
15.705
15.74
15.770000000000001
15.947777777777778
15.781666666666666
15.61111111111111
15.67888888888889
15.423333333333334
15.270000000000001
14.854444444444445
14.332222222222223
14.512777777777778
15.06611111111111
15.073888888888888
15.087222222222222
14.51388888888889
14.782222222222222
14.056666666666667
13.56388888888889
13.945555555555556
14.117222222222221
14.634444444444446
14.758333333333333
14.555
14.047777777777778
14.252777777777778
13.747777777777777
13.467222222222222
13.533888888888889
13.140555555555556
13.425555555555555
13.388333333333334
13.095
13.117222222222221
13.450555555555557
13.42611111111111
12.79888888888889
12.679444444444444
12.708888888888888
12.413888888888888
11.976842105263158
12.018947368421053
11.85421052631579
12.573684210526316
12.636842105263158
12.07684210526316
11.99263157894737
12.507894736842106
11.221578947368421
11.459473684210526
10.387894736842105
10.428947368421053
10.620526315789473
10.62
10.583684210526316
10.398947368421053
10.207894736842105
9.525789473684211
9.92578947368421
10.13421052631579
10.535789473684211
10.313684210526317
9.791578947368421
9.358947368421052
9.412105263157896
9.602105263157895
9.82736842105263
9.368947368421052
9.371052631578948
8.628421052631579
8.049999999999999
7.370526315789474
8.42157894736842
8.996315789473684
8.563684210526317
8.47842105263158
8.627894736842105
8.118947368421052
7.490526315789474
6.530526315789474
6.998947368421052
6.903684210526315
6.756842105263158
7.383157894736843
7.148421052631579
6.11421052631579
5.787368421052632
6.25578947368421
6.6468421052631586
6.533157894736842
6.952105263157895
6.417894736842105
5.791578947368421
4.71
4.720526315789473
5.557368421052632
6.122105263157895
6.352631578947369
6.714210526315789
6.6968421052631575
6.180526315789473
5.11578947368421
5.141052631578947
4.971578947368421
4.833684210526316
4.474210526315789
4.506842105263158
4.7505263157894735
5.220526315789473
4.913157894736842
5.271578947368421
5.538947368421052
5.644736842105263
5.720000000000001
5.25421052631579
4.908421052631579
5.597368421052632
5.068421052631579
4.739473684210526
5.037368421052632
5.137894736842106
4.766842105263158
4.97578947368421
4.7084210526315795
4.912105263157895
4.17421052631579
4.113157894736842
