pet
0.43782608695652175
0.3539130434782609
0.3556521739130435
0.3030434782608696
0.21434782608695652
0.28695652173913044
0.24434782608695652
0.392608695652174
0.2991304347826087
0.3030434782608696
0.388695652173913
0.43913043478260866
0.3491304347826087
0.3739130434782609
0.24478260869565216
0.35130434782608694
0.3778260869565217
0.30434782608695654
0.43130434782608695
0.3352173913043478
0.31130434782608696
0.32304347826086954
0.3373913043478261
0.34521739130434786
0.32
0.3343478260869565
0.3226086956521739
0.29739130434782607
0.35695652173913045
0.3239130434782609
0.4017391304347826
0.4017391304347826
0.43173913043478257
0.39956521739130435
0.4860869565217391
0.4691304347826087
0.43478260869565216
0.5113043478260869
0.45869565217391306
0.39956521739130435
0.46043478260869564
0.4578260869565217
0.4330434782608696
0.47782608695652173
0.532608695652174
0.44217391304347825
0.468695652173913
0.38913043478260867
0.44130434782608696
0.47782608695652173
0.4982608695652174
0.552608695652174
0.6691304347826087
0.5986956521739131
0.5717391304347826
0.5078260869565218
0.5230434782608695
0.6021739130434782
0.6878260869565217
0.6508695652173914
0.6939130434782609
0.7865217391304348
0.8786956521739131
0.7991304347826087
0.8069565217391304
0.8134782608695652
0.777391304347826
0.8273913043478262
0.7878260869565218
0.8073913043478261
0.8817391304347827
0.8713043478260869
0.8004347826086956
0.8973913043478261
0.8604347826086957
0.9547826086956522
1.0317391304347827
0.9073913043478261
0.9730434782608696
1.0578260869565217
1.0247826086956522
1.0739130434782609
1.18
1.156086956521739
1.0943478260869566
1.2060869565217391
1.2121739130434783
1.3143478260869565
1.2230434782608695
1.0830434782608696
1.0377272727272728
1.2268181818181818
1.1409090909090909
1.1804545454545454
1.2345454545454546
1.1954545454545455
1.2331818181818182
1.279090909090909
1.3095454545454546
1.3822727272727273
1.3686363636363637
1.5463636363636366
1.4336363636363636
1.6604545454545454
1.669090909090909
1.633181818181818
1.6577272727272727
1.5936363636363637
1.6313636363636363
1.7868181818181819
1.6613636363636362
1.5104545454545453
1.7263636363636363
1.700909090909091
1.708181818181818
1.9236363636363636
1.8940909090909093
1.780909090909091
1.856818181818182
1.7363636363636366
2.0436363636363635
1.9218181818181819
1.905909090909091
1.9
1.8304545454545456
1.9745454545454544
1.8172727272727274
1.9836363636363636
2.0177272727272726
1.9354545454545453
2.169545454545455
2.0195454545454545
2.225
2.365
2.395
2.4454545454545453
2.3027272727272727
2.2745454545454544
2.4431818181818183
2.3004545454545453
2.3163636363636364
2.3745454545454545
2.055454545454545
2.3095454545454546
2.545909090909091
2.450909090909091
2.435
2.451363636363636
2.3754545454545455
2.535
2.2754545454545454
2.641363636363636
2.3659090909090907
2.5922727272727273
2.5404545454545455
2.340909090909091
2.185909090909091
2.4309090909090907
2.436818181818182
2.3945454545454545
2.4872727272727273
2.319545454545455
2.397727272727273
2.4172727272727275
2.8709090909090906
2.6677272727272725
2.4063636363636363
2.4672727272727273
2.5063636363636363
2.6768181818181818
2.764090909090909
2.394090909090909
2.617272727272727
2.4177272727272725
2.4268181818181818
2.570909090909091
2.6540909090909093
2.7227272727272727
2.751818181818182
2.9618181818181815
2.8136363636363635
2.3877272727272727
2.7804545454545457
2.6727272727272724
2.6981818181818182
2.755
3.0127272727272727
2.8068181818181817
2.7190909090909092
2.7604545454545453
2.507727272727273
2.7836363636363637
2.7190909090909092
2.479090909090909
2.4863636363636363
2.3822727272727273
2.5527272727272727
2.515909090909091
2.466818181818182
2.4881818181818183
2.6577272727272727
2.731818181818182
2.179090909090909
2.27
2.299090909090909
2.57
2.4131818181818185
2.475909090909091
2.460909090909091
2.5749999999999997
2.380909090909091
2.221818181818182
2.497272727272727
2.330454545454545
2.4359090909090906
2.34
2.291818181818182
1.9800000000000002
2.0195454545454545
2.095
2.243181818181818
2.2140909090909093
2.2881818181818185
2.15
1.9636363636363638
2.0145454545454546
2.1631818181818185
2.3122727272727275
2.2281818181818185
2.012272727272727
1.8277272727272729
2.0500000000000003
2.271818181818182
2.0640909090909094
1.9513636363636364
1.9268181818181818
1.8827272727272728
1.8681818181818182
1.8918181818181816
1.8327272727272728
1.7063636363636363
1.6645454545454543
1.695909090909091
1.9513636363636364
1.7686363636363636
1.63
1.7613636363636365
1.7595454545454545
1.735
1.430909090909091
1.5881818181818181
1.5131818181818182
1.5486363636363636
1.541818181818182
1.4122727272727273
1.5213636363636363
1.5077272727272728
1.385
1.3177272727272726
1.405
1.491818181818182
1.4222727272727271
1.3813636363636363
1.3618181818181818
1.1490909090909092
1.065
1.0804545454545453
1.0195454545454545
0.9372727272727274
0.9381818181818182
0.8963636363636364
0.9886363636363636
0.9550000000000001
1.075217391304348
0.9908695652173912
0.9543478260869565
0.8939130434782608
0.9273913043478261
0.8700000000000001
0.912608695652174
0.9043478260869565
0.7752173913043477
0.8921739130434783
0.8852173913043478
0.67
0.6452173913043479
0.6460869565217391
0.542608695652174
0.5604347826086957
0.7165217391304348
0.6673913043478261
0.7434782608695653
0.6269565217391304
0.7008695652173913
0.6178260869565217
0.6678260869565217
0.4956521739130435
0.5534782608695652
0.5682608695652174
0.61
0.43782608695652175
0.5726086956521739
0.4895652173913043
0.561304347826087
0.5156521739130434
0.5273913043478261
0.42608695652173917
0.45913043478260873
0.4534782608695652
0.5908695652173913
0.3378260869565218
0.3708695652173913
0.47347826086956524
0.5195652173913043
0.5608695652173913
0.4678260869565217
0.5152173913043478
0.3521739130434782
0.4339130434782609
0.3491304347826087
0.41304347826086957
0.3365217391304348
0.4717391304347826
0.4773913043478261
0.26130434782608697
0.3530434782608696
0.358695652173913
0.5052173913043478
0.3630434782608695
0.33608695652173914
0.30173913043478257
0.3030434782608696
0.32608695652173914
0.2856521739130435
0.2569565217391304
0.31173913043478263
0.3308695652173913
0.40521739130434786
0.2856521739130435
0.3795652173913044
0.358695652173913
0.19347826086956524
0.1873913043478261
0.24478260869565216
0.22565217391304346
0.3347826086956522
0.37086956521739134
0.19521739130434784
0.28695652173913044
0.2647826086956522
0.2734782608695652
0.31086956521739134
0.2873913043478261
0.37478260869565216
0.25
0.2365217391304348
0.34347826086956523
0.2634782608695652
0.34652173913043477
0.2491304347826087
0.31782608695652176
0.40217391304347827
0.2434782608695652
0.4069565217391304
0.2960869565217391
