temperature
4.915789473684211
4.34
4.073157894736842
4.0
4.843157894736842
4.5942105263157895
4.820526315789474
5.0131578947368425
4.492105263157894
4.7094736842105265
4.976842105263158
5.556315789473683
5.7563157894736845
4.5405263157894735
5.424736842105264
4.6821052631578945
4.741578947368422
4.996842105263158
5.4926315789473685
5.1557894736842105
4.318947368421052
4.062105263157895
4.156315789473684
4.1078947368421055
4.585263157894737
4.032
4.0115
4.029999999999999
4.14
3.9230000000000005
4.042
4.0280000000000005
4.1315
4.1365
5.1645
5.143
4.9795
4.36
3.9539999999999997
4.1354999999999995
4.5455
5.1405
5.7435
4.987
4.3995
4.933999999999999
4.781000000000001
4.7025
4.6850000000000005
4.4515
4.2605
4.7715000000000005
5.0735
5.516
5.643
5.479
5.586
5.29
4.861
4.8495
4.536
4.578
4.5785
4.566
5.3335
6.462999999999999
6.4475
6.5215000000000005
6.420999999999999
6.111
5.9135
5.4174999999999995
5.816
6.933
7.18
7.4405
6.6345
6.093
6.281000000000001
6.58
6.7364999999999995
6.7535
6.8655
7.193
6.9425
6.7435
6.984999999999999
7.420999999999999
7.966500000000001
8.159
8.2865
8.458499999999999
8.1435
7.7780000000000005
7.8145
8.246500000000001
7.065
7.167
7.894
8.2185
7.721500000000001
7.465000000000001
7.523999999999999
8.311
8.4105
8.472
8.6205
8.213
7.784999999999999
8.436499999999999
9.5455
10.233
10.528
10.567
10.616
9.992
10.2415
10.307
9.8795
9.883
10.4795
10.401
10.407
10.237
10.483500000000001
10.456999999999999
10.881499999999999
10.975
11.11
11.402
11.4925
11.2085
11.027
11.064
11.6385
11.8995
11.635
11.817
11.991
12.23
11.911
11.892
12.325999999999999
12.5175
12.514
12.434000000000001
12.4675
12.495000000000001
12.8125
13.123500000000002
13.616
13.647
14.1945
13.8035
13.339500000000001
13.588
13.697
13.9385
13.986500000000001
14.440999999999999
14.1755
14.004499999999998
14.040000000000001
14.1595
14.325999999999999
14.369499999999999
14.891499999999999
15.3245
15.364
15.4345
15.188999999999998
14.605
14.621
15.016499999999999
14.912
15.175
15.371500000000001
15.286000000000001
15.371
15.806999999999999
15.63
16.0245
16.0865
16.049500000000002
16.112000000000002
15.791
15.816999999999998
15.887
15.673499999999999
15.919
16.2315
15.959
16.009
15.982
16.3
16.5315
16.634999999999998
16.1955
16.7405
17.1195
16.773
16.3945
16.4745
16.929
16.8555
16.89
16.93
17.2205
17.236
17.182
16.741
16.6415
17.165
16.919999999999998
16.8325
16.746000000000002
17.3065
17.351499999999998
17.073500000000003
16.9085
17.154
16.933500000000002
17.238999999999997
16.7175
16.3995
16.5505
16.781
16.310499999999998
16.474
16.3695
16.518
16.551499999999997
16.2595
16.261000000000003
16.207
15.5625
15.450999999999999
15.6755
15.213
14.945500000000001
15.007
15.0585
15.197
14.767
15.094999999999999
15.662
15.382
15.503
15.346
14.894
14.6695
14.5395
14.958000000000002
15.165000000000001
14.852
13.964000000000002
13.683000000000002
13.4365
13.341999999999999
13.118
13.5935
13.898
14.0565
13.837
13.374500000000001
13.276499999999999
12.995
12.7055
12.788
13.230500000000001
13.7195
13.667000000000002
13.8375
13.727368421052631
12.641052631578948
12.457368421052632
11.68157894736842
11.517894736842106
11.841052631578947
11.106315789473685
11.994210526315788
12.066842105263158
11.971578947368421
11.82736842105263
11.200000000000001
11.026842105263157
11.06842105263158
11.033157894736842
10.941052631578946
10.552631578947368
9.952105263157895
10.168421052631578
9.406315789473684
10.533684210526316
10.452105263157895
10.426315789473684
10.543684210526317
10.514736842105263
10.448421052631579
10.691052631578946
10.194736842105263
9.63
10.039473684210526
9.911052631578947
9.293157894736842
9.212105263157895
9.316842105263158
8.40421052631579
8.926315789473684
8.546315789473685
8.291052631578948
8.575263157894737
7.448947368421052
7.721578947368421
8.19421052631579
7.827894736842104
7.812105263157895
7.073157894736841
6.994210526315789
6.757894736842106
7.066315789473684
6.98578947368421
6.293684210526315
6.334210526315789
6.362105263157894
6.025263157894737
5.847368421052631
6.280526315789474
5.9731578947368416
6.391578947368421
6.533157894736843
6.480526315789473
6.343684210526316
6.156315789473684
5.616842105263157
5.271578947368421
4.921052631578948
5.2563157894736845
5.49578947368421
5.361052631578947
5.187894736842106
5.043157894736842
5.076315789473685
5.028421052631579
4.886315789473684
4.991578947368422
5.158421052631579
4.8236842105263165
4.585789473684211
4.6010526315789475
3.835263157894737
3.7647368421052634
3.581052631578947
3.0178947368421056
4.331052631578947
4.574736842105263
5.657368421052632
6.250526315789474
5.1821052631578945
4.472105263157895
4.38421052631579
3.5752631578947365
3.4489473684210528
4.354736842105263
4.4947368421052625
