temperature
3.5578260869565215
3.579565217391304
3.32695652173913
3.65695652173913
3.9269565217391307
4.339565217391304
3.253913043478261
3.8047826086956524
4.189565217391304
4.0260869565217385
3.5813043478260873
2.7817391304347825
2.483478260869565
2.579565217391304
3.3752173913043477
3.5778260869565215
2.9726086956521742
2.4478260869565216
3.15695652173913
3.281304347826087
3.9034782608695653
4.165217391304347
4.142608695652174
4.066521739130435
3.6273913043478263
3.4695652173913043
3.1482608695652172
3.2330434782608695
3.316956521739131
2.966086956521739
2.904347826086956
3.135217391304348
3.4791304347826086
3.8404347826086958
3.8991304347826086
4.26
4.57
4.472173913043478
4.130000000000001
3.577826086956522
2.991304347826087
2.757391304347826
2.970869565217391
2.725217391304348
2.1408695652173915
1.9386956521739132
2.0017391304347827
2.622608695652174
2.818695652173913
2.966521739130435
2.889130434782609
3.502608695652174
3.990869565217391
4.032173913043478
4.114782608695652
3.3443478260869566
3.816521739130435
3.816521739130435
4.074782608695652
4.5291304347826085
4.761304347826087
4.834347826086956
4.68
4.883478260869565
5.11
5.581739130434783
5.586956521739131
5.421304347826087
5.779130434782609
6.083913043478261
5.698695652173913
5.762608695652173
5.5517391304347825
5.668260869565217
5.275217391304348
5.900869565217391
6.0056521739130435
6.098695652173913
5.866521739130435
5.997826086956521
5.937391304347826
5.721304347826087
6.060869565217391
6.501304347826087
6.005217391304348
6.376086956521739
6.085217391304348
6.106521739130434
6.360434782608695
6.321304347826087
7.365
7.07590909090909
5.982727272727273
5.825
5.951818181818182
6.058636363636364
6.549090909090908
6.3968181818181815
6.444090909090909
6.906818181818181
7.335454545454545
7.840454545454546
7.489545454545455
7.707272727272727
8.052272727272728
8.243181818181817
7.697727272727272
7.725
8.425454545454546
8.37
8.266818181818183
9.081363636363635
8.516363636363637
7.8977272727272725
8.006818181818183
7.899090909090909
7.922272727272727
7.954999999999999
8.228181818181818
8.59681818181818
8.885
8.69590909090909
9.101818181818182
9.235909090909091
9.482272727272727
9.795
10.082727272727272
10.85
10.32318181818182
10.27
10.562727272727273
10.41
11.260454545454545
10.884090909090908
11.246363636363636
11.17590909090909
11.062272727272727
11.146818181818182
11.389545454545454
12.080454545454545
11.90227272727273
11.66909090909091
12.065454545454545
12.073636363636364
12.210909090909091
12.359090909090908
12.217727272727274
11.767272727272728
11.981363636363636
12.085
12.38090909090909
12.941363636363635
12.87590909090909
13.05181818181818
12.879090909090907
12.922272727272729
13.041818181818183
13.026363636363635
13.197727272727274
13.317272727272728
13.226363636363637
13.262727272727274
13.405454545454546
13.606818181818182
13.947272727272725
13.610000000000001
13.962727272727273
14.12909090909091
13.572272727272725
14.419090909090908
14.415
14.313181818181818
14.354545454545455
14.186363636363637
14.335454545454546
14.77
15.099545454545455
14.830909090909092
14.777727272727274
14.99409090909091
15.30409090909091
15.516363636363637
15.639999999999999
15.417272727272728
15.907272727272726
16.586363636363636
16.61
16.549090909090907
16.88590909090909
16.527727272727272
16.47772727272727
16.62590909090909
16.06954545454545
16.599999999999998
16.470454545454547
16.762727272727272
16.204090909090908
16.05
15.917272727272728
16.045909090909092
16.606363636363636
16.116818181818182
16.124545454545455
16.195454545454545
15.880454545454546
16.200909090909093
16.661363636363635
16.69681818181818
16.96090909090909
17.133181818181818
17.210454545454546
17.01681818181818
16.53090909090909
16.57181818181818
16.825909090909093
16.55909090909091
16.417272727272728
16.47863636363636
15.796363636363635
16.350909090909088
16.51409090909091
16.385454545454547
16.28318181818182
16.352272727272727
16.612727272727273
17.137727272727272
17.347727272727273
16.53909090909091
16.051363636363636
15.992272727272727
16.169090909090908
16.507727272727273
16.412272727272725
16.26590909090909
15.200454545454544
15.567272727272728
15.622272727272728
15.793636363636363
15.181818181818182
15.614545454545453
15.856818181818182
15.55181818181818
14.70909090909091
15.385909090909092
15.007727272727273
14.932272727272727
14.65181818181818
14.663181818181817
14.30318181818182
14.429545454545455
14.642272727272728
14.516363636363637
14.39409090909091
13.79
13.94181818181818
13.384545454545453
13.046363636363635
13.31090909090909
13.567272727272728
13.870454545454544
13.539090909090909
13.02909090909091
13.156818181818181
13.19818181818182
12.888181818181819
13.173636363636364
12.82
12.484090909090908
12.534090909090908
12.49409090909091
12.546818181818184
12.537727272727272
12.596363636363636
12.221739130434784
11.919565217391304
11.803478260869566
11.955217391304348
11.64913043478261
11.36608695652174
11.099565217391303
10.714782608695652
11.47
11.406521739130437
10.917391304347825
10.839565217391305
10.525217391304349
9.693478260869565
9.91304347826087
9.392173913043477
9.334347826086956
9.675652173913043
10.101739130434783
9.539130434782608
8.842173913043478
8.93695652173913
8.975217391304348
9.439565217391305
9.220434782608695
9.187391304347827
9.307391304347826
8.822608695652175
8.219565217391304
8.611739130434783
9.066521739130435
8.804347826086957
8.764782608695652
8.491739130434782
7.541304347826086
7.3786956521739135
6.725217391304348
7.393478260869566
7.966521739130434
7.526521739130436
7.337826086956523
7.611304347826087
6.471739130434782
5.966956521739131
5.382173913043478
5.7247826086956515
5.795217391304347
5.6747826086956525
6.207826086956522
6.021304347826088
5.1408695652173915
4.822608695652173
5.276521739130435
5.866086956521738
5.834782608695652
5.775652173913044
5.0343478260869565
4.673478260869565
4.369999999999999
3.9495652173913043
3.926086956521739
4.552608695652173
4.876956521739131
5.194782608695652
5.3878260869565215
5.391739130434783
4.814782608695652
4.648260869565218
4.102173913043478
3.9052173913043475
3.59304347826087
3.8656521739130434
3.866521739130435
3.8421739130434784
4.380434782608695
4.906521739130435
4.604782608695652
4.56391304347826
4.352173913043478
4.232608695652174
4.4943478260869565
5.227391304347826
4.543478260869565
4.785652173913044
4.787826086956522
4.823043478260869
4.570869565217391
4.661739130434783
4.643478260869565
4.651739130434782
3.63
3.3099999999999996
