pet
0.18
0.19772727272727272
0.28
0.24818181818181817
0.17727272727272728
0.17045454545454544
0.2740909090909091
0.2040909090909091
0.2509090909090909
0.27499999999999997
0.27045454545454545
0.32090909090909087
0.2513636363636364
0.26227272727272727
0.27181818181818185
0.20227272727272727
0.24863636363636363
0.2218181818181818
0.2786363636363636
0.25818181818181823
0.2459090909090909
0.255
0.21863636363636363
0.2931818181818182
0.2827272727272727
0.3004545454545455
0.31227272727272726
0.35045454545454546
0.2872727272727273
0.3
0.3336363636363636
0.3409090909090909
0.3431818181818182
0.3663636363636364
0.37227272727272726
0.35045454545454546
0.3977272727272727
0.38272727272727275
0.425
0.41318181818181815
0.3527272727272728
0.3563636363636364
0.40136363636363637
0.4022727272727273
0.3972727272727273
0.47409090909090906
0.465
0.34909090909090906
0.4018181818181818
0.48454545454545456
0.5331818181818182
0.535
0.5877272727272728
0.5872727272727273
0.5222727272727273
0.5836363636363636
0.6081818181818183
0.6036363636363636
0.6077272727272727
0.6036363636363636
0.6518181818181819
0.5750000000000001
0.6695454545454546
0.6890909090909091
0.7309090909090908
0.7504545454545455
0.7836363636363636
0.7927272727272728
0.884090909090909
0.8468181818181818
0.8604545454545455
0.8545454545454546
0.8409090909090909
0.8577272727272728
0.8413636363636364
0.9281818181818182
0.9577272727272728
0.9868181818181818
0.9181818181818181
0.9781818181818182
0.9354545454545454
0.9936363636363637
0.9713636363636364
0.9809090909090908
1.0604545454545453
1.0527272727272727
1.0845454545454545
1.1472727272727274
1.0686363636363636
1.2354545454545454
1.27
1.3036363636363637
1.174090909090909
1.2218181818181817
1.3686363636363637
1.4522727272727272
1.3509090909090908
1.4177272727272727
1.3704545454545454
1.5136363636363634
1.4536363636363636
1.4031818181818183
1.4272727272727272
1.4881818181818183
1.5259090909090909
1.656818181818182
1.5795454545454546
1.5668181818181817
1.5627272727272727
1.6486363636363637
1.6713636363636362
1.6018181818181818
1.770909090909091
1.7268181818181818
1.710909090909091
1.7281818181818183
1.8077272727272728
1.754090909090909
1.9345454545454546
1.829090909090909
1.971818181818182
2.024090909090909
2.1554545454545457
2.097272727272727
1.945909090909091
2.0522727272727272
2.117272727272727
2.12
2.1290909090909094
2.083636363636364
2.1304545454545454
2.188181818181818
2.1540909090909093
2.2027272727272726
2.105909090909091
2.0386363636363636
2.0686363636363634
2.152727272727273
2.2186363636363637
2.108181818181818
2.276818181818182
2.2927272727272725
2.4986363636363635
2.5504545454545453
2.5445454545454544
2.472272727272727
2.2163636363636363
2.3790909090909094
2.3477272727272727
2.5895454545454544
2.757727272727273
2.6131818181818183
2.446818181818182
2.534090909090909
2.255
2.474090909090909
2.2586363636363633
2.596818181818182
2.5527272727272727
2.640454545454545
2.619090909090909
2.64
2.4145454545454546
2.313181818181818
2.422727272727273
2.4604545454545454
2.5413636363636365
2.5931818181818183
2.595
2.5604545454545455
2.851818181818182
2.626818181818182
2.5604545454545455
2.6204545454545456
2.575454545454545
2.5045454545454544
2.7604545454545453
2.5004545454545455
2.7236363636363636
2.7072727272727275
2.4186363636363635
2.499090909090909
2.4563636363636365
2.4863636363636363
2.4145454545454546
2.555
2.351363636363636
2.4554545454545456
2.502272727272727
2.705
2.5354545454545456
2.6731818181818183
2.5427272727272725
2.596363636363636
2.710909090909091
2.700909090909091
2.768181818181818
2.5300000000000002
2.6427272727272726
2.4736363636363636
2.436818181818182
2.430454545454545
2.5736363636363637
2.5336363636363637
2.5422727272727275
2.5004545454545455
2.3922727272727276
2.6
2.3431818181818183
2.31
2.4431818181818183
2.244545454545454
2.1577272727272727
2.3631818181818183
2.4431818181818183
2.205909090909091
2.3613636363636363
2.227272727272727
2.122727272727273
2.239090909090909
2.2381818181818183
1.9259090909090908
2.0272727272727273
2.0009090909090905
1.9700000000000002
1.882272727272727
2.1609090909090907
2.0927272727272728
2.0977272727272727
1.8527272727272726
2.0359090909090907
1.9554545454545453
1.9368181818181818
2.066818181818182
1.7854545454545454
1.7840909090909092
1.7286363636363637
1.7772727272727273
1.8281818181818181
1.758181818181818
1.8595454545454544
1.6436363636363636
1.6022727272727273
1.5990909090909091
1.617727272727273
1.4859090909090908
1.6477272727272727
1.510909090909091
1.466818181818182
1.5431818181818182
1.4627272727272727
1.4595454545454545
1.4759090909090908
1.3463636363636364
1.3627272727272728
1.415
1.3490909090909091
1.25
1.2731818181818182
1.2068181818181818
1.1531818181818183
1.1409090909090909
1.1481818181818182
1.1827272727272726
1.1713636363636364
1.0668181818181817
1.039090909090909
0.9295454545454546
0.954090909090909
0.8763636363636365
0.92
0.9118181818181817
0.8650000000000001
0.9140909090909091
0.8222727272727273
0.88
0.9140909090909091
0.8504545454545455
0.8481818181818181
0.8022727272727272
0.7140909090909091
0.745909090909091
0.7831818181818182
0.6804545454545455
0.6081818181818182
0.5286363636363637
0.49636363636363634
0.49
0.4981818181818182
0.5636363636363636
0.5709090909090909
0.5390909090909091
0.5059090909090909
0.49227272727272725
0.46318181818181814
0.4395454545454545
0.4754545454545455
0.5659090909090909
0.5536363636363636
0.5336363636363637
0.47
0.4018181818181818
0.4522727272727272
0.4668181818181818
0.39499999999999996
0.36727272727272725
0.37545454545454543
0.31227272727272726
0.31681818181818183
0.3059090909090909
0.3245454545454545
0.3104545454545455
0.30818181818181817
0.22545454545454546
0.3172727272727273
0.27454545454545454
0.28363636363636363
0.3022727272727273
0.19136363636363637
0.2109090909090909
0.2281818181818182
0.2459090909090909
0.1731818181818182
0.22136363636363637
0.21181818181818182
0.15181818181818182
0.2081818181818182
0.20909090909090908
0.20954545454545456
0.2072727272727273
0.19954545454545453
0.19363636363636363
0.19863636363636364
0.23
0.21409090909090908
0.17045454545454544
0.24000000000000002
0.18500000000000003
0.25
0.22999999999999998
0.27545454545454545
0.20909090909090908
0.21545454545454545
0.225
0.14954545454545454
0.14454545454545456
0.16863636363636364
0.23318181818181818
0.21045454545454545
0.20318181818181816
0.19363636363636363
0.10772727272727273
0.1190909090909091
0.14
0.19090909090909092
0.14954545454545454
0.14636363636363636
0.2740909090909091
0.20636363636363636
0.16954545454545455
0.16318181818181818
0.15954545454545455
0.14863636363636365
0.15636363636363637
0.17181818181818181
