temperature
5.241739130434783
5.2495652173913046
5.176521739130435
5.595217391304348
5.925217391304348
5.923478260869565
5.30304347826087
5.776521739130434
5.7791304347826085
5.224782608695652
4.824782608695652
4.275217391304348
4.035652173913043
4.246521739130435
4.772608695652174
4.825652173913044
4.480869565217391
4.153913043478261
4.7904347826086955
5.206086956521739
5.57391304347826
5.558695652173912
5.719565217391305
5.55608695652174
5.245217391304348
5.059130434782609
5.174782608695652
5.240869565217391
4.779565217391305
4.46304347826087
4.27391304347826
4.730434782608696
5.079130434782608
5.192608695652174
5.274347826086957
5.6265217391304345
5.6213043478260865
5.7760869565217385
5.265217391304348
4.820434782608696
4.223478260869565
4.282173913043478
4.618260869565217
4.163043478260869
3.8813043478260867
3.5208695652173914
3.434347826086957
3.9752173913043483
4.044347826086956
4.1921739130434785
4.432608695652174
4.670869565217392
5.020434782608696
5.291304347826087
5.027391304347826
4.5056521739130435
4.977826086956522
5.460869565217391
5.379130434782609
5.567391304347827
5.759130434782609
5.638260869565218
5.56391304347826
5.443478260869566
6.0691304347826085
6.338695652173913
5.846521739130435
6.264347826086957
6.256521739130435
6.441739130434782
6.046086956521739
6.2965217391304344
6.001739130434783
6.346521739130435
6.024347826086957
6.207391304347826
6.009565217391304
6.091304347826087
6.073478260869565
6.218260869565218
6.420869565217392
6.23695652173913
6.396521739130435
6.7708695652173905
6.641739130434782
6.865217391304348
6.48695652173913
6.466956521739131
6.93608695652174
6.948695652173913
7.009545454545455
6.928181818181818
6.044545454545454
5.895
6.085
6.331363636363636
6.881818181818182
6.806363636363637
6.713181818181818
7.055454545454546
7.284090909090909
7.611818181818182
7.963181818181818
7.884545454545454
7.9359090909090915
8.223636363636363
7.966818181818183
7.704999999999999
8.549999999999999
8.217727272727272
8.252272727272727
8.807272727272727
8.861818181818181
8.477272727272727
8.196818181818182
7.995454545454546
8.30181818181818
8.32409090909091
8.438636363636364
8.56090909090909
8.700000000000001
8.462272727272726
9.087727272727273
9.225454545454546
9.237272727272726
9.524545454545454
9.409545454545453
9.779545454545454
9.767727272727273
9.560454545454546
9.97409090909091
10.125454545454545
10.430454545454545
10.590454545454547
10.605454545454545
10.392727272727273
10.759090909090908
11.181818181818182
11.02
11.706363636363637
11.725909090909092
11.546363636363637
11.549090909090909
11.766818181818183
12.093181818181819
11.796818181818184
11.927727272727275
11.423636363636364
11.735454545454546
11.620454545454546
11.836818181818181
11.773181818181818
12.05409090909091
12.478636363636362
12.184545454545455
12.38090909090909
12.167727272727273
12.058181818181817
12.25590909090909
12.751818181818182
12.360909090909091
12.752272727272727
12.928636363636365
12.661818181818182
12.910909090909092
13.109545454545453
13.427727272727275
13.327727272727271
13.287727272727272
13.65227272727273
13.915454545454544
13.960454545454546
14.002272727272727
13.688636363636363
13.667727272727273
14.090454545454547
14.208181818181817
14.10409090909091
13.997727272727273
14.250454545454545
14.484090909090908
14.29090909090909
14.600909090909092
14.623181818181818
15.227272727272727
15.72409090909091
15.376818181818182
15.44590909090909
15.672272727272729
15.610000000000001
15.488181818181818
15.52909090909091
15.689545454545454
15.735454545454546
15.425454545454546
15.662727272727274
15.410909090909092
15.096363636363636
15.175
15.313181818181818
15.930454545454547
15.764545454545454
15.283636363636363
15.361363636363636
15.437727272727273
15.447727272727274
15.807272727272727
15.812727272727273
16.072727272727274
16.048181818181817
16.39
15.82181818181818
15.44590909090909
15.541363636363638
16.00318181818182
15.308636363636365
15.340454545454547
15.44909090909091
15.156363636363636
15.135000000000002
15.475909090909092
15.384090909090908
15.384090909090908
15.485909090909091
15.60590909090909
15.709545454545456
16.03409090909091
15.431818181818182
15.263181818181819
15.200909090909091
15.47
15.651363636363635
15.65181818181818
15.752727272727272
15.085454545454546
15.35409090909091
15.362272727272728
15.482727272727272
15.468636363636364
15.242272727272727
15.035454545454543
14.761818181818182
14.66590909090909
14.693636363636363
14.625454545454545
14.42590909090909
14.02
14.341363636363637
14.207727272727272
14.319545454545453
14.52
14.374545454545455
14.013636363636364
13.620454545454544
13.631363636363636
13.515909090909092
13.187727272727273
13.6
13.585
13.51909090909091
13.378181818181817
13.214090909090908
12.950909090909091
13.056818181818182
12.601818181818182
12.915
12.789090909090909
12.81
12.469545454545454
12.582272727272727
12.732727272727272
12.533181818181818
12.469545454545454
12.338695652173914
11.894347826086957
12.175217391304347
12.129565217391304
11.944782608695652
11.582608695652173
11.744347826086956
11.22391304347826
11.556521739130435
11.586521739130434
11.045217391304348
11.080869565217391
10.771304347826087
10.479565217391304
10.77695652173913
10.314347826086957
10.018695652173914
10.196521739130436
10.669130434782607
10.259565217391303
9.89391304347826
9.750434782608696
9.819565217391304
9.935217391304347
9.913913043478262
10.288260869565217
10.033478260869567
9.82391304347826
9.571304347826088
9.826521739130435
10.019565217391305
9.943913043478261
9.958695652173914
9.003478260869565
8.72304347826087
8.388260869565217
8.246086956521738
8.998695652173913
9.079565217391306
8.506086956521738
8.597391304347827
8.677826086956522
7.769130434782609
7.387391304347826
7.32
7.312608695652174
7.3160869565217395
7.64
8.052173913043477
7.58
6.989130434782608
6.745652173913044
6.829130434782608
7.167826086956523
7.333478260869566
6.954782608695653
6.607391304347826
6.422173913043479
6.164347826086956
5.947391304347826
6.336086956521739
6.499130434782608
6.395217391304348
6.67
6.802608695652174
6.746086956521739
6.7556521739130435
6.978260869565218
5.937391304347826
5.458695652173913
5.447391304347827
6.063043478260869
6.236521739130435
6.310434782608695
6.630869565217391
6.72
6.331739130434783
6.232608695652174
6.025652173913044
5.892608695652174
6.2708695652173905
6.638260869565218
5.872173913043478
6.415652173913044
6.603913043478261
6.3704347826086964
6.367826086956522
6.112608695652174
5.698695652173913
5.8704347826086964
5.299565217391304
5.22608695652174
