temperature
3.5654545454545454
3.436363636363636
2.487727272727273
2.711818181818182
3.1827272727272726
3.247272727272727
2.9645454545454544
2.7545454545454544
2.564090909090909
2.4131818181818185
2.6604545454545456
2.155
1.9518181818181817
2.605
2.8736363636363635
2.9231818181818183
2.221363636363636
2.0772727272727276
2.9372727272727275
3.2927272727272725
3.7513636363636365
3.605
2.9099999999999997
3.0431818181818184
2.703181818181818
2.2936363636363635
2.213181818181818
2.0295454545454543
3.1509090909090904
3.293636363636364
2.888181818181818
2.915909090909091
3.4863636363636363
3.4131818181818185
3.592727272727273
3.8431818181818183
3.9299999999999997
3.2145454545454544
2.985
2.643181818181818
2.4963636363636366
2.0527272727272727
2.175909090909091
2.3104545454545455
2.000909090909091
1.4904545454545455
1.495
1.7868181818181819
2.5145454545454546
2.6995454545454547
2.955454545454545
3.0990909090909087
3.61
3.5731818181818182
3.5436363636363635
3.3322727272727275
3.4227272727272724
3.578181818181818
3.2781818181818183
3.6186363636363637
3.8863636363636362
3.9540909090909087
4.316363636363636
4.559545454545455
5.411818181818182
5.558636363636364
5.583181818181818
4.975909090909091
5.056818181818182
4.965454545454545
5.182727272727273
4.87
4.530454545454545
4.239545454545454
4.164090909090909
4.662727272727273
4.553181818181819
3.9045454545454548
4.127727272727273
3.955909090909091
4.3545454545454545
4.375
4.372727272727273
5.047727272727273
4.66
4.854090909090909
5.102727272727273
5.111363636363636
5.637727272727273
5.821363636363636
5.715454545454545
5.205454545454545
4.374545454545455
4.913181818181818
5.3113636363636365
5.344545454545455
5.323636363636364
4.952272727272727
5.204545454545454
5.788181818181818
6.004090909090909
6.403181818181818
5.975909090909091
6.344545454545455
6.863636363636363
7.044545454545454
6.883181818181819
6.803636363636364
7.170909090909091
7.244545454545454
7.4
7.229545454545455
7.181818181818182
7.332727272727272
7.218181818181819
7.293636363636364
7.227727272727273
7.286818181818182
7.584545454545454
7.707727272727272
7.520909090909091
7.23952380952381
7.329523809523809
7.755714285714286
7.904761904761905
8.081904761904761
8.292380952380952
8.710952380952381
8.20142857142857
8.346190476190477
9.077142857142857
8.716666666666667
9.303809523809523
9.030952380952382
9.532857142857143
9.393333333333334
9.42095238095238
10.027142857142858
9.866666666666665
9.976666666666667
10.129523809523809
9.993333333333334
10.404761904761905
10.97
10.960952380952381
10.94095238095238
10.855238095238096
10.482857142857144
10.524285714285714
10.72095238095238
10.86047619047619
11.299047619047618
11.364285714285714
11.55952380952381
11.6
11.51
11.486190476190476
11.831428571428571
11.844285714285714
12.22095238095238
11.735238095238095
11.72857142857143
11.835238095238095
11.532857142857143
11.933333333333334
12.002380952380953
12.205714285714285
12.47142857142857
12.525714285714287
12.908095238095237
13.161428571428571
12.61761904761905
12.554285714285713
12.53
12.476190476190476
12.832857142857144
12.884285714285713
12.834761904761907
12.852857142857143
13.042380952380952
13.583333333333334
13.27857142857143
13.373809523809525
13.57952380952381
14.145238095238096
14.377619047619048
14.444285714285714
14.761904761904763
14.386190476190476
14.185714285714285
13.833809523809524
14.328571428571427
14.244285714285715
14.195714285714287
14.353809523809524
13.953809523809522
14.076190476190478
13.535238095238096
13.880952380952381
14.230952380952383
14.58095238095238
13.965714285714284
13.905714285714286
14.018095238095238
13.895714285714286
14.354761904761904
14.692857142857143
14.992380952380952
15.035238095238096
15.22095238095238
14.116190476190477
14.049047619047618
14.099523809523811
14.516666666666667
14.319523809523808
13.953333333333333
14.128571428571428
14.054761904761904
14.22809523809524
13.984761904761905
14.088571428571429
13.789523809523809
14.025714285714287
14.19142857142857
14.264761904761905
14.377142857142857
14.422857142857143
14.223333333333333
13.520000000000001
13.62047619047619
13.783809523809524
14.078095238095237
13.96904761904762
13.488095238095237
13.306666666666667
13.798095238095238
13.604285714285714
13.547142857142857
13.600952380952382
13.384761904761904
14.036190476190475
13.109523809523811
12.911904761904761
13.403333333333334
12.841428571428573
12.77904761904762
12.590952380952382
12.385714285714286
11.985714285714286
11.90047619047619
12.47095238095238
12.257619047619047
11.869523809523809
11.653333333333332
11.404285714285715
11.375238095238094
11.198095238095238
11.32904761904762
11.45142857142857
12.127619047619048
11.585714285714285
11.147619047619047
11.64047619047619
11.282857142857143
10.784285714285714
11.119047619047619
10.796190476190477
10.364761904761904
9.801904761904762
9.823333333333332
10.295238095238094
10.858095238095238
10.44047619047619
10.526190476190477
10.597619047619048
10.32952380952381
10.532857142857143
10.048095238095238
9.775714285714285
9.522857142857143
9.374285714285715
9.852857142857143
8.97904761904762
8.846666666666668
8.774285714285714
8.376190476190477
8.483809523809523
8.278095238095238
8.076666666666666
7.676666666666667
7.877142857142856
7.748571428571428
7.895714285714286
7.651428571428572
7.48904761904762
7.669047619047619
7.796190476190477
7.9452380952380945
8.188095238095238
7.796666666666666
7.63
7.551904761904762
7.395714285714286
6.938095238095237
6.570952380952382
6.928571428571429
6.6552380952380945
6.491428571428571
6.188095238095237
6.087142857142857
6.367142857142857
6.491428571428571
6.654285714285715
6.311428571428571
6.211428571428572
5.5
4.975238095238096
4.794761904761905
5.221904761904762
5.074761904761904
4.927619047619048
5.216190476190476
4.862857142857143
3.924285714285714
4.1590476190476195
4.788571428571428
4.742857142857143
4.562380952380953
4.395238095238095
3.8914285714285715
3.4095238095238094
3.606190476190476
3.311428571428571
3.538095238095238
3.6814285714285715
4.329999999999999
4.78
4.5181818181818185
4.4399999999999995
4.196363636363636
3.091818181818182
3.0345454545454547
2.7972727272727274
2.980454545454545
3.269090909090909
3.2963636363636364
3.436818181818182
3.5813636363636365
3.8563636363636364
3.4490909090909088
2.995
3.0572727272727276
3.4354545454545455
3.2195454545454543
3.905
3.7486363636363635
3.8790909090909094
3.980909090909091
4.0631818181818184
3.895
3.4040909090909093
3.8763636363636365
3.3618181818181823
3.2186363636363637
3.3686363636363637
