pet
0.3530434782608695
0.29739130434782607
0.3656521739130435
0.26913043478260873
0.20130434782608694
0.2608695652173913
0.1834782608695652
0.3539130434782609
0.29695652173913045
0.25999999999999995
0.3530434782608696
0.3456521739130435
0.3365217391304348
0.3343478260869565
0.2360869565217391
0.27956521739130435
0.2856521739130435
0.29304347826086957
0.388695652173913
0.32608695652173914
0.28
0.28043478260869564
0.29347826086956524
0.30826086956521737
0.288695652173913
0.22391304347826088
0.2756521739130435
0.22869565217391302
0.30043478260869566
0.25521739130434784
0.3821739130434782
0.3652173913043478
0.3895652173913044
0.3721739130434783
0.4026086956521739
0.41304347826086957
0.3656521739130435
0.41043478260869565
0.41782608695652174
0.3204347826086957
0.4134782608695652
0.42260869565217396
0.37521739130434784
0.41173913043478255
0.45304347826086955
0.36869565217391304
0.3934782608695652
0.4034782608695652
0.39956521739130435
0.42347826086956525
0.44130434782608696
0.5460869565217391
0.6
0.5026086956521739
0.518695652173913
0.4856521739130435
0.4847826086956522
0.5439130434782609
0.6134782608695651
0.6060869565217392
0.6378260869565218
0.6504347826086957
0.7730434782608696
0.6565217391304348
0.6621739130434783
0.7156521739130435
0.7082608695652174
0.7434782608695653
0.7017391304347826
0.7317391304347826
0.76
0.7999999999999999
0.7334782608695652
0.8600000000000001
0.778695652173913
0.8534782608695651
0.9526086956521739
0.8434782608695651
0.9217391304347826
0.982608695652174
0.9360869565217392
0.9391304347826087
1.126086956521739
0.991304347826087
0.9708695652173912
1.087391304347826
1.1247826086956523
1.1952173913043478
1.1
1.0417391304347827
1.0250000000000001
1.1886363636363637
1.1977272727272728
1.1536363636363636
1.2154545454545456
1.173181818181818
1.2540909090909091
1.3045454545454545
1.2627272727272727
1.2836363636363635
1.205
1.3736363636363635
1.3781818181818182
1.5677272727272729
1.5659090909090911
1.5131818181818182
1.6050000000000002
1.4795454545454545
1.5195454545454545
1.6695454545454544
1.6118181818181818
1.4722727272727274
1.7331818181818184
1.7113636363636362
1.74
1.8763636363636365
1.854090909090909
1.6727272727272726
1.6936363636363636
1.6645454545454543
1.9936363636363637
1.9
1.8286363636363634
1.8859090909090908
1.8845454545454545
1.9490909090909092
1.794090909090909
1.9281818181818182
1.8518181818181818
1.916818181818182
2.1186363636363637
1.9822727272727272
2.257727272727273
2.3390909090909093
2.4068181818181817
2.4004545454545454
2.2859090909090907
2.1645454545454546
2.4054545454545457
2.3036363636363637
2.310909090909091
2.2745454545454544
2.122727272727273
2.3231818181818182
2.549545454545455
2.3995454545454544
2.4195454545454544
2.4145454545454546
2.3636363636363638
2.502727272727273
2.223181818181818
2.541818181818182
2.3313636363636365
2.557727272727273
2.4781818181818185
2.216818181818182
2.1999999999999997
2.33
2.3581818181818184
2.351363636363636
2.4054545454545457
2.2286363636363635
2.3268181818181817
2.2704545454545455
2.5704545454545453
2.555454545454545
2.433181818181818
2.3354545454545454
2.4431818181818183
2.5745454545454547
2.618181818181818
2.4077272727272727
2.54
2.265909090909091
2.346363636363636
2.4013636363636364
2.49
2.5863636363636364
2.515
2.6859090909090906
2.62
2.1504545454545454
2.5654545454545454
2.3986363636363635
2.4363636363636365
2.682272727272727
2.919545454545455
2.6204545454545456
2.5004545454545455
2.61
2.3595454545454544
2.591818181818182
2.449090909090909
2.255909090909091
2.414090909090909
2.138181818181818
2.441818181818182
2.268636363636364
2.385909090909091
2.2772727272727273
2.4886363636363638
2.5895454545454544
2.187727272727273
2.1436363636363636
2.135
2.307727272727273
2.1981818181818182
2.216818181818182
2.187727272727273
2.382727272727273
2.2404545454545453
2.045909090909091
2.2295454545454545
2.06
2.115
2.075454545454545
2.0304545454545457
1.8354545454545457
1.8236363636363635
1.9090909090909092
2.1168181818181817
2.0118181818181817
2.067272727272727
1.9272727272727272
1.7736363636363635
1.8550000000000002
1.8509090909090908
2.061818181818182
2.0086363636363633
1.8445454545454545
1.6868181818181818
1.8254545454545452
2.012272727272727
1.947272727272727
1.7359090909090908
1.7454545454545454
1.7286363636363637
1.7145454545454546
1.7031818181818181
1.6190909090909094
1.5468181818181819
1.5031818181818182
1.49
1.7613636363636365
1.596818181818182
1.4677272727272728
1.502727272727273
1.5509090909090908
1.4740909090909091
1.2104545454545454
1.3577272727272727
1.2831818181818182
1.3918181818181818
1.36
1.3168181818181817
1.2504545454545455
1.2340909090909091
1.2218181818181817
1.0968181818181817
1.1986363636363637
1.288181818181818
1.2440909090909091
1.1309090909090909
1.1727272727272728
0.9763636363636364
0.9645454545454545
0.9981818181818182
0.9340909090909091
0.8536363636363636
0.82
0.7604545454545455
0.8345454545454545
0.88
0.9495652173913044
0.9226086956521738
0.8904347826086957
0.7473913043478262
0.7882608695652173
0.7869565217391304
0.8260869565217391
0.7960869565217391
0.638695652173913
0.8152173913043478
0.7539130434782608
0.6226086956521739
0.5904347826086956
0.5482608695652174
0.4826086956521739
0.5134782608695653
0.6221739130434782
0.5765217391304348
0.698695652173913
0.5978260869565217
0.6221739130434782
0.551304347826087
0.5421739130434783
0.44434782608695655
0.4943478260869565
0.4947826086956522
0.5404347826086956
0.43913043478260866
0.5195652173913043
0.43217391304347824
0.5
0.45391304347826084
0.491304347826087
0.3282608695652174
0.3934782608695652
0.38913043478260867
0.5230434782608696
0.3126086956521739
0.33695652173913043
0.41608695652173916
0.43043478260869567
0.5060869565217392
0.42695652173913046
0.45478260869565224
0.2539130434782609
0.39217391304347826
0.2882608695652174
0.3434782608695652
0.26782608695652177
0.37478260869565216
0.3895652173913043
0.2217391304347826
0.29304347826086957
0.30043478260869566
0.43956521739130433
0.28608695652173916
0.25521739130434784
0.22478260869565217
0.25173913043478263
0.28608695652173916
0.25521739130434784
0.2543478260869565
0.2565217391304348
0.28956521739130436
0.33956521739130435
0.29608695652173916
0.35043478260869565
0.2995652173913043
0.12260869565217393
0.1317391304347826
0.19956521739130434
0.1956521739130435
0.27652173913043476
0.3669565217391304
0.1656521739130435
0.2521739130434783
0.26217391304347826
0.23478260869565218
0.2508695652173913
0.2673913043478261
0.29869565217391303
0.22695652173913042
0.23043478260869565
0.2856521739130435
0.2717391304347826
0.3104347826086956
0.2034782608695652
0.31173913043478263
0.3530434782608695
0.2039130434782609
0.3426086956521739
0.22869565217391302
