temperature
4.201818181818182
4.470909090909091
4.58
4.151818181818182
4.658181818181818
4.076363636363637
4.841818181818183
4.209090909090909
4.554545454545455
4.655454545454545
5.179090909090909
5.7
6.036363636363637
5.46909090909091
4.851818181818182
4.249090909090909
4.218181818181818
5.007272727272727
4.402727272727272
4.565454545454545
5.669090909090909
5.570909090909091
4.887272727272727
4.4363636363636365
3.7263636363636365
4.3136363636363635
4.073636363636364
4.094545454545455
3.8445454545454543
3.8318181818181816
3.6763636363636363
4.818181818181818
4.637272727272727
5.17
4.61090909090909
5.114545454545454
5.059090909090909
3.610909090909091
3.8927272727272726
3.789090909090909
4.679090909090909
5.912727272727272
5.40090909090909
5.222727272727273
4.782727272727272
5.058181818181819
4.721818181818182
4.714545454545455
4.822727272727272
4.172727272727273
3.9845454545454544
3.9990909090909095
4.008181818181819
4.374545454545454
3.147272727272728
3.869090909090909
3.6036363636363635
3.6118181818181823
2.9572727272727275
3.36
3.433636363636364
3.955454545454545
4.444545454545454
4.170909090909091
5.025454545454545
5.431818181818182
5.078181818181818
4.942727272727273
5.3500000000000005
5.274545454545454
5.361818181818182
6.146666666666666
5.6475
4.721666666666667
5.697500000000001
5.904166666666666
4.925833333333333
4.703333333333333
5.1241666666666665
5.1275
5.215
5.641666666666667
5.548333333333333
5.77
5.63
5.734166666666667
6.135000000000001
6.215
6.7316666666666665
7.135000000000001
7.026666666666666
6.735
6.026666666666666
5.785
6.3325
6.6241666666666665
6.7250000000000005
6.650833333333334
6.530833333333334
7.291666666666667
6.248333333333334
5.9675
5.924166666666667
6.404166666666666
6.64
7.420833333333333
6.859999999999999
6.1241666666666665
5.945833333333333
6.37
7.4316666666666675
7.73
8.255833333333333
8.308333333333334
7.936666666666667
7.635833333333333
7.2825
7.779166666666666
7.734166666666667
7.93
8.4325
8.086666666666668
8.191666666666666
8.1775
7.96
7.91
7.980833333333333
8.454166666666667
8.580833333333333
9.0325
8.834166666666667
9.1275
9.154166666666667
8.9975
8.944166666666666
9.030833333333334
9.046666666666667
8.8825
8.746666666666666
8.660833333333334
9.043333333333333
9.940833333333334
9.979166666666666
10.198333333333332
9.9725
9.500833333333334
9.61
9.9925
10.055
10.054166666666667
10.656666666666666
10.494166666666667
10.356666666666667
10.031666666666666
10.360833333333334
10.490833333333333
11.161666666666667
10.958333333333334
10.676666666666668
10.575000000000001
11.011666666666665
10.718333333333334
10.37
10.628333333333334
10.544166666666667
10.593333333333334
10.613333333333333
11.248333333333333
11.055
11.020000000000001
11.0075
10.906666666666666
10.681666666666667
11.177272727272728
11.946363636363635
12.404545454545454
12.613636363636363
12.388181818181819
12.758181818181818
12.024545454545455
11.397272727272728
11.241818181818182
11.874545454545455
12.392727272727273
12.19909090909091
11.450000000000001
11.558181818181819
11.871818181818183
12.457272727272727
13.018181818181818
12.943636363636363
13.27909090909091
12.378181818181817
12.305454545454545
12.595454545454546
12.41909090909091
12.912727272727272
12.92909090909091
12.82818181818182
13.481818181818182
13.92181818181818
13.42909090909091
13.416363636363638
13.509090909090908
13.182727272727272
13.234545454545456
13.58090909090909
13.83
13.802727272727271
14.015454545454547
13.774545454545455
14.043636363636363
14.261818181818182
14.037272727272727
14.1
14.203636363636365
14.07909090909091
14.007272727272726
13.462727272727273
13.159999999999998
13.496363636363638
13.811818181818182
13.918181818181818
13.5
13.684545454545455
13.675454545454546
13.460909090909091
13.82909090909091
13.955454545454545
13.421818181818184
13.97181818181818
13.766363636363637
13.272727272727273
12.660909090909092
12.567272727272728
12.435454545454546
12.663636363636364
12.647272727272728
12.888181818181819
12.861818181818181
12.556363636363637
12.34909090909091
12.775454545454545
12.909999999999998
13.275454545454545
12.816363636363635
12.23
12.662727272727272
12.304545454545455
12.409090909090908
12.082727272727272
12.023636363636363
12.503636363636362
11.893636363636364
11.379090909090909
11.363636363636363
11.132727272727273
11.192727272727273
11.044545454545455
11.129999999999999
11.219090909090909
11.642727272727273
11.644545454545455
12.03
11.326363636363636
11.21
11.469090909090909
11.513636363636364
10.906363636363636
10.594545454545454
10.74
11.038181818181819
11.001818181818182
10.311818181818182
10.592727272727272
9.885454545454547
9.796363636363637
9.987272727272726
10.021818181818183
10.171818181818182
10.878181818181817
10.738181818181818
9.57909090909091
9.266363636363637
9.466363636363637
9.268181818181818
9.992727272727272
9.47
8.58909090909091
8.602727272727272
8.55090909090909
8.158181818181818
7.431818181818182
8.074545454545454
8.210909090909091
8.058181818181819
8.487272727272726
8.294545454545455
7.883636363636364
7.989090909090908
7.781818181818181
7.547272727272727
7.904545454545455
7.904545454545455
7.834545454545454
7.319999999999999
7.94
7.71090909090909
8.394545454545455
7.242727272727273
7.938181818181818
7.053636363636364
6.907272727272726
7.013636363636365
6.7763636363636355
6.819999999999999
6.395454545454545
7.065454545454545
7.02
6.607272727272728
6.083636363636364
6.264545454545455
6.333636363636364
6.891818181818182
6.629090909090909
5.756363636363637
5.901818181818182
6.71
6.102727272727273
6.409090909090909
6.316363636363636
6.531818181818181
6.492727272727273
7.175454545454545
6.2272727272727275
6.99
6.247272727272727
4.960909090909091
5.267272727272727
5.78
5.968181818181819
5.873636363636364
6.409090909090909
6.094545454545454
5.24
5.046363636363636
4.208181818181818
4.590909090909091
4.454545454545454
4.83909090909091
5.005454545454546
3.8072727272727276
3.8200000000000003
3.387272727272727
3.6999999999999997
3.691818181818182
4.718181818181819
4.963636363636364
2.812727272727273
1.8227272727272728
2.578181818181818
2.0836363636363635
2.442727272727273
2.659090909090909
3.0336363636363632
