pet
0.21227272727272728
0.22636363636363638
0.1968181818181818
0.2459090909090909
0.23954545454545456
0.13681818181818184
0.25727272727272726
0.2581818181818182
0.2290909090909091
0.19590909090909092
0.24000000000000002
0.28
0.30136363636363633
0.23727272727272727
0.22772727272727272
0.25227272727272726
0.2
0.26545454545454544
0.22318181818181818
0.29954545454545456
0.2740909090909091
0.25
0.27136363636363636
0.2686363636363636
0.26772727272727276
0.35363636363636364
0.2827272727272727
0.4272727272727273
0.305
0.3281818181818182
0.36590909090909096
0.355
0.3668181818181818
0.3290909090909091
0.41363636363636364
0.3977272727272727
0.45045454545454544
0.4272727272727273
0.40545454545454546
0.41
0.40954545454545455
0.34590909090909094
0.42
0.49954545454545457
0.5031818181818182
0.49954545454545457
0.6
0.5018181818181818
0.5413636363636364
0.5554545454545455
0.5740909090909091
0.6390909090909092
0.6259090909090909
0.5931818181818181
0.5304545454545454
0.6268181818181818
0.7609090909090909
0.6877272727272726
0.5945454545454546
0.7
0.8413636363636364
0.7454545454545454
0.7395454545454545
0.8218181818181819
0.9227272727272727
0.7677272727272727
0.7690909090909092
0.8845454545454546
0.9372727272727274
0.8631818181818182
0.9904545454545454
0.9872727272727272
1.0204545454545455
0.9927272727272727
1.0445454545454547
0.8772727272727273
1.0222727272727272
1.1095454545454546
1.0404545454545455
1.0677272727272729
1.1772727272727272
1.133181818181818
1.1418181818181818
1.079090909090909
1.155909090909091
1.3095454545454546
1.3454545454545455
1.2372727272727273
1.179090909090909
1.3986363636363637
1.4365217391304348
1.578695652173913
1.4673913043478262
1.5078260869565216
1.4913043478260868
1.7208695652173913
1.5408695652173912
1.7969565217391303
1.5447826086956522
1.6556521739130434
1.6539130434782607
1.6982608695652175
1.647391304347826
1.6504347826086956
1.7465217391304348
1.825217391304348
1.94
2.197826086956522
1.702173913043478
1.8778260869565215
2.123913043478261
2.104782608695652
1.8778260869565215
1.8630434782608696
1.891304347826087
1.807391304347826
2.1004347826086955
2.1721739130434785
2.013478260869565
2.1182608695652174
2.2295652173913045
2.282608695652174
2.3578260869565217
2.2991304347826085
2.168695652173913
2.319130434782609
2.3004347826086957
2.2578260869565216
2.251304347826087
2.2960869565217394
2.4156521739130437
2.4930434782608693
2.3730434782608696
2.2943478260869568
2.471739130434783
2.3082608695652174
2.2343478260869567
2.192608695652174
2.5343478260869565
2.2286956521739127
2.3182608695652176
2.6047826086956523
2.8378260869565217
2.6247826086956523
2.7
2.546521739130435
2.2117391304347827
2.387826086956522
2.7686956521739132
2.786086956521739
3.007391304347826
2.8004347826086957
2.552608695652174
2.7065217391304346
2.5495652173913044
2.7730434782608695
2.524782608695652
2.82695652173913
3.045217391304348
2.734782608695652
2.8004347826086957
2.577391304347826
2.451304347826087
2.7195652173913043
2.7134782608695653
2.9095652173913042
2.813913043478261
2.8121739130434777
2.9847826086956526
3.152173913043478
3.098695652173913
3.0030434782608695
2.9113043478260865
3.1178260869565215
3.245217391304348
3.0556521739130433
3.0560869565217392
3.0226086956521736
3.0217391304347827
3.228695652173913
3.068260869565217
3.100869565217391
2.7704347826086955
2.8656521739130434
2.847826086956522
2.6430434782608696
2.7456521739130433
2.6982608695652175
2.6639130434782605
3.032608695652174
2.882608695652174
3.0969565217391306
2.7856521739130433
2.643478260869565
3.0578260869565215
2.933913043478261
2.7939130434782613
2.8504347826086955
3.0043478260869563
3.073478260869565
2.9569565217391305
3.073913043478261
3.0886956521739135
2.9669565217391303
3.113913043478261
3.1260869565217395
2.5882608695652176
2.610869565217391
2.8843478260869566
2.8517391304347828
2.9239130434782608
2.7278260869565214
2.7265217391304346
2.85
2.8417391304347825
2.5417391304347827
2.9895652173913048
2.5765217391304347
2.635652173913044
2.801304347826087
2.721304347826087
2.444782608695652
2.5495652173913044
2.4956521739130433
2.3860869565217393
2.300869565217391
2.465217391304348
2.4995652173913046
2.3269565217391306
2.362608695652174
2.388695652173913
2.3982608695652172
2.3169565217391304
2.1791304347826084
2.0378260869565215
2.0456521739130435
1.9269565217391305
1.8699999999999999
2.108695652173913
2.1804347826086956
2.0369565217391306
1.7947826086956522
2.022608695652174
1.9243478260869564
1.8734782608695653
1.837391304347826
2.0473913043478262
1.7630434782608695
1.7817391304347827
1.817826086956522
1.8143478260869568
1.798695652173913
1.804782608695652
1.5704347826086955
1.7321739130434781
1.682608695652174
1.5252173913043479
1.4739130434782608
1.622608695652174
1.5021739130434781
1.3769565217391304
1.2660869565217392
1.3130434782608695
1.4178260869565218
1.3082608695652174
1.2865217391304349
1.2934782608695652
1.1969565217391305
1.0530434782608695
1.1121739130434782
1.066521739130435
1.0247826086956522
0.9873913043478261
0.9827272727272728
0.9363636363636363
0.9681818181818183
0.9736363636363637
0.9090909090909091
0.965
0.8531818181818182
0.7813636363636364
0.8477272727272727
0.9263636363636363
0.8495454545454546
0.8004545454545454
0.6145454545454545
0.6404545454545455
0.6722727272727272
0.604090909090909
0.8368181818181818
0.685
0.6581818181818182
0.6554545454545454
0.6404545454545455
0.6163636363636363
0.6986363636363636
0.6363636363636364
0.6859090909090909
0.6304545454545454
0.6013636363636364
0.5231818181818182
0.4709090909090909
0.4636363636363636
0.4495454545454546
0.45
0.4272727272727273
0.4604545454545455
0.32681818181818184
0.34454545454545454
0.37772727272727274
0.3718181818181818
0.3731818181818182
0.28681818181818186
0.32181818181818184
0.31272727272727274
0.30454545454545456
0.2559090909090909
0.3868181818181818
0.17863636363636365
0.15409090909090908
0.1968181818181818
0.22227272727272726
0.20045454545454547
0.21818181818181817
0.19727272727272727
0.22772727272727272
0.2822727272727273
0.18681818181818183
0.20636363636363636
0.23545454545454544
0.19954545454545453
0.17272727272727273
0.20636363636363636
0.18
0.20909090909090908
0.25363636363636366
0.2959090909090909
0.2218181818181818
0.2768181818181818
0.24454545454545454
0.30272727272727273
0.14136363636363639
0.24863636363636363
0.15681818181818183
0.21409090909090908
0.18636363636363634
0.17681818181818182
0.2959090909090909
0.19636363636363638
0.1968181818181818
0.12636363636363634
0.09181818181818181
0.07136363636363637
0.09954545454545455
0.17045454545454544
0.1668181818181818
0.17227272727272727
0.27454545454545454
0.24181818181818182
0.2527272727272727
0.2427272727272727
0.22
0.18545454545454546
0.21045454545454545
0.17772727272727273
