temperature
5.551363636363636
4.833636363636364
4.737727272727273
4.794090909090909
5.31
5.194090909090909
5.167727272727273
5.472727272727273
5.114545454545454
5.399090909090909
5.451818181818182
5.824090909090909
6.342727272727273
5.380454545454545
6.02909090909091
5.464090909090909
5.429545454545455
5.445909090909091
5.971818181818182
5.304545454545455
5.199090909090909
5.086363636363637
5.024545454545454
4.484090909090909
4.612727272727273
4.404090909090909
4.180454545454546
4.586818181818182
4.726818181818182
4.402272727272727
4.357272727272727
4.510909090909091
4.297727272727273
4.500909090909091
5.844545454545454
5.705
5.61090909090909
4.933636363636364
4.660454545454545
4.427727272727273
5.059545454545455
5.441818181818181
5.8968181818181815
5.136818181818182
4.518636363636364
4.986818181818181
5.373181818181818
5.170454545454546
5.261818181818182
5.046363636363636
4.612272727272727
5.004090909090909
5.087727272727272
5.565
6.077272727272727
5.949545454545454
5.912727272727273
5.75
5.630454545454546
5.603181818181818
5.134545454545454
5.1036363636363635
5.125454545454545
5.262727272727273
5.760909090909091
6.612272727272727
6.874545454545455
6.915454545454545
6.610454545454545
6.486818181818182
6.4422727272727265
6.260454545454545
6.2731818181818175
7.421363636363637
7.506363636363636
7.580454545454546
7.16090909090909
6.347727272727273
6.373636363636364
6.6
6.943636363636363
7.185
7.406363636363636
7.532272727272727
7.284090909090909
7.148636363636364
7.228181818181818
7.882272727272727
8.231363636363637
8.531363636363636
8.702608695652174
8.790000000000001
8.410869565217391
8.317391304347826
7.978695652173912
8.611304347826087
7.522608695652174
7.661739130434783
7.816521739130435
8.49304347826087
8.421739130434782
8.10086956521739
8.077826086956522
8.457391304347826
8.72695652173913
8.790869565217392
9.062608695652173
8.78695652173913
8.315217391304348
8.953043478260868
9.778260869565218
10.340434782608696
10.581304347826087
10.761739130434783
10.855217391304349
10.709565217391305
10.78
10.880434782608695
10.833913043478262
10.93304347826087
11.062173913043479
11.028695652173912
10.883478260869564
10.55782608695652
10.883478260869564
11.106521739130436
11.51391304347826
11.564347826086957
11.566521739130433
12.26086956521739
12.361739130434783
11.816521739130433
11.579565217391304
11.60608695652174
11.504782608695653
12.178260869565218
12.108260869565218
11.815217391304348
12.141304347826088
12.312173913043479
12.269130434782609
12.371739130434783
12.956521739130435
13.269565217391303
13.32
13.125652173913043
12.84
12.79304347826087
12.966521739130435
13.513478260869565
13.711739130434783
13.79391304347826
14.46608695652174
14.025217391304347
13.623043478260868
14.02913043478261
14.277826086956521
14.563478260869564
14.384347826086955
14.60391304347826
14.584782608695651
14.242608695652173
14.470434782608695
14.538695652173912
14.887391304347828
14.679130434782609
15.153913043478262
15.539565217391303
15.643478260869566
15.798260869565217
15.686521739130436
15.254347826086958
14.998260869565216
15.367391304347825
15.637826086956522
15.73304347826087
16.00913043478261
16.274782608695652
16.24086956521739
16.601304347826087
16.423478260869565
16.621739130434783
16.594782608695652
16.666521739130435
16.68521739130435
16.25565217391304
16.246521739130436
16.28391304347826
16.284782608695654
16.614347826086956
16.549565217391304
16.700434782608696
16.405652173913044
16.38086956521739
17.028695652173912
17.347826086956523
17.43913043478261
17.07086956521739
17.03086956521739
17.64913043478261
17.534347826086957
17.481739130434782
17.227826086956522
17.610869565217392
17.891739130434782
17.78782608695652
17.555217391304346
18.07478260869565
18.195217391304347
18.093913043478263
17.66913043478261
17.54217391304348
17.94391304347826
17.843478260869563
17.773043478260867
17.716521739130435
18.13608695652174
18.06913043478261
18.010434782608694
17.702608695652174
17.847826086956523
17.74
17.945652173913043
17.624347826086957
17.05913043478261
17.024347826086956
17.439565217391305
17.13217391304348
17.13217391304348
17.49434782608696
17.576521739130435
17.442608695652176
17.25130434782609
17.11565217391304
16.94695652173913
16.34304347826087
16.444347826086958
16.852608695652176
16.07608695652174
15.47391304347826
15.453913043478261
15.88
16.051739130434783
15.561739130434784
15.778695652173914
16.10217391304348
15.879130434782608
15.853478260869565
15.95695652173913
15.741304347826087
15.661304347826086
15.559565217391304
15.578260869565218
15.64304347826087
15.410869565217391
14.422173913043478
14.295652173913044
13.973478260869564
14.107391304347825
13.588695652173914
14.055652173913044
14.464782608695652
14.46913043478261
14.403913043478262
14.187391304347827
14.010434782608696
13.897391304347826
13.379565217391304
13.5
13.886086956521739
13.94
13.93695652173913
14.20608695652174
14.388636363636364
13.517272727272728
13.037272727272727
12.532272727272726
12.136818181818182
12.796363636363635
11.949545454545454
12.949545454545454
13.215000000000002
13.106818181818182
12.842727272727274
12.188181818181818
12.157727272727273
11.718636363636364
11.513181818181819
11.299999999999999
11.357272727272727
10.34909090909091
10.745909090909091
10.554545454545455
11.311818181818182
11.467272727272727
11.399545454545454
11.455
11.401818181818182
11.389090909090909
11.332727272727272
10.817727272727273
10.584090909090909
10.784545454545453
10.685
9.950454545454546
9.748636363636363
10.146363636363636
9.388181818181819
9.463636363636363
9.16090909090909
9.067727272727273
9.338636363636363
8.538636363636364
8.646363636363636
9.114090909090908
8.856363636363637
8.762727272727274
8.109545454545454
7.722727272727273
7.2318181818181815
7.19
7.343181818181819
7.243181818181818
7.1036363636363635
6.864545454545455
7.21409090909091
6.666818181818181
6.968636363636364
7.28590909090909
7.2681818181818185
7.337272727272728
7.295909090909091
7.283636363636364
6.819999999999999
6.827727272727273
6.428636363636364
6.272272727272727
6.379545454545454
5.873181818181819
5.656818181818182
5.856363636363636
5.838636363636363
5.679090909090909
5.181363636363636
5.659090909090909
5.776363636363636
5.816363636363636
4.971363636363637
4.907272727272727
4.6872727272727275
4.369090909090909
4.956818181818182
4.67
4.034545454545455
5.161363636363636
5.375454545454546
5.953181818181818
6.466363636363636
5.534090909090909
4.928636363636364
4.7709090909090905
4.337272727272727
4.303636363636364
4.940454545454545
5.09409090909091
