pet
0.20363636363636364
0.2604545454545455
0.2645454545454546
0.27454545454545454
0.23318181818181818
0.19363636363636363
0.35409090909090907
0.3059090909090909
0.30272727272727273
0.3140909090909091
0.34545454545454546
0.3318181818181818
0.3322727272727273
0.30318181818181816
0.295
0.22818181818181815
0.2586363636363636
0.2640909090909091
0.31
0.33954545454545454
0.29818181818181816
0.2781818181818182
0.2736363636363637
0.3172727272727273
0.3390909090909091
0.39045454545454544
0.35954545454545456
0.435
0.3813636363636364
0.36590909090909096
0.42
0.4327272727272727
0.4481818181818182
0.4145454545454545
0.49227272727272725
0.48363636363636364
0.5381818181818182
0.5518181818181819
0.519090909090909
0.5204545454545454
0.4990909090909091
0.4572727272727273
0.535909090909091
0.5513636363636364
0.5136363636363637
0.5863636363636364
0.6263636363636363
0.4813636363636364
0.5554545454545455
0.6127272727272728
0.6777272727272727
0.6881818181818182
0.7336363636363636
0.6677272727272727
0.5877272727272728
0.7031818181818182
0.7781818181818182
0.8045454545454546
0.7086363636363636
0.7718181818181818
0.9177272727272728
0.7695454545454545
0.8318181818181819
0.8136363636363636
0.9431818181818182
0.9427272727272729
0.9072727272727273
0.9527272727272728
1.0881818181818181
1.0204545454545455
1.080909090909091
1.0645454545454547
1.1209090909090909
1.0445454545454547
1.0431818181818182
1.0713636363636363
1.106818181818182
1.1527272727272726
1.0513636363636363
1.1854545454545453
1.2013636363636364
1.1654545454545455
1.1659090909090908
1.1304545454545456
1.2468181818181818
1.288181818181818
1.3195454545454546
1.3304545454545453
1.3204545454545455
1.5536363636363637
1.5234782608695652
1.6126086956521741
1.4865217391304346
1.4778260869565218
1.5634782608695652
1.8895652173913045
1.5730434782608695
1.75
1.5495652173913044
1.7608695652173914
1.6721739130434783
1.5891304347826085
1.6269565217391304
1.7547826086956522
1.7426086956521738
1.9056521739130434
1.9317391304347826
2.006521739130435
1.6034782608695652
1.817391304347826
2.0443478260869563
2.1647826086956523
2.0791304347826087
1.9926086956521738
2.0552173913043474
1.9195652173913043
2.1630434782608696
2.1360869565217393
2.174782608695652
2.1447826086956523
2.3256521739130434
2.3043478260869565
2.430869565217391
2.431304347826087
2.263478260869565
2.4339130434782605
2.4408695652173913
2.298695652173913
2.497826086956522
2.276521739130435
2.4543478260869565
2.572608695652174
2.3508695652173914
2.273913043478261
2.513913043478261
2.392608695652174
2.256086956521739
2.5608695652173914
2.638695652173913
2.2308695652173913
2.356086956521739
2.504782608695652
2.850869565217391
2.7343478260869567
2.8052173913043474
2.5804347826086955
2.338695652173913
2.642608695652174
2.722608695652174
2.789565217391304
3.072608695652174
2.983913043478261
2.698695652173913
2.776521739130435
2.527391304347826
2.8813043478260867
2.598695652173913
2.941304347826087
2.963913043478261
3.0513043478260866
2.786086956521739
2.813478260869565
2.6717391304347826
2.6695652173913045
2.6182608695652174
2.865217391304348
2.8943478260869564
2.9121739130434783
3.0886956521739126
3.003913043478261
3.313478260869565
3.114782608695652
2.9821739130434786
3.119565217391304
3.039130434782609
2.9452173913043476
3.103478260869565
2.9695652173913043
3.1317391304347826
3.236521739130435
3.041739130434783
3.029565217391305
2.9113043478260865
2.886086956521739
2.997391304347826
2.8895652173913042
2.884782608695652
2.9060869565217393
2.746521739130435
3.033478260869565
3.06695652173913
3.2321739130434786
3.0604347826086955
2.869565217391304
3.244347826086957
3.0656521739130436
3.135217391304348
2.895217391304348
3.167391304347826
3.148695652173913
3.0273913043478258
2.885217391304348
3.0152173913043474
3.0604347826086955
3.1469565217391304
3.0386956521739132
2.8439130434782607
2.882173913043478
3.0104347826086952
2.931304347826087
3.0482608695652176
2.8091304347826087
2.652608695652174
2.997391304347826
2.971304347826087
2.5878260869565217
2.965652173913043
2.8091304347826087
2.7
2.765217391304348
2.861739130434782
2.503913043478261
2.7443478260869565
2.4417391304347826
2.413478260869565
2.3995652173913045
2.6943478260869567
2.725217391304348
2.586521739130435
2.4304347826086956
2.5556521739130433
2.4595652173913045
2.4173913043478263
2.4217391304347826
2.198695652173913
2.0356521739130433
2.0217391304347827
1.9039130434782607
2.27
2.21
2.1939130434782608
1.9230434782608694
1.952173913043478
2.0817391304347828
1.9899999999999998
1.8234782608695652
2.091304347826087
1.8582608695652174
1.7947826086956522
1.9378260869565218
1.835217391304348
1.8721739130434785
1.841304347826087
1.7256521739130435
1.7421739130434784
1.6960869565217391
1.6560869565217389
1.4660869565217391
1.6313043478260871
1.5569565217391306
1.3734782608695653
1.3465217391304347
1.3656521739130434
1.5269565217391303
1.3878260869565218
1.3082608695652174
1.2569565217391305
1.138695652173913
1.1282608695652174
1.0691304347826087
1.1630434782608696
1.1152173913043477
1.117391304347826
1.1113636363636363
1.094090909090909
1.0818181818181818
1.1554545454545455
1.0777272727272729
0.995909090909091
0.9277272727272727
0.8318181818181819
0.8995454545454545
1.0136363636363637
0.8945454545454545
0.8186363636363637
0.6581818181818182
0.6536363636363637
0.6359090909090909
0.630909090909091
0.8190909090909091
0.7890909090909091
0.725
0.6522727272727272
0.6254545454545455
0.6572727272727273
0.6640909090909091
0.67
0.7054545454545454
0.7090909090909091
0.6940909090909091
0.6086363636363636
0.504090909090909
0.545
0.5499999999999999
0.4986363636363636
0.46954545454545454
0.4627272727272727
0.3877272727272727
0.37363636363636366
0.4122727272727273
0.35863636363636364
0.34954545454545455
0.33636363636363636
0.28818181818181815
0.3322727272727273
0.32
0.33272727272727276
0.38045454545454543
0.235
0.20954545454545456
0.23545454545454544
0.2722727272727273
0.21363636363636365
0.23590909090909093
0.21227272727272728
0.19363636363636363
0.2863636363636364
0.22863636363636364
0.21954545454545454
0.22454545454545458
0.20954545454545456
0.21500000000000002
0.2109090909090909
0.21909090909090911
0.24000000000000002
0.23545454545454544
0.2890909090909091
0.24772727272727274
0.3209090909090909
0.28818181818181815
0.3336363636363636
0.21681818181818183
0.2645454545454546
0.2318181818181818
0.20863636363636362
0.1759090909090909
0.195
0.30363636363636365
0.21909090909090911
0.23772727272727276
0.1859090909090909
0.11545454545454546
0.1040909090909091
0.12818181818181817
0.19409090909090912
0.19454545454545455
0.20136363636363636
0.32227272727272727
0.25727272727272726
0.26227272727272727
0.23454545454545456
0.23363636363636361
0.1659090909090909
0.2113636363636364
0.18863636363636366
