pet
0.2131818181818182
0.25363636363636366
0.21818181818181817
0.2636363636363636
0.2413636363636364
0.16454545454545455
0.3190909090909091
0.29454545454545455
0.27045454545454545
0.25272727272727274
0.3009090909090909
0.3022727272727273
0.33636363636363636
0.26772727272727276
0.2636363636363636
0.2468181818181818
0.21909090909090911
0.27499999999999997
0.26136363636363635
0.3259090909090909
0.2972727272727273
0.25681818181818183
0.27909090909090906
0.2772727272727273
0.30272727272727273
0.3718181818181818
0.33136363636363636
0.4459090909090909
0.3431818181818182
0.3527272727272727
0.4127272727272727
0.3972727272727273
0.4263636363636364
0.38227272727272726
0.47363636363636363
0.4686363636363637
0.5068181818181818
0.515
0.4645454545454546
0.4813636363636364
0.4668181818181818
0.3986363636363636
0.4859090909090909
0.5481818181818182
0.520909090909091
0.5604545454545454
0.6509090909090909
0.5131818181818182
0.5731818181818181
0.59
0.6481818181818182
0.6859090909090909
0.6895454545454546
0.6359090909090909
0.5604545454545454
0.6722727272727272
0.8095454545454545
0.7645454545454545
0.6509090909090909
0.759090909090909
0.9068181818181817
0.7877272727272726
0.8177272727272729
0.8281818181818181
0.9563636363636363
0.879090909090909
0.8431818181818183
0.95
1.0231818181818182
0.9618181818181818
1.065
1.0427272727272727
1.1195454545454544
1.0409090909090908
1.0854545454545454
0.9836363636363636
1.0768181818181817
1.1304545454545456
1.0631818181818182
1.1322727272727273
1.2063636363636363
1.1681818181818182
1.1863636363636365
1.1377272727272727
1.2022727272727272
1.3177272727272726
1.3513636363636363
1.2913636363636363
1.2545454545454546
1.5327272727272727
1.5434782608695652
1.6508695652173913
1.534782608695652
1.5326086956521738
1.557391304347826
1.8795652173913044
1.565217391304348
1.8304347826086957
1.5630434782608698
1.7430434782608697
1.6656521739130437
1.673913043478261
1.662608695652174
1.7239130434782608
1.7556521739130435
1.8682608695652174
2.004782608695652
2.1539130434782607
1.680869565217391
1.8604347826086955
2.1430434782608696
2.236086956521739
2.027391304347826
1.9552173913043478
2.0556521739130433
1.8699999999999999
2.1917391304347826
2.2178260869565216
2.1308695652173912
2.183478260869565
2.344782608695652
2.3052173913043474
2.43
2.3978260869565218
2.2543478260869567
2.4678260869565216
2.4213043478260867
2.3091304347826087
2.473913043478261
2.3421739130434784
2.510869565217391
2.61
2.4217391304347826
2.3204347826086957
2.594782608695652
2.3865217391304347
2.267391304347826
2.433478260869565
2.635217391304348
2.2960869565217394
2.3304347826086955
2.648695652173913
2.917391304347826
2.757391304347826
2.7830434782608697
2.6234782608695655
2.3265217391304347
2.5939130434782607
2.821304347826087
2.8069565217391306
3.114347826086956
2.970434782608695
2.694782608695652
2.8104347826086955
2.557391304347826
2.9091304347826084
2.61695652173913
2.9534782608695656
3.0656521739130436
2.9356521739130432
2.823913043478261
2.7313043478260868
2.643913043478261
2.746521739130435
2.742608695652174
2.965217391304348
2.9065217391304343
2.9569565217391305
3.117391304347826
3.2065217391304346
3.2804347826086957
3.1613043478260865
3.0460869565217394
3.2065217391304346
3.2017391304347824
3.0556521739130433
3.1652173913043478
3.0847826086956522
3.15695652173913
3.34
3.1847826086956523
3.1552173913043475
2.9343478260869564
2.938695652173913
3.0565217391304347
2.8369565217391304
2.923478260869565
2.89304347826087
2.7691304347826087
3.1017391304347828
3.0595652173913046
3.2656521739130433
3.0169565217391305
2.7795652173913044
3.247826086956522
3.12
3.0139130434782606
2.963478260869565
3.2282608695652173
3.2347826086956526
3.140434782608696
3.07695652173913
3.148695652173913
3.115217391304348
3.248695652173913
3.1908695652173913
2.820869565217391
2.8069565217391306
3.0573913043478265
3.004782608695652
3.1026086956521737
2.88304347826087
2.816086956521739
3.039565217391304
3.0043478260869563
2.6334782608695653
3.1052173913043477
2.83
2.7995652173913044
2.880434782608696
2.888695652173913
2.5904347826086958
2.8091304347826087
2.533478260869565
2.5256521739130435
2.4526086956521738
2.700869565217391
2.744782608695652
2.575217391304348
2.512608695652174
2.5695652173913044
2.542608695652174
2.473913043478261
2.362173913043478
2.1995652173913043
2.114782608695652
2.0365217391304347
1.8795652173913044
2.2595652173913043
2.28
2.180869565217391
1.921304347826087
2.0669565217391304
2.0591304347826087
2.0208695652173914
1.9256521739130434
2.1608695652173915
1.8978260869565218
1.8804347826086956
1.9473913043478261
1.9156521739130437
1.9339130434782608
1.8873913043478259
1.7217391304347827
1.815217391304348
1.7608695652173914
1.626521739130435
1.5086956521739132
1.7060869565217391
1.59
1.4339130434782608
1.342608695652174
1.4043478260869564
1.541304347826087
1.3969565217391307
1.367391304347826
1.3021739130434782
1.2104347826086956
1.11
1.1291304347826085
1.1552173913043478
1.1143478260869564
1.116086956521739
1.0727272727272728
1.0572727272727274
1.0545454545454545
1.0954545454545455
1.035
1.0022727272727272
0.9109090909090909
0.8018181818181819
0.8995454545454545
1.0277272727272726
0.9077272727272727
0.8495454545454546
0.6504545454545455
0.6863636363636364
0.6727272727272727
0.6404545454545455
0.8631818181818183
0.7768181818181819
0.735909090909091
0.6595454545454545
0.6613636363636364
0.6518181818181819
0.7213636363636364
0.6922727272727273
0.7236363636363636
0.6895454545454546
0.6872727272727273
0.5718181818181818
0.4981818181818182
0.5218181818181818
0.5177272727272727
0.4777272727272727
0.45681818181818185
0.4709090909090909
0.3790909090909091
0.36363636363636365
0.41181818181818186
0.38409090909090904
0.3727272727272727
0.31272727272727274
0.31
0.3245454545454545
0.30318181818181816
0.2781818181818182
0.38727272727272727
0.20636363636363636
0.16090909090909092
0.21181818181818182
0.2509090909090909
0.20227272727272727
0.22454545454545458
0.20181818181818184
0.20045454545454547
0.2840909090909091
0.21318181818181817
0.20863636363636362
0.21863636363636366
0.20227272727272727
0.18636363636363634
0.1859090909090909
0.18545454545454546
0.22272727272727275
0.23727272727272727
0.30272727272727273
0.24181818181818182
0.305
0.26
0.31681818181818183
0.16636363636363638
0.25272727272727274
0.19136363636363637
0.21454545454545457
0.18454545454545457
0.18045454545454545
0.3063636363636364
0.20863636363636362
0.2
0.145
0.09181818181818181
0.07772727272727273
0.10590909090909091
0.19045454545454546
0.18863636363636366
0.19454545454545455
0.30136363636363633
0.25227272727272726
0.26136363636363635
0.24954545454545454
0.23545454545454544
0.18681818181818183
0.21727272727272728
0.18363636363636363
