temperature
4.163684210526315
3.6857894736842107
3.525263157894737
3.4368421052631577
4.166315789473684
3.995789473684211
4.3531578947368414
4.571052631578947
4.059473684210526
4.161052631578947
4.355263157894737
4.887894736842106
5.206315789473685
3.90421052631579
4.711052631578948
3.9560000000000004
3.9835000000000003
4.2075000000000005
4.86
4.555
3.499
3.383
3.5189999999999997
3.37
3.8455
3.6079999999999997
3.653
3.5
3.691
3.3975
3.5909999999999997
3.4590000000000005
3.622
3.7045000000000003
4.6385
4.515
4.4174999999999995
3.8205
3.4005
3.655
3.971
4.538
5.1985
4.3565
3.9725
4.5295000000000005
4.322
4.1645
4.1659999999999995
3.7685000000000004
3.787
4.233
4.512
5.0765
5.183
4.955
5.1240000000000006
4.831
4.4445
4.375
4.1265
4.1415
4.014
4.099
4.747
6.0715
5.9105
6.1045
5.985
5.6045
5.4485
5.011
5.485
6.524500000000001
6.9094999999999995
7.19
6.304
5.708
5.842499999999999
6.093
6.1835
6.1105
6.185499999999999
6.6655
6.3295
6.1625
6.525499999999999
6.848000000000001
7.6209999999999996
7.8045
7.843500000000001
7.833
7.6775
7.3095
7.639
7.911499999999999
6.6975
6.7395
7.539499999999999
7.988499999999999
7.350499999999999
6.911499999999999
6.911499999999999
7.8085
7.878
7.958
8.197
7.685
7.2444999999999995
7.941
9.0905
9.933499999999999
10.3205
10.309999999999999
10.3515
9.5385
9.8645
9.936499999999999
9.45
9.312000000000001
9.9255
9.736
9.8255
9.738
10.023
10.1605
10.399
10.409
10.6915
10.8465
10.881
10.513
10.3325
10.417
11.129999999999999
11.469
11.2265
11.571
11.6335
11.9525
11.4885
11.491
12.011
12.1335
12.102500000000001
12.109
12.0175
12.2395
12.4025
12.514999999999999
13.074000000000002
13.238999999999999
13.696000000000002
13.278
12.741499999999998
13.075
13.227500000000001
13.6345
13.620500000000002
14.116499999999998
13.7785
13.6155
13.730500000000001
13.877500000000001
13.7965
13.925999999999998
14.485999999999999
14.976499999999998
15.092500000000001
15.077000000000002
14.945500000000001
14.380500000000001
14.3375
14.738499999999998
14.565999999999999
14.637
14.901
14.980500000000001
15.081999999999999
15.3845
15.197
15.657499999999999
15.934999999999999
15.8225
15.95
15.598500000000001
15.656
15.672999999999998
15.3505
15.592500000000001
15.749
15.559999999999999
15.663499999999999
15.606
15.997499999999999
16.246000000000002
16.346
15.9275
16.4
16.7515
16.4875
16.075
16.1005
16.701
16.6295
16.409
16.5415
16.936
16.953
16.9495
16.423
16.393
16.968
16.752000000000002
16.6845
16.497999999999998
17.0105
17.1935
16.793
16.5935
16.771
16.5985
16.955000000000002
16.3465
16.2245
16.354
16.659
16.1005
16.321
16.2465
16.395500000000002
16.3745
16.116
15.875499999999999
15.8195
15.216
15.123
15.116999999999999
14.815000000000001
14.6625
14.841999999999999
14.742500000000001
14.807999999999998
14.5465
14.9
15.284
14.983500000000001
15.1915
15.0515
14.594999999999999
14.433000000000002
14.1845
14.5245
14.788499999999999
14.5535
13.55
13.4755
13.0635
13.019
12.7375
13.143
13.510499999999999
13.7075
13.488999999999999
13.030000000000001
12.869499999999999
12.5695
12.3835
12.352
12.804499999999999
13.372499999999999
13.280000000000001
13.246500000000001
13.216842105263158
12.228947368421052
12.09842105263158
11.210526315789474
11.091578947368422
11.320526315789474
10.618421052631579
11.34842105263158
11.535789473684211
11.476315789473684
11.322105263157894
10.838947368421053
10.701578947368422
10.743157894736843
10.558421052631578
10.353684210526316
10.073684210526316
9.462631578947368
9.65421052631579
8.849473684210526
10.067368421052631
10.032631578947369
9.849473684210526
9.928421052631577
10.041052631578948
9.94421052631579
10.130526315789472
9.632631578947368
8.92578947368421
9.358421052631579
9.264736842105263
8.818947368421053
8.690526315789475
8.843684210526316
7.861578947368422
8.240526315789474
7.8168421052631585
7.70578947368421
7.978421052631579
6.78421052631579
6.985263157894737
7.443157894736843
7.270526315789473
7.086842105263158
6.575263157894737
6.542631578947368
6.2563157894736845
6.3921052631578945
6.283157894736842
5.713684210526316
5.693157894736842
5.813684210526316
5.265263157894736
5.2026315789473685
5.612105263157894
5.319473684210527
5.760526315789474
5.956315789473685
5.830526315789474
5.760526315789474
5.57578947368421
5.063684210526316
4.6684210526315795
4.298947368421053
4.5142105263157895
4.82
4.663684210526315
4.474210526315789
4.310526315789474
4.415263157894737
4.467894736842105
4.357368421052631
4.431052631578948
4.682631578947368
4.323157894736842
4.065263157894736
4.082631578947368
3.255263157894737
2.915263157894737
2.8663157894736844
2.2626315789473685
3.400526315789474
3.9026315789473687
5.017894736842106
5.756842105263158
4.6889473684210525
3.8600000000000003
3.690526315789474
2.915263157894737
2.5721052631578947
3.5842105263157893
3.818947368421053
