pet
0.21333333333333335
0.20933333333333334
0.35200000000000004
0.2506666666666667
0.218
0.21666666666666667
0.228
0.158
0.2753333333333333
0.33866666666666667
0.3406666666666667
0.448
0.25933333333333336
0.19866666666666666
0.36533333333333334
0.30066666666666664
0.226
0.30866666666666664
0.27666666666666667
0.332
0.31333333333333335
0.26599999999999996
0.22666666666666668
0.3093333333333333
0.33399999999999996
0.2853333333333333
0.35866666666666663
0.38866666666666666
0.2853333333333333
0.39466666666666667
0.43333333333333335
0.41000000000000003
0.36933333333333335
0.4053333333333333
0.35733333333333334
0.2853333333333333
0.30133333333333334
0.3266666666666667
0.4593333333333333
0.33866666666666667
0.3446666666666667
0.3313333333333333
0.262
0.3126666666666667
0.3373333333333333
0.412
0.44333333333333336
0.36133333333333334
0.3893333333333333
0.438
0.464
0.5433333333333333
0.5353333333333333
0.5126666666666667
0.5586666666666668
0.5713333333333334
0.6133333333333333
0.5706666666666667
0.5846666666666667
0.6046666666666667
0.6126666666666666
0.522
0.656
0.756
0.7706666666666667
0.7186666666666668
0.804
0.748
0.8533333333333334
0.888
0.8306666666666668
0.834
0.8066666666666666
0.852
0.8186666666666667
0.9066666666666666
0.896
0.9926666666666667
0.874
1.0413333333333332
0.9926666666666667
1.1126666666666667
0.9286666666666666
0.916
0.9373333333333334
1.0286666666666666
0.9640000000000001
1.0626666666666666
1.02
1.2193333333333334
1.2433333333333332
1.198
1.1826666666666665
1.2326666666666668
1.5219999999999998
1.2746666666666668
1.296
1.3846666666666667
1.35
1.4866666666666668
1.4506666666666665
1.6293333333333335
1.432
1.4333333333333333
1.6239999999999999
1.7306666666666668
1.7420000000000002
1.5366666666666666
1.6473333333333333
1.6646666666666665
1.628
1.5786666666666667
1.6520000000000001
1.6106666666666667
1.5706666666666669
1.7886666666666666
1.6466666666666667
1.5486666666666666
1.7706666666666668
1.8033333333333335
1.4586666666666666
1.9266666666666665
1.8539999999999999
1.9173333333333333
1.8346666666666667
2.074
2.1233333333333335
2.170666666666667
2.0713333333333335
2.1026666666666665
2.1839999999999997
1.9046666666666667
2.1453333333333333
2.1633333333333336
1.8613333333333333
1.944
1.988
2.0653333333333332
1.994
2.1853333333333333
2.3766666666666665
2.4713333333333334
2.426
2.524
2.323125
2.495
2.1925
2.2425
2.189375
2.34
2.633125
2.3275
2.30625
2.5975
1.961875
1.969375
2.435625
2.175625
2.216875
2.124375
2.425625
2.519375
2.276875
1.985
2.35625
2.10125
2.135625
2.23125
2.0875
2.4831250000000002
2.366875
2.2675
1.896875
2.12125
2.049375
2.16875
2.366875
2.35875
2.41
2.208125
2.224375
2.425
2.479375
2.5125
2.22375
2.24
2.009375
2.22
2.333125
2.41375
1.985
2.2075
2.091875
2.366875
2.165
2.596875
2.399375
2.40375
2.16625
1.88875
2.211875
2.19
2.449375
2.226875
2.40875
2.040625
2.11125
2.295625
1.891875
1.95375
2.106875
2.0125
1.8925
1.66625
2.1475
2.246875
2.060625
1.90625
1.965
1.951875
1.883125
1.615625
1.55875
1.6868750000000001
1.944375
1.60125
1.8812499999999999
1.761875
1.83375
1.42125
1.691875
1.754375
1.771875
1.856875
1.544375
1.779375
1.7175
1.754375
1.51125
1.54625
1.925625
1.635
1.671875
1.4012499999999999
1.63125
1.506875
1.546875
1.486875
1.54875
1.445625
1.473125
1.378125
1.391875
1.190625
1.260625
1.180625
1.190625
1.12875
1.1300000000000001
1.0931250000000001
1.050625
1.034375
1.123125
1.0418749999999999
1.275625
1.081875
0.9512499999999999
1.0275
1.0175
0.904375
0.84375
0.766875
0.876875
0.7946666666666666
0.8113333333333334
0.9646666666666666
0.818
0.8786666666666666
0.9046666666666667
0.9006666666666666
0.7173333333333333
0.7959999999999999
0.8253333333333334
0.6026666666666666
0.512
0.4926666666666667
0.5333333333333333
0.5153333333333333
0.5393333333333333
0.47600000000000003
0.526
0.47
0.44
0.4146666666666667
0.39133333333333337
0.4293333333333333
0.476
0.486
0.612
0.5519999999999999
0.49333333333333335
0.4713333333333333
0.4206666666666667
0.44266666666666665
0.4126666666666667
0.35733333333333334
0.3433333333333334
0.29933333333333334
0.378
0.4073333333333334
0.38866666666666666
0.458
0.35866666666666663
0.308
0.4513333333333333
0.36666666666666664
0.284
0.32933333333333337
0.294
0.2753333333333333
0.25666666666666665
0.24066666666666667
0.26599999999999996
0.33066666666666666
0.3106666666666667
0.232
0.24933333333333335
0.264
0.314
0.226
0.3466666666666667
0.228
0.22666666666666666
0.2533333333333333
0.22133333333333335
0.16466666666666666
0.2613333333333333
0.18733333333333332
0.22866666666666668
0.254
0.21933333333333332
0.21200000000000002
0.26466666666666666
0.35533333333333333
0.274
0.17600000000000002
0.246
0.31333333333333335
0.3046666666666667
0.186
0.214
0.18333333333333332
0.182
0.22400000000000003
0.284
0.218
0.228
0.3
0.2
0.14
0.14400000000000002
0.20666666666666664
0.13066666666666665
0.202
0.17266666666666666
