pet
0.3334782608695652
0.20652173913043478
0.44652173913043475
0.32956521739130434
0.1817391304347826
0.37
0.2717391304347826
0.14260869565217393
0.17173913043478262
0.27217391304347827
0.3417391304347826
0.3139130434782609
0.3130434782608696
0.2817391304347826
0.28956521739130436
0.26260869565217393
0.2808695652173913
0.25869565217391305
0.2782608695652174
0.1947826086956522
0.26956521739130435
0.26956521739130435
0.26304347826086955
0.4956521739130435
0.2778260869565217
0.29869565217391303
0.3369565217391305
0.3426086956521739
0.2982608695652174
0.3734782608695652
0.4182608695652174
0.36869565217391304
0.40608695652173915
0.2126086956521739
0.3343478260869565
0.4608695652173913
0.4069565217391304
0.5043478260869565
0.4917391304347826
0.3839130434782609
0.5378260869565218
0.43043478260869567
0.3647826086956522
0.5208695652173914
0.532608695652174
0.48434782608695653
0.5860869565217391
0.3795652173913044
0.48130434782608694
0.5782608695652174
0.4904347826086956
0.5508695652173913
0.5343478260869565
0.6147826086956522
0.6295652173913043
0.49
0.6173913043478261
0.6873913043478261
0.653913043478261
0.7065217391304348
0.7756521739130434
0.8895652173913043
0.7678260869565218
0.747391304347826
0.6578260869565218
0.7504347826086956
0.7860869565217392
0.7869565217391304
0.7395652173913044
0.8082608695652174
0.8482608695652175
0.8895652173913043
0.9604347826086956
0.9256521739130434
0.8273913043478262
1.0395652173913044
1.0408695652173912
0.9173913043478261
0.8878260869565218
1.0456521739130435
1.193478260869565
1.098695652173913
1.1104347826086955
1.278695652173913
1.1452173913043477
1.1360869565217393
1.2621739130434784
1.2369565217391305
1.2273913043478262
1.1965217391304348
1.0695454545454546
1.2222727272727274
1.4913636363636364
1.4618181818181817
1.32
1.5495454545454543
1.5472727272727271
1.529090909090909
1.6340909090909093
1.5904545454545456
1.6004545454545456
1.6872727272727275
1.7118181818181817
2.084090909090909
1.906818181818182
1.9631818181818181
1.7368181818181818
1.6922727272727272
1.8181818181818181
1.8940909090909093
1.9177272727272727
2.0013636363636365
1.9549999999999998
2.195
1.9913636363636364
1.9840909090909091
2.135909090909091
2.0513636363636363
1.9036363636363638
1.8827272727272728
1.9595454545454545
2.381818181818182
2.147727272727273
2.1854545454545455
2.105909090909091
2.169090909090909
2.225
2.3963636363636365
2.125
2.2236363636363636
2.209090909090909
2.4295454545454547
2.4886363636363638
2.596818181818182
2.7363636363636363
2.4518181818181817
2.5663636363636364
2.6513636363636364
2.6422727272727276
2.6186363636363637
2.4109090909090907
2.5095454545454547
2.4777272727272726
2.6904545454545454
2.645909090909091
2.645909090909091
2.7063636363636365
2.729090909090909
2.5563636363636366
2.643636363636364
2.7286363636363635
2.614090909090909
2.565
2.674090909090909
2.8463636363636367
2.273181818181818
2.627272727272727
2.64
2.482727272727273
2.852272727272727
2.5954545454545457
2.597272727272727
2.6013636363636365
2.912272727272727
3.000454545454545
2.9995454545454545
3.1290909090909094
2.527727272727273
2.81
2.7613636363636362
3.0595454545454546
2.7922727272727275
3.1336363636363633
2.7118181818181815
2.8922727272727276
2.5977272727272727
2.8109090909090906
2.7713636363636365
2.703181818181818
2.8686363636363637
3.011818181818182
3.0295454545454548
2.9563636363636365
3.4122727272727276
2.9172727272727275
3.0990909090909087
3.3927272727272726
3.3145454545454545
3.0181818181818185
2.982727272727273
2.8077272727272726
3.0072727272727273
2.765
2.9427272727272724
2.8154545454545454
2.770909090909091
2.886818181818182
2.833636363636364
2.888181818181818
2.6395454545454546
2.876818181818182
2.6209090909090906
2.688181818181818
2.6577272727272727
2.4804545454545455
3.058181818181818
2.803181818181818
2.661818181818182
2.8390909090909093
3.054090909090909
2.625
2.6331818181818183
2.8695454545454546
2.7677272727272726
2.5654545454545454
2.8018181818181818
2.476363636363636
2.4804545454545455
2.375
2.6281818181818184
2.499090909090909
2.6354545454545457
2.475
2.381818181818182
2.2545454545454544
2.1763636363636363
2.546818181818182
2.7395454545454547
2.32
2.0613636363636365
2.27
2.53
2.315909090909091
2.3895454545454546
2.2181818181818183
2.1295454545454544
2.114090909090909
2.224090909090909
2.268181818181818
2.1363636363636362
1.9963636363636363
2.0563636363636366
1.9136363636363638
1.8336363636363637
1.7927272727272727
2.108636363636364
2.0318181818181817
1.8295454545454546
1.820909090909091
1.8895454545454546
1.8168181818181817
1.716818181818182
1.7363636363636366
1.7586363636363636
1.6877272727272725
1.5995454545454544
1.3263636363636364
1.4372727272727273
1.3127272727272727
1.3581818181818184
1.285
1.2718181818181817
1.3845454545454545
1.205
1.3786363636363637
1.135
1.0536363636363637
1.0886363636363636
1.0836363636363637
1.0409090909090908
1.0263636363636364
0.9418181818181818
0.9518181818181819
1.178695652173913
1.0426086956521738
0.8969565217391304
0.8952173913043479
0.8369565217391305
0.8813043478260869
0.8813043478260869
0.961304347826087
0.7447826086956522
0.6360869565217391
0.8404347826086955
0.6682608695652175
0.7817391304347826
0.6956521739130435
0.6878260869565217
0.7917391304347826
0.6995652173913044
0.668695652173913
0.7082608695652174
0.6465217391304349
0.6656521739130435
0.6782608695652174
0.5321739130434783
0.5765217391304348
0.4839130434782609
0.44478260869565217
0.5117391304347826
0.5121739130434783
0.5217391304347826
0.40304347826086956
0.3943478260869565
0.3382608695652174
0.32956521739130434
0.4578260869565217
0.3795652173913044
0.3991304347826087
0.3908695652173913
0.3139130434782609
0.30478260869565216
0.5017391304347827
0.4047826086956522
0.31
0.3873913043478261
0.4469565217391304
0.3356521739130435
0.4295652173913044
0.22956521739130437
0.4182608695652174
0.2591304347826087
0.3708695652173913
0.2791304347826087
0.2891304347826087
0.4191304347826087
0.21956521739130433
0.3734782608695652
0.3839130434782609
0.24695652173913044
0.15173913043478263
0.20956521739130435
0.19695652173913045
0.1334782608695652
0.19869565217391305
0.24869565217391304
0.2473913043478261
0.18695652173913044
0.18304347826086956
0.1947826086956522
0.23391304347826086
0.2617391304347826
0.23478260869565218
0.20478260869565218
0.2504347826086956
0.27999999999999997
0.2669565217391304
0.24782608695652175
0.18956521739130436
0.24478260869565222
0.31478260869565217
0.2956521739130435
0.2308695652173913
0.28043478260869564
0.29608695652173916
0.21304347826086958
0.3060869565217391
0.1873913043478261
0.1826086956521739
0.18043478260869567
0.27304347826086955
0.2165217391304348
0.2578260869565217
0.1834782608695652
0.17217391304347826
