temperature
4.336956521739131
4.389565217391304
4.272608695652174
4.43304347826087
4.746521739130435
5.286521739130435
4.248695652173913
4.598260869565218
4.920869565217392
4.675652173913043
4.435652173913043
3.3360869565217395
3.2652173913043474
3.5913043478260867
4.176521739130435
4.339565217391304
3.8782608695652177
3.364347826086956
3.9478260869565216
4.365217391304348
4.743913043478261
4.926956521739131
5.284782608695652
4.892608695652174
4.477391304347826
4.380869565217391
4.3908695652173915
4.571304347826087
4.366086956521739
3.608695652173913
3.4608695652173918
4.070434782608696
4.309565217391304
4.6
4.437391304347826
5.065217391304348
5.555652173913043
5.194347826086957
4.676086956521739
4.209130434782609
3.5195652173913046
3.466086956521739
3.8108695652173914
3.6204347826086956
2.856521739130435
2.7491304347826087
2.789130434782609
3.257826086956522
3.5256521739130435
3.6191304347826083
3.7395652173913048
4.331304347826087
4.605652173913043
4.778695652173913
4.6121739130434785
3.67
4.0917391304347825
4.466521739130435
4.774782608695652
5.259130434782608
5.507826086956522
5.449565217391305
5.19695652173913
5.113913043478261
5.291739130434783
5.978260869565218
5.711304347826087
5.787826086956522
6.163478260869565
6.480434782608696
6.017826086956521
6.129130434782609
6.099565217391304
6.230434782608696
5.910434782608696
6.447391304347826
6.390434782608695
6.610434782608695
6.267826086956521
6.358695652173913
6.679130434782609
6.227391304347826
6.688260869565218
7.05
6.616521739130435
7.03695652173913
6.801304347826087
6.659565217391304
6.952608695652174
6.855652173913044
7.597727272727273
7.775454545454545
6.776363636363637
6.41
6.363636363636363
6.4804545454545455
7.222272727272727
7.372272727272727
7.126363636363636
7.48590909090909
7.798636363636363
8.145909090909091
8.162272727272727
8.251363636363637
8.465454545454547
8.835
8.105454545454545
7.990454545454545
8.754545454545454
8.706363636363635
8.558181818181819
9.575000000000001
9.386363636363637
8.783636363636363
8.730454545454545
8.415909090909091
8.760454545454545
8.651363636363635
8.751818181818182
8.952727272727273
9.657272727272728
9.436363636363636
9.538636363636364
9.765
9.991818181818182
10.360909090909091
10.337272727272728
10.922272727272727
10.681363636363637
10.727272727272727
11.055
11.000909090909092
11.557727272727274
11.575454545454546
11.729545454545455
11.472727272727273
11.862727272727273
11.735000000000001
12.19681818181818
12.679545454545455
12.177727272727275
12.064545454545454
12.475454545454545
12.494545454545454
12.885000000000002
13.039545454545454
12.888181818181819
12.33
12.475909090909092
12.914545454545454
12.874545454545455
13.154545454545454
13.251363636363635
13.583636363636366
13.255
12.981818181818182
13.19909090909091
13.280454545454546
13.507272727272728
13.955
13.534999999999998
13.756363636363636
13.782272727272726
13.882272727272726
14.558636363636362
14.364545454545453
14.380454545454546
14.399090909090908
13.914545454545454
14.716818181818182
14.913181818181819
14.837272727272728
15.113636363636363
14.893181818181818
14.990000000000002
15.008636363636363
15.58
15.472272727272726
15.259545454545453
15.518636363636363
15.782272727272726
15.74590909090909
15.82181818181818
15.825454545454546
16.359545454545454
17.396818181818183
17.277727272727272
17.055909090909093
17.155
17.002727272727274
16.85272727272727
16.974090909090908
16.728181818181817
17.174090909090907
16.898636363636363
17.102272727272727
16.562727272727273
16.20909090909091
16.499545454545455
16.483636363636364
17.095909090909092
16.789545454545454
16.717272727272725
16.626363636363635
16.339545454545455
16.599999999999998
17.132272727272728
17.055000000000003
17.332272727272727
17.382272727272728
17.452727272727273
17.575454545454548
16.953636363636363
16.774090909090912
17.26681818181818
16.941363636363636
16.708636363636366
16.483636363636364
16.425
16.835454545454546
17.173181818181817
17.119545454545456
16.58818181818182
16.666818181818183
16.71227272727273
17.328181818181818
17.576363636363638
16.958181818181817
16.479545454545455
16.345454545454547
16.592727272727274
16.843636363636364
16.926363636363636
16.915454545454544
15.827727272727271
15.981818181818182
16.057727272727274
16.345909090909092
15.909545454545453
16.075909090909093
16.049090909090907
15.793181818181818
15.469545454545454
15.671363636363635
15.506818181818181
15.258181818181818
14.94909090909091
14.932727272727272
14.634090909090908
14.882727272727273
14.918636363636363
15.07
14.857272727272727
14.353636363636365
14.465454545454547
13.917727272727273
13.305454545454547
14.13
13.952727272727271
14.357272727272727
14.076818181818181
13.863636363636363
13.552727272727275
13.750454545454545
13.263636363636364
13.448636363636364
13.368636363636364
13.514999999999999
13.17
13.326818181818181
13.02727272727273
12.920454545454545
13.077272727272726
12.887391304347828
12.39782608695652
12.378695652173912
12.525652173913043
12.301739130434783
11.72086956521739
11.624782608695652
11.209565217391305
12.053478260869566
12.155217391304348
11.535217391304348
11.440434782608696
11.200434782608696
10.421304347826087
10.771304347826087
10.160869565217391
9.952608695652174
10.554782608695652
10.857826086956521
10.194782608695652
10.003478260869565
9.571304347826086
9.478695652173913
9.864347826086956
9.717391304347826
10.149565217391304
10.060434782608695
9.52695652173913
8.939565217391305
9.297391304347826
9.917826086956522
9.794347826086957
9.684347826086958
9.131739130434783
8.012173913043478
7.810434782608696
7.469130434782608
8.332608695652175
8.93086956521739
8.52
8.250869565217391
8.503913043478262
7.294347826086957
6.806956521739131
6.4195652173913045
6.564347826086956
6.670869565217392
6.693043478260869
7.361739130434782
6.904782608695652
6.067826086956522
5.913043478260869
6.074347826086957
6.5578260869565215
6.510434782608696
6.285217391304348
5.592173913043479
5.387391304347826
5.041739130434783
4.665217391304347
4.85695652173913
5.601739130434782
5.6952173913043485
6.143478260869566
6.001739130434783
6.14
5.737826086956522
5.956521739130435
5.2760869565217385
4.770434782608696
4.3273913043478265
4.730869565217391
4.798260869565217
4.822173913043478
5.2904347826086955
5.782173913043478
5.43
5.6121739130434785
5.410434782608696
5.071739130434783
5.310434782608696
6.0456521739130435
5.479130434782609
5.639565217391305
5.69695652173913
5.590869565217392
5.478695652173913
5.6839130434782605
5.199565217391305
5.26608695652174
4.31391304347826
3.9982608695652173
