date	precipitation	temperature	discharge_spec
19970101	1.61	-2.26	0.33
19970102	1.22	-1.9	0.36
19970103	0.01	-1.74	0.34
19970104	0.01	0.72	0.33
19970105	0.2	0.96	0.33
19970106	0.02	1.15	0.35
19970107	0.01	-1.53	0.34
19970108	0.02	-0.92	0.33
19970109	0.0	0.6	0.33
19970110	0.07	-0.35	0.33
19970111	0.23	0.56	0.33
19970112	0.14	7.25	0.35
19970113	0.0	7.36	0.34
19970114	0.01	3.45	0.33
19970115	0.08	0.64	0.32
19970116	0.03	0.8	0.32
19970117	0.05	3.88	0.33
19970118	0.1	5.52	0.32
19970119	0.62	3.06	0.32
19970120	0.01	3.16	0.32
19970121	9.63	0.48	0.32
19970122	1.02	1.93	0.57
19970123	0.28	3.21	0.4
19970124	0.09	4.67	0.34
19970125	0.03	4.62	0.34
19970126	0.01	2.39	0.33
19970127	0.31	4.39	0.31
19970128	0.05	2.53	0.31
19970129	0.11	3.25	0.29
19970130	0.01	3.39	0.3
19970131	0.01	3.03	0.31
19970201	0.41	2.88	0.29
19970202	0.0	3.8	0.3
19970203	1.47	2.48	0.32
19970204	0.57	6.99	0.39
19970205	0.01	4.08	0.32
19970206	1.66	8.09	0.32
19970207	0.28	7.1	0.35
19970208	0.02	3.59	0.31
19970209	1.32	7.88	0.31
19970210	3.02	7.03	0.39
19970211	4.65	6.14	0.43
19970212	2.24	10.12	0.42
19970213	0.46	5.26	0.38
19970214	0.01	2.65	0.34
19970215	0.0	4.13	0.32
19970216	2.07	5.01	0.35
19970217	6.82	7.8	0.5
19970218	2.82	5.46	0.51
19970219	8.04	5.36	0.71
19970220	1.51	7.6	0.57
19970221	0.01	9.29	0.47
19970222	0.0	9.24	0.39
19970223	6.04	9.35	0.49
19970224	8.5	6.56	0.8
19970225	1.42	7.16	0.64
19970226	1.78	5.79	0.53
19970227	1.44	6.24	0.47
19970228	0.26	9.05	0.42
19970301	5.46	7.92	0.4
19970302	0.02	8.14	0.55
19970303	0.01	4.83	0.43
19970304	0.2	4.74	0.37
19970305	0.77	7.89	0.39
19970306	0.01	5.2	0.36
19970307	0.0	8.57	0.34
19970308	0.0	7.07	0.33
19970309	0.01	7.03	0.32
19970310	0.01	7.22	0.32
19970311	0.01	8.34	0.32
19970312	0.0	8.08	0.33
19970313	0.28	9.15	0.33
19970314	0.38	9.82	0.33
19970315	0.01	11.41	0.32
19970316	0.0	10.54	0.33
19970317	0.01	10.37	0.33
19970318	3.01	8.82	0.41
19970319	0.08	7.72	0.36
19970320	0.05	6.49	0.33
19970321	0.0	5.23	0.34
19970322	1.13	7.03	0.33
19970323	1.05	8.21	0.34
19970324	1.1	7.24	0.36
19970325	0.03	8.32	0.33
19970326	0.0	10.53	0.33
19970327	0.81	8.96	0.33
19970328	0.0	6.72	0.33
19970329	0.0	7.38	0.33
19970330	0.0	6.99	0.31
19970331	0.0	7.37	0.29
19970401	0.0	8.89	0.29
19970402	0.04	9.98	0.28
19970403	0.41	7.88	0.29
19970404	0.03	6.47	0.29
19970405	0.0	10.82	0.29
19970406	0.01	8.33	0.27
19970407	0.0	9.0	0.3
19970408	0.0	8.51	0.3
19970409	0.0	10.17	0.27
19970410	0.0	9.68	0.28
19970411	0.0	7.29	0.28
19970412	0.0	6.15	0.27
19970413	0.0	8.61	0.27
19970414	0.0	9.6	0.27
19970415	0.0	7.36	0.28
19970416	0.0	7.35	0.27
19970417	0.0	7.87	0.26
19970418	0.04	7.68	0.25
19970419	0.0	5.34	0.25
19970420	0.0	4.4	0.25
19970421	1.17	4.77	0.27
19970422	0.01	5.85	0.26
19970423	0.01	9.08	0.26
19970424	5.82	9.86	0.26
19970425	9.3	6.96	0.58
19970426	2.71	8.25	0.44
19970427	0.77	11.69	0.36
19970428	1.2	12.41	0.35
19970429	0.01	11.22	0.32
19970430	0.0	11.99	0.29
19970501	0.0	15.29	0.28
19970502	0.0	16.16	0.27
19970503	3.24	14.73	0.27
19970504	0.09	13.87	0.31
19970505	18.88	8.51	0.72
19970506	0.19	4.07	0.42
19970507	5.37	4.44	0.46
19970508	0.19	6.36	0.43
19970509	0.0	7.65	0.35
19970510	4.4	8.16	0.37
19970511	3.32	9.11	0.44
19970512	3.31	9.79	0.42
19970513	0.01	10.37	0.35
19970514	0.0	11.42	0.31
19970515	0.0	11.78	0.3
19970516	1.59	11.3	0.3
19970517	0.82	12.85	0.31
19970518	0.2	14.5	0.29
19970519	10.56	13.02	0.51
19970520	0.49	12.29	0.4
19970521	0.0	9.12	0.34
19970522	0.0	8.39	0.31
19970523	0.0	7.74	0.31
19970524	0.03	7.73	0.26
19970525	0.0	9.85	0.28
19970526	0.0	12.8	0.26
19970527	0.0	11.81	0.27
19970528	0.0	10.27	0.27
19970529	0.0	13.57	0.26
19970530	0.0	16.37	0.22
19970531	0.0	15.11	0.23
19970601	0.0	12.92	0.22
19970602	0.0	12.95	0.22
19970603	0.0	12.24	0.22
19970604	0.0	12.72	0.21
19970605	2.89	15.48	0.24
19970606	3.44	17.16	0.27
19970607	0.3	17.65	0.22
19970608	2.96	15.85	0.22
19970609	0.91	14.79	0.24
19970610	5.95	16.62	0.24
19970611	25.02	15.17	0.67
19970612	1.47	15.66	1.17
19970613	1.56	15.37	0.64
19970614	2.29	11.35	0.31
19970615	0.37	10.81	0.31
19970616	0.18	12.27	0.31
19970617	1.86	13.11	0.32
19970618	0.46	13.99	0.32
19970619	3.06	12.59	0.3
19970620	6.0	11.43	0.44
19970621	14.4	11.95	0.79
19970622	8.15	12.78	0.68
19970623	1.63	12.47	0.57
19970624	2.76	11.97	0.41
19970625	29.08	11.64	0.87
19970626	16.78	10.25	2.23
19970627	3.23	10.91	0.86
19970628	3.52	12.82	0.62
19970629	0.09	12.4	0.49
19970630	9.5	10.87	0.59
19970701	0.76	11.94	0.56
19970702	2.6	12.42	0.5
19970703	5.93	12.19	0.53
19970704	0.15	13.88	0.5
19970705	0.0	14.84	0.41
19970706	0.0	17.5	0.37
19970707	0.0	18.69	0.36
19970708	0.0	19.1	0.35
19970709	0.04	18.71	0.33
19970710	0.0	15.12	0.32
19970711	0.0	15.62	0.33
19970712	1.13	17.23	0.31
19970713	0.2	17.32	0.3
19970714	1.56	16.75	0.29
19970715	0.2	17.48	0.29
19970716	10.29	16.32	0.27
19970717	2.42	14.53	0.55
19970718	0.2	14.96	0.36
19970719	0.0	16.68	0.31
19970720	0.0	16.04	0.29
19970721	0.0	16.19	0.29
19970722	0.0	16.31	0.27
19970723	1.37	18.82	0.25
19970724	8.31	16.95	0.46
19970725	0.04	16.67	0.37
19970726	2.22	15.72	0.34
19970727	0.0	16.86	0.32
19970728	0.0	17.37	0.28
19970729	1.83	18.89	0.28
19970730	1.01	16.81	0.28
19970731	8.91	14.36	0.39
19970801	0.28	17.11	0.4
19970802	0.0	15.09	0.32
19970803	0.0	15.36	0.29
19970804	0.0	15.8	0.28
19970805	0.0	16.34	0.26
19970806	0.0	19.04	0.26
19970807	0.0	20.22	0.25
19970808	0.0	21.03	0.25
19970809	0.0	21.4	0.24
19970810	0.0	21.21	0.23
19970811	0.02	22.19	0.25
19970812	1.99	22.48	0.24
19970813	5.49	19.77	0.33
19970814	0.0	18.98	0.28
19970815	0.0	19.79	0.27
19970816	0.14	20.91	0.25
19970817	3.23	20.38	0.24
19970818	0.09	20.58	0.28
19970819	0.38	21.21	0.28
19970820	0.0	21.06	0.25
19970821	1.75	19.56	0.25
19970822	2.35	19.23	0.25
19970823	8.62	18.7	0.25
19970824	7.5	16.87	0.25
19970825	1.5	15.94	0.25
19970826	1.72	15.72	0.25
19970827	3.14	15.01	0.25
19970828	3.49	13.84	0.25
19970829	9.32	15.16	0.25
19970830	4.25	14.27	0.25
19970831	11.18	15.17	0.25
19970901	0.02	15.81	0.25
19970902	1.75	15.04	0.25
19970903	3.07	15.39	0.25
19970904	0.0	15.06	0.25
19970905	0.03	14.02	0.35
19970906	0.88	13.46	0.33
19970907	0.08	15.21	0.32
19970908	0.01	14.73	0.32
19970909	0.01	13.44	0.32
19970910	0.0	13.41	0.32
19970911	3.08	14.3	0.34
19970912	0.87	12.27	0.34
19970913	0.88	9.85	0.31
19970914	0.02	12.0	0.29
19970915	0.0	13.58	0.3
19970916	0.0	15.3	0.3
19970917	0.53	14.4	0.29
19970918	5.4	13.52	0.29
19970919	2.12	11.99	0.41
19970920	0.01	12.78	0.33
19970921	0.0	11.13	0.3
19970922	0.01	11.43	0.3
19970923	0.01	11.29	0.29
19970924	0.01	12.28	0.29
19970925	0.0	13.64	0.28
19970926	0.0	13.48	0.29
19970927	0.0	13.1	0.28
19970928	0.0	13.64	0.28
19970929	1.11	15.03	0.29
19970930	0.38	14.65	0.29
19971001	0.01	16.71	0.29
19971002	0.04	12.63	0.27
19971003	0.0	12.27	0.26
19971004	0.0	14.55	0.25
19971005	0.0	13.49	0.26
19971006	3.57	13.42	0.3
19971007	3.02	11.89	0.4
19971008	16.84	11.82	0.56
19971009	2.43	14.54	0.66
19971010	0.01	11.8	0.38
19971011	3.59	8.91	0.37
19971012	0.4	7.47	0.35
19971013	0.01	6.99	0.32
19971014	5.21	5.56	0.36
19971015	2.51	9.58	0.36
19971016	0.75	12.0	0.38
19971017	0.04	15.01	0.32
19971018	0.02	13.53	0.29
19971019	1.04	11.82	0.29
19971020	0.01	9.25	0.31
19971021	0.0	8.2	0.3
19971022	0.0	5.61	0.3
19971023	0.0	6.86	0.29
19971024	0.0	5.37	0.28
19971025	0.0	4.61	0.28
19971026	0.01	5.72	0.26
19971027	0.0	7.35	0.28
19971028	0.01	3.18	0.3
19971029	0.0	2.24	0.27
19971030	0.31	3.88	0.29
19971031	0.0	5.66	0.29
19971101	0.41	6.79	0.28
19971102	0.35	8.96	0.27
19971103	0.0	8.5	0.29
19971104	7.68	8.03	0.34
19971105	0.23	11.17	0.42
19971106	0.0	9.75	0.32
19971107	9.19	7.32	0.42
19971108	3.73	8.26	0.58
19971109	1.38	6.8	0.43
19971110	1.01	6.86	0.37
19971111	0.01	6.78	0.32
19971112	0.0	4.97	0.29
19971113	0.0	4.08	0.31
19971114	0.64	5.51	0.3
19971115	0.02	11.32	0.28
19971116	0.12	13.67	0.28
19971117	1.41	12.37	0.29
19971118	4.32	10.57	0.34
19971119	7.32	10.19	0.4
19971120	7.52	9.09	0.73
19971121	0.18	6.05	0.47
19971122	1.26	4.28	0.39
19971123	2.45	6.07	0.35
19971124	0.06	6.84	0.4
19971125	2.36	6.26	0.37
19971126	2.96	8.12	0.38
19971127	3.14	8.32	0.39
19971128	15.72	8.83	0.92
19971129	4.52	8.56	0.78
19971130	0.01	5.54	0.56
19971201	1.62	0.95	0.49
19971202	0.1	-0.59	0.44
19971203	0.1	1.33	0.4
19971204	0.0	1.96	0.37
19971205	0.03	2.84	0.36
19971206	0.06	8.24	0.35
19971207	0.09	7.91	0.34
19971208	0.0	9.41	0.34
19971209	6.02	8.84	0.36
19971210	3.65	10.49	0.49
19971211	5.02	8.83	0.68
19971212	0.12	4.41	0.46
19971213	0.01	4.92	0.39
19971214	0.02	4.75	0.36
19971215	0.28	3.95	0.35
19971216	0.12	2.68	0.35
19971217	2.97	1.37	0.37
19971218	12.39	6.1	0.75
19971219	0.11	6.21	0.58
19971220	0.0	5.43	0.45
19971221	0.09	3.71	0.4
19971222	2.7	4.28	0.4
19971223	6.0	7.59	0.55
19971224	5.21	9.84	0.79
19971225	3.92	8.2	0.59
19971226	0.71	6.25	0.47
19971227	0.65	4.92	0.44
19971228	0.95	4.06	0.42
19971229	0.1	4.02	0.39
19971230	3.29	7.73	0.41
19971231	0.01	6.08	0.45
19980101	5.69	4.16	0.49
19980102	14.21	5.96	0.75
19980103	4.26	6.34	1.31
19980104	7.9	4.69	1.11
19980105	9.19	2.64	1.34
19980106	3.05	3.66	1.03
19980107	3.32	5.31	0.76
19980108	8.38	7.62	1.34
19980109	0.01	11.33	0.82
19980110	0.0	9.24	0.64
19980111	0.01	7.6	0.54
19980112	0.8	8.85	0.51
19980113	5.19	8.51	0.59
19980114	2.96	6.11	0.59
19980115	0.76	6.7	0.66
19980116	0.24	5.3	0.57
19980117	7.68	6.15	0.49
19980118	11.91	6.18	1.5
19980119	0.04	2.94	0.99
19980120	0.01	1.04	0.64
19980121	0.09	2.44	0.54
19980122	3.43	4.14	0.58
19980123	0.11	1.15	0.51
19980124	0.01	3.31	0.45
19980125	0.0	2.31	0.43
19980126	0.0	2.29	0.43
19980127	0.0	1.7	0.42
19980128	0.0	-0.06	0.42
19980129	0.0	3.07	0.4
19980130	0.17	3.6	0.39
19980131	0.14	3.06	0.37
19980201	0.01	-0.16	0.37
19980202	0.0	2.35	0.38
19980203	0.01	1.22	0.37
19980204	0.0	4.3	0.35
19980205	0.0	6.04	0.36
19980206	2.19	6.88	0.37
19980207	0.09	4.32	0.36
19980208	0.0	6.28	0.34
19980209	0.0	8.79	0.35
19980210	0.01	9.19	0.36
19980211	0.0	10.64	0.36
19980212	0.0	11.78	0.35
19980213	0.0	11.93	0.33
19980214	0.01	10.96	0.32
19980215	0.0	11.41	0.32
19980216	0.01	9.04	0.32
19980217	0.01	7.14	0.33
19980218	0.0	6.3	0.32
19980219	0.0	8.18	0.31
19980220	0.0	10.21	0.33
19980221	3.76	8.11	0.39
19980222	1.42	5.3	0.35
19980223	0.06	7.99	0.33
19980224	0.01	8.63	0.32
19980225	0.0	6.43	0.32
19980226	0.13	7.67	0.32
19980227	2.54	7.26	0.35
19980228	0.47	2.76	0.33
19980301	0.24	4.05	0.35
19980302	4.64	6.78	0.37
19980303	11.65	10.76	0.62
19980304	1.8	6.21	0.66
19980305	13.2	5.2	0.48
19980306	11.87	5.89	1.58
19980307	3.59	9.45	0.95
19980308	0.11	4.33	0.65
19980309	0.12	3.03	0.55
19980310	4.74	4.25	0.55
19980311	0.15	6.12	0.54
19980312	1.7	3.67	0.48
19980313	0.03	7.84	0.46
19980314	0.0	7.6	0.42
19980315	0.0	8.96	0.38
19980316	0.0	8.35	0.42
19980317	0.01	9.27	0.39
19980318	0.0	8.2	0.39
19980319	0.0	6.17	0.37
19980320	0.0	7.8	0.36
19980321	0.0	7.84	0.39
19980322	0.0	6.78	0.36
19980323	0.7	6.04	0.37
19980324	4.9	5.3	0.4
19980325	3.48	7.46	0.52
19980326	0.58	10.37	0.49
19980327	0.08	11.16	0.44
19980328	0.38	11.96	0.4
19980329	7.02	11.7	0.47
19980330	0.01	12.65	0.48
19980331	0.01	9.21	0.41
19980401	5.04	7.59	0.4
19980402	13.6	7.8	0.82
19980403	2.55	8.74	0.88
19980404	4.72	9.36	0.79
19980405	2.48	8.52	0.63
19980406	4.03	8.22	0.6
19980407	1.1	6.93	0.57
19980408	14.13	6.73	0.92
19980409	15.66	4.69	1.16
19980410	11.96	3.69	2.34
19980411	0.31	3.78	1.29
19980412	0.15	2.37	0.77
19980413	0.32	2.71	0.6
19980414	8.02	2.47	0.65
19980415	2.6	2.84	0.84
19980416	0.2	3.98	0.72
19980417	0.34	5.33	0.59
19980418	0.69	5.79	0.52
19980419	2.21	7.19	0.49
19980420	2.07	8.59	0.49
19980421	7.08	7.98	0.56
19980422	6.64	12.29	0.71
19980423	2.46	10.68	0.73
19980424	0.5	10.79	0.6
19980425	0.04	10.48	0.5
19980426	1.86	8.85	0.47
19980427	2.43	8.59	0.48
19980428	0.04	8.89	0.46
19980429	0.0	9.81	0.4
19980430	0.0	8.28	0.39
19980501	0.08	8.07	0.39
19980502	0.51	9.07	0.37
19980503	0.1	7.86	0.37
19980504	0.0	9.25	0.35
19980505	2.22	9.65	0.4
19980506	0.34	11.5	0.42
19980507	0.0	12.88	0.4
19980508	0.07	14.23	0.36
19980509	0.0	15.58	0.34
19980510	10.81	9.97	0.38
19980511	0.61	9.7	0.51
19980512	0.03	11.04	0.4
19980513	0.0	13.56	0.38
19980514	0.0	15.05	0.36
19980515	0.0	14.39	0.35
19980516	0.0	13.79	0.32
19980517	0.0	13.52	0.31
19980518	0.0	14.22	0.32
19980519	0.0	14.63	0.3
19980520	0.31	14.22	0.3
19980521	0.0	12.04	0.3
19980522	0.0	11.8	0.3
19980523	0.07	12.17	0.29
19980524	0.07	13.46	0.29
19980525	0.21	12.87	0.29
19980526	0.18	9.99	0.28
19980527	0.04	8.42	0.28
19980528	2.91	10.06	0.31
19980529	0.01	13.61	0.29
19980530	1.22	12.46	0.27
19980531	0.28	13.48	0.29
19980601	9.58	13.47	0.29
19980602	28.06	11.08	1.5
19980603	7.55	10.57	0.88
19980604	0.01	11.24	0.52
19980605	0.41	11.72	0.41
19980606	0.46	14.57	0.36
19980607	3.06	14.13	0.41
19980608	6.88	13.0	0.54
19980609	1.55	15.7	0.55
19980610	5.66	12.76	0.41
19980611	1.36	9.04	0.47
19980612	0.7	10.07	0.38
19980613	6.93	10.67	0.45
19980614	4.2	12.33	0.53
19980615	4.78	12.43	0.55
19980616	0.13	11.72	0.48
19980617	5.05	12.26	0.41
19980618	1.05	14.63	0.49
19980619	0.05	18.73	0.4
19980620	1.78	19.9	0.4
19980621	0.0	18.19	0.35
19980622	0.21	14.71	0.35
19980623	0.01	16.08	0.3
19980624	0.01	16.97	0.29
19980625	2.38	14.5	0.33
19980626	15.37	13.39	0.44
19980627	4.42	13.38	0.71
19980628	0.13	14.33	0.41
19980629	0.04	13.79	0.34
19980630	0.52	13.06	0.31
19980701	0.03	13.43	0.31
19980702	0.0	12.46	0.29
19980703	0.0	13.96	0.29
19980704	0.0	15.16	0.28
19980705	0.0	16.02	0.27
19980706	0.33	14.34	0.27
19980707	0.1	13.5	0.27
19980708	0.41	14.34	0.28
19980709	0.01	15.8	0.27
19980710	0.0	15.31	0.26
19980711	0.49	14.51	0.24
19980712	1.89	15.53	0.27
19980713	0.33	13.12	0.28
19980714	0.02	14.1	0.27
19980715	0.0	14.53	0.26
19980716	0.11	15.65	0.28
19980717	0.04	14.27	0.26
19980718	0.0	14.44	0.24
19980719	0.0	15.52	0.23
19980720	0.21	18.84	0.25
19980721	0.01	16.77	0.24
19980722	0.4	16.23	0.23
19980723	0.08	15.91	0.23
19980724	0.06	14.24	0.23
19980725	0.0	14.86	0.2
19980726	2.04	15.27	0.2
19980727	0.13	15.88	0.26
19980728	0.39	16.44	0.2
19980729	1.71	15.41	0.22
19980730	2.15	14.5	0.24
19980731	13.06	14.86	0.39
19980801	0.41	13.64	0.42
19980802	0.82	13.98	0.28
19980803	1.39	15.06	0.28
19980804	0.0	15.43	0.23
19980805	0.0	16.64	0.23
19980806	0.0	16.78	0.23
19980807	0.0	18.29	0.21
19980808	0.0	17.95	0.2
19980809	0.0	17.77	0.19
19980810	0.0	18.54	0.2
19980811	0.01	20.05	0.2
19980812	0.01	16.04	0.23
19980813	0.01	14.89	0.23
19980814	6.69	18.34	0.3
19980815	0.0	15.44	0.32
19980816	0.04	15.65	0.23
19980817	0.0	16.91	0.24
19980818	0.01	14.77	0.23
19980819	0.0	15.89	0.24
19980820	1.12	15.25	0.23
19980821	0.91	15.46	0.27
19980822	0.72	13.51	0.24
19980823	11.65	13.38	0.4
19980824	0.08	13.01	0.35
19980825	4.95	12.42	0.34
19980826	0.19	12.66	0.38
19980827	0.0	12.18	0.28
19980828	0.01	13.1	0.27
19980829	0.0	14.67	0.24
19980830	0.0	15.05	0.23
19980831	7.39	14.4	0.25
19980901	1.46	15.6	0.43
19980902	0.03	15.22	0.32
19980903	0.01	15.41	0.3
19980904	8.64	14.41	0.3
19980905	5.26	14.79	0.52
19980906	0.04	14.95	0.32
19980907	1.35	17.56	0.31
19980908	1.78	16.38	0.34
19980909	3.44	15.93	0.4
19980910	1.84	14.44	0.34
19980911	0.89	11.73	0.32
19980912	1.25	8.36	0.33
19980913	0.03	9.79	0.3
19980914	0.31	11.75	0.29
19980915	0.65	11.37	0.31
19980916	0.0	11.61	0.26
19980917	0.0	12.28	0.27
19980918	0.02	15.38	0.28
19980919	0.0	15.71	0.25
19980920	0.0	16.3	0.24
19980921	0.0	14.08	0.25
19980922	0.0	13.37	0.25
19980923	0.0	14.18	0.25
19980924	0.0	13.79	0.26
19980925	0.03	13.53	0.25
19980926	0.01	14.03	0.21
19980927	1.26	13.88	0.27
19980928	0.03	13.84	0.26
19980929	3.46	12.72	0.24
19980930	30.36	13.81	1.02
19981001	1.71	13.43	0.77
19981002	0.07	10.46	0.43
19981003	0.31	8.65	0.36
19981004	1.9	8.84	0.34
19981005	3.27	9.41	0.39
19981006	0.31	10.37	0.36
19981007	0.86	9.73	0.34
19981008	0.04	9.22	0.31
19981009	0.81	9.25	0.32
19981010	0.74	10.64	0.3
19981011	0.53	10.92	0.3
19981012	0.05	10.3	0.31
19981013	2.38	12.45	0.32
19981014	0.04	12.8	0.33
19981015	0.13	9.45	0.31
19981016	8.08	10.99	0.44
19981017	2.41	8.84	0.47
19981018	0.02	4.81	0.33
19981019	1.04	6.86	0.34
19981020	2.55	7.39	0.35
19981021	0.94	14.14	0.41
19981022	22.89	15.25	0.9
19981023	5.66	12.04	0.79
19981024	15.25	8.63	1.31
19981025	2.07	8.31	0.66
19981026	5.65	6.63	0.52
19981027	13.36	11.45	1.12
19981028	1.35	9.62	0.8
19981029	7.27	7.11	0.73
19981030	0.62	6.49	0.6
19981031	1.62	6.04	0.52
19981101	0.58	4.62	0.43
19981102	5.91	5.03	0.58
19981103	2.04	5.91	0.56
19981104	0.15	2.15	0.49
19981105	2.14	5.99	0.48
19981106	0.01	6.14	0.44
19981107	10.03	7.4	0.41
19981108	3.32	10.1	0.84
19981109	0.07	11.78	0.64
19981110	0.2	7.18	0.5
19981111	5.25	5.81	0.48
19981112	2.24	7.11	0.62
19981113	0.19	5.8	0.53
19981114	0.21	4.59	0.45
19981115	0.03	4.4	0.39
19981116	0.0	1.72	0.4
19981117	0.01	0.39	0.41
19981118	1.77	1.88	0.4
19981119	0.0	3.37	0.38
19981120	0.01	2.75	0.38
19981121	0.0	4.51	0.35
19981122	0.01	3.09	0.35
19981123	1.08	2.53	0.36
19981124	0.51	4.6	0.39
19981125	0.24	3.54	0.37
19981126	0.3	6.43	0.37
19981127	0.33	6.72	0.36
19981128	2.94	7.71	0.44
19981129	0.01	3.26	0.38
19981130	0.07	3.33	0.36
19981201	0.33	2.99	0.35
19981202	0.0	2.9	0.35
19981203	1.68	1.32	0.36
19981204	0.01	1.85	0.36
19981205	1.86	0.1	0.38
19981206	0.43	-1.05	0.34
19981207	4.52	1.38	0.35
19981208	3.85	6.74	0.54
19981209	0.21	5.66	0.46
19981210	2.85	7.39	0.46
19981211	1.28	5.66	0.43
19981212	7.05	9.58	0.64
19981213	5.57	7.86	0.7
19981214	1.3	12.56	0.65
19981215	2.71	8.85	0.6
19981216	0.06	7.31	0.51
19981217	0.0	8.7	0.46
19981218	3.88	6.83	0.53
19981219	0.0	4.53	0.5
19981220	0.01	0.7	0.4
19981221	0.16	-0.68	0.4
19981222	1.56	1.6	0.39
19981223	0.24	4.8	0.41
19981224	1.35	3.38	0.39
19981225	3.51	8.96	0.47
19981226	5.19	6.0	0.56
19981227	4.7	5.3	0.67
19981228	0.01	3.1	0.54
19981229	0.01	3.66	0.45
19981230	2.46	8.36	0.43
19981231	0.33	7.42	0.48
19990101	2.36	6.94	0.42
19990102	12.38	5.73	0.5
19990103	9.01	4.45	1.47
19990104	0.51	8.76	1.14
19990105	0.16	10.6	0.73
19990106	12.68	8.69	1.13
19990107	2.38	4.8	1.0
19990108	1.84	3.43	0.79
19990109	0.01	1.42	0.61
19990110	0.0	0.18	0.53
19990111	1.2	-0.4	0.5
19990112	5.59	0.79	0.7
19990113	0.61	3.59	0.63
19990114	7.24	5.17	0.9
19990115	17.14	8.24	1.34
19990116	2.09	4.34	1.65
19990117	0.5	3.41	0.9
19990118	2.6	4.91	0.83
19990119	6.41	10.32	0.78
19990120	0.05	9.05	0.89
19990121	0.0	3.45	0.66
19990122	0.02	0.38	0.57
19990123	1.39	3.36	0.57
19990124	4.27	5.8	0.56
19990125	0.33	7.95	0.68
19990126	2.18	3.95	0.64
19990127	4.81	3.63	0.62
19990128	0.02	6.49	0.67
19990129	0.62	3.87	0.54
19990130	0.09	5.18	0.48
19990131	0.04	5.72	0.47
19990201	0.01	6.81	0.47
19990202	0.0	4.98	0.45
19990203	0.0	8.33	0.44
19990204	0.01	9.29	0.42
19990205	0.01	6.37	0.42
19990206	0.18	5.19	0.41
19990207	0.0	1.04	0.39
19990208	0.07	-0.36	0.4
19990209	0.0	-0.91	0.4
19990210	0.0	0.21	0.39
19990211	0.06	0.71	0.38
19990212	0.75	2.67	0.38
19990213	0.0	3.46	0.37
19990214	2.26	4.26	0.42
19990215	1.31	4.93	0.42
19990216	0.3	5.68	0.44
19990217	2.84	4.33	0.43
19990218	0.48	8.12	0.38
19990219	0.04	8.96	0.39
19990220	1.8	5.53	0.36
19990221	4.51	5.3	0.48
19990222	0.01	3.22	0.5
19990223	2.05	2.75	0.41
19990224	0.07	2.19	0.42
19990225	0.42	5.41	0.43
19990226	1.26	8.18	0.43
19990227	0.25	5.76	0.37
19990228	4.66	6.82	0.43
19990301	5.4	9.18	0.56
19990302	3.02	9.55	0.68
19990303	2.8	6.27	0.61
19990304	0.35	3.82	0.52
19990305	8.53	2.75	0.57
19990306	6.1	2.34	0.94
19990307	5.67	3.3	1.1
19990308	2.46	3.53	0.83
19990309	22.41	3.14	1.83
19990310	0.06	3.06	1.54
19990311	3.19	2.62	0.92
19990312	3.98	7.17	0.83
19990313	0.0	8.08	0.76
19990314	0.02	7.16	0.61
19990315	0.01	8.22	0.55
19990316	0.01	8.8	0.53
19990317	0.01	10.44	0.51
19990318	0.0	8.32	0.48
19990319	0.01	6.63	0.47
19990320	3.05	6.28	0.46
19990321	1.05	6.85	0.58
19990322	0.05	6.04	0.47
19990323	0.01	10.01	0.45
19990324	0.01	8.79	0.45
19990325	8.26	7.06	0.69
19990326	0.04	6.04	0.54
19990327	0.01	6.5	0.44
19990328	0.01	7.73	0.43
19990329	0.54	10.73	0.45
19990330	1.12	9.68	0.44
19990331	0.01	12.1	0.43
19990401	0.0	11.67	0.4
19990402	1.78	10.22	0.43
19990403	0.0	9.6	0.39
19990404	1.11	12.09	0.37
19990405	0.02	13.27	0.35
19990406	0.42	11.99	0.37
19990407	0.01	9.39	0.36
19990408	0.1	9.91	0.36
19990409	0.04	12.61	0.36
19990410	0.0	9.99	0.34
19990411	4.89	8.3	0.42
19990412	1.61	7.8	0.46
19990413	5.07	3.31	0.48
19990414	0.01	1.84	0.43
19990415	2.6	3.2	0.38
19990416	5.83	4.29	0.48
19990417	2.82	4.58	0.46
19990418	4.17	4.16	0.41
19990419	3.84	5.22	0.4
19990420	13.19	7.28	1.13
19990421	2.36	10.11	0.79
19990422	0.59	9.81	0.55
19990423	9.97	8.72	0.81
19990424	0.02	10.36	0.68
19990425	0.27	10.32	0.49
19990426	1.05	9.56	0.47
19990427	0.01	11.11	0.42
19990428	0.01	10.34	0.41
19990429	0.0	9.89	0.4
19990430	0.0	10.35	0.39
19990501	0.0	11.02	0.37
19990502	0.0	11.14	0.36
19990503	0.01	13.51	0.36
19990504	0.0	10.65	0.36
19990505	1.16	10.98	0.37
19990506	0.01	12.11	0.36
19990507	12.77	12.38	0.6
19990508	1.43	12.01	0.51
19990509	0.59	14.91	0.38
19990510	4.99	13.15	0.62
19990511	2.99	12.58	0.49
19990512	0.65	12.22	0.45
19990513	2.68	11.65	0.45
19990514	0.5	11.5	0.38
19990515	0.01	11.05	0.36
19990516	0.0	10.77	0.34
19990517	0.0	8.82	0.34
19990518	0.01	11.18	0.36
19990519	0.0	13.14	0.34
19990520	0.0	13.67	0.34
19990521	0.25	12.02	0.32
19990522	0.01	10.85	0.31
19990523	0.0	13.67	0.33
19990524	0.67	12.61	0.37
19990525	0.01	10.88	0.34
19990526	0.0	13.29	0.32
19990527	2.66	16.17	0.33
19990528	0.0	15.6	0.37
19990529	4.84	14.69	0.34
19990530	1.73	9.85	0.38
19990531	0.01	10.99	0.32
19990601	0.71	14.69	0.29
19990602	19.6	12.78	0.85
19990603	1.71	13.02	0.51
19990604	1.1	11.83	0.4
19990605	0.15	10.19	0.36
19990606	9.21	10.98	0.49
19990607	15.65	9.96	0.81
19990608	0.01	10.33	0.71
19990609	0.0	11.33	0.43
19990610	0.0	11.51	0.38
19990611	1.93	10.99	0.4
19990612	0.72	11.47	0.34
19990613	0.0	13.16	0.33
19990614	0.62	15.35	0.33
19990615	0.0	16.93	0.33
19990616	0.01	17.63	0.32
19990617	0.0	14.27	0.29
19990618	0.0	15.28	0.27
19990619	1.07	15.68	0.26
19990620	0.01	13.47	0.27
19990621	0.01	11.26	0.25
19990622	0.56	11.93	0.25
19990623	0.0	13.81	0.26
19990624	0.01	14.99	0.26
19990625	0.0	15.77	0.25
19990626	0.62	16.13	0.24
19990627	4.81	14.13	0.37
19990628	0.87	12.17	0.29
19990629	0.01	14.24	0.25
19990630	4.3	13.91	0.26
19990701	3.14	15.31	0.38
19990702	17.38	18.47	0.46
19990703	0.0	18.26	0.74
19990704	0.01	17.13	0.37
19990705	0.48	17.37	0.35
19990706	0.0	18.11	0.33
19990707	0.0	18.27	0.3
19990708	0.0	20.01	0.26
19990709	0.0	19.05	0.25
19990710	0.0	17.88	0.23
19990711	0.0	17.94	0.21
19990712	0.0	16.95	0.24
19990713	1.87	15.86	0.26
19990714	0.07	14.04	0.24
19990715	0.0	14.37	0.22
19990716	0.0	16.76	0.22
19990717	0.0	17.15	0.22
19990718	0.0	18.93	0.2
19990719	4.06	18.59	0.31
19990720	0.45	17.39	0.3
19990721	0.2	14.41	0.25
19990722	0.47	13.48	0.22
19990723	0.0	16.43	0.22
19990724	0.0	20.42	0.2
19990725	0.0	16.42	0.2
19990726	0.0	14.48	0.21
19990727	0.0	14.2	0.21
19990728	0.0	15.44	0.19
19990729	0.0	16.77	0.19
19990730	0.0	18.6	0.18
19990731	0.0	20.44	0.18
19990801	1.45	20.82	0.18
19990802	0.26	22.03	0.2
19990803	0.68	19.39	0.2
19990804	1.54	19.43	0.21
19990805	1.23	18.29	0.2
19990806	0.66	18.76	0.2
19990807	2.7	16.42	0.21
19990808	20.43	15.59	0.38
19990809	11.86	14.66	0.95
19990810	0.71	12.97	0.57
19990811	2.22	13.66	0.37
19990812	0.11	14.1	0.33
19990813	0.08	16.21	0.3
19990814	5.05	14.97	0.46
19990815	0.01	14.18	0.31
19990816	0.38	12.63	0.35
19990817	0.91	12.08	0.29
19990818	4.24	13.46	0.38
19990819	0.01	13.28	0.33
19990820	0.01	12.42	0.29
19990821	0.01	11.96	0.28
19990822	0.01	11.86	0.27
19990823	0.01	14.07	0.28
19990824	4.85	14.2	0.29
19990825	4.55	16.58	0.42
19990826	0.02	17.23	0.34
19990827	0.0	16.06	0.31
19990828	0.01	16.52	0.27
19990829	0.0	16.5	0.26
19990830	0.01	14.86	0.26
19990831	0.0	16.34	0.26
19990901	0.0	17.63	0.27
19990902	0.0	19.43	0.24
19990903	0.0	18.71	0.25
19990904	0.0	18.1	0.24
19990905	0.0	17.98	0.21
19990906	0.4	19.03	0.24
19990907	0.42	16.51	0.25
19990908	0.11	15.97	0.25
19990909	0.0	14.02	0.23
19990910	0.0	14.99	0.26
19990911	0.01	19.96	0.25
19990912	0.01	14.47	0.24
19990913	0.01	13.37	0.26
19990914	0.0	12.14	0.28
19990915	0.16	12.51	0.3
19990916	1.69	13.26	0.26
19990917	0.73	12.57	0.27
19990918	0.53	14.22	0.26
19990919	17.57	15.43	0.4
19990920	4.66	15.27	0.83
19990921	0.01	13.98	0.43
19990922	2.6	14.24	0.37
19990923	0.66	15.49	0.37
19990924	6.0	14.99	0.38
19990925	4.81	14.01	0.49
19990926	8.31	12.35	0.5
19990927	3.18	12.81	0.54
19990928	2.6	13.29	0.44
19990929	8.65	13.84	0.64
19990930	0.24	12.21	0.49
19991001	27.14	10.91	1.03
19991002	0.61	9.42	0.84
19991003	2.54	9.04	0.53
19991004	0.27	7.76	0.44
19991005	0.01	6.4	0.37
19991006	0.04	7.34	0.36
19991007	1.39	10.58	0.35
19991008	0.18	13.31	0.35
19991009	0.0	14.58	0.32
19991010	0.0	14.84	0.32
19991011	0.0	9.58	0.33
19991012	0.01	8.38	0.32
19991013	0.01	8.67	0.32
19991014	0.0	10.2	0.31
19991015	0.01	11.02	0.32
19991016	0.0	10.96	0.3
19991017	0.0	9.31	0.3
19991018	0.0	8.13	0.29
19991019	0.0	8.08	0.31
19991020	1.46	7.76	0.31
19991021	13.16	8.49	0.67
19991022	4.65	11.83	0.57
19991023	4.23	11.51	0.47
19991024	12.56	10.38	0.77
19991025	0.1	11.11	0.63
19991026	0.01	10.79	0.45
19991027	0.34	10.73	0.39
19991028	0.0	10.16	0.37
19991029	0.15	8.84	0.36
19991030	2.82	12.4	0.38
19991031	0.3	10.95	0.36
19991101	2.99	11.5	0.41
19991102	0.01	8.4	0.38
19991103	0.0	10.28	0.34
19991104	0.03	9.52	0.35
19991105	19.17	9.5	1.04
19991106	0.01	6.56	0.64
19991107	0.0	6.61	0.43
19991108	0.05	10.1	0.4
19991109	0.0	7.07	0.38
19991110	0.07	6.83	0.37
19991111	6.07	8.12	0.42
19991112	0.98	7.98	0.5
19991113	0.34	7.86	0.41
19991114	0.47	7.92	0.38
19991115	0.16	6.33	0.37
19991116	0.02	4.43	0.37
19991117	0.0	2.59	0.36
19991118	0.6	2.67	0.36
19991119	0.25	4.33	0.34
19991120	0.33	3.61	0.33
19991121	0.54	2.68	0.33
19991122	0.01	5.71	0.34
19991123	0.03	7.88	0.34
19991124	4.5	10.35	0.42
19991125	0.01	10.09	0.42
19991126	3.18	9.73	0.41
19991127	0.01	6.75	0.38
19991128	1.5	11.04	0.35
19991129	0.01	5.98	0.34
19991130	1.02	7.97	0.36
19991201	0.92	7.93	0.34
19991202	4.94	5.57	0.36
19991203	6.51	6.18	0.67
19991204	6.45	2.27	0.73
19991205	0.74	2.51	0.52
19991206	1.77	9.86	0.52
19991207	0.29	6.56	0.49
19991208	2.12	6.14	0.49
19991209	1.9	5.62	0.48
19991210	6.39	4.5	0.53
19991211	6.91	7.28	0.8
19991212	3.1	5.27	0.65
19991213	1.65	2.15	0.59
19991214	3.31	0.31	0.51
19991215	0.81	1.22	0.52
19991216	3.78	3.44	0.51
19991217	0.05	6.24	0.63
19991218	0.0	0.05	0.47
19991219	0.0	-2.0	0.42
19991220	4.91	-3.68	0.4
19991221	0.27	1.4	0.52
19991222	2.41	5.59	0.54
19991223	9.77	6.46	0.67
19991224	13.06	8.78	1.53
19991225	0.76	4.2	1.09
19991226	3.1	3.42	0.73
19991227	0.0	2.11	0.59
19991228	0.04	0.88	0.5
19991229	1.46	1.21	0.46
19991230	1.17	3.0	0.48
19991231	0.41	4.95	0.45
20000101	0.21	4.67	0.42
20000102	1.05	6.3	0.41
20000103	0.76	7.63	0.45
20000104	1.1	2.68	0.48
20000105	0.99	5.75	0.45
20000106	0.09	7.0	0.43
20000107	0.96	6.94	0.43
20000108	0.0	5.26	0.41
20000109	0.01	1.89	0.38
20000110	0.27	2.49	0.38
20000111	0.0	7.81	0.39
20000112	7.07	7.19	0.49
20000113	0.8	2.25	0.56
20000114	1.21	3.05	0.47
20000115	0.01	3.12	0.4
20000116	0.08	1.55	0.37
20000117	0.01	3.39	0.36
20000118	0.01	4.56	0.39
20000119	0.04	3.89	0.38
20000120	0.0	3.3	0.39
20000121	0.38	3.61	0.37
20000122	0.05	4.23	0.35
20000123	0.01	2.88	0.32
20000124	0.29	1.64	0.41
20000125	0.0	2.57	0.44
20000126	0.03	2.32	0.41
20000127	0.0	2.78	0.4
20000128	0.58	5.29	0.39
20000129	0.54	9.57	0.38
20000130	2.2	9.5	0.36
20000131	0.93	9.9	0.47
20000201	0.51	8.76	0.4
20000202	0.02	6.28	0.38
20000203	0.09	6.3	0.38
20000204	0.0	9.26	0.38
20000205	0.0	8.22	0.36
20000206	0.3	9.56	0.36
20000207	3.36	6.76	0.47
20000208	1.55	6.78	0.42
20000209	3.53	6.09	0.4
20000210	0.69	5.74	0.55
20000211	2.74	5.36	0.4
20000212	0.45	5.31	0.44
20000213	0.04	4.01	0.37
20000214	1.83	3.56	0.4
20000215	1.46	4.48	0.43
20000216	2.29	1.97	0.47
20000217	2.34	2.45	0.44
20000218	1.79	6.44	0.45
20000219	0.01	4.03	0.39
20000220	2.97	2.17	0.37
20000221	0.01	4.19	0.49
20000222	0.01	2.68	0.39
20000223	0.13	7.45	0.39
20000224	0.2	6.28	0.39
20000225	0.01	4.25	0.37
20000226	0.0	5.23	0.37
20000227	17.61	9.33	0.77
20000228	3.63	4.99	0.79
20000229	0.4	5.62	0.7
20000301	0.7	3.97	0.49
20000302	4.03	5.93	0.56
20000303	0.06	5.57	0.53
20000304	0.01	2.01	0.41
20000305	0.01	4.09	0.4
20000306	0.0	9.07	0.41
20000307	1.86	10.76	0.48
20000308	0.81	12.55	0.44
20000309	0.01	11.31	0.4
20000310	0.0	9.58	0.39
20000311	0.0	8.82	0.37
20000312	0.0	6.53	0.37
20000313	1.1	10.15	0.37
20000314	0.08	7.9	0.4
20000315	0.0	6.17	0.39
20000316	0.0	8.19	0.37
20000317	0.0	8.42	0.36
20000318	0.0	6.73	0.32
20000319	0.0	5.86	0.33
20000320	0.0	7.66	0.33
20000321	0.0	8.32	0.35
20000322	0.0	6.99	0.34
20000323	6.37	6.49	0.51
20000324	0.88	7.77	0.43
20000325	1.01	5.24	0.39
20000326	0.76	4.3	0.34
20000327	1.12	4.97	0.38
20000328	0.37	3.94	0.36
20000329	0.01	4.43	0.36
20000330	0.0	4.69	0.35
20000331	0.01	4.53	0.35
20000401	2.24	5.21	0.35
20000402	26.53	7.18	0.83
20000403	25.96	3.19	2.63
20000404	0.11	3.0	1.45
20000405	0.1	4.24	0.79
20000406	0.01	4.71	0.58
20000407	0.0	6.5	0.51
20000408	1.29	7.66	0.46
20000409	0.01	6.79	0.42
20000410	2.27	5.65	0.44
20000411	12.54	4.44	0.55
20000412	15.75	4.41	1.3
20000413	1.44	4.49	1.15
20000414	0.11	4.92	0.68
20000415	1.44	3.11	0.57
20000416	5.22	5.41	0.58
20000417	3.4	6.14	0.92
20000418	15.29	7.6	1.33
20000419	3.82	10.06	1.23
20000420	0.2	12.01	0.86
20000421	9.58	10.19	0.68
20000422	2.2	9.59	1.06
20000423	0.37	9.14	0.72
20000424	11.24	9.68	0.73
20000425	2.44	11.03	1.02
20000426	4.45	10.16	0.9
20000427	0.01	10.91	0.74
20000428	1.68	10.39	0.6
20000429	0.04	10.91	0.53
20000430	0.0	10.53	0.49
20000501	0.01	10.93	0.46
20000502	0.17	9.77	0.46
20000503	0.35	7.94	0.46
20000504	0.03	7.92	0.44
20000505	0.0	8.78	0.43
20000506	0.0	12.07	0.39
20000507	0.0	13.04	0.37
20000508	0.01	11.66	0.36
20000509	0.01	13.11	0.38
20000510	0.01	11.49	0.37
20000511	0.0	10.29	0.37
20000512	0.0	11.87	0.35
20000513	0.0	14.12	0.35
20000514	0.0	17.18	0.35
20000515	0.01	18.62	0.32
20000516	0.68	15.13	0.32
20000517	8.59	10.27	0.48
20000518	2.53	9.54	0.47
20000519	4.2	9.2	0.5
20000520	7.28	9.96	0.47
20000521	0.34	10.01	0.46
20000522	0.42	11.2	0.4
20000523	4.6	11.23	0.5
20000524	0.58	10.54	0.41
20000525	2.78	9.69	0.41
20000526	20.08	9.25	0.81
20000527	8.32	8.84	0.76
20000528	0.51	8.39	0.72
20000529	1.47	9.67	0.46
20000530	1.13	10.19	0.42
20000531	4.36	11.85	0.41
20000601	0.18	14.11	0.47
20000602	10.94	14.0	0.63
20000603	7.51	12.77	0.72
20000604	0.83	12.28	0.64
20000605	0.18	11.1	0.49
20000606	0.44	11.75	0.44
20000607	0.01	12.76	0.4
20000608	0.0	15.34	0.38
20000609	0.16	13.63	0.38
20000610	0.0	13.15	0.36
20000611	0.0	13.08	0.36
20000612	0.03	16.88	0.32
20000613	0.74	15.89	0.32
20000614	1.97	13.66	0.34
20000615	0.0	14.21	0.32
20000616	0.0	15.72	0.32
20000617	0.01	19.58	0.27
20000618	0.0	21.44	0.27
20000619	0.0	22.57	0.26
20000620	1.34	17.52	0.66
20000621	0.04	15.48	0.36
20000622	3.73	13.55	0.31
20000623	0.06	12.87	0.28
20000624	0.35	11.7	0.26
20000625	0.09	11.77	0.26
20000626	0.0	13.36	0.25
20000627	0.0	14.54	0.25
20000628	0.02	14.43	0.25
20000629	0.56	12.24	0.25
20000630	0.31	12.2	0.25
20000701	2.46	14.31	0.25
20000702	18.0	14.87	0.88
20000703	0.09	14.76	0.61
20000704	0.01	13.99	0.4
20000705	9.83	13.89	0.4
20000706	0.14	13.82	0.58
20000707	0.2	13.14	0.38
20000708	1.18	13.39	0.35
20000709	1.66	14.28	0.34
20000710	4.53	12.12	0.43
20000711	0.0	11.52	0.35
20000712	0.51	13.04	0.35
20000713	0.42	14.53	0.35
20000714	0.74	13.11	0.35
20000715	0.0	12.49	0.32
20000716	0.0	12.2	0.3
20000717	0.0	13.59	0.28
20000718	0.0	14.98	0.28
20000719	0.0	16.44	0.27
20000720	0.0	16.37	0.27
20000721	0.0	16.65	0.23
20000722	0.0	13.73	0.22
20000723	0.0	13.13	0.22
20000724	0.0	12.92	0.23
20000725	0.0	14.11	0.24
20000726	0.0	16.24	0.24
20000727	3.94	16.72	0.37
20000728	3.81	16.49	0.37
20000729	5.9	16.65	0.31
20000730	0.29	17.75	0.28
20000731	4.91	17.83	0.34
20000801	0.5	17.65	0.32
20000802	0.91	15.88	0.3
20000803	11.65	15.07	0.62
20000804	0.0	15.21	0.4
20000805	0.0	16.95	0.35
20000806	0.02	19.01	0.28
20000807	0.58	17.57	0.27
20000808	0.33	17.91	0.29
20000809	0.0	17.61	0.26
20000810	0.0	17.65	0.26
20000811	0.0	17.62	0.26
20000812	0.02	18.42	0.25
20000813	1.49	18.77	0.24
20000814	0.71	18.8	0.25
20000815	0.42	16.57	0.26
20000816	0.11	16.02	0.25
20000817	0.36	15.44	0.4
20000818	5.45	14.61	0.59
20000819	0.03	14.89	0.62
20000820	0.04	13.74	0.32
20000821	6.49	13.03	0.35
20000822	0.0	14.2	0.32
20000823	0.0	15.29	0.26
20000824	0.0	16.48	0.27
20000825	0.32	17.55	0.27
20000826	4.66	17.07	0.35
20000827	0.0	15.35	0.28
20000828	0.64	13.79	0.28
20000829	0.0	13.71	0.27
20000830	0.0	13.93	0.28
20000831	5.92	14.26	0.4
20000901	1.28	13.59	0.4
20000902	1.09	13.4	0.3
20000903	0.0	11.4	0.3
20000904	0.29	12.31	0.28
20000905	5.31	14.65	0.43
20000906	0.4	14.46	0.35
20000907	1.02	14.69	0.33
20000908	0.0	15.33	0.3
20000909	0.0	15.49	0.29
20000910	0.0	17.23	0.31
20000911	0.0	19.52	0.28
20000912	0.0	17.16	0.28
20000913	0.35	15.44	0.28
20000914	16.14	14.79	0.37
20000915	4.92	13.24	0.71
20000916	0.0	13.72	0.39
20000917	4.81	14.46	0.33
20000918	2.68	12.45	0.58
20000919	24.83	11.24	1.17
20000920	0.37	12.27	0.61
20000921	4.58	12.17	0.42
20000922	0.76	15.73	0.5
20000923	0.0	17.41	0.38
20000924	10.0	13.94	0.58
20000925	13.77	12.92	0.67
20000926	0.89	14.82	0.7
20000927	12.29	13.35	0.89
20000928	1.15	12.31	0.69
20000929	0.07	12.73	0.56
20000930	0.25	13.28	0.42
20001001	3.97	12.28	0.46
20001002	0.5	11.32	0.43
20001003	0.19	12.92	0.41
20001004	0.12	12.66	0.35
20001005	0.37	9.6	0.37
20001006	1.31	8.58	0.33
20001007	16.14	9.6	0.88
20001008	0.1	9.93	0.44
20001009	13.75	7.43	1.14
20001010	12.33	7.57	0.84
20001011	0.59	7.17	1.12
20001012	2.47	8.43	0.67
20001013	0.17	9.86	0.55
20001014	0.3	10.5	0.53
20001015	0.95	11.62	0.46
20001016	0.06	10.26	0.42
20001017	3.59	9.3	0.42
20001018	0.31	11.9	0.5
20001019	0.39	8.91	0.42
20001020	7.79	9.19	0.43
20001021	0.07	8.95	0.54
20001022	1.08	7.6	0.42
20001023	0.41	11.42	0.44
20001024	0.86	10.11	0.42
20001025	0.2	10.81	0.41
20001026	3.62	8.92	0.42
20001027	0.14	10.98	0.46
20001028	6.99	10.17	0.64
20001029	37.53	7.75	1.93
20001030	0.99	7.37	2.82
20001031	0.97	7.63	1.14
20001101	0.07	6.36	0.78
20001102	8.78	5.54	1.01
20001103	0.75	6.06	0.81
20001104	0.0	5.91	0.62
20001105	41.86	5.35	1.89
20001106	14.3	8.28	4.8
20001107	11.07	8.08	3.55
20001108	0.04	6.55	1.84
20001109	0.75	6.99	1.12
20001110	7.35	6.43	0.85
20001111	5.48	8.99	1.6
20001112	0.0	6.85	1.13
20001113	0.0	5.39	0.8
20001114	0.0	3.76	0.67
20001115	3.28	3.25	0.62
20001116	2.01	6.1	0.65
20001117	0.07	4.11	0.68
20001118	1.79	7.04	0.56
20001119	0.27	6.66	0.58
20001120	0.01	3.59	0.55
20001121	11.37	2.97	0.86
20001122	0.53	6.35	1.07
20001123	6.57	5.01	0.97
20001124	1.83	5.12	0.95
20001125	11.77	7.51	1.34
20001126	0.49	6.84	1.11
20001127	5.15	6.43	0.89
20001128	0.16	12.37	0.91
20001129	0.38	11.35	0.74
20001130	1.72	7.77	0.65
20001201	0.74	10.62	0.68
20001202	0.03	8.32	0.58
20001203	6.18	6.76	0.56
20001204	0.89	10.2	0.85
20001205	7.28	11.21	0.86
20001206	0.45	9.43	0.97
20001207	20.89	7.67	1.74
20001208	0.02	9.48	1.98
20001209	3.65	8.02	1.04
20001210	4.61	8.15	1.03
20001211	1.68	11.53	1.02
20001212	5.63	12.13	1.12
20001213	1.19	7.75	1.04
20001214	2.15	4.94	0.83
20001215	0.0	1.97	0.72
20001216	0.69	0.42	0.64
20001217	0.07	0.57	0.6
20001218	0.07	1.44	0.58
20001219	3.64	5.1	0.64
20001220	0.01	7.63	0.63
20001221	0.04	5.58	0.55
20001222	0.0	4.54	0.54
20001223	5.17	3.47	0.54
20001224	8.47	3.87	1.18
20001225	0.2	2.21	0.9
20001226	0.01	0.34	0.68
20001227	0.06	-1.16	0.61
20001228	0.97	-2.71	0.58
20001229	0.0	-3.25	0.54
20001230	0.0	-2.31	0.5
20001231	14.98	-1.41	0.94
20010101	4.17	5.96	1.26
20010102	3.93	7.33	1.38
20010103	2.23	4.61	0.99
20010104	0.56	6.6	0.82
20010105	0.0	3.32	0.73
20010106	0.17	3.97	0.63
20010107	0.41	4.33	0.59
20010108	0.01	4.02	0.56
20010109	0.04	1.14	0.54
20010110	0.0	2.86	0.53
20010111	0.0	3.29	0.51
20010112	0.0	4.38	0.49
20010113	0.0	2.58	0.47
20010114	0.02	0.75	0.46
20010115	0.0	1.34	0.47
20010116	0.0	-1.18	0.47
20010117	0.0	-1.47	0.45
20010118	0.02	-0.92	0.45
20010119	0.0	-0.48	0.45
20010120	0.0	-0.11	0.44
20010121	4.61	-0.21	0.49
20010122	4.19	4.12	0.7
20010123	12.02	6.41	1.35
20010124	0.34	6.59	1.12
20010125	0.0	4.32	0.72
20010126	1.96	3.69	0.6
20010127	0.05	2.72	0.56
20010128	0.02	0.78	0.52
20010129	0.2	1.22	0.5
20010130	1.24	2.37	0.53
20010131	0.0	2.89	0.51
20010201	4.13	-0.36	0.57
20010202	7.24	4.28	0.69
20010203	7.64	5.46	0.97
20010204	11.85	3.43	2.19
20010205	7.81	4.93	1.85
20010206	0.01	8.31	1.5
20010207	0.07	7.55	0.91
20010208	0.0	2.55	0.72
20010209	0.0	0.74	0.62
20010210	4.41	4.62	0.7
20010211	10.29	10.79	0.74
20010212	0.6	6.82	1.28
20010213	0.01	3.28	0.83
20010214	0.01	2.67	0.68
20010215	0.0	3.32	0.64
20010216	0.01	4.28	0.59
20010217	0.0	1.76	0.55
20010218	0.0	0.35	0.53
20010219	0.0	2.46	0.54
20010220	0.0	3.79	0.53
20010221	0.0	7.67	0.52
20010222	0.01	6.28	0.52
20010223	0.05	3.04	0.51
20010224	0.35	1.19	0.51
20010225	0.01	0.29	0.48
20010226	7.87	2.51	0.65
20010227	3.54	2.14	0.72
20010228	0.36	1.5	0.68
20010301	0.44	-0.25	0.58
20010302	0.02	-1.5	0.53
20010303	0.03	-1.59	0.51
20010304	0.05	-1.18	0.48
20010305	0.0	0.33	0.49
20010306	12.08	3.99	0.79
20010307	0.44	10.14	0.85
20010308	0.35	8.33	0.64
20010309	0.31	8.49	0.58
20010310	0.1	10.24	0.53
20010311	0.03	9.32	0.61
20010312	1.45	4.93	0.63
20010313	0.0	4.46	0.51
20010314	0.0	5.38	0.49
20010315	0.24	4.65	0.49
20010316	1.19	4.61	0.47
20010317	2.32	2.46	0.53
20010318	4.68	1.82	0.66
20010319	0.08	1.79	0.59
20010320	3.14	2.02	0.54
20010321	4.92	1.54	0.73
20010322	3.48	4.38	0.83
20010323	0.09	6.82	0.79
20010324	0.73	5.4	0.61
20010325	0.63	3.87	0.7
20010326	0.13	3.15	0.76
20010327	6.44	4.48	1.1
20010328	4.85	6.38	1.21
20010329	0.31	5.58	0.81
20010330	0.07	7.42	0.67
20010331	0.12	10.05	0.61
20010401	0.04	10.92	0.55
20010402	3.33	11.68	0.66
20010403	10.82	8.2	0.88
20010404	0.38	6.64	0.97
20010405	11.2	6.16	1.41
20010406	4.28	9.71	1.2
20010407	3.26	5.99	1.27
20010408	3.35	5.79	1.14
20010409	1.95	8.9	1.08
20010410	0.0	8.14	0.92
20010411	0.0	6.71	0.81
20010412	0.0	5.6	0.74
20010413	0.02	4.75	0.58
20010414	2.41	7.46	0.63
20010415	2.7	7.87	0.65
20010416	0.0	5.58	0.58
20010417	1.68	5.25	0.62
20010418	0.27	3.48	0.64
20010419	0.94	3.6	0.56
20010420	0.0	4.63	0.51
20010421	0.0	5.17	0.48
20010422	11.39	6.19	0.74
20010423	0.18	7.27	0.77
20010424	6.54	6.64	0.85
20010425	9.92	8.41	1.35
20010426	0.79	7.99	1.01
20010427	7.16	8.27	0.84
20010428	3.44	8.35	1.16
20010429	0.2	6.7	0.76
20010430	0.0	7.17	0.69
20010501	0.0	8.27	0.58
20010502	0.28	9.36	0.57
20010503	0.07	8.5	0.54
20010504	0.2	7.04	0.53
20010505	0.0	7.4	0.5
20010506	0.0	7.01	0.46
20010507	0.0	8.09	0.45
20010508	0.02	8.28	0.47
20010509	1.9	9.53	0.47
20010510	0.0	13.21	0.55
20010511	0.0	15.0	0.48
20010512	0.0	14.64	0.42
20010513	2.53	14.22	0.42
20010514	26.26	10.82	1.14
20010515	2.69	9.9	0.98
20010516	5.15	11.34	0.75
20010517	6.34	9.51	1.11
20010518	0.0	10.75	0.75
20010519	0.0	11.05	0.58
20010520	0.0	12.66	0.53
20010521	0.0	13.05	0.59
20010522	0.0	13.66	0.62
20010523	0.0	14.73	0.63
20010524	0.0	13.72	0.51
20010525	0.0	13.06	0.45
20010526	0.16	16.59	0.43
20010527	0.28	16.32	0.41
20010528	0.06	17.19	0.78
20010529	0.0	15.31	0.5
20010530	0.02	14.39	0.41
20010531	0.0	12.28	0.4
20010601	0.65	12.9	0.41
20010602	0.0	10.96	0.38
20010603	0.07	9.99	0.39
20010604	0.0	12.63	0.38
20010605	0.0	13.03	0.38
20010606	1.97	12.82	0.42
20010607	0.19	9.96	0.4
20010608	0.06	9.28	0.38
20010609	1.23	9.88	0.4
20010610	0.0	10.04	0.38
20010611	0.0	10.6	0.39
20010612	0.0	12.59	0.36
20010613	0.0	13.97	0.37
20010614	7.44	14.22	0.42
20010615	14.28	13.84	0.66
20010616	2.88	12.68	0.81
20010617	0.0	10.98	0.46
20010618	0.0	12.3	0.44
20010619	0.1	15.52	0.41
20010620	0.0	15.19	0.4
20010621	0.0	12.35	0.38
20010622	0.0	13.13	0.38
20010623	0.0	14.38	0.36
20010624	0.0	17.18	0.34
20010625	0.0	19.2	1.03
20010626	0.0	20.07	0.6
20010627	0.0	18.16	0.5
20010628	0.01	16.95	0.33
20010629	1.32	18.15	0.32
20010630	0.0	16.68	0.29
20010701	0.0	17.91	0.3
20010702	0.0	20.66	0.31
20010703	0.0	21.05	0.29
20010704	0.0	20.39	0.33
20010705	0.0	19.51	0.32
20010706	7.83	18.1	0.67
20010707	1.76	17.43	0.44
20010708	0.0	16.24	0.35
20010709	0.0	15.34	0.33
20010710	7.97	15.17	0.56
20010711	1.71	13.78	0.48
20010712	1.13	13.83	0.4
20010713	0.96	13.26	0.38
20010714	0.0	11.93	0.32
20010715	0.0	12.05	0.3
20010716	0.0	13.28	0.33
20010717	35.68	14.08	0.8
20010718	5.71	13.75	2.56
20010719	0.28	12.96	0.71
20010720	2.16	14.07	0.54
20010721	0.02	16.03	0.47
20010722	0.02	16.75	0.43
20010723	0.0	17.22	0.38
20010724	0.0	16.2	0.38
20010725	0.0	18.2	0.35
20010726	0.0	18.36	0.34
20010727	0.0	19.48	0.31
20010728	0.0	20.81	0.31
20010729	0.0	22.03	0.29
20010730	0.0	19.47	0.29
20010731	0.0	17.45	0.28
20010801	0.0	17.92	0.29
20010802	1.52	16.42	0.3
20010803	1.63	16.61	0.3
20010804	3.01	14.31	0.53
20010805	11.62	15.19	0.37
20010806	16.59	14.91	1.27
20010807	11.01	14.96	1.39
20010808	0.1	13.86	0.63
20010809	2.58	13.32	0.51
20010810	0.05	13.57	0.44
20010811	0.54	15.41	0.39
20010812	2.57	17.16	0.41
20010813	0.0	19.62	0.41
20010814	0.0	20.31	0.4
20010815	9.19	21.29	0.4
20010816	0.22	16.5	0.68
20010817	0.0	15.92	0.43
20010818	1.91	17.16	0.38
20010819	0.99	17.28	0.4
20010820	0.0	16.21	0.38
20010821	0.0	16.67	0.34
20010822	0.0	18.13	0.33
20010823	0.08	18.69	0.32
20010824	0.06	18.96	0.33
20010825	2.48	18.62	0.33
20010826	0.0	16.52	0.31
20010827	0.0	14.21	0.3
20010828	0.0	14.65	0.31
20010829	0.0	15.69	0.33
20010830	5.62	14.61	0.45
20010831	0.15	13.9	0.36
20010901	0.01	14.74	0.32
20010902	0.28	16.09	0.32
20010903	2.73	14.28	0.34
20010904	0.5	12.19	0.37
20010905	6.59	13.33	0.5
20010906	0.15	13.86	0.44
20010907	0.11	14.92	0.36
20010908	0.0	13.21	0.36
20010909	0.07	11.2	0.34
20010910	0.0	11.64	0.35
20010911	0.0	14.17	0.35
20010912	4.61	13.3	0.43
20010913	2.83	11.1	0.46
20010914	0.83	12.06	0.4
20010915	1.34	11.75	0.4
20010916	1.72	10.88	0.4
20010917	1.23	10.12	0.39
20010918	2.33	11.91	0.42
20010919	1.86	12.14	0.41
20010920	2.13	12.51	0.45
20010921	0.09	11.35	0.39
20010922	0.18	10.97	0.36
20010923	8.46	10.98	0.48
20010924	12.94	11.94	0.84
20010925	0.64	11.48	0.63
20010926	2.01	11.54	0.48
20010927	3.41	13.91	0.56
20010928	3.16	15.92	0.43
20010929	2.74	15.05	0.59
20010930	8.6	14.22	0.6
20011001	0.37	14.6	0.58
20011002	0.07	14.05	0.43
20011003	0.06	13.19	0.42
20011004	2.74	13.18	0.4
20011005	1.36	14.94	0.48
20011006	6.29	13.83	0.72
20011007	9.73	12.51	0.75
20011008	1.75	12.02	0.64
20011009	0.03	12.09	0.51
20011010	0.52	12.67	0.46
20011011	0.0	15.31	0.47
20011012	0.01	14.85	0.41
20011013	0.0	14.97	0.38
20011014	1.38	14.98	0.42
20011015	5.1	13.85	0.53
20011016	0.27	11.31	0.45
20011017	7.9	13.07	0.46
20011018	0.05	13.69	0.64
20011019	8.78	11.62	0.53
20011020	1.39	13.83	0.82
20011021	16.09	10.93	1.3
20011022	10.0	12.01	1.22
20011023	1.13	13.33	1.17
20011024	0.06	11.8	0.75
20011025	5.6	12.34	0.59
20011026	20.62	11.69	2.26
20011027	0.0	10.78	1.2
20011028	0.0	9.41	0.77
20011029	0.08	10.87	0.63
20011030	2.55	14.0	0.59
20011031	0.03	9.34	0.56
20011101	0.0	8.15	0.5
20011102	0.0	9.32	0.48
20011103	0.01	8.93	0.43
20011104	0.05	8.72	0.44
20011105	0.14	6.67	0.47
20011106	0.75	9.93	0.47
20011107	5.42	8.82	0.49
20011108	2.06	3.8	0.56
20011109	0.0	2.08	0.48
20011110	0.0	4.83	0.42
20011111	3.15	10.55	0.42
20011112	1.77	8.86	0.58
20011113	0.07	3.68	0.49
20011114	0.0	2.92	0.44
20011115	0.0	4.48	0.41
20011116	0.0	7.51	0.42
20011117	0.0	7.55	0.41
20011118	0.0	6.65	0.41
20011119	0.01	5.84	0.42
20011120	0.0	6.87	0.41
20011121	0.66	10.28	0.43
20011122	0.0	6.68	0.4
20011123	0.0	2.67	0.4
20011124	0.03	10.26	0.39
20011125	1.02	8.87	0.44
20011126	0.07	3.24	0.39
20011127	2.35	4.18	0.49
20011128	0.33	6.0	0.45
20011129	1.36	10.66	0.46
20011130	3.85	12.69	0.49
20011201	3.33	8.77	0.56
20011202	0.11	2.14	0.44
20011203	7.26	4.05	0.5
20011204	5.97	7.35	0.68
20011205	0.31	6.9	0.89
20011206	0.01	3.76	0.59
20011207	0.0	6.77	0.5
20011208	0.01	3.91	0.46
20011209	0.01	0.97	0.44
20011210	0.03	1.77	0.44
20011211	0.01	1.88	0.43
20011212	0.01	4.75	0.4
20011213	0.12	6.09	0.43
20011214	0.23	1.98	0.42
20011215	0.19	2.35	0.41
20011216	0.0	3.54	0.41
20011217	0.66	3.27	0.43
20011218	0.0	4.77	0.43
20011219	0.23	3.73	0.43
20011220	0.16	0.99	0.43
20011221	5.36	4.47	0.56
20011222	0.0	-0.02	0.45
20011223	0.25	-0.01	0.44
20011224	1.71	6.71	0.46
20011225	0.0	2.75	0.44
20011226	0.07	-0.51	0.4
20011227	0.19	5.26	0.43
20011228	1.53	4.79	0.41
20011229	0.28	0.27	0.41
20011230	0.0	-0.21	0.4
20011231	0.0	-2.28	0.4
20020101	0.0	-2.84	0.37
20020102	0.0	-3.43	0.38
20020103	0.0	-0.57	0.41
20020104	0.0	-2.29	0.4
20020105	0.44	3.27	0.41
20020106	0.35	2.95	0.4
20020107	0.48	4.43	0.41
20020108	0.01	3.49	0.41
20020109	0.16	1.92	0.41
20020110	3.55	2.52	0.47
20020111	1.11	2.46	0.51
20020112	0.15	5.8	0.44
20020113	0.01	8.04	0.44
20020114	0.24	8.17	0.43
20020115	0.0	5.16	0.42
20020116	0.0	5.02	0.42
20020117	0.34	7.23	0.42
20020118	2.46	3.98	0.48
20020119	0.11	6.21	0.43
20020120	1.41	8.98	0.48
20020121	0.07	10.98	0.45
20020122	3.8	7.26	0.44
20020123	3.18	8.52	0.65
20020124	0.01	6.25	0.53
20020125	10.17	4.28	0.71
20020126	5.43	8.91	1.34
20020127	4.64	8.6	0.91
20020128	0.95	9.93	0.74
20020129	0.0	9.68	0.6
20020130	1.72	9.22	0.6
20020131	1.48	6.92	0.57
20020201	0.34	9.95	0.54
20020202	10.29	11.36	0.8
20020203	0.27	8.5	0.68
20020204	12.87	6.58	1.3
20020205	2.29	8.03	1.16
20020206	0.0	5.99	0.78
20020207	2.08	5.74	0.69
20020208	0.67	10.0	0.61
20020209	0.61	8.58	0.58
20020210	4.34	8.1	0.58
20020211	0.93	11.36	0.73
20020212	0.13	9.38	0.57
20020213	4.86	5.25	0.67
20020214	0.01	3.09	0.61
20020215	0.0	3.59	0.53
20020216	0.02	3.11	0.5
20020217	0.0	4.67	0.5
20020218	1.65	5.29	0.48
20020219	11.32	8.05	0.83
20020220	2.65	6.2	0.88
20020221	2.0	3.41	0.69
20020222	8.25	7.62	0.74
20020223	1.42	2.9	1.11
20020224	6.86	2.78	0.84
20020225	9.02	7.7	1.24
20020226	0.27	7.5	1.37
20020227	0.12	3.82	0.84
20020228	2.04	3.68	0.72
20020301	0.0	2.95	0.64
20020302	0.04	2.79	0.55
20020303	0.0	5.96	0.55
20020304	0.0	6.69	0.53
20020305	0.0	6.34	0.54
20020306	0.0	9.56	0.52
20020307	0.0	9.21	0.5
20020308	0.0	8.51	0.49
20020309	0.33	4.1	0.48
20020310	2.86	6.01	0.54
20020311	0.0	6.74	0.51
20020312	0.07	5.37	0.48
20020313	0.0	4.27	0.47
20020314	3.67	3.99	0.49
20020315	6.68	4.18	0.75
20020316	0.33	8.76	0.61
20020317	1.59	8.85	0.52
20020318	8.71	7.31	0.91
20020319	0.57	7.79	0.7
20020320	1.64	9.69	0.6
20020321	0.0	10.85	0.53
20020322	0.0	9.85	0.5
20020323	0.0	6.8	0.47
20020324	0.0	6.67	0.45
20020325	0.03	8.02	0.45
20020326	0.0	6.18	0.44
20020327	0.0	6.2	0.43
20020328	0.0	6.11	0.42
20020329	0.0	6.85	0.43
20020330	0.0	9.11	0.4
20020331	0.0	9.71	0.4
20020401	0.49	10.25	0.4
20020402	0.47	9.6	0.4
20020403	0.0	12.21	0.43
20020404	0.0	9.08	0.42
20020405	0.0	7.91	0.42
20020406	0.0	6.4	0.38
20020407	0.0	5.39	0.38
20020408	0.01	5.76	0.41
20020409	0.0	5.86	0.4
20020410	0.0	6.43	0.41
20020411	0.0	5.81	0.42
20020412	0.02	6.08	0.4
20020413	0.0	5.31	0.38
20020414	0.0	6.08	0.39
20020415	0.0	7.58	0.38
20020416	0.0	7.36	0.39
20020417	0.11	8.54	0.41
20020418	0.24	7.9	0.39
20020419	0.0	8.33	0.39
20020420	0.0	10.03	0.36
20020421	0.0	12.94	0.37
20020422	0.0	13.05	0.36
20020423	0.0	13.85	0.34
20020424	0.0	13.18	0.34
20020425	2.81	11.02	0.34
20020426	4.68	8.64	0.42
20020427	9.58	7.69	0.65
20020428	5.71	8.22	0.6
20020429	7.29	7.45	0.54
20020430	2.84	8.47	0.76
20020501	0.34	8.46	0.5
20020502	0.61	8.26	0.44
20020503	0.5	7.77	0.4
20020504	0.01	7.64	0.36
20020505	0.33	7.89	0.35
20020506	0.21	9.17	0.37
20020507	0.0	9.44	0.36
20020508	0.0	9.29	0.4
20020509	0.03	9.37	0.41
20020510	0.0	11.78	0.41
20020511	0.0	11.09	0.4
20020512	6.41	10.69	0.42
20020513	6.94	11.45	0.83
20020514	0.05	11.88	0.52
20020515	0.0	13.37	0.43
20020516	0.0	16.03	0.42
20020517	10.07	14.25	0.52
20020518	0.66	12.02	0.57
20020519	0.0	14.28	0.43
20020520	7.31	14.46	0.52
20020521	5.1	13.98	0.59
20020522	0.47	13.85	0.49
20020523	7.32	13.13	0.45
20020524	1.54	11.73	0.64
20020525	5.01	10.99	0.49
20020526	4.87	9.37	0.6
20020527	0.01	10.85	0.45
20020528	2.64	10.73	0.46
20020529	0.17	11.35	0.43
20020530	1.08	11.67	0.43
20020531	0.0	12.74	0.39
20020601	0.0	15.07	0.35
20020602	0.0	16.18	0.33
20020603	3.44	13.37	0.41
20020604	0.0	12.15	0.37
20020605	10.41	11.49	0.55
20020606	0.99	14.37	0.54
20020607	0.3	13.68	0.46
20020608	0.13	14.42	0.41
20020609	8.59	12.51	0.52
20020610	2.62	12.17	0.47
20020611	1.35	11.87	0.41
20020612	0.02	12.37	0.37
20020613	3.14	12.7	0.38
20020614	2.36	15.65	0.43
20020615	0.19	15.2	0.37
20020616	0.0	16.95	0.34
20020617	0.0	19.03	0.33
20020618	0.0	16.21	0.32
20020619	0.0	14.73	0.31
20020620	0.02	15.18	0.29
20020621	0.0	14.48	0.29
20020622	0.02	14.97	0.28
20020623	0.0	13.83	0.27
20020624	0.0	14.09	0.26
20020625	0.0	14.29	0.27
20020626	0.99	14.47	0.29
20020627	1.17	12.67	0.27
20020628	0.0	12.37	0.26
20020629	0.0	13.01	0.27
20020630	0.64	14.01	0.28
20020701	2.02	12.37	0.28
20020702	1.83	12.51	0.3
20020703	3.09	12.77	0.51
20020704	11.3	13.42	0.46
20020705	2.87	12.76	0.61
20020706	0.0	13.82	0.37
20020707	3.16	15.56	0.35
20020708	1.35	15.79	0.43
20020709	6.95	13.6	0.48
20020710	0.21	13.38	0.39
20020711	0.76	13.64	0.34
20020712	0.0	13.55	0.32
20020713	0.0	14.75	0.29
20020714	0.0	16.46	0.28
20020715	0.0	18.21	0.28
20020716	0.0	17.37	0.28
20020717	0.0	15.11	0.27
20020718	0.0	15.88	0.26
20020719	16.67	15.92	0.51
20020720	6.38	14.11	0.77
20020721	0.11	13.54	0.44
20020722	3.22	14.37	0.38
20020723	0.02	16.43	0.4
20020724	0.0	14.41	0.33
20020725	0.0	16.09	0.32
20020726	0.0	19.33	0.33
20020727	0.0	18.23	0.29
20020728	0.0	19.82	0.29
20020729	13.99	21.07	0.47
20020730	35.58	18.84	1.15
20020731	2.23	16.87	1.36
20020801	22.85	15.67	1.58
20020802	0.0	16.18	0.8
20020803	0.33	16.54	0.52
20020804	0.83	16.33	0.49
20020805	0.28	16.73	0.45
20020806	0.0	18.1	0.41
20020807	9.6	18.05	0.87
20020808	17.06	14.92	0.89
20020809	4.13	14.08	1.14
20020810	0.41	15.1	0.71
20020811	0.36	15.74	0.56
20020812	0.0	16.48	0.51
20020813	0.0	18.17	0.45
20020814	0.0	19.57	0.42
20020815	0.0	18.82	0.38
20020816	0.0	17.33	0.38
20020817	0.0	21.1	0.35
20020818	6.98	18.91	0.59
20020819	1.54	16.87	0.5
20020820	0.0	16.18	0.41
20020821	0.0	15.46	0.38
20020822	0.73	15.65	0.37
20020823	1.47	15.8	0.39
20020824	0.03	15.89	0.37
20020825	0.0	15.04	0.33
20020826	0.0	13.78	0.36
20020827	0.0	15.61	0.35
20020828	0.05	16.66	0.34
20020829	0.09	17.88	0.36
20020830	0.03	17.77	0.34
20020831	0.0	13.93	0.31
20020901	0.0	12.77	0.31
20020902	0.0	14.3	0.34
20020903	0.0	15.83	0.34
20020904	0.0	15.52	0.33
20020905	1.04	16.03	0.33
20020906	3.42	14.84	0.41
20020907	2.0	13.38	0.37
20020908	0.08	12.85	0.34
20020909	21.42	12.6	1.17
20020910	0.0	14.49	0.66
20020911	0.0	14.6	0.5
20020912	0.0	16.99	0.4
20020913	0.0	16.31	0.39
20020914	0.0	14.21	0.38
20020915	0.0	13.74	0.36
20020916	0.0	13.34	0.38
20020917	0.0	13.79	0.35
20020918	0.0	13.1	0.36
20020919	0.0	13.29	0.36
20020920	0.0	13.46	0.35
20020921	0.0	13.2	0.34
20020922	0.01	12.15	0.33
20020923	0.0	11.76	0.34
20020924	0.0	11.05	0.33
20020925	0.38	11.78	0.33
20020926	0.0	12.49	0.36
20020927	0.0	13.33	0.34
20020928	0.0	13.64	0.32
20020929	0.0	13.45	0.33
20020930	0.0	13.33	0.33
20021001	0.4	14.6	0.34
20021002	0.16	14.86	0.34
20021003	0.0	13.69	0.34
20021004	0.0	11.37	0.32
20021005	0.01	14.31	0.31
20021006	0.0	12.47	0.32
20021007	0.0	11.65	0.32
20021008	0.0	10.84	0.31
20021009	0.0	9.94	0.32
20021010	0.0	11.21	0.32
20021011	11.64	10.4	0.42
20021012	1.18	8.94	0.59
20021013	2.71	6.7	0.41
20021014	3.34	9.33	0.41
20021015	26.47	8.43	1.18
20021016	0.16	7.76	0.93
20021017	0.01	5.7	0.57
20021018	0.05	5.19	0.46
20021019	0.04	4.28	0.4
20021020	17.24	3.99	0.73
20021021	8.06	9.21	1.19
20021022	3.69	12.13	1.08
20021023	2.19	6.29	0.79
20021024	0.5	6.03	0.6
20021025	6.65	10.65	0.8
20021026	7.06	9.15	0.71
20021027	2.33	9.6	0.75
20021028	2.11	7.67	0.57
20021029	2.54	7.96	0.61
20021030	0.28	7.24	0.52
20021031	0.19	8.39	0.47
20021101	8.65	11.56	0.73
20021102	8.85	11.01	0.93
20021103	0.14	10.21	0.86
20021104	0.05	8.57	0.63
20021105	12.85	11.03	0.54
20021106	1.33	10.59	1.23
20021107	2.95	6.25	0.77
20021108	6.47	8.03	1.0
20021109	4.81	6.81	0.8
20021110	0.76	8.13	0.93
20021111	1.49	8.19	0.71
20021112	8.0	7.83	0.72
20021113	7.97	6.84	1.05
20021114	3.32	8.53	1.44
20021115	4.75	7.43	0.91
20021116	7.65	6.37	1.56
20021117	0.75	6.37	1.12
20021118	0.0	3.88	0.82
20021119	0.15	4.62	0.68
20021120	4.51	6.52	0.83
20021121	2.56	8.84	0.86
20021122	1.13	7.83	0.78
20021123	2.58	6.72	0.77
20021124	0.15	5.31	0.69
20021125	0.0	5.12	0.62
20021126	0.1	6.66	0.56
20021127	0.81	8.12	0.55
20021128	0.01	8.17	0.53
20021129	0.01	5.68	0.5
20021130	8.71	6.49	0.6
20021201	4.06	8.52	1.17
20021202	0.74	7.77	0.88
20021203	4.36	7.14	0.68
20021204	0.78	6.41	0.82
20021205	0.03	4.94	0.65
20021206	1.4	6.15	0.57
20021207	0.2	4.94	0.56
20021208	0.02	3.36	0.52
20021209	0.0	3.11	0.51
20021210	0.0	1.92	0.5
20021211	0.01	1.47	0.49
20021212	0.7	1.73	0.49
20021213	4.22	3.73	0.57
20021214	8.02	4.8	0.61
20021215	7.87	4.71	1.27
20021216	3.29	4.41	1.34
20021217	0.04	3.03	0.9
20021218	0.0	0.42	0.7
20021219	0.06	1.46	0.61
20021220	0.02	1.52	0.58
20021221	20.8	2.66	1.08
20021222	0.33	8.05	1.87
20021223	6.31	8.55	1.33
20021224	0.11	10.34	1.06
20021225	5.75	8.06	0.8
20021226	6.45	8.63	1.35
20021227	0.01	8.81	1.37
20021228	2.92	7.1	0.91
20021229	21.19	6.12	1.84
20021230	0.68	5.59	1.97
20021231	7.09	2.84	1.13
20030101	3.09	5.69	1.58
20030102	9.44	6.23	1.24
20030103	0.41	2.15	1.49
20030104	0.01	0.24	0.99
20030105	0.08	-0.67	0.82
20030106	0.04	0.3	0.75
20030107	0.08	-1.16	0.68
20030108	3.38	0.05	0.69
20030109	0.79	1.85	0.67
20030110	0.45	2.32	0.65
20030111	0.0	-0.39	0.64
20030112	0.53	1.29	0.63
20030113	0.24	8.38	0.66
20030114	0.08	8.71	0.6
20030115	0.05	7.57	0.58
20030116	0.0	6.65	0.56
20030117	1.8	6.83	0.58
20030118	17.25	4.97	0.74
20030119	5.84	5.86	1.69
20030120	3.52	6.83	1.68
20030121	1.79	6.37	1.23
20030122	0.34	5.63	0.95
20030123	0.0	4.09	0.75
20030124	1.71	5.96	0.65
20030125	2.23	7.74	0.7
20030126	0.08	9.44	0.66
20030127	1.33	9.36	0.64
20030128	2.3	5.04	0.72
20030129	0.0	3.71	0.66
20030130	0.02	0.27	0.61
20030131	1.48	-0.96	0.58
20030201	0.06	2.93	0.59
20030202	2.57	3.88	0.6
20030203	1.71	1.96	0.61
20030204	0.15	1.06	0.59
20030205	0.01	-0.13	0.55
20030206	0.02	1.61	0.54
20030207	0.0	7.21	0.53
20030208	2.74	8.53	0.52
20030209	0.1	6.45	0.59
20030210	5.98	3.28	0.59
20030211	0.03	5.64	0.67
20030212	0.07	4.36	0.58
20030213	0.17	1.43	0.55
20030214	0.01	-0.34	0.52
20030215	0.0	0.78	0.5
20030216	0.0	0.36	0.5
20030217	0.0	-1.16	0.5
20030218	0.0	-0.66	0.5
20030219	0.0	0.37	0.51
20030220	0.0	1.94	0.5
20030221	0.02	3.6	0.51
20030222	0.0	2.27	0.48
20030223	1.36	6.08	0.54
20030224	0.01	6.04	0.52
20030225	0.0	5.31	0.51
20030226	0.0	5.63	0.5
20030227	0.0	6.87	0.49
20030228	6.66	7.82	0.66
20030301	2.72	6.77	0.63
20030302	0.0	6.06	0.59
20030303	1.33	5.09	0.52
20030304	0.74	8.95	0.55
20030305	3.6	8.19	0.6
20030306	0.01	6.2	0.58
20030307	5.55	5.34	0.75
20030308	2.27	7.46	0.7
20030309	0.32	10.02	0.66
20030310	1.52	9.55	0.55
20030311	0.22	9.2	0.55
20030312	0.0	5.76	0.51
20030313	0.0	4.3	0.49
20030314	0.0	5.16	0.47
20030315	0.0	4.22	0.46
20030316	0.0	4.64	0.48
20030317	0.0	4.96	0.47
20030318	0.0	4.76	0.45
20030319	0.0	5.57	0.45
20030320	0.0	5.54	0.45
20030321	0.0	5.75	0.44
20030322	0.0	5.16	0.43
20030323	0.0	7.38	0.44
20030324	0.0	9.39	0.43
20030325	0.0	8.36	0.44
20030326	0.0	8.65	0.43
20030327	0.0	7.74	0.44
20030328	0.0	6.75	0.43
20030329	0.0	8.88	0.44
20030330	0.0	7.76	0.41
20030331	1.39	7.82	0.41
20030401	2.57	7.26	0.48
20030402	0.0	6.16	0.44
20030403	0.0	7.71	0.42
20030404	0.0	10.42	0.42
20030405	0.0	9.39	0.4
20030406	0.0	6.83	0.4
20030407	0.0	5.01	0.41
20030408	0.0	3.76	0.41
20030409	0.0	3.24	0.42
20030410	0.08	3.36	0.4
20030411	0.0	6.01	0.42
20030412	0.0	6.94	0.4
20030413	0.0	9.98	0.4
20030414	0.0	12.85	0.4
20030415	0.0	13.88	0.41
20030416	0.0	15.06	0.42
20030417	0.0	12.86	0.41
20030418	0.0	10.9	0.39
20030419	0.0	6.53	0.38
20030420	0.03	8.15	0.38
20030421	0.0	10.44	0.39
20030422	0.0	9.85	0.39
20030423	0.0	10.02	0.37
20030424	2.74	8.19	0.43
20030425	4.33	11.0	0.49
20030426	1.97	10.02	0.44
20030427	14.55	11.21	0.45
20030428	0.42	11.45	1.0
20030429	1.25	11.46	0.56
20030430	1.9	10.88	0.5
20030501	6.07	10.26	0.46
20030502	5.55	9.56	0.76
20030503	0.7	10.34	0.56
20030504	0.3	14.57	0.44
20030505	0.0	11.49	0.43
20030506	0.0	9.95	0.41
20030507	0.0	12.22	0.42
20030508	0.0	11.52	0.4
20030509	0.0	10.29	0.38
20030510	2.54	9.78	0.4
20030511	1.74	9.9	0.46
20030512	1.01	8.82	0.42
20030513	0.52	7.94	0.38
20030514	1.77	8.84	0.42
20030515	1.74	8.76	0.4
20030516	5.14	8.99	0.58
20030517	4.2	11.79	0.59
20030518	4.31	12.19	0.62
20030519	5.22	10.58	0.59
20030520	1.28	10.39	0.5
20030521	3.01	11.85	0.5
20030522	2.45	13.49	0.51
20030523	0.58	12.44	0.48
20030524	0.5	11.39	0.44
20030525	0.79	11.37	0.4
20030526	0.0	12.55	0.37
20030527	0.0	14.45	0.37
20030528	0.0	16.34	0.36
20030529	0.0	17.13	0.37
20030530	0.0	17.61	0.36
20030531	0.0	18.79	0.35
20030601	9.77	17.68	0.56
20030602	0.0	16.52	0.47
20030603	0.01	15.78	0.39
20030604	0.11	15.18	0.39
20030605	1.42	14.95	0.37
20030606	0.18	14.85	0.39
20030607	1.66	16.63	0.34
20030608	6.12	13.71	0.5
20030609	0.73	14.64	0.41
20030610	5.74	16.14	0.43
20030611	0.0	15.37	0.39
20030612	0.0	15.35	0.35
20030613	0.0	14.94	0.34
20030614	0.0	16.42	0.32
20030615	0.0	17.2	0.3
20030616	0.0	17.67	0.31
20030617	1.11	17.03	0.36
20030618	0.09	15.5	0.33
20030619	0.04	16.65	0.31
20030620	0.0	13.59	0.31
20030621	0.05	15.08	0.3
20030622	22.68	18.37	0.37
20030623	0.0	16.28	0.91
20030624	0.0	15.52	0.44
20030625	0.0	16.41	0.39
20030626	0.0	15.53	0.36
20030627	9.54	15.34	0.55
20030628	0.0	14.76	0.43
20030629	6.28	15.81	0.37
20030630	42.72	13.84	1.45
20030701	5.27	13.58	1.83
20030702	6.03	14.35	0.72
20030703	0.58	14.05	0.72
20030704	0.0	14.73	0.52
20030705	0.0	14.0	0.42
20030706	0.0	15.49	0.41
20030707	0.87	16.45	0.42
20030708	0.0	17.84	0.41
20030709	0.0	19.86	0.4
20030710	0.0	20.08	0.37
20030711	0.0	15.84	0.35
20030712	0.0	17.13	0.32
20030713	0.0	19.3	0.31
20030714	0.0	19.18	0.31
20030715	0.0	20.92	0.31
20030716	2.77	20.23	0.33
20030717	2.51	17.42	0.54
20030718	0.0	17.93	0.36
20030719	0.0	19.88	0.31
20030720	0.06	18.02	0.32
20030721	0.84	17.41	0.32
20030722	0.0	17.09	0.32
20030723	0.08	17.21	0.3
20030724	2.96	16.66	0.31
20030725	5.96	15.15	0.48
20030726	1.75	15.62	0.4
20030727	0.01	16.0	0.33
20030728	0.02	16.07	0.31
20030729	2.66	16.99	0.38
20030730	8.19	17.42	0.7
20030731	0.37	16.78	0.47
20030801	0.06	17.15	0.39
20030802	0.0	16.51	0.34
20030803	0.0	18.08	0.32
20030804	0.0	20.57	0.3
20030805	0.0	21.36	0.28
20030806	0.0	22.33	0.3
20030807	0.02	19.66	0.27
20030808	0.0	19.91	0.45
20030809	0.0	22.75	0.32
20030810	2.39	21.82	0.28
20030811	0.32	19.81	0.29
20030812	0.0	19.7	0.31
20030813	0.0	18.19	0.31
20030814	0.0	15.74	0.31
20030815	0.0	15.61	0.28
20030816	0.0	16.53	0.28
20030817	0.46	17.02	0.3
20030818	0.0	18.0	0.32
20030819	0.0	15.27	0.32
20030820	0.0	15.51	0.31
20030821	0.0	17.21	0.32
20030822	0.0	18.85	0.31
20030823	0.0	19.15	0.3
20030824	0.0	17.94	0.3
20030825	0.0	15.97	0.3
20030826	0.0	15.8	0.31
20030827	0.0	14.86	0.31
20030828	8.0	12.59	0.45
20030829	0.43	12.81	0.4
20030830	0.0	11.8	0.33
20030831	0.0	11.76	0.29
20030901	0.0	12.86	0.29
20030902	0.0	14.07	0.31
20030903	0.0	15.7	0.3
20030904	0.0	16.25	0.31
20030905	1.06	16.23	0.31
20030906	0.15	14.22	0.33
20030907	0.0	13.06	0.31
20030908	0.3	13.91	0.31
20030909	7.57	13.23	0.32
20030910	0.44	12.88	0.48
20030911	0.27	13.29	0.35
20030912	0.0	13.77	0.34
20030913	0.0	16.09	0.33
20030914	0.0	17.27	0.31
20030915	0.0	17.13	0.32
20030916	0.0	16.71	0.33
20030917	0.0	17.9	0.32
20030918	0.0	16.85	0.33
20030919	0.0	16.84	0.33
20030920	2.12	16.14	0.33
20030921	0.01	15.65	0.31
20030922	9.96	13.38	0.56
20030923	0.0	8.67	0.36
20030924	0.0	9.82	0.34
20030925	0.0	10.98	0.33
20030926	0.0	11.49	0.34
20030927	0.65	10.24	0.32
20030928	0.01	10.3	0.33
20030929	0.0	10.6	0.32
20030930	0.0	13.09	0.33
20031001	0.0	12.4	0.32
20031002	0.0	11.65	0.32
20031003	0.0	12.83	0.31
20031004	0.25	8.42	0.29
20031005	0.57	6.79	0.29
20031006	4.7	10.25	0.38
20031007	0.01	8.95	0.41
20031008	0.0	11.87	0.33
20031009	0.0	14.32	0.35
20031010	0.0	12.46	0.32
20031011	0.0	10.65	0.32
20031012	0.0	11.28	0.32
20031013	0.0	11.28	0.32
20031014	0.0	10.69	0.31
20031015	0.0	9.41	0.31
20031016	0.0	8.94	0.33
20031017	0.0	8.76	0.34
20031018	0.0	9.49	0.32
20031019	0.21	8.2	0.31
20031020	0.25	5.7	0.32
20031021	0.01	3.41	0.34
20031022	2.09	4.93	0.41
20031023	1.88	5.38	0.36
20031024	0.0	4.44	0.32
20031025	0.37	5.06	0.33
20031026	0.0	5.39	0.34
20031027	0.0	5.69	0.33
20031028	12.02	6.72	0.46
20031029	0.11	6.83	0.58
20031030	20.0	5.51	0.57
20031031	0.86	7.46	0.98
20031101	4.13	7.07	0.47
20031102	1.62	9.06	0.54
20031103	0.16	8.84	0.46
20031104	0.0	8.6	0.39
20031105	0.01	11.26	0.36
20031106	0.0	10.65	0.36
20031107	0.22	8.62	0.36
20031108	0.23	7.55	0.36
20031109	0.64	7.05	0.34
20031110	0.04	8.97	0.34
20031111	4.85	8.03	0.35
20031112	0.0	9.26	0.49
20031113	1.27	8.61	0.38
20031114	6.65	9.35	0.59
20031115	0.08	8.08	0.46
20031116	0.0	5.26	0.36
20031117	2.27	8.31	0.39
20031118	0.0	12.79	0.37
20031119	0.09	12.1	0.35
20031120	0.23	10.31	0.36
20031121	0.24	5.4	0.36
20031122	1.94	3.66	0.36
20031123	0.0	3.22	0.35
20031124	0.01	2.91	0.35
20031125	10.37	7.12	0.42
20031126	1.19	6.66	0.7
20031127	0.0	2.92	0.45
20031128	0.33	4.38	0.4
20031129	3.11	7.85	0.53
20031130	6.46	5.71	0.48
20031201	6.72	7.61	0.76
20031202	2.29	7.78	0.56
20031203	0.01	7.95	0.5
20031204	0.07	7.48	0.41
20031205	0.32	5.34	0.39
20031206	0.0	6.35	0.38
20031207	0.0	2.36	0.37
20031208	0.0	0.2	0.37
20031209	0.0	3.46	0.37
20031210	6.29	2.0	0.37
20031211	1.42	6.55	0.56
20031212	11.41	5.34	0.74
20031213	1.81	10.84	0.68
20031214	0.18	6.17	0.53
20031215	0.0	1.6	0.45
20031216	0.0	1.44	0.42
20031217	0.0	2.11	0.4
20031218	0.01	1.17	0.4
20031219	0.66	2.83	0.39
20031220	21.79	4.48	1.28
20031221	0.0	3.18	0.82
20031222	0.43	0.36	0.55
20031223	0.73	6.65	0.48
20031224	0.0	8.68	0.42
20031225	0.12	9.31	0.39
20031226	4.81	8.61	0.56
20031227	0.36	3.1	0.48
20031228	0.03	2.19	0.44
20031229	0.04	-0.05	0.41
20031230	0.0	-1.0	0.38
20031231	17.4	-0.46	0.63
20040101	0.18	3.98	0.97
20040102	0.01	2.77	0.6
20040103	0.06	0.97	0.46
20040104	1.16	5.38	0.46
20040105	1.14	7.29	0.48
20040106	0.08	7.99	0.49
20040107	5.07	7.24	0.45
20040108	3.66	7.95	0.82
20040109	0.2	5.09	0.57
20040110	5.07	7.35	0.47
20040111	0.66	7.34	0.68
20040112	4.0	4.94	0.54
20040113	1.65	6.05	0.63
20040114	0.02	2.91	0.54
20040115	9.87	3.96	0.79
20040116	0.0	4.51	0.75
20040117	0.32	2.22	0.54
20040118	3.67	2.2	0.49
20040119	3.74	8.63	0.53
20040120	2.11	8.86	0.63
20040121	0.21	7.37	0.54
20040122	2.14	6.76	0.52
20040123	2.77	7.1	0.54
20040124	0.0	5.02	0.51
20040125	0.0	2.44	0.46
20040126	0.15	1.45	0.45
20040127	0.45	1.11	0.45
20040128	2.58	-0.88	0.51
20040129	0.02	0.32	0.45
20040130	16.09	3.4	0.56
20040131	5.95	8.69	1.68
20040201	2.54	8.47	0.87
20040202	0.83	10.59	0.71
20040203	2.52	13.3	0.67
20040204	1.15	12.8	0.66
20040205	0.3	11.44	0.58
20040206	0.97	8.01	0.55
20040207	6.99	5.59	0.63
20040208	0.0	3.54	0.68
20040209	0.0	0.72	0.52
20040210	0.0	6.24	0.5
20040211	0.0	8.68	0.48
20040212	0.48	8.04	0.46
20040213	2.17	8.08	0.46
20040214	5.19	5.94	0.57
20040215	0.0	5.88	0.59
20040216	3.49	5.34	0.52
20040217	1.22	5.23	0.67
20040218	0.28	4.35	0.52
20040219	0.01	4.31	0.5
20040220	0.0	2.45	0.46
20040221	0.0	2.38	0.46
20040222	0.0	2.35	0.45
20040223	0.05	1.0	0.44
20040224	2.95	2.34	0.5
20040225	0.42	-0.29	0.46
20040226	0.83	-0.74	0.44
20040227	0.3	0.21	0.46
20040228	0.09	0.87	0.42
20040229	0.05	1.15	0.41
20040301	0.04	0.48	0.42
20040302	0.0	1.15	0.41
20040303	1.15	3.47	0.43
20040304	0.05	6.49	0.41
20040305	0.04	4.69	0.4
20040306	1.31	5.47	0.4
20040307	0.09	4.24	0.4
20040308	0.0	4.82	0.38
20040309	0.4	3.75	0.39
20040310	1.32	2.12	0.4
20040311	0.3	2.05	0.4
20040312	5.32	1.81	0.47
20040313	0.56	5.35	0.54
20040314	3.44	8.71	0.56
20040315	0.05	10.65	0.45
20040316	0.0	13.11	0.42
20040317	0.48	10.33	0.39
20040318	4.49	7.46	0.47
20040319	2.32	7.47	0.62
20040320	1.67	9.69	0.49
20040321	2.18	6.78	0.46
20040322	0.36	5.42	0.44
20040323	0.95	4.69	0.42
20040324	0.27	4.58	0.41
20040325	0.28	4.28	0.4
20040326	0.02	4.58	0.4
20040327	0.0	7.41	0.38
20040328	0.0	8.09	0.38
20040329	0.04	8.45	0.39
20040330	0.0	7.21	0.39
20040331	0.64	9.01	0.42
20040401	6.47	10.03	0.56
20040402	0.26	10.23	0.67
20040403	18.01	9.02	1.01
20040404	3.77	7.58	0.92
20040405	1.96	6.72	0.67
20040406	1.84	5.38	0.62
20040407	1.46	5.61	0.53
20040408	0.12	5.18	0.45
20040409	0.88	6.57	0.43
20040410	0.0	7.75	0.4
20040411	0.0	8.44	0.38
20040412	0.03	9.81	0.39
20040413	0.0	9.68	0.38
20040414	0.0	10.43	0.38
20040415	0.0	9.45	0.39
20040416	4.22	9.22	0.44
20040417	9.87	8.95	0.44
20040418	11.58	6.75	1.26
20040419	0.0	7.11	0.72
20040420	0.64	8.19	0.54
20040421	4.6	11.42	0.52
20040422	0.0	10.46	0.48
20040423	0.0	11.13	0.43
20040424	0.0	13.96	0.38
20040425	0.0	14.59	0.37
20040426	15.54	13.24	0.72
20040427	4.3	10.37	0.99
20040428	11.92	9.07	0.72
20040429	0.15	7.37	0.97
20040430	0.0	8.83	0.6
20040501	0.0	10.26	0.46
20040502	2.42	11.85	0.47
20040503	5.28	9.62	0.46
20040504	6.89	7.71	0.86
20040505	2.07	7.62	0.61
20040506	0.0	9.07	0.51
20040507	11.24	9.3	0.65
20040508	0.66	10.55	0.71
20040509	1.08	11.44	0.49
20040510	2.85	12.72	0.5
20040511	0.0	10.63	0.47
20040512	0.01	10.17	0.45
20040513	0.0	11.23	0.44
20040514	0.0	13.61	0.43
20040515	0.0	14.61	0.42
20040516	0.0	15.48	0.38
20040517	0.0	15.3	0.4
20040518	0.0	14.25	0.38
20040519	0.07	14.75	0.37
20040520	1.53	12.29	0.39
20040521	1.53	9.06	0.62
20040522	0.0	9.21	0.42
20040523	0.0	11.66	0.4
20040524	0.0	12.74	0.4
20040525	0.0	11.6	0.4
20040526	0.0	10.4	0.38
20040527	0.0	11.15	0.38
20040528	0.25	12.65	0.34
20040529	0.64	14.66	0.32
20040530	2.06	13.12	0.38
20040531	6.89	13.79	0.38
20040601	4.85	12.99	0.7
20040602	0.15	13.31	0.44
20040603	2.36	13.12	0.41
20040604	0.0	15.83	0.37
20040605	0.0	15.36	0.33
20040606	0.0	18.33	0.32
20040607	0.0	19.28	0.33
20040608	0.0	20.44	0.33
20040609	0.07	17.71	0.3
20040610	0.0	17.79	0.3
20040611	0.03	14.57	0.29
20040612	0.0	14.41	0.26
20040613	0.0	16.65	0.27
20040614	0.0	19.16	0.28
20040615	0.0	16.86	0.26
20040616	0.0	17.09	0.27
20040617	0.03	14.62	0.29
20040618	3.03	11.37	0.33
20040619	2.81	9.53	0.3
20040620	1.24	10.28	0.36
20040621	4.71	11.2	0.47
20040622	24.88	13.73	0.79
20040623	8.6	14.07	1.38
20040624	1.08	11.99	0.62
20040625	0.0	13.69	0.44
20040626	4.0	12.87	0.46
20040627	0.48	15.79	0.43
20040628	0.0	14.33	0.38
20040629	0.17	15.56	0.36
20040630	2.43	14.84	0.37
20040701	0.17	13.74	0.38
20040702	2.92	13.46	0.34
20040703	5.87	13.58	0.43
20040704	1.91	13.68	0.43
20040705	0.1	13.77	0.35
20040706	0.01	14.76	0.32
20040707	20.29	14.03	0.34
20040708	7.69	11.91	1.46
20040709	0.57	11.94	0.54
20040710	1.53	12.22	0.41
20040711	0.05	12.83	0.38
20040712	0.0	13.36	0.38
20040713	0.36	14.12	0.34
20040714	0.06	16.19	0.33
20040715	12.14	16.24	0.66
20040716	1.78	16.74	0.46
20040717	0.02	15.91	0.37
20040718	0.32	14.79	0.36
20040719	0.0	15.49	0.34
20040720	8.73	17.27	0.59
20040721	0.11	18.03	0.45
20040722	9.31	17.05	0.54
20040723	0.0	16.67	0.45
20040724	2.76	14.95	0.37
20040725	0.22	14.3	0.38
20040726	0.0	15.77	0.35
20040727	0.0	16.25	0.34
20040728	0.0	18.97	0.33
20040729	3.52	19.88	0.34
20040730	0.01	18.55	0.31
20040731	0.07	17.16	0.28
20040801	0.0	17.01	0.27
20040802	0.29	17.74	0.27
20040803	3.46	18.4	0.24
20040804	0.0	18.32	0.37
20040805	10.34	18.83	0.55
20040806	0.0	19.8	0.43
20040807	0.0	20.55	0.33
20040808	4.02	21.55	0.32
20040809	59.62	19.71	1.05
20040810	7.22	18.58	2.93
20040811	4.35	18.53	0.85
20040812	4.22	17.58	0.63
20040813	10.74	16.14	0.83
20040814	0.0	17.37	0.59
20040815	0.13	18.33	0.48
20040816	0.78	17.74	0.46
20040817	8.61	17.58	0.54
20040818	8.68	17.58	0.66
20040819	0.22	16.4	0.52
20040820	10.91	14.01	0.9
20040821	0.04	13.02	0.61
20040822	8.11	14.56	0.52
20040823	7.0	14.8	1.21
20040824	7.23	15.67	0.9
20040825	3.13	15.1	0.75
20040826	1.32	15.02	0.6
20040827	0.04	15.44	0.51
20040828	0.0	13.28	0.46
20040829	0.82	13.91	0.42
20040830	0.41	14.11	0.41
20040831	0.04	13.24	0.4
20040901	0.01	13.29	0.39
20040902	0.05	15.49	0.38
20040903	0.0	17.06	0.37
20040904	0.0	18.29	0.35
20040905	0.0	18.35	0.35
20040906	0.08	16.01	0.36
20040907	0.14	15.18	0.36
20040908	0.0	14.71	0.35
20040909	0.0	16.81	0.35
20040910	0.8	15.56	0.36
20040911	4.45	16.08	0.4
20040912	5.73	13.2	0.41
20040913	0.49	13.26	0.48
20040914	2.41	12.07	0.4
20040915	0.0	11.34	0.33
20040916	4.77	12.05	0.34
20040917	2.37	14.61	0.47
20040918	1.65	14.31	0.42
20040919	0.74	12.23	0.39
20040920	0.06	13.52	0.38
20040921	0.49	11.98	0.37
20040922	1.78	13.04	0.36
20040923	0.25	13.13	0.36
20040924	0.0	9.35	0.35
20040925	1.08	11.15	0.34
20040926	0.01	13.97	0.34
20040927	0.02	15.41	0.35
20040928	0.03	14.43	0.35
20040929	1.36	12.03	0.34
20040930	2.91	13.48	0.4
20041001	1.91	11.31	0.37
20041002	0.09	10.89	0.35
20041003	15.63	11.44	0.55
20041004	0.35	12.17	0.76
20041005	0.51	10.81	0.44
20041006	0.11	9.62	0.42
20041007	0.0	9.65	0.37
20041008	0.14	9.23	0.38
20041009	0.04	8.66	0.35
20041010	0.0	10.06	0.36
20041011	0.0	9.78	0.34
20041012	8.27	10.12	0.46
20041013	13.6	10.34	1.02
20041014	0.67	7.94	0.59
20041015	8.85	7.62	0.56
20041016	2.2	8.56	0.55
20041017	2.36	8.69	0.5
20041018	0.06	8.28	0.43
20041019	16.92	7.55	0.52
20041020	4.85	10.94	1.26
20041021	10.76	9.9	1.0
20041022	1.36	11.61	0.8
20041023	8.1	13.02	0.92
20041024	4.02	13.17	0.92
20041025	0.03	10.44	0.72
20041026	0.05	7.62	0.56
20041027	3.75	7.77	0.54
20041028	4.15	11.53	0.58
20041029	0.15	10.82	0.66
20041030	0.47	10.65	0.5
20041031	0.03	9.96	0.47
20041101	0.67	9.02	0.45
20041102	0.98	9.34	0.47
20041103	2.01	9.78	0.44
20041104	0.01	9.35	0.49
20041105	0.99	8.2	0.42
20041106	0.51	10.4	0.42
20041107	0.27	10.48	0.42
20041108	1.06	9.92	0.45
20041109	0.61	7.98	0.44
20041110	0.18	6.41	0.43
20041111	0.0	6.69	0.4
20041112	0.0	8.87	0.4
20041113	0.0	2.93	0.4
20041114	0.0	4.34	0.39
20041115	0.01	8.34	0.39
20041116	0.19	10.41	0.41
20041117	1.46	11.52	0.43
20041118	15.72	5.47	0.86
20041119	0.72	0.79	0.69
20041120	0.98	-0.14	0.5
20041121	0.29	3.43	0.51
20041122	0.0	10.95	0.46
20041123	0.2	9.28	0.46
20041124	0.03	8.37	0.43
20041125	2.28	7.99	0.43
20041126	0.92	8.59	0.49
20041127	0.76	6.27	0.42
20041128	1.1	5.9	0.46
20041129	0.06	3.44	0.41
20041130	0.0	3.71	0.4
20041201	0.0	4.03	0.4
20041202	0.0	3.21	0.39
20041203	0.38	3.15	0.39
20041204	0.0	7.6	0.37
20041205	0.11	7.65	0.37
20041206	0.0	8.61	0.38
20041207	0.02	6.43	0.38
20041208	0.0	6.43	0.37
20041209	0.0	4.31	0.37
20041210	0.0	3.05	0.37
20041211	0.0	6.53	0.36
20041212	0.0	5.74	0.36
20041213	0.0	2.94	0.37
20041214	0.09	7.06	0.37
20041215	0.26	8.53	0.37
20041216	0.72	8.49	0.38
20041217	2.97	4.59	0.41
20041218	2.03	3.4	0.44
20041219	0.0	1.56	0.38
20041220	1.62	0.09	0.4
20041221	1.28	2.06	0.38
20041222	0.0	8.65	0.38
20041223	0.03	10.42	0.38
20041224	3.31	6.28	0.49
20041225	0.12	0.93	0.43
20041226	0.15	0.28	0.38
20041227	3.84	1.36	0.43
20041228	2.79	3.79	0.52
20041229	0.16	5.19	0.46
20041230	0.58	10.15	0.42
20041231	0.15	7.43	0.41
20050101	3.29	6.8	0.46
20050102	0.51	4.18	0.41
20050103	0.0	7.49	0.4
20050104	0.93	7.53	0.42
20050105	1.04	5.18	0.42
20050106	0.0	7.23	0.39
20050107	2.13	11.5	0.41
20050108	0.14	6.95	0.44
20050109	0.13	8.14	0.38
20050110	0.06	10.18	0.39
20050111	0.59	7.87	0.37
20050112	0.09	5.41	0.38
20050113	0.0	3.47	0.37
20050114	0.12	2.65	0.36
20050115	0.02	6.58	0.36
20050116	0.01	6.76	0.37
20050117	2.22	7.1	0.41
20050118	1.37	2.93	0.39
20050119	0.37	5.94	0.4
20050120	1.72	9.56	0.41
20050121	0.01	4.45	0.35
20050122	0.04	0.43	0.34
20050123	0.24	1.68	0.34
20050124	0.74	2.0	0.36
20050125	0.71	2.63	0.36
20050126	1.66	2.62	0.37
20050127	1.69	5.44	0.39
20050128	2.01	5.49	0.45
20050129	0.05	5.16	0.39
20050130	0.11	4.8	0.36
20050131	1.38	7.63	0.36
20050201	0.01	7.32	0.41
20050202	0.23	5.71	0.34
20050203	0.0	7.65	0.36
20050204	0.0	6.68	0.36
20050205	0.6	5.32	0.36
20050206	0.06	4.55	0.36
20050207	0.0	3.33	0.35
20050208	0.03	4.85	0.36
20050209	3.18	7.45	0.37
20050210	0.07	7.74	0.42
20050211	6.62	5.59	0.43
20050212	4.9	8.18	0.64
20050213	0.33	3.73	0.6
20050214	0.15	3.34	0.42
20050215	0.12	2.55	0.4
20050216	0.44	1.75	0.38
20050217	0.49	4.76	0.39
20050218	0.0	5.28	0.37
20050219	0.0	2.04	0.36
20050220	0.89	0.83	0.36
20050221	3.37	0.96	0.4
20050222	2.8	1.02	0.44
20050223	5.12	0.06	0.44
20050224	6.33	0.91	0.64
20050225	2.22	1.69	0.73
20050226	0.29	2.48	0.6
20050227	0.0	0.69	0.49
20050228	1.18	0.23	0.45
20050301	2.44	2.27	0.47
20050302	0.73	0.87	0.43
20050303	0.72	0.33	0.42
20050304	0.1	2.2	0.41
20050305	2.76	1.77	0.44
20050306	0.0	1.07	0.39
20050307	0.0	3.66	0.39
20050308	0.0	4.85	0.39
20050309	0.07	4.68	0.37
20050310	0.0	5.21	0.38
20050311	0.2	5.97	0.39
20050312	0.0	3.52	0.38
20050313	0.0	2.59	0.37
20050314	1.32	4.2	0.4
20050315	0.14	9.35	0.39
20050316	0.59	12.05	0.39
20050317	0.0	12.44	0.37
20050318	0.0	11.58	0.37
20050319	0.0	10.07	0.36
20050320	0.0	9.46	0.36
20050321	2.91	9.25	0.38
20050322	2.1	11.67	0.5
20050323	0.48	11.03	0.4
20050324	0.41	10.8	0.38
20050325	0.0	10.48	0.38
20050326	5.45	8.17	0.45
20050327	0.4	6.8	0.47
20050328	0.01	7.58	0.39
20050329	2.84	6.32	0.41
20050330	0.77	6.68	0.49
20050331	0.04	7.77	0.39
20050401	0.0	9.53	0.39
20050402	0.04	10.51	0.38
20050403	0.03	10.41	0.37
20050404	0.0	8.83	0.35
20050405	2.0	7.38	0.36
20050406	3.34	8.36	0.48
20050407	1.77	6.27	0.42
20050408	0.04	3.14	0.38
20050409	0.0	4.93	0.36
20050410	0.0	9.73	0.35
20050411	0.0	9.3	0.34
20050412	0.0	9.72	0.35
20050413	2.99	7.62	0.39
20050414	0.06	7.05	0.48
20050415	9.7	5.41	0.61
20050416	0.0	5.58	0.46
20050417	7.49	6.71	0.46
20050418	0.03	8.57	0.61
20050419	7.61	6.85	0.43
20050420	0.45	6.22	0.6
20050421	0.01	7.95	0.42
20050422	0.04	8.07	0.38
20050423	0.0	8.1	0.36
20050424	0.0	8.66	0.35
20050425	2.31	9.06	0.35
20050426	4.55	9.22	0.44
20050427	0.97	9.77	0.41
20050428	0.0	11.34	0.38
20050429	4.49	12.22	0.35
20050430	1.94	13.33	0.46
20050501	0.13	15.2	0.38
20050502	2.42	14.31	0.39
20050503	2.14	12.52	0.46
20050504	0.13	9.02	0.35
20050505	0.03	10.58	0.34
20050506	8.37	10.35	0.49
20050507	0.01	8.84	0.45
20050508	1.71	7.3	0.39
20050509	2.07	6.73	0.4
20050510	0.0	6.62	0.34
20050511	0.0	7.25	0.33
20050512	0.0	8.14	0.33
20050513	0.0	8.43	0.33
20050514	0.0	8.62	0.32
20050515	0.8	10.2	0.31
20050516	1.99	8.39	0.37
20050517	0.0	6.66	0.32
20050518	0.08	9.09	0.31
20050519	0.03	12.47	0.32
20050520	0.18	13.52	0.32
20050521	6.29	9.9	0.37
20050522	0.83	10.73	0.51
20050523	1.16	10.33	0.35
20050524	1.02	11.99	0.36
20050525	0.0	15.13	0.33
20050526	0.0	16.31	0.32
20050527	0.0	16.94	0.29
20050528	0.0	14.76	0.28
20050529	0.32	12.04	0.26
20050530	0.13	11.18	0.28
20050531	1.62	11.73	0.26
20050601	2.83	12.2	0.37
20050602	0.35	15.24	0.3
20050603	3.07	13.65	0.36
20050604	0.81	13.25	0.3
20050605	0.12	13.04	0.32
20050606	0.0	10.75	0.29
20050607	0.0	10.67	0.26
20050608	0.0	13.9	0.26
20050609	0.0	15.33	0.28
20050610	0.0	12.87	0.27
20050611	0.0	10.55	0.29
20050612	3.4	10.22	0.36
20050613	0.0	10.17	0.31
20050614	0.09	13.0	0.29
20050615	1.74	13.79	0.31
20050616	0.15	16.21	0.27
20050617	0.0	19.7	0.27
20050618	0.0	21.19	0.23
20050619	0.86	22.06	0.19
20050620	0.0	18.79	0.25
20050621	0.0	16.67	0.22
20050622	0.0	19.48	0.25
20050623	1.64	20.85	0.17
20050624	7.05	16.92	0.39
20050625	0.0	14.34	0.23
20050626	0.0	14.15	0.26
20050627	0.0	16.02	0.24
20050628	14.52	16.46	0.68
20050629	2.71	14.7	0.66
20050630	2.07	16.0	0.36
20050701	0.13	16.24	0.3
20050702	0.0	17.95	0.27
20050703	0.0	16.27	0.25
20050704	0.08	12.85	0.24
20050705	8.38	13.2	0.41
20050706	3.3	13.57	0.28
20050707	0.01	14.66	0.24
20050708	0.0	14.76	0.24
20050709	0.0	16.68	0.23
20050710	0.0	20.05	0.3
20050711	0.0	19.97	0.23
20050712	0.0	19.28	0.19
20050713	0.0	19.96	0.2
20050714	2.2	20.74	0.19
20050715	0.0	18.14	0.2
20050716	0.0	16.16	0.18
20050717	0.0	19.48	0.18
20050718	0.94	17.11	0.22
20050719	0.02	15.22	0.21
20050720	0.0	15.97	0.21
20050721	0.0	15.35	0.21
20050722	0.01	14.9	0.21
20050723	0.0	15.39	0.2
20050724	13.5	13.91	0.43
20050725	0.0	12.93	0.4
20050726	0.04	14.33	0.26
20050727	14.91	13.65	0.33
20050728	7.13	14.55	0.77
20050729	0.04	16.26	0.39
20050730	0.51	14.58	0.32
20050731	0.0	13.72	0.28
20050801	0.13	14.76	0.27
20050802	0.0	17.18	0.25
20050803	0.0	16.16	0.24
20050804	1.04	15.43	0.23
20050805	0.78	15.14	0.24
20050806	0.0	13.92	0.21
20050807	0.0	13.66	0.2
20050808	0.0	14.53	0.2
20050809	0.12	15.34	0.18
20050810	0.0	17.14	0.18
20050811	4.82	17.12	0.19
20050812	2.46	14.98	0.28
20050813	17.07	13.86	0.74
20050814	0.1	14.42	0.36
20050815	0.0	15.3	0.33
20050816	0.0	17.49	0.28
20050817	0.0	18.39	0.28
20050818	29.64	18.43	0.73
20050819	0.08	15.54	0.76
20050820	0.0	15.2	0.38
20050821	11.68	16.67	0.33
20050822	2.53	15.33	0.75
20050823	3.52	14.71	0.39
20050824	2.69	14.45	0.53
20050825	3.36	12.24	0.36
20050826	0.0	12.58	0.32
20050827	0.0	14.99	0.3
20050828	0.0	16.66	0.28
20050829	0.0	17.48	0.27
20050830	0.0	17.72	0.26
20050831	3.19	19.85	0.32
20050901	0.0	17.25	0.31
20050902	0.0	14.78	0.25
20050903	0.0	15.91	0.24
20050904	0.63	18.88	0.24
20050905	0.0	18.19	0.25
20050906	0.0	17.67	0.25
20050907	0.0	17.3	0.24
20050908	0.9	17.79	0.24
20050909	8.67	16.61	0.27
20050910	12.28	15.82	0.92
20050911	0.0	14.25	0.4
20050912	0.0	15.1	0.35
20050913	0.05	16.16	0.32
20050914	0.77	16.64	0.3
20050915	14.77	12.98	0.64
20050916	0.0	9.73	0.43
20050917	0.0	9.62	0.35
20050918	0.03	13.68	0.31
20050919	0.0	14.34	0.3
20050920	0.0	15.08	0.3
20050921	0.0	14.14	0.3
20050922	0.0	15.38	0.29
20050923	1.34	13.23	0.32
20050924	0.38	9.83	0.28
20050925	1.26	13.62	0.31
20050926	0.4	13.01	0.3
20050927	0.0	13.66	0.28
20050928	3.83	10.51	0.41
20050929	10.6	10.57	0.47
20050930	4.28	14.76	0.6
20051001	0.05	11.08	0.38
20051002	0.0	10.21	0.35
20051003	0.0	11.49	0.32
20051004	0.0	11.45	0.31
20051005	0.0	11.27	0.31
20051006	0.05	12.9	0.3
20051007	0.0	13.98	0.3
20051008	5.77	12.61	0.43
20051009	0.0	9.56	0.36
20051010	0.0	14.05	0.33
20051011	5.74	16.56	0.42
20051012	7.18	16.25	0.55
20051013	0.0	11.56	0.47
20051014	0.29	10.92	0.33
20051015	0.08	13.89	0.32
20051016	0.0	12.99	0.3
20051017	0.0	12.75	0.3
20051018	7.96	10.52	0.35
20051019	2.84	10.96	0.51
20051020	3.93	10.35	0.34
20051021	9.74	11.1	0.81
20051022	0.95	10.61	0.5
20051023	24.76	9.41	0.5
20051024	8.82	13.49	1.7
20051025	1.26	12.91	1.01
20051026	2.8	13.63	0.69
20051027	0.24	15.96	0.52
20051028	1.49	14.51	0.49
20051029	0.01	13.61	0.43
20051030	2.75	15.35	0.48
20051031	0.46	11.85	0.41
20051101	9.49	9.82	0.49
20051102	2.31	13.49	0.72
20051103	0.31	13.3	0.52
20051104	0.56	8.93	0.42
20051105	3.8	8.54	0.39
20051106	5.42	11.78	0.87
20051107	2.54	9.31	0.56
20051108	14.28	11.27	1.06
20051109	0.04	6.64	0.85
20051110	0.53	11.32	0.6
20051111	1.51	11.66	0.51
20051112	0.17	6.44	0.41
20051113	0.02	5.06	0.41
20051114	0.55	5.36	0.4
20051115	0.0	8.26	0.38
20051116	0.0	4.0	0.38
20051117	0.0	1.07	0.35
20051118	0.04	0.31	0.37
20051119	0.0	-0.12	0.34
20051120	0.01	0.43	0.33
20051121	0.04	0.5	0.36
20051122	0.0	2.09	0.34
20051123	0.0	1.35	0.34
20051124	1.26	4.17	0.35
20051125	0.65	0.67	0.34
20051126	1.62	3.59	0.36
20051127	0.2	2.83	0.34
20051128	2.72	1.69	0.39
20051129	0.17	0.53	0.36
20051130	1.09	1.86	0.35
20051201	9.07	6.89	0.5
20051202	5.9	6.49	0.76
20051203	0.46	6.39	0.76
20051204	0.77	5.33	0.47
20051205	1.25	5.15	0.47
20051206	0.05	4.26	0.44
20051207	2.24	2.38	0.45
20051208	0.1	4.22	0.45
20051209	0.54	2.25	0.38
20051210	0.0	6.9	0.36
20051211	0.02	6.33	0.36
20051212	0.0	4.79	0.35
20051213	0.38	3.3	0.35
20051214	0.04	6.17	0.35
20051215	0.0	7.95	0.34
20051216	0.0	6.86	0.34
20051217	0.0	0.18	0.33
20051218	0.0	0.21	0.33
20051219	0.0	4.23	0.33
20051220	0.0	4.59	0.35
20051221	0.32	7.05	0.36
20051222	0.0	7.31	0.35
20051223	0.0	7.93	0.34
20051224	0.0	5.3	0.32
20051225	0.18	2.92	0.3
20051226	1.62	2.96	0.32
20051227	1.62	0.43	0.35
20051228	3.24	-1.51	0.36
20051229	2.41	-3.76	0.33
20051230	7.44	1.53	0.74
20051231	0.11	4.86	0.58
20060101	0.01	4.91	0.42
20060102	0.09	3.71	0.38
20060103	0.0	5.95	0.37
20060104	0.12	3.77	0.37
20060105	0.0	1.77	0.35
20060106	0.6	1.59	0.35
20060107	0.71	1.55	0.36
20060108	0.0	2.04	0.34
20060109	1.82	3.48	0.34
20060110	3.52	7.07	0.47
20060111	0.05	7.06	0.43
20060112	0.08	3.04	0.37
20060113	0.71	5.76	0.36
20060114	1.12	6.06	0.37
20060115	0.15	4.94	0.35
20060116	4.45	5.82	0.44
20060117	0.63	5.87	0.43
20060118	0.58	8.02	0.38
20060119	2.92	9.55	0.37
20060120	0.0	7.19	0.49
20060121	0.03	5.03	0.38
20060122	0.05	1.33	0.36
20060123	0.0	0.76	0.36
20060124	0.03	-0.09	0.36
20060125	0.0	2.63	0.36
20060126	0.03	2.41	0.35
20060127	1.35	2.64	0.36
20060128	0.0	1.36	0.36
20060129	0.04	1.05	0.34
20060130	0.0	2.55	0.33
20060131	0.0	1.43	0.32
20060201	0.0	-0.87	0.33
20060202	0.0	-1.22	0.33
20060203	0.0	0.99	0.35
20060204	0.0	3.8	0.3
20060205	0.0	4.28	0.32
20060206	0.0	5.79	0.33
20060207	2.47	7.61	0.37
20060208	0.0	4.87	0.35
20060209	0.0	1.81	0.32
20060210	0.0	1.2	0.33
20060211	3.49	1.67	0.32
20060212	2.73	6.53	0.45
20060213	0.42	8.39	0.36
20060214	9.51	7.27	0.52
20060215	0.16	7.53	0.73
20060216	0.19	5.03	0.48
20060217	0.0	4.98	0.37
20060218	0.04	2.44	0.35
20060219	0.03	2.46	0.34
20060220	1.13	3.84	0.33
20060221	2.67	2.61	0.36
20060222	2.12	2.32	0.4
20060223	10.65	2.33	0.6
20060224	0.36	1.82	0.74
20060225	3.4	3.33	0.52
20060226	0.15	3.18	0.48
20060227	2.11	3.42	0.49
20060228	0.0	1.09	0.46
20060301	0.0	-0.12	0.4
20060302	0.0	-0.94	0.4
20060303	0.29	-1.88	0.38
20060304	0.06	-0.63	0.36
20060305	0.0	1.93	0.35
20060306	0.0	1.65	0.34
20060307	7.26	2.29	0.47
20060308	5.09	8.09	0.62
20060309	1.41	6.84	0.54
20060310	5.49	4.49	0.66
20060311	0.11	1.79	0.55
20060312	0.48	-0.2	0.44
20060313	1.34	1.17	0.42
20060314	2.13	2.55	0.46
20060315	0.0	3.07	0.39
20060316	1.82	1.48	0.38
20060317	0.13	1.87	0.4
20060318	0.0	2.57	0.37
20060319	0.14	4.44	0.39
20060320	0.04	3.5	0.39
20060321	0.0	2.24	0.37
20060322	0.04	1.09	0.36
20060323	4.75	2.47	0.36
20060324	4.87	6.23	0.55
20060325	2.69	10.5	0.51
20060326	3.49	12.62	0.49
20060327	2.21	11.39	0.63
20060328	2.05	8.32	0.54
20060329	9.22	7.3	0.66
20060330	1.64	11.1	0.84
20060331	0.28	10.61	0.54
20060401	1.56	9.19	0.49
20060402	4.89	7.83	0.51
20060403	0.01	6.09	0.49
20060404	0.01	3.07	0.42
20060405	0.0	3.75	0.39
20060406	0.19	6.24	0.37
20060407	1.32	6.15	0.38
20060408	0.96	4.69	0.38
20060409	1.79	3.37	0.39
20060410	0.18	3.5	0.37
20060411	1.63	5.66	0.4
20060412	0.0	8.14	0.36
20060413	0.0	10.07	0.35
20060414	0.03	8.85	0.34
20060415	0.0	9.09	0.32
20060416	0.06	9.96	0.31
20060417	0.99	8.9	0.32
20060418	5.14	8.73	0.33
20060419	2.65	8.8	0.52
20060420	7.04	9.26	0.69
20060421	0.67	9.24	0.48
20060422	0.41	9.37	0.39
20060423	0.05	9.56	0.37
20060424	0.0	8.59	0.35
20060425	0.04	11.88	0.34
20060426	0.0	10.57	0.33
20060427	0.0	10.44	0.33
20060428	0.0	9.15	0.32
20060429	0.26	8.15	0.32
20060430	5.29	7.24	0.32
20060501	0.15	8.5	0.45
20060502	0.0	9.58	0.35
20060503	0.15	13.35	0.33
20060504	0.0	16.32	0.31
20060505	0.0	14.46	0.31
20060506	2.53	11.85	0.3
20060507	3.44	11.24	0.39
20060508	2.53	12.2	0.37
20060509	0.0	12.43	0.32
20060510	0.0	12.76	0.32
20060511	0.0	13.88	0.31
20060512	1.07	14.48	0.29
20060513	4.35	10.11	0.32
20060514	0.46	10.14	0.32
20060515	8.09	12.18	0.63
20060516	0.6	13.58	0.42
20060517	8.33	13.29	0.58
