pet
0.33714285714285713
0.30357142857142855
0.5035714285714286
0.4035714285714286
0.2671428571428572
0.30785714285714283
0.42928571428571427
0.3914285714285714
0.2842857142857143
0.3457142857142857
0.42857142857142855
0.3507142857142857
0.3514285714285714
0.4735714285714286
0.20357142857142857
0.2792857142857143
0.36642857142857144
0.26571428571428574
0.36357142857142855
0.2542857142857143
0.2735714285714286
0.3921428571428572
0.36500000000000005
0.4564285714285714
0.37071428571428566
0.43
0.34500000000000003
0.31
0.22357142857142856
0.3692857142857143
0.355
0.34785714285714286
0.43285714285714283
0.4064285714285714
0.4114285714285714
0.5964285714285714
0.635
0.6628571428571428
0.5992857142857143
0.5985714285714286
0.6314285714285715
0.5535714285714286
0.6178571428571429
0.6035714285714285
0.6221428571428572
0.6607142857142857
0.8514285714285714
0.5728571428571428
0.6228571428571429
0.7435714285714285
0.7014285714285714
0.8207142857142857
0.7949999999999999
0.6771428571428572
0.6864285714285714
0.7942857142857143
0.7264285714285714
0.8792857142857143
0.8607142857142858
0.8871428571428571
0.9014285714285714
0.8242857142857142
0.7878571428571429
0.8657142857142857
0.8928571428571429
0.7792857142857142
0.937857142857143
0.845
0.905
0.9142857142857143
0.9457142857142857
1.09
0.9992857142857143
1.175
0.9321428571428572
1.085
1.1942857142857142
1.175
1.0285714285714287
0.9428571428571428
1.2228571428571429
1.1178571428571429
1.1821428571428572
1.237142857142857
1.2778571428571428
1.3678571428571427
1.4471428571428573
1.375714285714286
1.2871428571428571
1.387857142857143
1.3942857142857144
1.2242857142857144
1.4121428571428571
1.4242857142857144
1.3542857142857143
1.6328571428571428
1.5092857142857141
1.45
1.5564285714285713
1.717857142857143
1.6771428571428573
1.6914285714285715
1.624285714285714
1.6928571428571428
1.7249999999999999
1.7285714285714284
1.627857142857143
1.5978571428571429
1.6064285714285715
1.7221428571428572
1.7771428571428571
1.8828571428571428
1.7042857142857142
1.895
2.025714285714286
1.9435714285714287
2.125
2.3542857142857145
2.079285714285714
2.282142857142857
2.2292857142857145
2.6157142857142857
2.5799999999999996
2.587142857142857
2.2950000000000004
2.492142857142857
2.5300000000000002
2.5414285714285714
2.608571428571428
2.152857142857143
2.367142857142857
2.5585714285714287
2.301428571428571
2.5228571428571427
2.904285714285714
2.5092857142857143
2.475
2.6221428571428573
2.69
2.5828571428571427
2.707142857142857
2.812857142857143
2.77
2.738571428571429
2.645
2.487142857142857
2.467142857142857
2.902857142857143
2.9014285714285712
2.7235714285714283
2.9335714285714287
2.987142857142857
2.3114285714285714
2.3564285714285718
2.549285714285714
2.6714285714285713
2.3514285714285714
2.9299999999999997
2.843571428571429
2.7685714285714282
2.4985714285714287
2.257857142857143
2.5464285714285713
3.057857142857143
2.8007142857142857
2.912857142857143
2.9257142857142857
2.9135714285714287
3.1392857142857147
3.172857142857143
3.315714285714286
2.927857142857143
3.177857142857143
2.987142857142857
3.0764285714285715
2.9378571428571427
3.051428571428571
3.052142857142857
3.2085714285714286
3.119285714285714
3.0664285714285713
2.612142857142857
2.6407142857142856
2.8378571428571426
2.732142857142857
3.057142857142857
2.8657142857142857
2.7735714285714286
2.748571428571428
2.835
2.9014285714285712
3.0564285714285715
3.040714285714286
2.9171428571428573
2.902142857142857
2.792142857142857
3.079285714285714
2.955714285714286
3.097142857142857
3.182857142857143
3.2807142857142857
3.0007142857142854
3.220714285714286
3.3135714285714286
2.8314285714285714
3.266428571428571
2.869285714285714
2.8957142857142855
3.0092857142857143
2.8728571428571428
3.0135714285714283
2.758571428571429
2.9492857142857143
2.968571428571429
2.6421428571428573
2.809285714285714
3.0364285714285715
2.79
2.633571428571429
2.7621428571428575
2.511428571428571
2.6242857142857146
2.3614285714285717
2.3721428571428573
2.505714285714286
2.4957142857142856
2.5799999999999996
2.812142857142857
2.6185714285714283
2.5785714285714287
2.5214285714285714
2.6835714285714287
2.3778571428571427
2.392857142857143
2.085
2.0435714285714286
2.004285714285714
2.282142857142857
2.297857142857143
2.117142857142857
1.9842857142857144
2.111428571428571
1.8921428571428573
2.037857142857143
1.9842857142857142
1.7421428571428572
2.007857142857143
1.85
1.9857142857142858
1.8599999999999999
1.9057142857142857
1.9778571428571428
1.7228571428571429
1.5150000000000001
1.6078571428571427
1.7307142857142856
1.5464285714285713
1.4042857142857144
1.5242857142857142
1.5935714285714286
1.3457142857142856
1.4421428571428572
1.3578571428571427
1.467142857142857
1.2200000000000002
1.3257142857142856
1.4000000000000001
1.025
0.8692857142857143
0.9978571428571429
1.1214285714285714
1.1192857142857142
0.9792857142857143
1.0764285714285715
1.1314285714285715
1.0007142857142857
1.167142857142857
0.9621428571428572
1.0492857142857142
0.9842857142857142
0.9892857142857142
0.8935714285714286
0.915
0.8664285714285713
0.8878571428571428
0.8278571428571428
0.812857142857143
0.6364285714285715
0.6900000000000001
0.9614285714285715
0.8114285714285714
0.6771428571428572
0.7228571428571428
0.6707142857142857
0.5857142857142856
0.6135714285714285
0.6821428571428572
0.6621428571428571
0.5764285714285714
0.6342857142857143
0.7207142857142858
0.7214285714285714
0.6950000000000001
0.6471428571428571
0.5399999999999999
0.5492857142857143
0.43714285714285717
0.4985714285714286
0.5146153846153847
0.47538461538461535
0.30538461538461537
0.3246153846153846
0.4715384615384615
0.3076923076923077
0.28692307692307695
0.33384615384615385
0.42923076923076925
0.3223076923076923
0.31538461538461543
0.25461538461538463
0.34769230769230774
0.3553846153846154
0.27692307692307694
0.33461538461538465
0.22076923076923077
0.21615384615384617
0.19692307692307692
0.27538461538461534
0.27
0.32923076923076927
0.23153846153846153
0.26615384615384613
0.24538461538461537
0.30153846153846153
0.25384615384615383
0.28307692307692306
0.35615384615384615
0.33692307692307694
0.25538461538461543
0.33153846153846156
0.39692307692307693
0.2
0.36538461538461536
0.1985714285714286
0.32642857142857146
0.3192857142857143
0.24857142857142858
0.23857142857142857
0.3092857142857143
0.28214285714285714
0.19
0.2692857142857143
0.13999999999999999
0.23857142857142857
0.24785714285714286
0.18142857142857144
0.3292857142857143
0.36214285714285716
0.3657142857142857
0.32
0.21357142857142855
0.15642857142857142
0.20357142857142857
0.2542857142857143
0.22
