pet
0.3382608695652174
0.3408695652173913
0.3947826086956522
0.28782608695652173
0.22043478260869567
0.2634782608695652
0.21173913043478262
0.358695652173913
0.29869565217391303
0.26913043478260873
0.388695652173913
0.3678260869565218
0.35043478260869565
0.3552173913043478
0.2504347826086956
0.26956521739130435
0.27695652173913043
0.3073913043478261
0.39999999999999997
0.3378260869565217
0.3095652173913043
0.2952173913043478
0.3095652173913043
0.33956521739130435
0.30347826086956525
0.24130434782608695
0.30347826086956525
0.23826086956521736
0.31478260869565217
0.2839130434782609
0.4078260869565218
0.3765217391304348
0.3982608695652174
0.3795652173913044
0.4047826086956522
0.4256521739130435
0.391304347826087
0.44478260869565217
0.4491304347826087
0.3408695652173913
0.44434782608695655
0.44956521739130434
0.3869565217391305
0.43130434782608695
0.4717391304347826
0.4004347826086957
0.41782608695652174
0.41086956521739126
0.40869565217391307
0.45695652173913043
0.45695652173913043
0.5360869565217391
0.611304347826087
0.5173913043478261
0.5347826086956522
0.5078260869565218
0.5082608695652173
0.57
0.6391304347826087
0.6152173913043478
0.6513043478260869
0.6765217391304348
0.7665217391304348
0.6460869565217391
0.672608695652174
0.7000000000000001
0.6969565217391305
0.7447826086956522
0.7013043478260869
0.741304347826087
0.7956521739130435
0.8165217391304348
0.7339130434782608
0.8726086956521739
0.8104347826086957
0.8726086956521739
0.9426086956521739
0.8652173913043477
0.9334782608695652
0.9939130434782608
0.9578260869565218
0.9591304347826086
1.1508695652173913
1.0191304347826087
0.998695652173913
1.1130434782608696
1.1556521739130436
1.193478260869565
1.116086956521739
1.0399999999999998
1.0454545454545454
1.1895454545454547
1.2386363636363635
1.2122727272727274
1.27
1.2377272727272728
1.3063636363636364
1.3154545454545454
1.288181818181818
1.2968181818181819
1.2063636363636363
1.3754545454545455
1.4222727272727271
1.6104545454545454
1.5827272727272728
1.5513636363636365
1.65
1.489090909090909
1.533181818181818
1.6804545454545454
1.6481818181818182
1.5186363636363636
1.788181818181818
1.7759090909090909
1.8172727272727272
1.9472727272727275
1.9304545454545454
1.7195454545454545
1.6909090909090911
1.6918181818181817
1.9913636363636364
1.9513636363636364
1.9200000000000002
1.9813636363636364
1.9945454545454546
2.016363636363636
1.8527272727272726
1.9563636363636363
1.8927272727272728
1.9345454545454546
2.1545454545454543
2.0013636363636365
2.3045454545454547
2.408181818181818
2.4250000000000003
2.481818181818182
2.3272727272727276
2.216818181818182
2.505909090909091
2.369545454545454
2.367272727272727
2.345
2.1672727272727275
2.4050000000000002
2.5663636363636364
2.436818181818182
2.475909090909091
2.4854545454545454
2.424090909090909
2.516363636363636
2.287272727272727
2.5686363636363634
2.3668181818181817
2.5940909090909092
2.5913636363636363
2.2836363636363637
2.2586363636363633
2.3922727272727276
2.423636363636364
2.4
2.471363636363636
2.2254545454545456
2.376818181818182
2.3318181818181816
2.6159090909090907
2.6290909090909094
2.446818181818182
2.38
2.4518181818181817
2.605
2.703181818181818
2.4699999999999998
2.623181818181818
2.3459090909090907
2.4195454545454544
2.4063636363636363
2.522727272727273
2.6168181818181817
2.5318181818181817
2.704090909090909
2.630454545454546
2.216818181818182
2.605
2.544090909090909
2.5054545454545454
2.795
3.0072727272727273
2.6977272727272728
2.533181818181818
2.635909090909091
2.364090909090909
2.6418181818181816
2.4959090909090906
2.305454545454545
2.4663636363636363
2.1686363636363635
2.5263636363636364
2.321818181818182
2.4227272727272724
2.3249999999999997
2.5309090909090908
2.610909090909091
2.2531818181818184
2.188181818181818
2.2063636363636365
2.355
2.2754545454545454
2.31
2.186818181818182
2.437727272727273
2.285
2.0681818181818183
2.2618181818181817
2.106818181818182
2.1572727272727272
2.0945454545454543
2.0686363636363634
1.8890909090909092
1.8613636363636366
1.9181818181818182
2.1345454545454547
2.027727272727273
2.0527272727272727
1.9577272727272728
1.8154545454545454
1.869090909090909
1.9086363636363637
2.1286363636363634
2.074090909090909
1.8922727272727273
1.710909090909091
1.8731818181818183
2.005909090909091
1.99
1.779090909090909
1.835
1.7677272727272728
1.7886363636363638
1.7404545454545455
1.6413636363636364
1.5763636363636364
1.5518181818181818
1.5431818181818182
1.7495454545454547
1.6313636363636363
1.5054545454545454
1.5222727272727274
1.594090909090909
1.510909090909091
1.21
1.4172727272727272
1.3231818181818182
1.4113636363636364
1.3872727272727272
1.3636363636363635
1.3
1.2568181818181818
1.2363636363636363
1.1495454545454544
1.2163636363636365
1.3154545454545454
1.2654545454545454
1.1431818181818183
1.1536363636363636
1.0118181818181817
1.0013636363636365
1.0577272727272726
0.9736363636363637
0.8777272727272727
0.8327272727272728
0.7890909090909091
0.8804545454545455
0.8895454545454545
0.9691304347826086
0.9339130434782609
0.9160869565217391
0.7969565217391303
0.8247826086956521
0.8226086956521739
0.8747826086956522
0.85
0.6569565217391304
0.8339130434782609
0.783913043478261
0.6452173913043479
0.6339130434782608
0.6047826086956521
0.508695652173913
0.5478260869565217
0.6691304347826087
0.6108695652173913
0.7126086956521739
0.6208695652173913
0.6417391304347826
0.6004347826086956
0.5804347826086956
0.4469565217391304
0.5134782608695653
0.5026086956521739
0.5634782608695652
0.4608695652173913
0.5578260869565217
0.4252173913043478
0.5247826086956522
0.47000000000000003
0.5143478260869565
0.3721739130434783
0.4221739130434783
0.42130434782608694
0.5508695652173913
0.3473913043478261
0.3817391304347826
0.46565217391304353
0.44739130434782615
0.5373913043478261
0.44826086956521743
0.5017391304347826
0.2826086956521739
0.4165217391304348
0.29260869565217396
0.3626086956521739
0.29
0.4091304347826087
0.3952173913043478
0.2373913043478261
0.32130434782608697
0.29782608695652174
0.45869565217391306
0.3065217391304348
0.2756521739130435
0.2343478260869565
0.2717391304347826
0.3160869565217391
0.27
0.26217391304347826
0.24347826086956523
0.2982608695652174
0.36086956521739133
0.29391304347826086
0.3604347826086956
0.3173913043478261
0.11956521739130435
0.1508695652173913
0.21608695652173912
0.23391304347826086
0.2747826086956522
0.3660869565217391
0.18739130434782608
0.2634782608695652
0.3
0.2708695652173913
0.2791304347826087
0.2760869565217391
0.30347826086956525
0.21869565217391304
0.2408695652173913
0.28956521739130436
0.28478260869565214
0.3239130434782609
0.19608695652173913
0.31913043478260866
0.35000000000000003
0.2217391304347826
0.3630434782608695
0.24173913043478262
