pet
0.2785714285714286
0.3364285714285714
0.3814285714285714
0.2692857142857143
0.3071428571428571
0.27999999999999997
0.30214285714285716
0.2564285714285714
0.34285714285714286
0.37285714285714283
0.3821428571428571
0.49714285714285716
0.2714285714285714
0.26571428571428574
0.445
0.3092857142857143
0.3307142857142857
0.36357142857142855
0.3378571428571429
0.39357142857142857
0.29642857142857143
0.27071428571428574
0.21928571428571428
0.32357142857142857
0.3642857142857143
0.3378571428571428
0.35642857142857143
0.43857142857142856
0.3792857142857143
0.4342857142857143
0.4942857142857143
0.4778571428571428
0.38357142857142856
0.45999999999999996
0.35642857142857143
0.31428571428571433
0.3685714285714286
0.3742857142857143
0.4757142857142857
0.3535714285714286
0.32357142857142857
0.3385714285714286
0.32357142857142857
0.39
0.3742857142857143
0.4628571428571429
0.4178571428571428
0.3842857142857143
0.44357142857142856
0.4785714285714286
0.5214285714285715
0.51
0.6235714285714286
0.5542857142857143
0.5571428571428572
0.6507142857142857
0.705
0.6271428571428571
0.6071428571428571
0.6585714285714286
0.5773333333333334
0.6246666666666667
0.638
0.7293333333333333
0.7253333333333334
0.7066666666666667
0.7806666666666667
0.74
0.8566666666666667
0.8113333333333334
0.8406666666666667
0.8173333333333334
0.836
0.8166666666666667
0.7873333333333333
0.906
0.9480000000000001
0.9613333333333334
0.956
0.9966666666666666
0.9359999999999999
1.1179999999999999
1.0813333333333333
1.0533333333333335
1.1193333333333333
1.058
1.094
1.1260000000000001
1.0033333333333332
1.2726666666666666
1.2586666666666666
1.3746666666666667
1.224
1.2966666666666666
1.346
1.3286666666666667
1.3293333333333333
1.4633333333333334
1.3846666666666667
1.4573333333333334
1.406
1.47
1.4853333333333334
1.504
1.6566666666666665
1.8053333333333335
1.7553333333333332
1.7613333333333332
1.946
1.8566666666666667
1.7626666666666668
1.6266666666666665
1.7406666666666666
1.662
1.6493333333333335
1.788
1.7786666666666666
1.7553333333333334
1.9966666666666666
2.0053333333333336
1.98
2.04
2.0126666666666666
1.9886666666666666
1.8073333333333332
1.9326666666666668
2.1786666666666665
2.2439999999999998
2.1326666666666667
2.064
2.198
2.164
2.386
2.1926666666666668
1.8513333333333333
1.9366666666666668
1.9686666666666668
1.782
1.8339999999999999
1.994
2.3486666666666665
2.3853333333333335
2.372666666666667
2.4579999999999997
2.3819999999999997
2.4560000000000004
2.146
2.2853333333333334
2.262
2.6079999999999997
2.7373333333333334
2.418
2.508666666666667
2.6253333333333333
2.2486666666666664
2.3913333333333333
2.494
2.52
2.482666666666667
2.5873333333333335
2.778
2.6353333333333335
2.2993333333333337
2.2359999999999998
2.386
2.2393333333333336
2.2506666666666666
2.2506666666666666
2.1813333333333333
2.386
2.4939999999999998
2.2726666666666664
2.2439999999999998
2.3506666666666667
2.228666666666667
2.288
2.648
2.220666666666667
2.324
2.3306666666666667
2.1820000000000004
2.362
2.2753333333333337
2.372
2.3246666666666664
2.496
2.1420000000000003
2.258
2.4346666666666668
2.496
2.226
2.4746666666666663
2.2666666666666666
2.5833333333333335
2.46
2.567333333333333
2.466666666666667
2.3866666666666663
2.4353333333333333
2.1806666666666668
2.1646666666666667
2.119333333333333
2.3713333333333333
2.298
2.448
2.3913333333333333
2.292666666666667
2.2366666666666664
1.8746666666666667
1.9793333333333332
2.151333333333333
1.8313333333333333
1.9406666666666665
1.9213333333333333
2.1293333333333333
1.9893333333333334
2.068
1.8506666666666665
2.0506666666666664
2.0786666666666664
2.1173333333333333
1.6886666666666665
1.6266666666666665
1.788
1.858
1.72
1.8713333333333333
1.8273333333333333
1.872
1.512
1.6193333333333333
1.7653333333333334
1.736
1.9200000000000002
1.6193333333333333
1.7886666666666666
1.6633333333333333
1.7246666666666668
1.5553333333333332
1.5799999999999998
1.7593333333333334
1.494
1.62
1.4486666666666668
1.4666666666666666
1.52
1.5426666666666666
1.3826666666666665
1.4666666666666666
1.412
1.4473333333333334
1.3633333333333333
1.4993333333333332
1.3146666666666667
1.3373333333333333
1.3173333333333335
1.2306666666666668
1.2166666666666666
1.206
1.136
1.0306666666666666
1.0693333333333332
1.1119999999999999
1.0613333333333332
1.2206666666666666
1.054
1.148
1.0333333333333334
1.0393333333333332
0.8919999999999999
0.9213333333333333
0.8853333333333333
0.9380000000000001
0.985
0.8885714285714287
0.9292857142857143
0.9142857142857144
0.8214285714285714
0.9571428571428572
0.8778571428571429
0.7828571428571429
0.8885714285714286
0.8464285714285714
0.6321428571428571
0.5578571428571429
0.5628571428571428
0.5800000000000001
0.6278571428571428
0.6314285714285715
0.6228571428571429
0.6414285714285715
0.5778571428571428
0.5264285714285715
0.5085714285714286
0.5821428571428572
0.5242857142857142
0.525
0.6335714285714287
0.6007142857142858
0.6092857142857142
0.6128571428571429
0.5328571428571428
0.4707142857142857
0.5785714285714285
0.4414285714285714
0.4807142857142857
0.48142857142857143
0.36500000000000005
0.46785714285714286
0.4764285714285714
0.46214285714285713
0.5107142857142858
0.4321428571428572
0.3942857142857143
0.6285714285714287
0.5
0.4407142857142857
0.4064285714285714
0.31357142857142856
0.29714285714285715
0.295
0.2735714285714286
0.32785714285714285
0.3685714285714286
0.38571428571428573
0.3164285714285714
0.29928571428571427
0.35285714285714287
0.44357142857142856
0.2814285714285714
0.4035714285714286
0.2978571428571429
0.28285714285714286
0.23500000000000001
0.2914285714285714
0.25857142857142856
0.3157142857142857
0.25785714285714284
0.28928571428571426
0.23714285714285716
0.35285714285714287
0.2914285714285714
0.30428571428571427
0.395
0.3
0.22
0.29642857142857143
0.3385714285714286
0.27071428571428574
0.26142857142857145
0.22714285714285715
0.1757142857142857
0.2578571428571429
0.265
0.3085714285714286
0.21071428571428572
0.20857142857142857
0.3692857142857143
0.185
0.18142857142857144
0.21357142857142855
0.2942857142857143
0.26785714285714285
0.225
0.28214285714285714
