temperature
2.110909090909091
1.6713636363636366
1.9154545454545455
1.6436363636363638
2.2040909090909087
2.0895454545454544
2.497727272727273
2.0822727272727275
2.575909090909091
2.744090909090909
2.4995454545454545
3.3822727272727273
3.1995454545454547
2.733181818181818
3.0786363636363636
2.1763636363636363
2.212727272727273
2.562727272727273
2.6036363636363635
2.045909090909091
2.055
2.2186363636363637
2.1972727272727273
2.2454545454545456
2.1981818181818182
2.227272727272727
2.534090909090909
2.139090909090909
1.874090909090909
1.630909090909091
2.1004545454545456
2.364090909090909
2.034090909090909
2.424090909090909
2.7140909090909093
2.5777272727272726
2.591818181818182
1.7286363636363637
1.6836363636363636
2.080909090909091
1.9836363636363636
2.8677272727272727
3.012272727272727
2.472272727272727
2.6436363636363636
3.3240909090909088
2.7122727272727274
2.647727272727273
2.1454545454545455
2.0136363636363637
2.148181818181818
2.2686363636363636
2.3945454545454545
3.2404545454545457
2.7245454545454546
2.9004545454545454
2.7181818181818183
2.7886363636363636
2.674090909090909
2.143636363636364
1.9113636363636362
2.1331818181818183
2.291818181818182
2.49
2.9654545454545453
4.329090909090909
3.8663636363636367
3.652727272727273
3.7627272727272727
3.580909090909091
3.321818181818182
3.478181818181818
4.135909090909091
4.167727272727273
4.424545454545455
4.975909090909091
4.109090909090909
3.6904545454545454
3.8231818181818182
3.992272727272727
4.278181818181818
4.428181818181819
4.114090909090909
4.508181818181819
4.367727272727273
4.170909090909091
4.426363636363636
4.448181818181818
5.08
5.471363636363637
5.633478260869565
5.2843478260869565
5.139130434782609
4.885217391304348
5.6234782608695655
5.5343478260869565
5.064347826086957
4.890434782608696
5.784782608695653
6.389130434782608
5.565652173913043
5.074347826086957
4.824347826086957
5.710434782608695
5.77695652173913
5.742608695652173
5.839130434782609
5.033478260869565
5.129565217391304
5.804347826086956
6.705217391304347
7.114347826086957
7.718260869565216
7.677826086956522
7.216521739130434
6.760869565217392
7.133913043478262
7.178260869565217
7.272608695652174
7.1573913043478266
7.235217391304348
7.328695652173913
7.382608695652174
7.8447826086956525
7.871739130434783
7.5926086956521734
7.94
7.837391304347827
7.860434782608695
8.167391304347825
8.023913043478261
7.769130434782609
7.650434782608696
7.988695652173914
8.219130434782608
8.407826086956522
8.494782608695653
8.161304347826087
8.38782608695652
8.954782608695652
8.907826086956522
9.118260869565217
9.406521739130435
9.415652173913044
9.33695652173913
9.35304347826087
9.136956521739132
9.465652173913044
9.768695652173914
10.005217391304347
10.174347826086956
10.765652173913043
10.69695652173913
10.645217391304348
10.241304347826087
10.11
10.79304347826087
10.963478260869564
10.974347826086957
11.146521739130435
11.207826086956521
11.035217391304348
10.544782608695652
10.634347826086957
10.50695652173913
10.881304347826088
11.39913043478261
12.183913043478261
11.945217391304348
11.97
11.832173913043478
11.420434782608696
11.494347826086956
11.760000000000002
11.727391304347828
11.844782608695652
12.316521739130433
12.025217391304347
12.498695652173915
12.547391304347824
12.546086956521739
12.87217391304348
13.037391304347826
13.090434782608694
13.262173913043478
12.83608695652174
12.791739130434781
12.989999999999998
12.856521739130434
12.961739130434783
12.902608695652173
12.999565217391305
12.917391304347827
12.450000000000001
12.773478260869567
13.203913043478261
13.28086956521739
13.51608695652174
13.32913043478261
13.535217391304348
13.65
13.274347826086956
13.316086956521739
13.846086956521738
13.640869565217391
13.506521739130434
13.733478260869566
13.741304347826087
13.537826086956523
13.716521739130435
13.483478260869566
13.68
13.978695652173913
13.922173913043478
13.934347826086958
14.050869565217392
13.900869565217393
13.69
13.421304347826087
13.057391304347826
13.32521739130435
13.166086956521738
13.211304347826088
13.255217391304347
13.330869565217393
13.429130434782609
13.314782608695653
13.173478260869565
13.291739130434781
12.993478260869566
13.493913043478262
13.424347826086956
13.186521739130436
12.426521739130434
12.307391304347826
12.204347826086956
12.12217391304348
12.111304347826087
11.71913043478261
11.998695652173915
12.275217391304347
12.136521739130433
12.20304347826087
12.064347826086957
12.431739130434783
12.427391304347825
12.287826086956523
12.29391304347826
11.85391304347826
11.653478260869564
11.610869565217392
11.212608695652174
11.750434782608695
11.938695652173912
11.385652173913044
11.162608695652175
10.59695652173913
10.364347826086956
10.225217391304348
10.118695652173912
10.349130434782609
10.60391304347826
10.806086956521739
11.330434782608696
10.916956521739131
10.24391304347826
9.78217391304348
9.96782608695652
9.765652173913043
10.017826086956521
10.306086956521739
10.352173913043478
10.37782608695652
10.148181818181818
9.537727272727272
9.498636363636363
8.697272727272727
8.752272727272727
8.736818181818181
8.936363636363636
9.282272727272728
9.075909090909091
8.670454545454545
8.394545454545455
8.266363636363636
8.325000000000001
8.69
8.327272727272726
7.444999999999999
7.286363636363637
7.041818181818183
7.257727272727274
6.765000000000001
7.321818181818181
7.4340909090909095
7.1827272727272735
7.355
7.585454545454545
7.614090909090908
7.314545454545454
7.1059090909090905
6.355909090909091
7.007727272727272
7.137727272727273
6.74
6.072272727272727
6.340909090909091
6.057272727272727
5.800000000000001
5.462727272727273
6.011363636363637
5.855909090909091
4.726818181818182
5.086818181818182
5.430454545454546
5.495454545454546
5.076818181818182
5.484545454545454
5.421818181818182
4.934090909090909
4.402727272727272
4.074090909090909
4.0227272727272725
4.395909090909091
4.256363636363637
3.2977272727272724
3.610454545454546
4.21909090909091
3.450909090909091
4.193636363636364
4.490909090909091
4.1431818181818185
3.6713636363636364
3.4327272727272726
2.972272727272727
3.2068181818181816
3.2245454545454546
2.5640909090909094
2.9222727272727274
2.8327272727272725
2.2172727272727273
2.5831818181818185
3.646818181818182
3.994545454545454
3.0577272727272726
2.2213636363636367
2.729090909090909
2.7209090909090907
2.690909090909091
2.3954545454545455
2.2195454545454543
1.1581818181818182
0.9340909090909091
0.20999999999999996
1.2486363636363635
1.839090909090909
2.936818181818182
2.8831818181818183
1.7304545454545455
0.8813636363636363
0.639090909090909
0.365
0.41272727272727283
1.3936363636363636
1.6804545454545454
