pet
0.45142857142857146
0.22142857142857145
0.43476190476190474
0.3628571428571429
0.24333333333333335
0.3061904761904762
0.20904761904761904
0.44190476190476186
0.32047619047619047
0.27666666666666667
0.23809523809523808
0.3771428571428571
0.4033333333333334
0.3542857142857143
0.3466666666666666
0.3519047619047619
0.41190476190476194
0.3261904761904762
0.4971428571428571
0.26142857142857145
0.30523809523809525
0.32476190476190475
0.3676190476190476
0.2519047619047619
0.3161904761904762
0.26142857142857145
0.29666666666666663
0.3047619047619048
0.2580952380952381
0.31047619047619046
0.3728571428571429
0.42523809523809525
0.34904761904761905
0.4319047619047619
0.49761904761904757
0.3642857142857143
0.3619047619047619
0.3628571428571429
0.3947619047619047
0.3395238095238095
0.3457142857142857
0.40761904761904766
0.4080952380952381
0.490952380952381
0.4471428571428572
0.3880952380952381
0.4028571428571429
0.4561904761904762
0.489047619047619
0.43380952380952376
0.5114285714285715
0.5866666666666667
0.5519047619047619
0.5642857142857143
0.5147619047619048
0.45857142857142863
0.5180952380952382
0.4695238095238095
0.5966666666666667
0.6014285714285714
0.5680952380952381
0.579047619047619
0.8114285714285714
0.6785714285714286
0.6542857142857142
0.7780952380952381
0.7233333333333333
0.7333333333333334
0.7023809523809523
0.7585714285714286
0.6719047619047619
0.8004761904761905
0.7095238095238096
0.8223809523809523
0.759047619047619
0.7604761904761905
0.9276190476190477
0.8852380952380953
0.8866666666666667
0.9099999999999999
0.8461904761904762
0.7780952380952381
0.8971428571428571
0.9076190476190475
0.8857142857142858
0.93
1.006190476190476
1.1257142857142857
0.9247619047619049
1.0804761904761906
0.8819047619047619
1.189047619047619
1.0804761904761906
1.0671428571428572
1.1123809523809522
1.1047619047619048
1.0861904761904762
1.1047619047619048
1.05
1.1757142857142857
1.0666666666666667
1.3538095238095238
1.2461904761904763
1.3266666666666667
1.41
1.279047619047619
1.3904761904761904
1.3333333333333333
1.2747619047619048
1.42
1.4171428571428573
1.3495238095238096
1.3866666666666667
1.4876190476190476
1.431904761904762
1.4628571428571429
1.5471428571428572
1.5704761904761906
1.733809523809524
1.6223809523809525
1.9300000000000002
1.6838095238095239
1.5704761904761904
1.458095238095238
1.5104761904761905
1.6395238095238096
1.645714285714286
1.8295238095238096
1.6085714285714285
1.6776190476190478
1.774761904761905
1.9014285714285715
1.98
2.067619047619048
2.206666666666667
2.146190476190476
2.0152380952380953
2.0665
2.13
2.1734999999999998
1.971
1.989
2.1185
2.0925000000000002
2.2525
2.226
2.2455
2.1645
2.0375
2.4
2.154
2.334
2.1335
2.239
1.9685
2.052
2.123
2.1035
1.9565000000000001
2.1315
2.136
2.17
2.2145
2.226
2.2375
2.205
2.1710000000000003
1.9364999999999999
1.9995
2.3489999999999998
2.213
2.1495
2.138
2.0324999999999998
2.0605
1.9440000000000002
2.1725000000000003
2.113
2.2344999999999997
2.2785
2.159
2.004
2.1655
1.9415
2.1719999999999997
2.0375
2.3735
2.109
2.045
2.1294999999999997
2.0315000000000003
2.1595
2.134
2.068
1.9515
1.86
1.8635000000000002
1.905
2.085
1.903
1.9995
2.1165
2.0295
1.973
1.9045
2.0725000000000002
1.8255
1.9125
1.951
1.957
1.9465
1.95
1.9055
1.8565
1.8675000000000002
1.782
1.73
1.5865
1.5355
1.7865000000000002
1.7870000000000001
1.9004999999999999
1.9170000000000003
1.7399999999999998
1.581
1.6615000000000002
1.5865
1.643
1.6170000000000002
1.514
1.4625
1.6009999999999998
1.845
1.707
1.4365
1.4525000000000001
1.44
1.455
1.55
1.3199999999999998
1.3519999999999999
1.377
1.376
1.4935
1.3945
1.239
1.3595000000000002
1.34
1.3535
1.1995
1.1960000000000002
1.0779999999999998
1.1685
1.205
1.1800000000000002
1.1644999999999999
1.15
1.2485
0.9605
1.1324999999999998
1.0635
1.1495000000000002
0.998
0.9730000000000001
0.8634999999999999
0.9145
0.8619999999999999
0.8634999999999999
0.849
0.8755000000000001
0.605
0.7285
0.8220000000000001
0.8035
0.8564999999999999
0.794
0.6985
0.5855
0.6639999999999999
0.771
0.61
0.532
0.6435000000000001
0.6615
0.6385
0.643
0.5535
0.515
0.5515
0.5810000000000001
0.52
0.7455
0.593
0.515
0.5135
0.4415
0.49799999999999994
0.4835
0.46950000000000003
0.4495
0.40800000000000003
0.45999999999999996
0.4265
0.3805
0.409
0.5125
0.32799999999999996
0.42400000000000004
0.379
0.37
0.2985
0.343
0.3075
0.2765
0.351
0.382
0.38
0.271
0.4455
0.354
0.41
0.344
0.34049999999999997
0.4835
0.302
0.264
0.2875
0.417
0.2695
0.24300000000000002
0.29100000000000004
0.28700000000000003
0.3675
0.2705
0.3035
0.3125
0.34500000000000003
0.3785
0.25
0.381
0.3585
0.1905
0.142
0.2385
0.131
0.378
0.325
0.179
0.174
0.14950000000000002
0.242
0.266
0.3655
0.2605
0.20950000000000002
0.292
0.29450000000000004
0.2415
0.35150000000000003
0.2935
0.277
0.3275
0.3095
0.296
0.298
