temperature
2.3605555555555555
2.4222222222222225
1.9361111111111111
2.065
2.5933333333333333
2.2377777777777776
1.4883333333333333
1.7777777777777777
2.3805555555555555
1.901111111111111
1.6583333333333332
2.0683333333333334
1.8711111111111112
2.1744444444444446
2.006111111111111
2.2622222222222224
2.0
1.755
2.2216666666666667
2.336111111111111
2.5405555555555552
2.325
1.8633333333333333
2.2916666666666665
1.6444444444444446
1.5105555555555557
1.4227777777777777
1.5894444444444444
2.3055555555555554
2.3672222222222223
2.16
2.058333333333333
2.437777777777778
2.719444444444444
3.108888888888889
3.2383333333333333
3.813888888888889
2.9005555555555556
2.325
2.2955555555555556
2.006111111111111
1.6344444444444446
1.9394444444444447
1.7977777777777777
1.5061111111111112
1.613888888888889
1.3833333333333335
1.8166666666666669
1.8627777777777779
1.7855555555555556
1.6972222222222224
1.683888888888889
2.4711111111111115
2.341666666666667
2.461666666666667
1.8099999999999998
1.9949999999999999
2.7716666666666665
3.147777777777778
2.841111111111111
2.746111111111111
2.56
3.0594444444444444
4.031666666666666
4.510000000000001
4.874444444444444
4.535
4.1594444444444445
4.857222222222223
4.592777777777778
4.422222222222222
4.778888888888889
4.4255555555555555
3.98
3.881111111111111
4.327222222222222
4.226666666666667
3.7777777777777777
3.5566666666666666
3.7805555555555554
4.017222222222222
4.153333333333333
4.196111111111112
4.710555555555556
4.467222222222222
4.421666666666667
4.307777777777777
4.416666666666667
5.043333333333333
5.116666666666666
5.516666666666667
5.047222222222222
4.232777777777778
4.205555555555556
4.827777777777778
5.017777777777778
5.152777777777778
4.8438888888888885
5.479444444444444
6.137777777777778
5.9688888888888885
6.21
5.585555555555555
5.899444444444445
6.278333333333332
6.718333333333334
6.615555555555556
5.9238888888888885
6.296111111111111
6.195
6.458333333333333
6.598333333333333
6.753888888888889
6.877777777777777
6.496666666666666
6.803333333333333
7.264444444444444
7.198333333333333
7.76111111111111
8.28111111111111
7.938333333333333
7.764444444444444
7.856111111111111
7.8950000000000005
7.702777777777778
7.76111111111111
7.985555555555556
8.11
7.260555555555555
7.268888888888889
8.011111111111111
7.978888888888889
8.655555555555555
8.99
9.113333333333333
8.743333333333332
8.729444444444445
8.867222222222223
8.953333333333333
9.336111111111112
9.56111111111111
9.462222222222222
9.894444444444444
10.348333333333334
10.30888888888889
10.106111111111112
9.766666666666667
9.45111111111111
10.113888888888889
10.745555555555555
10.905555555555555
11.05888888888889
10.773333333333333
10.938333333333333
10.922777777777778
10.925555555555555
11.13888888888889
11.242777777777778
11.111666666666666
11.529444444444444
11.450555555555557
11.21
11.06111111111111
11.333888888888888
11.497222222222222
11.426666666666668
11.897777777777778
12.446111111111112
12.05888888888889
12.341666666666667
12.619444444444445
11.728333333333333
12.011666666666667
11.456111111111111
11.762222222222222
12.3
12.65388888888889
12.831666666666667
13.01388888888889
13.015
12.908888888888889
12.655
12.351111111111111
12.883333333333333
13.466666666666667
13.505555555555555
13.782777777777778
14.15611111111111
14.397777777777776
13.830555555555556
13.867222222222223
14.597222222222221
14.329444444444444
14.341111111111111
14.312777777777777
14.280000000000001
13.838888888888889
13.47888888888889
13.63
14.354999999999999
14.895000000000001
14.49888888888889
14.10888888888889
14.43222222222222
14.394444444444446
14.725555555555555
14.670555555555556
14.933333333333334
14.669444444444444
15.081666666666665
14.587777777777777
14.367777777777778
14.198888888888888
14.466111111111111
14.529444444444445
14.15388888888889
14.116666666666667
14.151111111111112
13.773333333333333
13.82
13.978333333333333
13.89111111111111
14.178333333333335
14.115555555555554
13.773333333333333
13.934444444444445
14.267222222222223
14.033888888888889
13.90611111111111
14.103333333333333
14.557222222222224
14.783888888888889
14.555
14.232777777777777
13.267222222222223
13.27888888888889
13.196111111111112
12.976666666666667
12.761111111111111
12.877777777777778
13.413333333333334
13.013333333333334
12.394444444444444
12.894444444444444
12.472777777777777
12.896666666666667
12.376111111111111
11.798333333333334
11.32611111111111
11.568888888888889
12.073333333333332
11.817222222222222
11.778333333333332
11.532222222222224
11.326666666666666
10.962777777777777
10.879444444444443
10.911111111111111
11.30111111111111
11.702777777777778
11.505555555555555
10.833888888888888
11.398333333333333
11.148888888888889
10.645555555555555
10.719444444444443
10.493333333333332
9.727777777777778
9.709444444444443
9.989444444444445
10.508333333333333
10.905
10.500555555555556
10.522222222222222
10.117222222222223
9.752222222222223
9.845
9.393888888888888
9.515555555555556
9.385
9.060555555555556
9.5
9.007222222222222
8.268888888888888
8.367222222222221
8.271666666666668
8.274444444444445
8.177222222222222
7.739444444444445
7.647222222222222
7.597222222222222
7.582777777777778
7.4094444444444445
6.934444444444444
6.6161111111111115
6.935555555555556
6.795555555555556
6.83
7.081666666666667
6.818888888888889
6.711666666666667
6.171111111111111
6.482777777777778
6.576666666666666
6.882777777777778
6.401666666666667
6.308888888888889
5.831111111111111
5.592777777777778
5.207777777777778
5.690555555555555
5.907777777777778
5.756111111111111
5.711666666666667
5.854444444444444
5.604444444444444
5.08388888888889
4.622941176470588
5.003529411764706
4.821176470588235
4.392941176470589
4.753529411764706
4.189411764705882
3.6494117647058824
3.5711764705882354
3.6623529411764704
4.023529411764706
3.941764705882353
4.222941176470588
4.015882352941176
3.2376470588235295
2.989411764705882
2.822352941176471
3.176470588235294
3.7764705882352945
4.26235294117647
4.888823529411765
3.991764705882353
3.5405882352941176
3.04
1.8635294117647059
1.4388235294117648
1.7641176470588236
1.776470588235294
2.253529411764706
2.4
2.206470588235294
2.5688235294117647
2.961764705882353
3.07
3.2276470588235293
2.7341176470588233
3.0841176470588234
2.2841176470588236
2.8423529411764705
2.156470588235294
2.595294117647059
3.0488235294117647
2.8547058823529414
2.3441176470588236
1.5294117647058822
2.3476470588235294
2.341111111111111
2.212222222222222
2.4844444444444442
