pet
0.22227272727272726
0.2727272727272727
0.25363636363636366
0.28454545454545455
0.2659090909090909
0.19727272727272727
0.3559090909090909
0.32136363636363635
0.3131818181818182
0.2913636363636364
0.32545454545454544
0.3372727272727273
0.3663636363636364
0.2931818181818182
0.2877272727272727
0.25545454545454543
0.2413636363636364
0.29454545454545455
0.2890909090909091
0.355
0.30363636363636365
0.29045454545454547
0.2831818181818182
0.30454545454545456
0.32863636363636367
0.39272727272727276
0.3609090909090909
0.455
0.37999999999999995
0.3813636363636364
0.43636363636363634
0.4313636363636364
0.46636363636363637
0.42863636363636365
0.5081818181818182
0.504090909090909
0.5386363636363636
0.5504545454545454
0.49727272727272726
0.5318181818181817
0.4990909090909091
0.435
0.5227272727272727
0.5668181818181819
0.5254545454545455
0.595
0.6759090909090909
0.5172727272727273
0.5581818181818181
0.5895454545454546
0.6809090909090909
0.6940909090909091
0.725909090909091
0.6736363636363637
0.5977272727272728
0.6872727272727274
0.8218181818181818
0.7886363636363637
0.6718181818181818
0.7586363636363636
0.9131818181818182
0.7927272727272728
0.8322727272727272
0.8231818181818181
0.9672727272727273
0.9404545454545455
0.8818181818181817
0.9886363636363636
1.04
1.0168181818181818
1.1127272727272728
1.0654545454545454
1.1500000000000001
1.0504545454545455
1.115909090909091
1.0409090909090908
1.0972727272727274
1.1172727272727272
1.0377272727272728
1.1568181818181817
1.211818181818182
1.1413636363636364
1.1490909090909092
1.1536363636363636
1.1854545454545453
1.2813636363636365
1.3086363636363636
1.2927272727272727
1.28
1.5522727272727272
1.5682608695652174
1.672608695652174
1.5521739130434784
1.517391304347826
1.5895652173913044
1.9178260869565218
1.5326086956521738
1.8026086956521739
1.54
1.7447826086956524
1.651304347826087
1.6365217391304347
1.651304347826087
1.7691304347826087
1.7408695652173913
1.856521739130435
1.9856521739130435
2.048695652173913
1.6330434782608696
1.8239130434782609
2.1643478260869564
2.292608695652174
2.1221739130434782
1.9821739130434781
2.0917391304347825
1.8369565217391304
2.1995652173913043
2.1695652173913045
2.152608695652174
2.157391304347826
2.287391304347826
2.2117391304347827
2.402608695652174
2.3978260869565218
2.2621739130434784
2.55
2.4039130434782607
2.3043478260869565
2.527391304347826
2.411304347826087
2.484782608695652
2.579565217391304
2.4295652173913043
2.2956521739130435
2.6034782608695655
2.4243478260869566
2.2978260869565217
2.5156521739130433
2.663478260869565
2.340869565217391
2.3434782608695652
2.6469565217391304
2.9404347826086954
2.763478260869565
2.8017391304347825
2.652173913043478
2.382173913043478
2.6639130434782605
2.818260869565217
2.7399999999999998
3.075217391304348
2.978695652173913
2.6891304347826086
2.827391304347826
2.530869565217391
2.890434782608696
2.6595652173913042
2.9443478260869567
3.0247826086956517
2.9560869565217387
2.78
2.7643478260869565
2.7630434782608693
2.7399999999999998
2.721739130434783
2.96304347826087
2.8865217391304347
3.0100000000000002
3.186086956521739
3.241739130434783
3.3395652173913044
3.243478260869565
3.0843478260869563
3.196521739130435
3.137826086956522
2.962173913043478
3.1930434782608694
3.1004347826086955
3.1934782608695653
3.3304347826086955
3.212608695652174
3.186086956521739
3.058695652173913
2.9669565217391303
3.217826086956522
2.9139130434782605
3.0156521739130433
2.9795652173913045
2.7856521739130433
3.0856521739130436
3.106086956521739
3.2930434782608695
3.0417391304347823
2.7991304347826085
3.2721739130434786
3.221304347826087
3.095217391304348
2.9882608695652175
3.325217391304348
3.2913043478260873
3.1743478260869566
3.1130434782608694
3.21
3.1921739130434785
3.2934782608695654
3.137826086956522
2.9456521739130435
2.9017391304347826
3.1160869565217393
3.082173913043478
3.1591304347826084
2.986086956521739
2.924782608695652
3.1334782608695657
3.1178260869565215
2.766086956521739
3.1613043478260865
2.9586956521739127
2.8439130434782607
2.8865217391304347
2.9421739130434785
2.6534782608695653
2.933913043478261
2.544782608695652
2.634782608695652
2.5204347826086955
2.827826086956522
2.864782608695652
2.7369565217391307
2.6208695652173915
2.675217391304348
2.612173913043478
2.590869565217391
2.409130434782609
2.3143478260869563
2.146086956521739
2.0965217391304347
1.852608695652174
2.3052173913043474
2.3369565217391304
2.337391304347826
1.9982608695652175
2.0882608695652176
2.1278260869565218
2.09695652173913
1.9791304347826089
2.2030434782608697
1.9904347826086957
1.92
1.9921739130434784
1.958695652173913
1.981304347826087
1.9178260869565218
1.8013043478260868
1.8513043478260869
1.7756521739130433
1.7008695652173913
1.514782608695652
1.7491304347826087
1.6304347826086956
1.4969565217391305
1.4152173913043478
1.4913043478260868
1.605217391304348
1.4708695652173913
1.394782608695652
1.2704347826086957
1.2217391304347827
1.1395652173913045
1.1417391304347826
1.1960869565217391
1.152608695652174
1.192608695652174
1.145909090909091
1.1463636363636363
1.1013636363636363
1.173181818181818
1.0995454545454544
1.0477272727272728
0.9631818181818183
0.8327272727272728
0.9586363636363636
1.0736363636363637
0.9504545454545454
0.8763636363636365
0.6563636363636364
0.7059090909090909
0.6945454545454545
0.6740909090909091
0.8813636363636363
0.8336363636363636
0.7777272727272727
0.6963636363636364
0.6609090909090909
0.6804545454545455
0.7354545454545455
0.7190909090909091
0.7627272727272728
0.7218181818181818
0.7377272727272728
0.6122727272727273
0.5218181818181818
0.5572727272727273
0.5459090909090909
0.5013636363636363
0.4831818181818182
0.509090909090909
0.4186363636363637
0.37136363636363634
0.4495454545454546
0.39454545454545453
0.38409090909090915
0.335
0.3268181818181818
0.34863636363636363
0.3227272727272727
0.31227272727272726
0.40772727272727277
0.23454545454545456
0.18500000000000003
0.23045454545454547
0.28454545454545455
0.21772727272727274
0.25363636363636366
0.2340909090909091
0.2081818181818182
0.2990909090909091
0.24045454545454545
0.22954545454545452
0.23
0.21
0.18545454545454546
0.18818181818181817
0.20363636363636364
0.24772727272727274
0.22954545454545452
0.3140909090909091
0.2590909090909091
0.32954545454545453
0.29363636363636364
0.32727272727272727
0.1981818181818182
0.27590909090909094
0.20363636363636364
0.225
0.2009090909090909
0.19272727272727275
0.3372727272727273
0.24454545454545454
0.22999999999999998
0.17863636363636365
0.10636363636363635
0.10272727272727272
0.1290909090909091
0.22363636363636363
0.22454545454545452
0.22454545454545452
0.3240909090909091
0.2790909090909091
0.29090909090909095
0.2686363636363636
0.2690909090909091
0.19045454545454543
0.24772727272727274
0.19590909090909092
