date	precipitation	temperature	discharge_spec
20060518	8.83	11.95	1.23
20060519	18.3	10.64	1.54
20060520	4.13	9.54	2.59
20060521	21.94	8.81	2.62
20060522	7.49	7.88	6.38
20060523	15.3	7.13	4.07
20060524	0.76	7.66	4.82
20060525	8.39	9.35	3.34
20060526	2.1	11.35	3.55
20060527	0.34	12.1	2.85
20060528	1.52	10.55	2.31
20060529	2.62	7.69	2.05
20060530	0.02	7.22	1.84
20060531	0.72	8.08	1.64
20060601	0.03	10.31	1.54
20060602	0.0	12.52	1.42
20060603	0.0	13.33	1.33
20060604	0.01	13.57	1.27
20060605	0.0	12.24	1.24
20060606	0.0	14.35	1.19
20060607	0.0	16.24	1.14
20060608	0.0	15.9	1.09
20060609	0.0	17.43	1.05
20060610	0.0	18.36	1.02
20060611	1.75	18.8	1.0
20060612	5.18	18.28	1.01
20060613	1.87	13.61	0.99
20060614	0.48	12.53	0.97
20060615	0.01	13.36	0.93
20060616	0.03	15.31	0.91
20060617	0.01	18.05	0.88
20060618	0.67	15.09	0.86
20060619	1.53	14.19	0.86
20060620	5.12	13.62	0.85
20060621	1.78	11.61	0.84
20060622	0.74	11.59	0.81
20060623	0.01	12.73	0.8
20060624	0.08	13.85	0.79
20060625	0.02	14.07	0.78
20060626	3.57	11.5	0.77
20060627	0.13	11.89	0.77
20060628	0.05	14.26	0.75
20060629	0.0	15.95	0.73
20060630	0.0	17.05	0.72
20060701	0.01	18.88	0.71
20060702	20.37	19.82	1.17
20060703	0.01	19.5	0.91
20060704	0.0	18.08	0.76
20060705	2.96	17.82	0.72
20060706	1.27	18.41	0.72
20060707	0.0	15.64	0.68
20060708	1.8	14.0	0.66
20060709	0.17	14.83	0.66
20060710	0.01	15.44	0.64
20060711	0.0	15.36	0.64
20060712	0.09	15.48	0.63
20060713	0.0	14.77	0.62
20060714	0.0	13.94	0.61
20060715	0.0	14.91	0.6
20060716	0.0	17.2	0.58
20060717	0.0	20.12	0.57
20060718	0.0	21.22	0.58
20060719	1.1	21.57	0.57
20060720	0.01	19.45	0.59
20060721	0.1	20.08	0.58
20060722	18.31	18.82	0.74
20060723	0.01	17.86	0.63
20060724	0.0	18.55	0.57
20060725	0.15	20.85	0.57
20060726	0.0	20.64	0.55
20060727	0.0	19.23	0.54
20060728	0.0	18.57	0.54
20060729	2.9	18.32	0.54
20060730	0.04	17.19	0.53
20060731	7.37	15.49	0.54
20060801	5.45	14.18	0.57
20060802	12.06	13.4	0.65
20060803	0.23	14.62	0.63
20060804	0.14	14.89	0.54
20060805	0.0	17.25	0.53
20060806	2.16	19.27	0.54
20060807	0.01	15.44	0.51
20060808	2.31	14.88	0.51
20060809	0.03	14.24	0.51
20060810	0.0	13.33	0.49
20060811	0.43	12.81	0.49
20060812	5.7	13.09	0.51
20060813	3.47	12.63	0.53
20060814	0.07	13.9	0.51
20060815	0.15	12.89	0.49
20060816	0.5	14.29	0.48
20060817	15.3	14.09	0.56
20060818	3.15	13.11	0.59
20060819	9.41	13.89	0.54
20060820	4.18	14.54	0.59
20060821	1.52	14.04	0.6
20060822	0.34	13.97	0.55
20060823	11.11	14.63	0.58
20060824	0.02	13.74	0.6
20060825	4.69	12.41	0.55
20060826	1.13	13.94	0.54
20060827	10.5	13.9	0.55
20060828	5.82	12.49	0.63
20060829	9.24	11.98	0.79
20060830	6.2	12.32	0.72
20060831	10.03	15.84	0.76
20060901	1.18	15.79	0.84
20060902	12.73	14.06	0.84
20060903	2.18	16.1	0.85
20060904	6.03	14.7	0.71
20060905	0.03	17.43	0.72
20060906	0.74	16.88	0.67
20060907	0.02	12.35	0.62
20060908	0.01	11.43	0.59
20060909	0.0	12.55	0.55
20060910	0.0	14.29	0.55
20060911	6.45	16.76	0.59
20060912	0.01	16.77	0.56
20060913	13.72	17.21	0.55
20060914	20.45	14.88	1.39
20060915	0.04	13.78	1.08
20060916	0.0	13.99	0.82
20060917	0.0	15.11	0.73
20060918	3.11	14.58	0.67
20060919	0.01	12.77	0.65
20060920	0.01	14.79	0.61
20060921	0.03	19.22	0.59
20060922	15.2	14.11	0.76
20060923	0.21	14.45	0.72
20060924	1.76	15.46	0.66
20060925	0.53	13.72	0.61
20060926	0.01	13.53	0.57
20060927	1.15	13.66	0.57
20060928	3.0	14.68	0.57
20060929	3.75	12.77	0.62
20060930	8.11	12.0	0.61
20061001	16.43	12.76	0.73
20061002	1.01	11.97	1.5
20061003	1.27	10.26	0.95
20061004	1.01	9.52	0.82
20061005	14.54	10.78	1.01
20061006	8.37	13.19	1.38
20061007	0.01	10.64	1.34
20061008	4.91	11.46	1.15
20061009	5.19	12.21	1.18
20061010	0.2	11.56	1.12
20061011	13.24	13.42	1.54
20061012	0.19	10.71	1.62
20061013	0.04	10.37	1.34
20061014	0.0	11.25	1.2
20061015	0.0	11.44	1.12
20061016	1.24	11.09	1.04
20061017	0.28	11.51	1.0
20061018	12.2	11.44	0.97
20061019	4.12	12.61	1.31
20061020	1.41	11.25	1.23
20061021	7.64	11.2	1.13
20061022	9.86	9.96	1.69
20061023	0.08	8.64	1.8
20061024	0.0	8.31	1.54
20061025	22.4	8.14	2.64
20061026	1.24	11.7	3.03
20061027	3.25	7.94	2.22
20061028	0.33	12.44	1.87
20061029	0.31	10.46	1.64
20061030	1.87	12.06	1.49
20061031	1.11	8.51	1.4
20061101	0.0	3.17	1.29
20061102	0.0	1.29	1.2
20061103	0.0	1.6	1.13
20061104	0.01	4.99	1.09
20061105	0.0	7.57	1.04
20061106	0.01	5.98	1.02
20061107	2.21	5.57	0.97
20061108	2.76	8.41	0.99
20061109	0.08	4.65	0.94
20061110	6.81	4.95	0.94
20061111	5.99	7.63	0.99
20061112	4.68	7.28	1.04
20061113	0.06	10.12	1.04
20061114	7.37	8.63	1.02
20061115	0.38	10.44	1.39
20061116	0.63	7.55	1.59
20061117	0.74	4.76	1.59
20061118	0.58	3.32	1.55
20061119	7.33	3.8	1.53
20061120	2.24	7.27	1.64
20061121	7.4	4.47	1.63
20061122	12.9	4.79	2.03
20061123	0.77	7.5	2.79
20061124	25.37	6.99	2.85
20061125	2.74	7.58	5.64
20061126	1.94	7.05	3.92
20061127	6.47	9.82	3.24
20061128	0.21	8.23	3.2
20061129	0.01	7.46	2.95
20061130	1.69	8.09	2.74
20061201	0.07	8.81	2.62
20061202	8.04	6.95	2.51
20061203	0.76	7.19	2.8
20061204	17.3	7.84	2.43
20061205	8.99	8.87	3.4
20061206	11.8	6.02	4.02
20061207	11.4	6.86	4.88
20061208	0.39	4.7	4.51
20061209	0.58	2.75	3.79
20061210	16.38	4.81	3.36
20061211	0.32	7.15	4.53
20061212	4.97	5.74	4.06
20061213	0.21	8.88	3.66
20061214	6.14	10.34	3.35
20061215	10.63	6.53	3.85
20061216	5.03	3.29	3.88
20061217	0.67	3.14	3.69
20061218	0.2	2.3	3.39
20061219	0.04	0.78	3.12
20061220	0.03	-0.78	2.92
20061221	0.03	-0.42	2.72
20061222	0.1	-0.17	2.52
20061223	0.04	0.99	2.38
20061224	0.0	1.36	2.29
20061225	0.12	2.47	2.21
20061226	0.0	1.75	2.14
20061227	3.78	2.29	1.72
20061228	1.26	5.31	1.47
20061229	20.17	7.06	1.81
20061230	5.57	7.44	3.5
20061231	6.33	7.05	2.76
20070101	13.18	4.57	2.97
20070102	2.44	4.66	3.31
20070103	7.56	7.77	3.11
20070104	0.85	7.31	3.12
20070105	1.25	6.74	2.92
20070106	3.84	4.54	2.79
20070107	7.98	7.86	2.81
20070108	8.24	6.89	3.43
20070109	12.98	9.69	4.29
20070110	15.35	5.4	4.84
20070111	6.06	7.26	7.93
20070112	0.67	8.84	6.18
20070113	4.05	8.14	5.11
20070114	0.04	4.72	4.42
20070115	2.48	6.42	3.94
20070116	8.72	5.36	3.8
20070117	24.7	5.67	4.05
20070118	6.21	6.7	8.22
20070119	8.15	8.48	5.25
20070120	13.17	6.66	4.52
20070121	12.82	2.84	7.03
20070122	0.53	1.14	5.95
20070123	0.98	-1.09	4.54
20070124	0.83	0.65	3.91
20070125	0.83	-0.31	3.21
20070126	0.12	3.5	3.07
20070127	0.03	4.54	3.55
20070128	1.02	6.09	3.62
20070129	0.0	6.16	2.95
20070130	0.02	3.87	2.46
20070131	2.18	6.18	2.27
20070201	0.05	7.29	2.22
20070202	0.0	5.59	1.98
20070203	0.0	1.29	1.77
20070204	0.0	0.24	1.66
20070205	0.0	-0.16	1.61
20070206	0.0	-2.56	1.55
20070207	0.65	-2.94	1.5
20070208	1.69	-2.09	1.48
20070209	19.53	-1.26	1.5
20070210	12.36	2.03	2.39
20070211	4.86	5.34	5.39
20070212	4.07	5.41	6.02
20070213	4.56	5.24	4.48
20070214	0.06	4.9	3.8
20070215	4.46	5.36	2.99
20070216	8.34	5.29	3.55
20070217	0.03	4.52	3.33
20070218	0.26	3.77	2.75
20070219	4.41	5.61	2.58
20070220	1.36	7.29	2.57
20070221	6.07	6.13	2.37
20070222	6.97	6.93	2.85
20070223	5.83	7.07	3.16
20070224	3.64	6.72	3.28
20070225	1.78	5.98	3.19
20070226	7.56	4.99	2.81
20070227	3.45	6.05	3.18
20070228	6.52	6.9	3.46
20070301	1.72	4.64	3.51
20070302	8.72	3.89	2.99
20070303	0.3	5.24	3.16
20070304	15.69	5.02	4.11
20070305	10.3	5.86	4.74
20070306	0.1	7.65	5.02
20070307	0.01	5.67	3.91
20070308	2.62	5.9	3.24
20070309	0.11	5.97	2.87
20070310	0.0	7.09	2.45
20070311	0.1	7.57	2.22
20070312	0.28	7.71	2.05
20070313	0.0	5.56	1.88
20070314	0.0	6.03	1.79
20070315	0.7	6.14	1.71
20070316	2.8	4.99	1.65
20070317	7.85	8.63	1.63
20070318	7.45	3.52	1.94
20070319	0.88	1.71	2.0
20070320	0.01	0.97	1.78
20070321	2.9	0.63	1.54
20070322	0.45	3.54	1.54
20070323	0.49	4.61	1.5
20070324	0.05	3.71	1.44
20070325	0.01	6.48	1.4
20070326	0.0	6.41	1.34
20070327	0.01	5.71	1.31
20070328	1.86	5.39	1.28
20070329	1.3	4.73	1.27
20070330	0.1	5.78	1.24
20070331	0.0	6.61	1.19
20070401	0.0	6.28	1.15
20070402	0.38	6.36	1.15
20070403	0.03	4.73	1.13
20070404	0.0	5.44	1.11
20070405	0.0	7.96	1.08
20070406	0.0	7.29	1.06
20070407	0.0	7.42	1.06
20070408	0.01	8.55	1.05
20070409	0.33	9.21	1.04
20070410	0.0	10.05	1.0
20070411	0.0	9.73	0.98
20070412	0.0	9.04	0.96
20070413	0.0	8.07	0.94
20070414	0.0	11.75	0.93
20070415	0.03	12.64	0.91
20070416	0.01	11.11	0.92
20070417	0.0	8.45	0.9
20070418	0.0	7.47	0.89
20070419	0.0	8.62	0.88
20070420	0.0	8.2	0.86
20070421	0.0	10.86	0.85
20070422	0.49	11.46	0.84
20070423	8.24	12.39	0.86
20070424	2.63	13.3	0.87
20070425	0.01	12.08	0.84
20070426	0.4	9.21	0.8
20070427	0.0	9.28	0.79
20070428	0.0	9.96	0.78
20070429	0.0	9.4	0.78
20070430	0.0	9.78	0.76
20070501	0.0	10.4	0.74
20070502	0.0	9.25	0.73
20070503	0.0	8.48	0.71
20070504	0.0	7.53	0.72
20070505	0.01	9.07	0.71
20070506	0.67	10.99	0.71
20070507	5.54	10.45	0.71
20070508	3.95	10.07	0.76
20070509	9.49	9.67	0.78
20070510	2.69	9.99	0.76
20070511	7.11	8.82	0.73
20070512	4.99	10.07	0.76
20070513	30.5	9.17	1.36
20070514	0.61	8.33	1.54
20070515	4.35	9.07	0.99
20070516	8.75	9.01	0.94
20070517	0.32	12.64	1.01
20070518	0.21	12.46	0.89
20070519	1.44	10.15	0.8
20070520	0.0	9.7	0.76
20070521	0.0	10.0	0.72
20070522	0.0	11.39	0.71
20070523	0.1	13.8	0.68
20070524	0.37	15.0	0.68
20070525	0.02	11.3	0.69
20070526	3.61	8.38	0.68
20070527	8.75	6.91	0.8
20070528	2.32	6.46	0.8
20070529	0.55	7.4	0.73
20070530	0.78	8.41	0.68
20070531	5.86	11.28	0.69
20070601	0.01	12.87	0.69
20070602	0.0	14.65	0.65
20070603	2.13	14.85	0.63
20070604	0.0	13.23	0.67
20070605	0.0	11.96	0.63
20070606	0.0	10.93	0.61
20070607	0.0	11.26	0.6
20070608	0.0	14.21	0.61
20070609	0.02	15.73	0.6
20070610	0.0	15.44	0.59
20070611	3.65	15.92	0.59
20070612	0.96	15.1	0.63
20070613	19.87	13.65	0.68
20070614	36.86	11.69	1.29
20070615	13.89	11.58	4.0
20070616	1.37	12.43	1.95
20070617	6.23	13.16	1.28
20070618	1.96	13.26	1.39
20070619	7.6	14.56	1.09
20070620	0.01	15.1	1.06
20070621	7.4	14.13	1.01
20070622	7.0	13.35	1.29
20070623	1.51	13.37	1.26
20070624	34.06	12.1	1.4
20070625	36.3	11.09	15.83
20070626	0.33	9.82	9.84
20070627	1.28	10.73	4.57
20070628	13.25	10.9	3.19
20070629	1.39	12.65	3.57
20070630	10.89	13.34	2.82
20070701	2.55	14.42	3.18
20070702	12.58	13.68	3.13
20070703	14.52	12.59	4.09
20070704	13.15	13.1	7.37
20070705	13.88	13.18	6.15
20070706	3.31	13.09	7.39
20070707	0.01	13.52	4.73
20070708	2.06	12.61	3.5
20070709	0.3	12.35	2.8
20070710	0.42	12.56	2.33
20070711	0.21	13.31	2.06
20070712	2.26	15.05	1.79
20070713	23.26	14.15	2.87
20070714	1.35	15.55	3.28
20070715	15.03	13.59	3.1
20070716	1.75	15.96	3.57
20070717	3.68	14.22	2.73
20070718	2.32	14.5	2.38
20070719	1.4	14.37	2.07
20070720	12.44	12.3	2.32
20070721	2.04	10.67	2.4
20070722	1.63	12.45	2.06
20070723	0.6	12.95	1.86
20070724	4.21	14.01	1.68
20070725	3.79	13.74	1.69
20070726	11.59	13.41	2.21
20070727	0.85	14.28	2.14
20070728	0.69	13.68	1.78
20070729	0.0	12.11	1.59
20070730	0.0	12.17	1.48
20070731	0.0	13.62	1.42
20070801	0.1	14.35	1.4
20070802	0.0	13.7	1.33
20070803	0.0	15.47	1.28
20070804	0.0	17.46	1.24
20070805	0.02	18.76	1.2
20070806	0.87	14.78	1.17
20070807	0.0	12.35	1.12
20070808	0.0	12.25	1.09
20070809	0.0	12.99	1.06
20070810	0.0	14.04	1.03
20070811	1.07	15.96	1.01
20070812	0.95	14.16	0.99
20070813	7.52	13.38	0.98
20070814	12.69	14.45	1.18
20070815	1.71	13.94	1.09
20070816	4.39	11.65	1.01
20070817	2.05	12.29	1.0
20070818	8.82	13.4	1.04
20070819	3.18	12.8	1.12
20070820	0.01	11.29	1.01
20070821	0.0	13.19	0.92
20070822	0.0	14.16	0.89
20070823	0.02	14.35	0.85
20070824	0.0	14.77	0.83
20070825	0.0	16.15	0.81
20070826	0.0	13.74	0.79
20070827	0.0	12.2	0.78
20070828	0.01	12.41	0.78
20070829	0.62	12.06	0.76
20070830	0.12	14.17	0.74
20070831	0.75	14.47	0.76
20070901	1.64	14.41	0.76
20070902	10.79	14.43	0.86
20070903	0.0	11.76	0.9
20070904	0.16	11.52	0.75
20070905	0.0	15.76	0.72
20070906	0.0	16.03	0.71
20070907	0.0	14.91	0.69
20070908	0.0	13.48	0.68
20070909	0.58	13.54	0.67
20070910	0.01	13.78	0.67
20070911	0.0	11.9	0.66
20070912	0.0	14.12	0.65
20070913	0.99	14.0	0.65
20070914	0.01	12.97	0.64
20070915	0.01	11.3	0.63
20070916	1.43	13.35	0.61
20070917	3.87	9.14	0.64
20070918	0.2	7.52	0.64
20070919	10.17	12.35	0.62
20070920	4.1	13.68	0.69
20070921	3.61	12.65	0.68
20070922	0.34	12.84	0.68
20070923	14.27	14.19	0.67
20070924	9.83	11.72	0.92
20070925	0.75	10.03	1.02
20070926	0.07	6.73	0.8
20070927	0.72	7.16	0.72
20070928	2.13	9.9	0.69
20070929	0.05	10.39	0.68
20070930	0.0	8.34	0.64
20071001	0.01	9.47	0.63
20071002	0.29	10.1	0.68
20071003	1.78	11.55	0.65
20071004	0.02	10.14	0.61
20071005	0.0	8.64	0.6
20071006	0.0	10.06	0.6
20071007	0.16	10.29	0.59
20071008	10.83	9.96	0.58
20071009	2.47	10.43	0.75
20071010	0.05	10.73	0.69
20071011	0.78	10.86	0.62
20071012	0.23	14.11	0.6
20071013	2.62	13.5	0.6
20071014	0.36	11.77	0.61
20071015	1.54	11.55	0.59
20071016	4.21	10.45	0.64
20071017	0.03	7.66	0.63
20071018	0.01	5.23	0.61
20071019	0.0	5.64	0.58
20071020	0.0	5.59	0.57
20071021	0.0	5.64	0.57
20071022	0.01	5.83	0.56
20071023	0.02	5.22	0.56
20071024	0.0	5.36	0.55
20071025	0.0	7.88	0.55
20071026	0.49	7.99	0.55
20071027	4.46	11.22	0.55
20071028	4.76	11.91	0.6
20071029	2.17	7.17	0.61
20071030	0.02	8.25	0.57
20071031	0.01	10.79	0.54
20071101	0.02	11.37	0.53
20071102	0.11	10.95	0.51
20071103	0.53	9.23	0.52
20071104	0.0	5.49	0.52
20071105	1.95	7.24	0.53
20071106	0.06	6.71	0.55
20071107	0.87	9.84	0.52
20071108	4.28	8.17	0.57
20071109	2.89	5.56	0.62
20071110	4.53	9.76	0.55
20071111	0.07	6.53	0.68
20071112	1.89	0.79	0.63
20071113	0.65	5.52	0.6
20071114	0.0	4.02	0.59
20071115	0.04	1.33	0.56
20071116	0.01	2.16	0.55
20071117	15.32	4.63	0.56
20071118	22.57	2.64	1.32
20071119	7.91	4.11	2.16
20071120	4.06	5.49	2.44
20071121	0.2	6.55	1.68
20071122	0.99	4.7	1.29
20071123	0.22	0.44	1.11
20071124	4.61	3.13	1.06
20071125	0.1	5.73	1.07
20071126	0.3	4.37	0.95
20071127	0.52	6.18	0.99
20071128	9.07	7.55	1.01
20071129	1.95	5.51	1.24
20071130	11.29	8.79	1.27
20071201	6.96	5.42	1.96
20071202	11.18	6.08	2.61
20071203	8.08	4.67	3.04
20071204	4.29	7.76	2.67
20071205	4.31	9.93	2.47
20071206	28.68	9.49	3.76
20071207	4.16	5.66	5.87
20071208	17.85	4.01	6.22
20071209	5.9	4.26	5.13
20071210	0.02	2.77	4.0
20071211	0.0	0.03	3.19
20071212	0.0	0.32	2.88
20071213	0.0	-0.39	2.59
20071214	0.01	-1.12	2.55
20071215	0.02	-1.09	2.43
20071216	0.0	-1.17	2.27
20071217	0.01	-0.13	2.15
20071218	0.01	2.12	2.07
20071219	0.02	1.57	1.99
20071220	0.0	-0.99	1.92
20071221	0.0	-1.4	1.57
20071222	2.54	0.53	1.33
20071223	0.07	-0.07	1.29
20071224	10.98	5.13	1.38
20071225	0.87	3.24	1.65
20071226	0.04	4.6	1.4
20071227	2.12	8.91	1.34
20071228	11.11	8.87	1.5
20071229	5.84	4.44	2.14
20071230	0.24	4.46	1.94
20071231	0.15	5.11	1.77
20080101	0.93	5.62	1.66
20080102	0.03	2.42	1.59
20080103	0.51	-0.68	1.51
20080104	8.68	2.38	1.65
20080105	0.04	4.09	1.77
20080106	11.4	3.08	1.62
20080107	4.8	4.31	2.25
20080108	7.36	5.07	2.58
20080109	11.77	3.18	2.7
20080110	6.46	6.48	4.21
20080111	11.64	1.88	5.32
20080112	4.17	2.31	4.89
20080113	5.92	7.52	4.73
20080114	15.66	5.84	4.31
20080115	19.17	5.84	9.58
20080116	2.17	2.91	9.49
20080117	12.7	4.37	6.67
20080118	17.92	8.3	7.58
20080119	17.68	8.28	10.34
20080120	15.72	9.14	11.25
20080121	7.4	6.58	12.6
20080122	1.09	2.49	8.58
20080123	2.73	9.15	6.22
20080124	0.76	5.73	4.99
20080125	0.02	6.92	4.0
20080126	0.0	7.45	3.32
20080127	0.0	6.84	2.91
20080128	0.0	4.61	2.55
20080129	2.61	6.51	2.37
20080130	7.3	3.31	2.23
20080131	6.4	3.92	2.47
20080201	2.33	2.05	2.61
20080202	1.0	0.99	2.23
20080203	3.23	3.93	2.2
20080204	12.22	3.5	2.38
20080205	7.15	6.35	3.61
20080206	0.16	4.37	3.57
20080207	0.03	6.83	2.82
20080208	0.02	6.89	2.48
20080209	0.0	5.45	2.24
20080210	0.0	3.11	2.07
20080211	0.0	2.65	1.94
20080212	0.0	3.38	1.84
20080213	0.0	2.69	1.73
20080214	0.01	2.22	1.66
20080215	0.0	2.07	1.59
20080216	0.01	-1.33	1.53
20080217	0.0	-2.32	1.47
20080218	0.0	-1.82	1.42
20080219	0.0	-2.55	1.4
20080220	0.77	-0.51	1.36
20080221	2.44	6.75	1.38
20080222	0.26	8.77	1.35
20080223	0.02	7.22	1.29
20080224	0.54	6.59	1.26
20080225	9.55	4.04	1.26
20080226	0.02	6.97	1.36
20080227	0.0	5.09	1.24
20080228	0.0	4.07	1.2
20080229	19.81	5.68	1.51
20080301	5.28	7.2	1.87
20080302	3.77	7.23	1.79
20080303	2.03	2.22	1.69
20080304	0.28	1.61	1.55
20080305	0.16	2.49	1.48
20080306	2.93	7.38	1.46
20080307	0.12	5.63	1.47
20080308	3.09	6.41	1.43
20080309	9.39	4.11	1.44
20080310	10.04	3.87	2.01
20080311	10.39	5.61	2.39
20080312	3.63	4.9	4.01
20080313	0.84	5.19	3.17
20080314	0.21	5.71	2.5
20080315	14.84	7.03	2.6
20080316	0.34	4.91	4.21
20080317	0.0	2.87	2.7
20080318	0.0	2.5	2.27
20080319	0.68	2.61	2.01
20080320	9.95	5.39	2.37
20080321	1.16	3.36	3.03
20080322	4.41	1.2	2.27
20080323	0.44	0.67	2.02
20080324	0.11	0.83	1.85
20080325	3.25	1.58	1.75
20080326	1.6	3.38	1.79
20080327	7.17	3.9	1.71
20080328	10.68	4.87	3.44
20080329	12.75	5.63	4.94
20080330	0.07	6.76	4.55
20080331	4.85	6.48	3.13
20080401	0.94	8.37	2.85
20080402	0.0	8.27	2.39
20080403	0.0	9.31	2.01
20080404	2.89	8.65	1.86
20080405	2.77	3.68	1.86
20080406	2.62	0.19	1.77
20080407	3.09	2.0	1.69
20080408	1.21	2.37	1.66
20080409	0.62	3.6	1.69
20080410	3.34	4.64	1.62
20080411	8.8	4.0	1.73
20080412	3.56	4.55	2.24
20080413	0.28	4.14	2.38
20080414	0.79	3.72	1.86
20080415	4.93	2.84	1.68
20080416	4.55	3.13	1.66
20080417	0.45	3.53	1.8
20080418	0.03	4.89	1.92
20080419	0.07	5.27	1.61
20080420	0.82	5.77	1.44
20080421	0.0	7.25	1.39
20080422	0.21	8.15	1.31
20080423	6.15	8.47	1.26
20080424	3.11	7.95	1.41
20080425	0.67	9.26	1.31
20080426	2.48	11.77	1.24
20080427	6.0	10.73	1.41
20080428	1.57	7.53	1.42
20080429	13.07	6.62	1.62
20080430	3.59	6.56	2.79
20080501	0.17	7.73	2.01
20080502	0.13	8.41	1.63
20080503	0.2	11.56	1.46
20080504	5.33	13.23	1.42
20080505	0.07	12.82	1.4
20080506	0.0	13.02	1.31
20080507	0.0	13.93	1.25
20080508	0.0	14.19	1.19
20080509	0.04	14.59	1.15
20080510	0.0	15.61	1.1
20080511	0.0	15.49	1.07
20080512	0.0	13.04	1.03
20080513	0.0	10.83	1.01
20080514	0.0	9.71	1.0
20080515	0.0	9.17	0.99
20080516	1.94	8.82	0.97
20080517	0.27	8.58	0.95
20080518	0.0	7.61	0.93
20080519	0.0	7.03	0.9
20080520	0.0	7.87	0.88
20080521	0.0	9.51	0.86
20080522	0.0	11.42	0.86
20080523	1.0	11.83	0.86
20080524	0.01	10.89	0.83
20080525	0.43	10.38	0.8
20080526	17.65	10.32	0.89
20080527	10.51	9.78	1.17
20080528	11.32	11.67	1.56
20080529	3.09	13.15	1.23
20080530	0.05	12.9	1.03
20080531	1.28	13.87	0.95
20080601	3.99	11.6	0.98
20080602	13.74	13.39	0.98
20080603	3.97	12.12	1.95
20080604	0.01	12.73	1.26
20080605	0.0	12.99	1.03
20080606	0.04	11.8	0.96
20080607	0.03	12.24	0.92
20080608	0.0	14.88	0.87
20080609	0.0	16.18	0.83
20080610	0.05	14.36	0.8
20080611	0.79	12.17	0.78
20080612	0.05	10.08	0.78
20080613	0.23	9.54	0.76
20080614	0.45	10.45	0.75
20080615	0.04	9.8	0.76
20080616	0.0	10.59	0.73
20080617	2.89	11.39	0.71
20080618	5.5	12.21	0.74
20080619	0.22	12.72	0.74
20080620	0.31	12.18	0.71
20080621	6.02	10.82	0.73
20080622	1.21	13.87	0.72
20080623	0.0	12.27	0.69
20080624	0.21	12.89	0.66
20080625	0.56	14.06	0.65
20080626	19.59	12.17	0.77
20080627	1.34	13.12	0.94
20080628	0.38	14.84	0.74
20080629	3.37	13.3	0.75
20080630	0.0	13.79	0.73
20080701	6.07	16.72	0.71
20080702	2.95	13.8	0.72
20080703	0.3	13.09	0.67
20080704	6.11	13.62	0.64
20080705	8.0	13.71	0.72
20080706	7.03	12.81	0.85
20080707	6.57	12.21	0.83
20080708	0.42	12.05	0.78
20080709	10.63	12.8	0.76
20080710	5.86	14.06	0.96
20080711	8.14	11.92	0.93
20080712	0.63	11.13	1.0
20080713	0.0	13.1	0.88
20080714	0.03	14.82	0.8
20080715	0.09	16.79	0.72
20080716	5.38	13.05	0.7
20080717	4.29	12.43	0.77
20080718	15.13	13.88	0.88
20080719	3.33	13.35	1.87
20080720	0.04	11.49	1.18
20080721	0.02	12.47	0.95
20080722	0.0	15.33	0.86
20080723	0.0	17.43	0.8
20080724	0.0	16.82	0.77
20080725	0.16	17.91	0.74
20080726	0.0	17.67	0.72
20080727	1.32	18.34	0.69
20080728	10.38	18.3	0.74
20080729	1.33	16.95	0.81
20080730	0.14	17.17	0.72
20080731	10.24	17.38	0.73
20080801	1.59	15.85	0.86
20080802	0.07	15.47	0.72
20080803	1.0	14.8	0.69
20080804	1.18	14.31	0.66
20080805	4.81	14.14	0.71
20080806	1.18	17.37	0.71
20080807	1.64	15.62	0.64
20080808	0.03	13.44	0.62
20080809	12.89	13.41	0.75
20080810	0.39	15.04	0.8
20080811	14.31	14.13	0.68
20080812	3.94	12.64	1.02
20080813	4.96	12.22	0.84
20080814	0.96	12.65	0.81
20080815	0.0	13.19	0.75
20080816	25.9	13.71	0.86
20080817	4.22	13.52	1.91
20080818	11.58	13.77	1.42
20080819	3.58	14.35	1.85
20080820	3.56	14.16	1.57
20080821	5.78	14.37	1.64
20080822	0.62	12.12	1.5
20080823	5.67	12.97	1.33
20080824	0.13	14.22	1.34
20080825	0.01	15.1	1.18
20080826	0.0	15.45	1.09
20080827	0.09	15.39	1.03
20080828	0.61	16.25	0.97
20080829	0.03	17.23	0.94
20080830	0.0	17.56	0.91
20080831	6.34	14.44	0.95
20080901	1.49	13.08	0.92
20080902	3.25	11.74	0.89
20080903	9.72	10.87	0.96
20080904	13.65	10.68	1.18
20080905	50.24	11.08	5.91
20080906	5.89	12.73	8.11
20080907	9.3	12.84	5.58
20080908	3.87	12.65	4.38
20080909	6.21	12.39	3.91
20080910	2.46	13.66	3.47
20080911	0.15	14.36	2.97
20080912	3.53	11.97	2.53
20080913	0.08	13.07	2.35
20080914	0.0	11.8	1.98
20080915	0.03	11.63	1.79
20080916	0.26	10.71	1.7
20080917	0.0	10.98	1.86
20080918	0.0	11.29	1.9
20080919	0.0	12.62	1.83
20080920	0.0	12.5	1.75
20080921	0.16	11.42	1.71
20080922	1.33	11.36	1.46
20080923	0.01	10.02	1.2
20080924	0.11	11.69	1.15
20080925	0.01	11.93	1.09
20080926	0.02	10.48	1.05
20080927	0.39	10.26	1.03
20080928	0.03	9.3	1.03
20080929	10.02	9.51	1.02
20080930	23.55	10.42	1.43
20081001	23.35	8.91	3.96
20081002	1.6	6.57	4.61
20081003	0.22	5.37	3.12
20081004	29.87	7.72	3.03
20081005	0.49	7.54	8.52
20081006	1.53	7.33	4.01
20081007	9.12	12.41	3.5
20081008	0.07	9.33	3.2
20081009	0.02	9.51	2.38
20081010	0.09	12.52	2.03
20081011	1.53	11.88	1.83
20081012	0.01	12.17	1.7
20081013	0.42	12.2	1.59
20081014	11.53	10.74	1.64
20081015	4.39	9.62	2.13
20081016	1.45	7.47	1.98
20081017	0.49	7.42	1.71
20081018	0.66	9.08	1.51
20081019	2.18	10.23	1.4
20081020	5.32	10.83	1.42
20081021	3.32	6.49	1.77
20081022	0.2	6.85	1.64
20081023	4.25	10.26	1.56
20081024	0.03	8.04	1.49
20081025	27.69	8.28	1.4
20081026	4.2	9.26	6.77
20081027	0.78	4.11	3.77
20081028	0.05	0.98	2.69
20081029	0.29	0.38	2.2
20081030	3.56	1.95	2.08
20081031	0.18	2.34	2.02
20081101	7.16	3.7	2.0
20081102	4.11	5.98	2.45
20081103	1.36	7.0	2.27
20081104	1.96	7.6	2.15
20081105	0.57	7.38	2.08
20081106	4.5	7.17	1.99
20081107	3.19	7.22	2.09
20081108	4.38	7.97	2.13
20081109	16.01	5.29	3.24
20081110	5.0	4.87	3.56
20081111	6.5	6.07	3.35
20081112	0.18	5.61	3.66
20081113	3.21	7.01	2.83
20081114	3.29	10.04	2.87
20081115	2.52	9.51	3.31
20081116	0.46	6.31	2.68
20081117	4.65	4.31	2.42
20081118	0.18	7.25	2.5
20081119	1.42	7.87	2.28
20081120	0.81	8.74	2.25
20081121	1.04	4.74	2.1
20081122	6.8	0.82	1.98
20081123	3.16	1.29	2.35
20081124	0.66	2.61	2.16
20081125	0.39	1.6	2.01
20081126	0.27	6.45	1.96
20081127	1.39	6.09	1.93
20081128	0.07	0.74	1.87
20081129	0.03	-1.5	1.8
20081130	0.02	-1.12	1.76
20081201	1.73	-0.78	1.68
20081202	2.07	-0.28	1.66
20081203	12.94	-0.75	1.48
20081204	9.16	1.85	2.81
20081205	1.2	2.06	2.45
20081206	0.0	1.23	2.15
20081207	0.08	-0.11	1.88
20081208	7.53	2.7	2.03
20081209	0.07	0.75	1.98
20081210	0.27	0.51	1.76
20081211	0.21	-0.21	1.66
20081212	19.51	1.24	1.75
20081213	10.15	3.49	5.5
20081214	0.03	1.05	4.15
20081215	0.02	0.7	3.13
20081216	2.59	3.09	2.69
20081217	2.19	3.75	2.59
20081218	3.86	7.47	2.57
20081219	6.73	4.77	2.73
20081220	6.31	7.82	3.41
20081221	4.75	9.14	3.63
20081222	0.05	8.43	3.59
20081223	0.0	5.9	2.7
20081224	0.0	4.79	2.35
20081225	0.01	4.04	2.12
20081226	0.0	1.44	1.93
20081227	0.0	-0.27	1.79
20081228	0.0	0.79	1.65
20081229	0.0	-0.36	1.56
20081230	0.0	-2.61	1.5
20081231	0.0	-4.2	1.43
20090101	0.06	-2.87	1.38
20090102	0.06	-0.43	1.33
20090103	0.0	-2.42	1.27
20090104	2.26	-2.26	1.21
20090105	0.15	-1.04	1.2
20090106	0.13	-4.17	1.16
20090107	0.72	-0.29	1.15
20090108	0.05	0.92	1.13
20090109	0.02	-0.96	1.11
20090110	0.14	-1.98	1.08
20090111	5.68	5.37	1.07
20090112	9.88	7.37	1.68
20090113	0.51	4.07	1.48
20090114	0.31	0.39	1.25
20090115	1.32	4.59	1.21
20090116	5.75	5.3	1.18
20090117	7.21	5.73	1.49
20090118	5.78	2.81	1.71
20090119	4.95	1.72	2.1
20090120	0.62	1.77	1.85
20090121	17.92	1.7	2.01
20090122	3.53	4.54	4.54
20090123	1.24	2.07	3.66
20090124	5.25	1.01	2.94
20090125	0.04	4.06	2.94
20090126	0.01	3.02	2.37
20090127	7.12	2.37	2.09
20090128	0.18	3.99	2.46
20090129	0.1	2.25	2.1
20090130	0.02	1.85	1.88
20090131	0.01	1.75	1.76
20090201	0.99	-0.73	1.65
20090202	11.8	-1.99	1.64
20090203	0.3	-1.27	1.58
20090204	2.06	-1.64	1.53
20090205	0.51	-1.86	1.47
20090206	0.12	-1.62	1.4
20090207	0.1	-1.16	1.33
20090208	4.45	-2.01	1.29
20090209	6.33	-0.11	1.59
20090210	2.19	0.72	1.98
20090211	0.77	-0.04	1.95
20090212	2.79	-1.28	1.93
20090213	0.01	1.51	2.22
20090214	0.14	0.92	2.14
20090215	0.18	4.54	2.97
20090216	0.01	5.76	3.26
20090217	0.32	7.02	2.61
20090218	0.02	6.2	2.33
20090219	0.33	5.35	1.95
20090220	0.68	3.84	1.56
20090221	0.59	5.49	1.48
20090222	1.43	6.71	1.42
20090223	0.05	6.84	1.39
20090224	0.04	6.78	1.35
20090225	0.33	6.36	1.33
20090226	3.91	5.53	1.29
20090227	0.54	7.52	1.39
20090228	0.1	5.69	1.26
20090301	0.08	4.75	1.23
20090302	0.8	4.38	1.18
20090303	18.73	5.08	2.05
20090304	0.29	1.23	2.0
20090305	0.07	0.29	1.57
20090306	0.3	2.56	1.43
20090307	2.89	6.64	1.39
20090308	5.54	3.58	1.5
20090309	11.04	4.51	1.46
20090310	0.16	4.96	1.93
20090311	1.96	5.23	1.65
20090312	0.06	8.05	1.58
20090313	1.21	6.15	1.5
20090314	0.02	7.43	1.44
20090315	0.0	7.04	1.39
20090316	0.0	7.01	1.31
20090317	0.0	6.05	1.26
20090318	0.0	5.67	1.24
20090319	0.0	5.03	1.21
20090320	0.0	5.38	1.19
20090321	0.0	5.71	1.14
20090322	0.31	6.85	1.13
20090323	0.95	6.45	1.12
20090324	14.79	4.69	1.11
20090325	6.43	6.74	2.01
20090326	2.65	6.23	1.72
20090327	3.08	4.41	1.49
20090328	0.84	3.42	1.42
20090329	0.1	2.27	1.28
20090330	0.02	5.99	1.23
20090331	0.0	8.37	1.16
20090401	0.0	8.25	1.05
20090402	0.0	6.53	1.07
20090403	0.25	5.88	1.04
20090404	0.0	7.53	1.0
20090405	0.01	6.2	0.98
20090406	0.63	7.82	0.96
20090407	4.52	8.02	0.97
20090408	1.37	8.01	1.0
20090409	2.77	9.41	1.0
20090410	3.73	9.03	1.03
20090411	0.05	7.29	1.06
20090412	0.0	6.86	1.0
20090413	0.0	7.9	0.91
20090414	1.12	8.58	0.9
20090415	0.25	9.08	0.88
20090416	1.25	8.06	0.88
20090417	0.16	7.46	0.87
20090418	0.0	6.39	0.82
20090419	0.0	6.92	0.78
20090420	0.0	8.49	0.77
20090421	0.0	8.52	0.76
20090422	0.0	8.81	0.75
20090423	0.0	10.65	0.75
20090424	0.0	11.38	0.75
20090425	0.14	9.24	0.78
20090426	5.04	8.03	0.75
20090427	12.44	6.08	0.88
20090428	6.05	6.15	1.05
20090429	0.09	8.65	1.03
20090430	1.93	10.11	0.86
20090501	0.91	10.83	0.8
20090502	1.92	9.41	0.78
20090503	1.48	7.9	0.77
20090504	9.39	7.4	0.76
20090505	9.65	10.77	1.02
20090506	2.67	11.38	1.38
20090507	0.83	10.0	1.05
20090508	2.27	8.46	0.89
20090509	0.39	8.49	0.83
20090510	0.01	8.84	0.8
20090511	0.01	7.59	0.75
20090512	0.0	8.23	0.75
20090513	1.98	8.92	0.76
20090514	15.41	9.83	0.82
20090515	5.3	9.32	1.57
20090516	3.63	8.93	1.23
20090517	7.78	8.0	1.29
20090518	6.79	9.76	1.48
20090519	5.26	9.63	1.53
20090520	11.83	10.2	1.69
20090521	2.32	10.25	2.02
20090522	1.56	10.38	1.59
20090523	0.01	12.44	1.42
20090524	0.0	11.97	1.26
20090525	3.88	12.61	1.18
20090526	1.41	10.3	1.14
20090527	3.64	10.8	1.12
20090528	0.04	14.56	1.09
20090529	0.0	15.57	0.99
20090530	0.0	13.75	0.94
20090531	0.0	14.22	0.88
20090601	0.0	15.39	0.86
20090602	0.0	15.46	0.84
20090603	0.0	11.42	0.81
20090604	0.0	9.34	0.78
20090605	21.87	8.42	0.82
20090606	5.41	8.19	1.33
20090607	14.63	8.92	1.83
20090608	0.11	9.77	1.41
20090609	0.13	9.95	1.09
20090610	13.36	10.42	1.27
20090611	0.01	10.45	1.2
20090612	0.0	11.1	0.99
20090613	0.0	14.75	0.92
20090614	3.98	14.1	0.86
20090615	10.33	12.5	1.24
20090616	0.01	13.64	1.12
20090617	6.11	12.48	1.02
20090618	1.49	11.39	0.96
20090619	1.58	11.59	0.89
20090620	0.69	11.79	0.87
20090621	0.08	12.87	0.83
20090622	0.39	15.33	0.79
20090623	1.47	16.81	0.79
20090624	0.03	14.8	0.75
20090625	0.03	15.2	0.74
20090626	2.11	14.85	0.73
20090627	0.03	15.84	0.75
20090628	0.84	16.95	0.77
20090629	0.78	18.43	0.69
20090630	1.6	19.01	0.67
20090701	0.0	20.73	0.66
20090702	0.97	20.33	0.64
20090703	12.65	16.5	0.83
20090704	1.93	16.47	0.73
20090705	0.46	16.07	0.68
20090706	12.62	13.8	0.76
20090707	17.43	13.22	1.11
20090708	0.12	12.95	1.33
20090709	0.25	12.14	0.93
20090710	0.01	12.61	0.82
20090711	9.99	14.58	0.81
20090712	0.12	15.03	0.87
20090713	4.06	14.45	0.79
20090714	8.91	14.3	0.78
20090715	2.29	15.1	0.95
20090716	10.04	14.4	0.86
20090717	13.53	12.8	1.14
20090718	1.83	13.69	1.51
20090719	8.16	12.91	1.34
20090720	1.3	13.56	1.26
20090721	6.36	13.37	1.2
20090722	3.18	14.48	1.18
20090723	1.15	14.52	1.13
20090724	2.77	13.27	1.04
20090725	0.95	14.27	0.97
20090726	8.98	13.16	1.02
20090727	3.24	13.5	1.2
20090728	3.41	13.46	1.06
20090729	23.74	13.21	1.79
20090730	2.6	12.38	2.61
20090731	3.12	13.13	1.92
20090801	5.29	13.58	1.92
20090802	0.02	13.3	1.65
20090803	0.81	14.96	1.46
20090804	3.35	16.63	1.34
20090805	0.08	16.95	1.29
20090806	11.94	15.1	1.28
20090807	0.02	14.92	1.54
20090808	0.0	14.4	1.18
20090809	0.91	15.61	1.09
20090810	1.93	15.34	1.07
20090811	4.74	16.0	1.02
20090812	0.19	15.59	1.05
20090813	0.0	14.26	0.98
20090814	0.16	14.91	0.93
20090815	1.28	16.97	0.89
20090816	0.54	14.76	0.86
20090817	0.0	14.97	0.84
20090818	0.01	15.24	0.81
20090819	0.0	18.34	0.8
20090820	2.13	16.26	0.81
20090821	2.77	12.5	0.8
20090822	0.27	13.69	0.77
20090823	0.51	17.0	0.75
20090824	5.31	14.48	0.77
20090825	3.84	12.73	0.77
20090826	5.56	14.0	0.82
20090827	0.51	15.28	0.77
20090828	8.08	11.81	0.78
20090829	0.35	11.89	0.79
20090830	4.32	13.13	0.75
20090831	0.72	17.26	0.79
20090901	9.39	12.91	0.89
20090902	25.04	12.28	1.02
20090903	6.9	11.86	2.52
20090904	3.68	11.38	1.91
20090905	0.01	11.68	1.68
20090906	2.22	12.55	1.38
20090907	0.05	15.21	1.23
20090908	1.87	16.71	1.07
20090909	0.0	12.22	1.01
20090910	0.0	11.13	0.95
20090911	0.0	11.78	0.91
20090912	0.0	12.74	0.89
20090913	0.0	11.35	0.88
20090914	0.0	11.34	0.84
20090915	0.0	12.11	0.81
20090916	0.0	10.96	0.79
20090917	0.0	10.37	0.78
20090918	0.0	11.82	0.79
20090919	0.0	12.9	0.78
20090920	0.0	11.38	0.75
20090921	0.08	11.71	0.74
20090922	0.2	13.81	0.75
20090923	0.0	12.03	0.74
20090924	0.01	10.87	0.72
20090925	0.0	11.06	0.7
20090926	0.03	11.56	0.67
20090927	0.0	12.05	0.67
20090928	0.81	13.46	0.65
20090929	0.81	13.78	0.65
20090930	1.77	13.81	0.67
20091001	0.01	10.11	0.66
20091002	1.11	10.41	0.64
20091003	1.12	11.4	0.64
20091004	0.3	8.59	0.63
20091005	4.3	8.11	0.62
20091006	16.66	12.17	0.9
20091007	0.01	7.31	0.93
20091008	0.0	6.67	0.67
20091009	4.19	7.31	0.66
20091010	0.05	10.68	0.65
20091011	0.96	10.56	0.63
20091012	0.01	7.64	0.62
20091013	0.29	7.94	0.58
20091014	1.32	10.7	0.59
20091015	1.2	10.63	0.61
20091016	0.01	9.13	0.6
20091017	0.0	6.86	0.58
20091018	0.06	6.66	0.58
20091019	0.0	8.3	0.59
20091020	6.1	7.4	0.6
20091021	0.05	9.78	0.62
20091022	4.09	9.74	0.62
20091023	2.11	9.94	0.63
20091024	5.33	11.68	0.66
20091025	3.51	11.07	0.67
20091026	1.09	10.42	0.68
20091027	0.1	11.39	0.64
20091028	0.01	11.65	0.63
20091029	0.0	10.43	0.59
20091030	3.08	10.94	0.59
20091031	14.54	11.57	0.6
20091101	11.45	9.75	2.1
20091102	6.52	6.74	1.28
20091103	6.28	7.32	1.27
20091104	3.29	5.95	1.33
20091105	4.02	6.36	1.33
20091106	6.45	5.9	1.29
20091107	0.74	4.65	1.4
20091108	1.35	4.91	1.32
20091109	0.89	3.12	1.2
20091110	1.63	4.16	1.11
20091111	2.11	4.82	1.07
20091112	9.45	7.79	1.29
20091113	15.15	7.75	2.24
20091114	4.96	8.72	2.92
20091115	10.35	6.65	2.3
20091116	1.22	7.75	2.96
20091117	15.57	7.75	2.27
20091118	3.28	9.3	3.79
20091119	3.34	11.52	2.99
20091120	1.14	9.69	2.53
20091121	10.08	8.69	2.61
20091122	11.62	7.07	2.87
20091123	15.43	7.6	5.36
20091124	9.13	9.38	4.7
20091125	3.51	6.87	4.53
20091126	0.95	4.92	3.51
20091127	8.34	3.75	3.01
20091128	12.18	2.09	3.2
20091129	8.76	3.94	7.03
20091130	0.01	2.37	5.65
20091201	6.14	0.03	4.0
20091202	2.4	4.43	3.69
20091203	3.42	3.74	3.44
20091204	6.16	2.75	2.97
20091205	19.44	6.21	3.58
20091206	0.77	7.31	7.29
20091207	4.63	5.7	4.78
20091208	1.9	5.39	3.93
20091209	4.52	7.09	3.53
20091210	0.06	4.56	3.36
20091211	0.08	0.7	3.09
20091212	0.19	2.72	2.94
20091213	1.21	2.28	2.79
20091214	6.17	2.5	2.7
20091215	0.61	2.07	2.76
20091216	4.86	2.32	2.69
20091217	0.49	0.09	2.66
20091218	0.11	-2.78	2.48
20091219	2.82	-3.53	2.42
20091220	7.4	-2.62	2.38
20091221	0.65	-1.84	2.02
20091222	2.23	-2.45	1.59
20091223	5.19	-2.52	1.54
20091224	0.73	-1.12	1.51
20091225	3.45	-0.83	1.46
20091226	2.75	2.37	1.77
20091227	2.63	1.87	2.44
20091228	0.18	-1.8	2.29
20091229	12.7	0.2	2.3
20091230	2.97	1.09	3.2
20091231	0.01	-0.06	2.55
20100101	0.38	-2.22	2.18
20100102	7.75	-0.87	2.02
20100103	0.18	-3.11	1.83
20100104	3.21	-4.51	1.7
20100105	6.31	-2.07	1.69
20100106	0.41	-2.81	1.56
20100107	0.01	-6.15	1.45
20100108	1.16	-5.41	1.38
20100109	0.13	-3.81	1.34
20100110	5.78	-0.11	1.33
20100111	0.91	-0.53	1.34
20100112	0.58	-0.67	1.3
20100113	2.63	-1.47	1.29
20100114	1.59	-1.08	1.26
20100115	15.76	1.15	1.95
20100116	3.2	3.15	6.26
20100117	0.02	3.13	4.46
20100118	1.31	4.17	4.0
20100119	0.06	2.23	3.78
20100120	0.06	1.39	3.79
20100121	7.21	1.22	3.01
20100122	11.61	4.31	5.86
20100123	0.28	2.28	4.59
20100124	2.67	1.67	3.44
20100125	0.08	1.05	3.04
20100126	0.03	-0.04	2.52
20100127	1.23	2.87	2.43
20100128	5.57	3.49	2.66
20100129	0.04	1.0	3.29
20100130	0.01	-1.66	2.23
20100131	0.01	-1.49	1.93
20100201	6.32	-0.0	1.79
20100202	9.04	2.52	3.27
20100203	6.48	-0.92	2.88
20100204	3.68	2.87	2.72
20100205	0.32	3.82	3.49
20100206	0.13	1.29	2.81
20100207	0.47	1.5	2.43
20100208	0.49	0.37	2.21
20100209	0.39	0.63	2.03
20100210	0.43	-0.65	1.85
20100211	0.75	-1.01	1.7
20100212	0.97	1.34	1.66
20100213	0.52	0.91	1.59
20100214	0.25	1.05	1.54
20100215	8.26	1.29	1.57
20100216	0.33	0.89	1.75
20100217	1.83	-0.59	1.52
20100218	2.89	-0.34	1.47
20100219	0.61	-0.37	1.45
20100220	5.84	-1.07	1.39
20100221	2.17	-0.89	1.4
20100222	0.08	-0.82	1.36
20100223	3.69	-0.58	1.36
20100224	0.95	2.89	1.48
20100225	11.5	3.92	1.89
20100226	6.27	2.55	3.55
20100227	3.6	1.85	3.23
20100228	0.15	1.99	3.0
20100301	0.1	1.47	2.38
20100302	0.06	0.75	2.12
20100303	0.01	0.6	1.93
20100304	0.0	0.52	1.78
20100305	0.08	1.48	1.66
20100306	0.09	2.28	1.59
20100307	0.01	-1.8	1.5
20100308	0.0	-0.61	1.42
20100309	0.01	2.79	1.38
20100310	0.01	2.21	1.38
20100311	1.29	1.1	1.31
20100312	0.93	3.94	1.31
20100313	0.02	3.86	1.29
20100314	0.0	5.6	1.31
20100315	0.0	5.29	1.39
20100316	0.02	4.69	1.24
20100317	0.0	7.21	1.16
20100318	0.2	9.33	1.18
20100319	7.95	8.14	1.2
20100320	5.31	7.07	1.59
20100321	0.02	5.57	1.49
20100322	1.36	6.62	1.16
20100323	7.36	5.32	1.14
20100324	9.98	8.78	1.33
20100325	8.59	9.25	2.23
20100326	1.08	7.23	2.51
20100327	0.06	6.56	1.8
20100328	2.14	6.06	1.5
20100329	9.81	5.4	1.81
20100330	15.63	6.25	3.02
20100331	6.44	1.98	3.79
20100401	2.92	2.83	3.5
20100402	6.2	3.9	3.97
20100403	0.38	4.53	3.64
20100404	2.71	4.46	2.74
20100405	0.04	6.94	2.43
20100406	2.2	8.78	2.1
20100407	0.39	6.69	1.9
20100408	0.01	7.05	1.7
20100409	0.0	8.63	1.54
20100410	0.0	9.39	1.46
20100411	0.0	7.4	1.39
20100412	0.0	6.16	1.33
20100413	0.0	5.66	1.28
20100414	0.0	6.12	1.26
20100415	0.0	4.97	1.23
20100416	0.0	6.57	1.19
20100417	0.0	7.89	1.17
20100418	1.67	7.13	1.14
20100419	0.05	5.95	1.12
20100420	0.0	5.27	1.09
20100421	0.0	4.12	1.06
20100422	0.0	5.41	1.04
20100423	0.0	7.8	1.01
20100424	0.48	10.38	0.98
20100425	2.68	10.62	1.0
20100426	0.16	10.71	0.98
20100427	0.0	11.2	0.95
20100428	0.0	13.35	0.94
20100429	4.95	10.71	0.95
20100430	5.03	8.52	1.01
20100501	0.21	7.81	0.97
20100502	0.11	5.34	0.9
20100503	0.77	4.72	0.88
20100504	0.01	6.19	0.86
20100505	0.34	8.99	0.84
20100506	2.07	7.98	0.86
20100507	1.94	6.66	0.88
20100508	0.13	6.21	0.85
20100509	0.01	6.39	0.83
20100510	0.47	4.87	0.81
20100511	0.88	4.37	0.81
20100512	0.35	4.42	0.79
20100513	0.01	5.82	0.77
20100514	0.0	7.41	0.76
20100515	0.13	8.67	0.74
20100516	0.04	8.71	0.73
20100517	0.02	9.04	0.73
20100518	0.04	10.2	0.74
20100519	0.0	12.46	0.72
20100520	0.0	15.51	0.73
20100521	0.0	16.21	0.71
20100522	0.0	16.83	0.69
20100523	0.0	18.09	0.68
20100524	0.0	15.11	0.68
20100525	0.0	10.37	0.67
20100526	1.47	8.66	0.68
20100527	2.49	8.33	0.67
20100528	0.85	9.76	0.68
20100529	10.18	9.32	0.72
20100530	0.01	10.56	0.78
20100531	0.02	10.88	0.68
20100601	0.86	10.1	0.68
20100602	0.0	12.73	0.66
20100603	0.0	14.69	0.63
20100604	0.66	15.57	0.67
20100605	10.02	16.73	0.68
20100606	0.75	13.46	0.86
20100607	6.12	12.67	0.7
20100608	4.58	12.2	0.8
20100609	3.77	12.4	0.76
20100610	0.22	11.33	0.71
20100611	0.01	11.98	0.66
20100612	0.98	12.19	0.62
20100613	21.99	11.71	0.98
20100614	0.13	10.99	1.05
20100615	0.0	10.65	0.73
20100616	0.0	12.25	0.67
20100617	0.0	13.53	0.64
20100618	0.19	12.25	0.62
20100619	0.02	9.46	0.61
20100620	0.0	11.4	0.58
20100621	0.01	14.97	0.57
20100622	0.0	16.35	0.55
20100623	0.0	15.88	0.54
20100624	0.0	15.78	0.54
20100625	0.0	15.32	0.53
20100626	0.16	17.44	0.52
20100627	0.0	17.88	0.51
20100628	3.07	16.83	0.51
20100629	0.02	16.89	0.51
20100630	0.0	16.78	0.51
20100701	3.33	17.32	0.51
20100702	0.01	16.94	0.51
20100703	0.0	15.58	0.49
20100704	0.0	15.12	0.48
20100705	0.0	14.04	0.48
20100706	0.0	14.24	0.48
20100707	3.79	16.58	0.49
20100708	0.96	16.08	0.51
20100709	0.0	17.66	0.5
20100710	0.0	19.23	0.48
20100711	2.0	16.07	0.48
20100712	3.77	13.02	0.5
20100713	7.05	12.64	0.52
20100714	13.51	15.34	0.62
20100715	7.01	14.8	0.76
20100716	7.13	13.98	0.64
20100717	4.25	12.94	0.65
20100718	0.42	15.23	0.6
20100719	10.95	17.77	0.56
20100720	5.45	17.07	0.72
20100721	0.46	15.76	0.69
20100722	2.84	12.82	0.58
20100723	0.01	13.13	0.55
20100724	0.18	14.4	0.53
20100725	1.72	16.38	0.52
20100726	1.74	16.33	0.52
20100727	0.13	16.69	0.52
20100728	0.31	13.93	0.49
20100729	0.01	14.02	0.48
20100730	8.38	14.26	0.5
20100731	0.89	15.01	0.56
20100801	0.03	14.81	0.52
20100802	0.01	14.09	0.5
20100803	8.38	14.09	0.5
20100804	1.01	12.99	0.54
20100805	0.35	12.95	0.5
20100806	1.69	13.88	0.48
20100807	0.72	15.03	0.49
20100808	0.01	14.63	0.47
20100809	0.78	14.71	0.46
20100810	0.0	13.62	0.45
20100811	1.37	13.44	0.44
20100812	5.25	13.07	0.48
20100813	6.17	12.32	0.47
20100814	1.29	13.51	0.52
20100815	0.01	14.99	0.51
20100816	3.41	14.22	0.46
20100817	0.52	14.59	0.48
20100818	2.06	12.73	0.48
20100819	7.09	13.55	0.47
20100820	3.17	17.16	0.5
20100821	1.0	16.18	0.49
20100822	3.4	15.34	0.47
20100823	4.37	12.82	0.48
20100824	3.15	12.09	0.52
20100825	4.12	11.82	0.53
20100826	0.44	11.82	0.52
20100827	1.08	11.55	0.47
20100828	7.92	12.09	0.44
20100829	1.82	11.75	0.62
20100830	0.0	10.44	0.54
20100831	0.0	10.99	0.49
20100901	0.0	12.37	0.47
20100902	0.0	13.13	0.46
20100903	0.0	12.99	0.46
20100904	0.0	13.02	0.44
20100905	0.0	14.06	0.43
20100906	24.91	14.05	0.55
20100907	3.45	13.05	0.9
20100908	0.61	12.66	0.64
20100909	5.01	13.61	0.54
20100910	10.85	15.22	0.6
20100911	3.77	15.28	0.85
20100912	0.4	12.37	0.79
20100913	9.44	13.61	0.66
20100914	3.98	14.16	0.86
20100915	5.14	10.89	0.89
20100916	0.84	10.8	0.9
20100917	0.0	8.82	0.73
20100918	5.91	9.35	0.66
20100919	4.45	12.48	0.81
20100920	1.27	13.98	0.82
20100921	0.02	13.6	0.73
20100922	4.58	14.05	0.67
20100923	7.96	13.4	0.76
20100924	0.01	8.8	0.88
20100925	0.0	6.87	0.71
20100926	0.68	8.18	0.66
20100927	1.01	10.55	0.63
20100928	1.99	12.15	0.62
20100929	5.67	11.95	0.65
20100930	3.73	9.71	0.68
20101001	23.45	11.21	1.7
20101002	13.33	9.92	1.34
20101003	15.0	10.69	3.35
20101004	0.45	10.69	2.09
20101005	3.79	12.24	1.47
20101006	0.1	11.19	1.28
20101007	0.56	10.59	1.08
20101008	0.36	13.6	0.98
20101009	0.02	12.11	0.92
20101010	0.0	11.82	0.86
20101011	0.0	9.02	0.81
20101012	0.0	7.35	0.76
20101013	0.0	6.62	0.75
20101014	0.18	7.47	0.74
20101015	1.92	8.48	0.71
20101016	0.36	6.68	0.7
20101017	0.62	5.76	0.67
20101018	4.31	9.05	0.66
20101019	4.38	5.99	0.78
20101020	0.76	2.7	0.75
20101021	0.62	5.83	0.68
20101022	2.97	8.32	0.66
20101023	2.43	6.42	0.73
20101024	0.08	3.31	0.71
20101025	1.91	2.27	0.65
20101026	7.65	7.82	0.82
20101027	6.68	11.02	0.93
20101028	0.36	10.21	1.11
20101029	0.11	10.9	0.94
20101030	0.06	8.06	0.85
20101031	1.96	7.57	0.81
20101101	1.26	8.47	0.79
20101102	23.04	10.65	1.29
20101103	9.12	9.81	2.36
20101104	17.59	13.35	2.83
20101105	2.42	10.24	3.56
20101106	0.07	5.31	2.47
20101107	13.64	3.01	1.99
20101108	27.72	3.37	5.99
20101109	3.45	4.25	5.91
20101110	11.24	1.75	3.78
20101111	4.39	6.34	4.64
20101112	0.43	7.58	3.52
20101113	1.88	5.26	2.8
20101114	0.02	2.93	2.37
20101115	0.17	1.59	2.0
20101116	0.27	1.63	1.78
20101117	6.64	4.12	1.79
20101118	2.05	4.92	1.99
20101119	0.23	4.13	2.07
20101120	1.03	3.6	1.97
20101121	1.48	3.11	1.91
20101122	2.74	3.71	1.93
20101123	0.0	2.92	1.92
20101124	0.01	0.07	1.82
20101125	0.02	-1.22	1.75
20101126	1.93	-2.59	1.47
20101127	0.14	-3.54	1.18
20101128	0.46	-6.05	1.13
20101129	6.65	-3.31	1.1
20101130	15.68	-1.79	1.12
20101201	4.02	-2.92	1.09
20101202	1.68	-2.6	1.06
20101203	1.67	-5.49	1.01
20101204	2.45	-0.53	1.05
20101205	0.11	-2.92	1.04
20101206	0.0	-6.86	0.96
20101207	0.01	-6.29	0.95
20101208	0.01	-4.59	0.94
20101209	2.85	-0.48	0.91
20101210	1.41	3.68	3.84
20101211	0.0	3.96	3.81
20101212	0.43	0.4	2.41
20101213	1.2	0.79	1.98
20101214	2.68	1.27	1.82
20101215	3.98	1.98	1.69
20101216	4.72	1.24	2.05
20101217	0.13	-4.34	1.82
20101218	0.1	-5.11	1.63
20101219	0.02	-8.2	1.48
20101220	0.0	-8.88	1.35
20101221	0.16	-6.77	1.3
20101222	0.18	-3.34	1.24
20101223	0.0	-3.0	1.18
20101224	0.02	-4.69	1.12
20101225	0.0	-6.21	1.07
20101226	0.57	-5.32	1.05
20101227	9.41	-0.1	1.06
20101228	1.12	0.9	1.22
20101229	1.03	2.92	1.39
20101230	0.05	3.27	1.35
20101231	0.3	3.14	1.27
20110101	1.16	2.74	1.25
20110102	0.0	-0.25	1.19
20110103	0.15	-1.54	1.13
20110104	8.95	0.57	1.11
20110105	6.23	2.63	1.77
20110106	0.4	0.29	1.63
20110107	16.26	-0.32	1.58
20110108	0.3	2.8	3.26
20110109	0.47	1.38	2.3
20110110	8.64	2.51	2.17
20110111	7.29	2.85	2.45
20110112	5.5	5.51	2.92
20110113	1.01	9.04	3.01
20110114	3.08	7.64	2.61
20110115	1.33	8.26	2.38
20110116	5.44	8.46	2.28
20110117	0.01	3.74	2.12
20110118	0.06	1.73	1.92
20110119	0.0	1.3	1.78
20110120	0.0	-1.44	1.66
20110121	0.0	-2.62	1.55
20110122	0.03	0.82	1.47
20110123	0.03	3.57	1.43
20110124	1.57	3.66	1.38
20110125	2.85	5.36	1.4
20110126	0.32	3.02	1.38
20110127	0.01	-0.12	1.26
20110128	0.01	-1.53	1.21
20110129	0.0	-2.56	1.17
20110130	0.0	-0.8	1.13
20110131	2.24	-1.86	1.1
20110201	0.07	3.54	1.11
20110202	0.62	5.63	1.08
20110203	18.61	4.85	1.1
20110204	11.47	9.06	2.13
20110205	39.64	8.91	8.21
20110206	0.97	8.56	13.52
20110207	2.02	6.63	6.08
20110208	1.68	2.36	4.29
20110209	4.72	5.98	3.34
20110210	2.25	6.32	3.09
20110211	5.44	5.89	2.81
20110212	1.37	5.17	2.98
20110213	9.38	4.94	3.17
20110214	1.39	2.93	3.57
20110215	8.37	2.36	3.21
20110216	0.1	3.17	3.49
20110217	0.01	3.15	2.79
20110218	9.87	2.46	2.43
20110219	4.24	1.8	2.72
20110220	0.94	2.09	2.58
20110221	1.83	1.56	2.45
20110222	3.18	3.63	2.39
20110223	1.25	6.84	2.9
20110224	0.04	7.87	2.48
20110225	13.74	8.68	2.36
20110226	0.66	5.92	3.46
20110227	2.42	3.48	2.79
20110228	0.09	2.46	2.51
20110301	0.0	2.16	2.2
20110302	0.01	0.79	1.99
20110303	0.03	0.21	1.85
20110304	0.01	1.8	1.78
20110305	0.97	2.1	1.75
20110306	0.0	1.62	1.66
20110307	0.0	0.46	1.57
20110308	0.88	1.72	1.5
20110309	0.53	5.12	1.47
20110310	0.5	6.78	1.43
20110311	0.22	4.88	1.4
20110312	2.53	6.82	1.38
20110313	0.37	4.52	1.35
20110314	0.04	2.6	1.27
20110315	0.02	5.15	1.19
20110316	0.27	4.83	1.2
20110317	0.01	4.64	1.18
20110318	0.0	3.23	1.18
20110319	0.0	4.14	1.15
20110320	0.21	6.38	1.11
20110321	0.0	8.75	1.06
20110322	0.0	9.09	0.99
20110323	0.0	8.5	0.97
20110324	0.0	7.92	0.95
20110325	0.0	6.94	0.94
20110326	0.03	5.13	0.93
20110327	0.0	5.28	0.92
20110328	0.0	5.35	0.9
20110329	0.41	6.6	0.89
20110330	6.92	8.03	0.9
20110331	0.65	10.34	0.93
20110401	0.16	11.36	0.88
20110402	0.03	10.79	0.86
20110403	4.86	7.2	0.87
20110404	4.49	6.71	0.89
20110405	0.17	10.58	0.9
20110406	0.24	13.28	0.85
20110407	0.03	10.34	0.82
20110408	0.0	10.56	0.81
20110409	0.0	11.02	0.79
20110410	0.0	10.17	0.79
20110411	0.37	9.1	0.78
20110412	0.0	6.57	0.77
20110413	0.01	5.86	0.75
20110414	0.04	8.34	0.75
20110415	0.01	9.65	0.74
20110416	0.0	10.05	0.73
20110417	0.0	9.48	0.72
20110418	0.0	10.35	0.72
20110419	0.0	10.91	0.71
20110420	0.0	10.93	0.69
20110421	0.0	12.37	0.68
20110422	0.0	13.62	0.68
20110423	0.16	13.61	0.67
20110424	0.0	11.03	0.66
20110425	0.0	10.1	0.66
20110426	0.03	8.12	0.64
20110427	0.0	8.16	0.63
20110428	0.0	7.46	0.64
20110429	0.0	9.84	0.63
20110430	0.0	10.56	0.62
20110501	0.0	10.49	0.61
20110502	0.0	8.06	0.59
20110503	0.0	6.98	0.59
20110504	0.0	7.75	0.58
20110505	1.29	10.87	0.58
20110506	2.53	13.99	0.59
20110507	20.25	14.4	0.71
20110508	0.0	13.62	0.78
20110509	8.19	11.45	0.66
20110510	0.03	11.61	0.65
20110511	0.7	10.84	0.6
20110512	1.91	9.89	0.6
20110513	4.19	8.79	0.59
20110514	2.36	8.29	0.6
20110515	4.85	9.12	0.6
20110516	2.41	11.53	0.71
20110517	0.82	12.22	0.66
20110518	0.76	11.34	0.64
20110519	0.0	9.49	0.61
20110520	0.13	10.35	0.58
20110521	2.69	11.58	0.58
20110522	1.67	10.63	0.67
20110523	3.78	10.09	0.68
20110524	0.0	9.6	0.57
20110525	0.6	10.97	0.55
20110526	6.57	9.93	0.58
20110527	0.9	9.62	0.61
20110528	0.31	10.84	0.56
20110529	7.78	12.16	0.56
20110530	5.5	9.79	0.67
20110531	0.03	9.41	0.62
20110601	0.0	11.62	0.56
20110602	0.0	14.6	0.53
20110603	0.0	15.25	0.52
20110604	0.05	12.92	0.51
20110605	0.03	10.08	0.5
20110606	0.0	10.51	0.5
20110607	1.52	10.11	0.5
20110608	2.91	10.17	0.5
20110609	0.07	10.32	0.49
20110610	1.8	8.44	0.5
20110611	0.47	8.88	0.48
20110612	19.32	8.74	0.65
20110613	0.0	13.44	0.67
20110614	0.0	13.36	0.52
20110615	1.53	14.39	0.48
20110616	0.54	11.94	0.47
20110617	3.36	10.79	0.49
20110618	2.37	11.48	0.5
20110619	0.01	11.88	0.49
20110620	5.32	12.91	0.48
20110621	4.03	14.06	0.49
20110622	5.03	12.99	0.49
20110623	1.31	11.41	0.55
20110624	9.52	10.84	0.55
20110625	0.7	14.31	0.64
20110626	0.0	19.11	0.58
20110627	2.75	19.57	0.53
20110628	0.0	13.08	0.49
20110629	0.06	11.88	0.47
20110630	0.4	11.32	0.46
20110701	0.03	11.91	0.45
20110702	0.0	13.73	0.44
20110703	0.0	15.15	0.43
20110704	0.0	16.85	0.43
20110705	4.15	15.69	0.43
20110706	4.54	13.18	0.46
20110707	1.48	13.33	0.46
20110708	4.8	12.16	0.47
20110709	0.05	14.09	0.46
20110710	1.06	13.8	0.44
20110711	0.0	14.39	0.42
20110712	0.0	13.17	0.41
20110713	0.0	12.16	0.4
20110714	0.0	13.71	0.4
20110715	3.81	15.24	0.4
20110716	6.69	13.46	0.44
20110717	24.92	12.67	0.52
20110718	5.45	12.72	1.75
20110719	0.85	13.15	1.03
20110720	5.07	12.82	0.79
20110721	0.07	12.88	0.69
20110722	2.05	11.5	0.6
20110723	0.0	11.77	0.56
20110724	0.0	13.04	0.53
20110725	0.2	13.07	0.5
20110726	0.0	13.77	0.48
20110727	0.01	14.53	0.47
20110728	0.04	15.1	0.48
20110729	0.0	13.33	0.44
20110730	0.0	13.83	0.44
20110731	0.02	16.35	0.44
20110801	0.06	18.05	0.43
20110802	0.0	17.63	0.42
20110803	1.99	17.59	0.43
20110804	1.48	15.43	0.42
20110805	0.32	15.45	0.41
20110806	1.94	12.5	0.42
20110807	2.88	12.21	0.42
20110808	1.47	12.74	0.42
20110809	0.11	12.52	0.41
20110810	13.2	13.55	0.43
20110811	2.49	15.39	0.54
20110812	1.6	15.11	0.47
20110813	0.02	15.28	0.45
20110814	0.24	14.27	0.42
20110815	2.08	13.05	0.41
20110816	1.64	14.01	0.42
20110817	0.0	12.09	0.41
20110818	1.05	10.77	0.4
20110819	0.0	13.24	0.4
20110820	1.4	15.21	0.4
20110821	0.01	15.52	0.39
20110822	0.11	13.98	0.39
20110823	0.13	13.31	0.38
20110824	12.99	13.17	0.43
20110825	1.49	12.43	0.5
20110826	9.34	11.12	0.51
20110827	2.4	11.55	0.49
20110828	1.77	11.66	0.44
20110829	1.92	10.96	0.43
20110830	0.05	11.48	0.44
20110831	0.0	11.52	0.44
20110901	0.0	12.96	0.43
20110902	0.0	14.9	0.41
20110903	0.37	15.31	0.41
20110904	0.93	13.8	0.4
20110905	8.28	11.52	0.4
20110906	7.5	12.99	0.44
20110907	7.23	11.97	0.57
20110908	0.76	13.03	0.6
20110909	0.54	15.45	0.5
20110910	1.32	16.77	0.47
20110911	7.1	13.51	0.46
20110912	0.02	14.47	0.48
20110913	1.16	11.9	0.44
20110914	0.4	11.61	0.42
20110915	0.06	10.33	0.42
20110916	3.12	12.35	0.43
20110917	2.39	10.88	0.43
20110918	2.4	9.65	0.44
20110919	1.89	11.86	0.43
20110920	1.38	12.75	0.42
20110921	1.96	11.02	0.41
20110922	0.02	10.97	0.4
20110923	0.01	12.07	0.4
20110924	0.53	12.28	0.41
20110925	1.01	13.54	0.41
20110926	0.0	12.76	0.4
20110927	0.01	13.66	0.39
20110928	0.01	16.86	0.39
20110929	0.0	17.49	0.39
20110930	0.0	17.95	0.37
20111001	0.0	17.99	0.35
20111002	1.13	16.77	0.35
20111003	0.12	16.95	0.35
20111004	0.04	11.95	0.35
20111005	9.8	14.89	0.34
20111006	13.23	8.89	0.44
20111007	1.66	9.27	0.6
20111008	9.59	10.17	0.47
20111009	7.7	14.59	1.28
20111010	15.1	14.09	1.39
20111011	14.3	13.38	2.16
20111012	2.78	11.66	1.92
20111013	0.08	11.26	1.26
20111014	0.0	10.69	0.86
20111015	0.11	7.74	0.72
20111016	0.14	9.15	0.64
20111017	7.0	9.6	0.61
20111018	5.71	6.53	0.67
20111019	0.65	4.95	0.72
20111020	0.15	4.99	0.63
20111021	0.0	9.38	0.59
20111022	0.0	8.26	0.58
20111023	0.0	11.75	0.56
20111024	3.33	11.38	0.54
20111025	1.1	9.97	0.56
20111026	2.53	6.87	0.53
20111027	3.56	8.15	0.54
20111028	0.06	6.9	0.51
20111029	0.96	8.53	0.49
20111030	0.51	12.02	0.49
20111031	6.12	12.93	0.49
20111101	0.07	9.03	0.53
20111102	8.68	8.92	0.52
20111103	8.68	12.42	0.68
20111104	7.2	10.36	0.89
20111105	0.42	8.0	0.95
20111106	0.06	5.13	0.77
20111107	1.49	4.7	0.69
20111108	1.57	8.28	0.68
20111109	0.32	9.14	0.67
20111110	0.13	9.58	0.62
20111111	5.66	8.37	0.6
20111112	0.4	9.32	0.69
20111113	0.06	9.83	0.64
20111114	0.08	6.88	0.62
20111115	0.01	6.73	0.61
20111116	0.15	4.68	0.59
20111117	0.01	7.57	0.57
20111118	0.0	9.38	0.57
20111119	0.02	6.19	0.57
20111120	0.24	5.02	0.57
20111121	0.69	6.84	0.55
20111122	0.04	6.75	0.54
20111123	0.01	6.26	0.53
20111124	4.92	9.7	0.54
20111125	0.93	6.73	0.59
20111126	3.97	8.65	0.55
20111127	0.08	7.66	0.56
20111128	0.27	5.23	0.54
20111129	6.22	8.49	0.59
20111130	3.96	6.2	0.65
20111201	0.12	4.75	0.62
20111202	3.21	3.29	0.6
20111203	8.83	6.57	0.68
20111204	14.52	3.24	1.57
20111205	21.97	1.61	1.87
20111206	10.4	2.32	2.23
20111207	2.65	3.86	3.21
20111208	9.39	5.32	3.63
20111209	8.2	1.82	3.16
20111210	2.02	1.11	2.51
20111211	6.48	4.56	2.76
20111212	15.85	3.5	2.94
20111213	0.13	3.54	3.57
20111214	3.21	1.86	2.62
20111215	3.48	1.64	2.31
20111216	2.12	0.39	2.08
20111217	3.42	0.46	1.86
20111218	1.29	-0.23	1.71
20111219	8.75	2.36	2.0
20111220	5.15	4.33	2.67
20111221	0.59	7.46	3.24
20111222	0.29	8.9	2.65
20111223	13.03	6.21	3.22
20111224	6.65	4.77	3.2
20111225	0.1	9.22	4.16
20111226	0.24	9.66	2.84
20111227	0.64	7.56	2.36
20111228	8.21	5.88	2.1
20111229	15.81	4.75	4.68
20111230	14.46	4.29	5.05
20111231	1.65	9.3	6.89
20120101	4.95	7.06	4.8
20120102	14.01	2.82	3.71
20120103	5.6	5.38	5.41
20120104	19.32	5.08	6.78
20120105	1.17	5.83	8.25
20120106	6.75	4.56	5.09
20120107	0.03	6.59	4.97
20120108	0.75	6.88	3.4
20120109	2.48	6.72	3.02
20120110	2.75	6.58	2.84
20120111	1.79	8.26	2.89
20120112	0.2	6.73	2.79
20120113	0.04	1.12	2.47
20120114	0.0	-1.48	2.33
20120115	0.01	-1.11	2.22
20120116	0.01	-1.05	2.12
20120117	1.79	-0.88	1.81
20120118	2.02	5.5	1.56
20120119	18.41	4.8	1.72
20120120	8.39	4.78	3.94
20120121	1.36	6.9	4.06
20120122	1.41	5.74	3.12
20120123	6.6	3.35	2.83
20120124	1.95	3.66	3.11
20120125	5.71	7.2	2.95
20120126	5.23	3.08	3.04
20120127	9.64	2.16	2.94
20120128	0.02	0.9	2.74
20120129	0.37	0.26	2.48
20120130	0.08	0.1	2.29
20120131	0.03	-0.34	2.08
20120201	0.01	-0.98	1.9
20120202	0.02	-2.42	1.76
20120203	0.02	-3.23	1.63
20120204	13.11	-2.66	1.56
20120205	2.11	-0.19	1.51
20120206	0.2	0.88	1.56
20120207	0.01	-1.19	1.49
20120208	0.0	-2.93	1.36
20120209	4.12	-1.68	1.38
20120210	0.05	-1.33	1.38
20120211	0.12	-3.49	1.32
20120212	0.99	1.63	1.33
20120213	0.38	3.56	1.56
20120214	0.01	4.4	1.59
20120215	0.03	6.26	1.54
20120216	4.35	5.78	1.51
20120217	2.42	6.89	1.71
20120218	5.17	4.88	1.8
20120219	0.04	1.01	1.79
20120220	0.92	3.57	1.53
20120221	0.72	7.13	1.47
20120222	9.37	8.28	1.56
20120223	0.15	10.13	2.18
20120224	0.84	8.0	1.7
20120225	0.0	4.63	1.55
20120226	0.02	5.42	1.43
20120227	3.02	7.38	1.41
20120228	0.1	8.57	1.39
20120229	0.04	7.46	1.33
20120301	0.01	6.28	1.27
20120302	0.26	5.8	1.23
20120303	5.54	6.07	1.2
20120304	5.45	2.82	1.41
20120305	0.0	3.16	1.32
20120306	4.18	3.21	1.24
20120307	2.25	5.47	1.29
20120308	0.02	5.38	1.21
20120309	0.25	8.11	1.18
20120310	0.04	8.95	1.15
20120311	0.02	7.81	1.12
20120312	0.0	5.77	1.1
20120313	0.0	5.6	1.08
20120314	0.01	4.99	1.08
20120315	0.0	4.15	1.06
20120316	1.68	6.79	1.02
20120317	8.73	6.06	1.03
20120318	0.09	4.33	1.24
20120319	0.0	4.94	1.07
20120320	0.0	8.1	1.0
20120321	0.0	6.87	0.96
20120322	0.0	6.86	0.94
20120323	0.06	8.14	0.9
20120324	0.03	8.48	0.89
20120325	0.0	8.11	0.86
20120326	0.0	8.71	0.85
20120327	0.0	9.55	0.84
20120328	0.0	9.92	0.83
20120329	0.0	9.74	0.81
20120330	0.01	7.67	0.8
20120331	0.0	5.96	0.8
20120401	0.08	5.06	0.78
20120402	0.39	6.54	0.78
20120403	18.55	5.13	0.83
20120404	12.23	2.36	1.56
20120405	0.01	3.13	1.32
20120406	1.66	4.7	1.42
20120407	0.78	6.3	1.68
20120408	7.85	7.63	1.43
20120409	8.28	6.78	2.15
20120410	3.19	5.43	1.81
20120411	4.34	5.17	1.71
20120412	7.3	5.38	2.21
20120413	0.49	4.49	2.03
20120414	0.6	3.59	1.68
20120415	0.0	2.64	1.5
20120416	8.2	4.12	1.39
20120417	4.43	5.78	1.55
20120418	20.88	4.79	3.17
20120419	4.86	6.02	3.83
20120420	5.76	5.67	3.68
20120421	3.79	5.59	3.32
20120422	4.19	6.18	2.83
20120423	3.51	5.67	2.72
20120424	2.44	5.68	2.4
20120425	27.16	5.4	5.56
20120426	22.38	7.42	8.17
20120427	1.31	5.82	9.08
20120428	4.52	4.95	5.18
20120429	11.58	4.35	6.09
20120430	1.77	9.41	4.78
20120501	1.87	8.29	3.69
20120502	0.01	8.56	3.01
20120503	0.01	6.16	2.57
20120504	0.09	5.41	2.25
20120505	0.17	3.71	2.05
20120506	0.0	4.41	1.88
20120507	9.97	5.9	1.8
20120508	0.01	9.27	1.81
20120509	25.03	8.37	2.4
20120510	5.05	11.24	5.04
20120511	0.5	7.56	3.21
20120512	0.0	7.2	2.46
20120513	0.94	8.34	2.15
20120514	3.8	8.05	1.98
20120515	1.95	5.68	1.87
20120516	0.38	6.33	1.68
20120517	0.79	7.32	1.56
20120518	6.37	8.37	1.53
20120519	0.01	7.04	1.53
20120520	0.0	7.51	1.42
20120521	0.0	9.36	1.34
20120522	0.0	13.31	1.27
20120523	0.0	14.28	1.21
20120524	0.0	15.72	1.18
20120525	0.0	16.14	1.13
20120526	0.0	15.7	1.1
20120527	0.0	15.5	1.07
20120528	0.0	15.9	1.04
20120529	0.0	13.83	1.01
20120530	1.15	14.29	1.0
20120531	4.02	12.58	1.02
20120601	0.01	12.12	1.0
20120602	14.72	10.54	1.0
20120603	12.1	7.38	1.46
20120604	0.05	8.29	1.31
20120605	3.16	9.41	1.09
20120606	3.91	12.17	1.05
20120607	34.09	11.43	1.99
20120608	27.14	10.74	6.26
20120609	2.63	10.81	9.97
20120610	6.3	11.29	4.81
20120611	0.04	9.76	3.8
20120612	0.4	9.39	2.7
20120613	1.48	9.7	2.21
20120614	23.25	10.43	2.17
20120615	6.97	11.13	5.1
20120616	6.16	11.54	3.36
20120617	1.82	11.22	4.01
20120618	0.02	11.51	2.57
20120619	0.0	12.36	2.08
20120620	4.0	12.94	1.81
20120621	16.87	11.73	1.96
20120622	8.97	10.98	4.75
20120623	19.28	11.64	3.46
20120624	0.09	12.06	5.72
20120625	0.0	12.77	3.51
20120626	1.48	14.05	2.73
20120627	0.99	16.71	2.35
20120628	8.56	16.58	2.59
20120629	1.38	14.17	2.13
20120630	5.96	12.87	1.93
20120701	2.29	11.38	1.88
20120702	6.2	13.14	1.9
20120703	4.38	14.46	1.96
20120704	6.84	15.59	2.09
20120705	12.98	15.74	2.64
20120706	19.34	13.54	7.82
20120707	4.01	13.73	5.52
20120708	3.17	13.46	3.69
20120709	10.93	12.8	2.99
20120710	1.38	11.43	3.44
20120711	0.01	11.56	2.8
20120712	2.08	11.7	2.36
20120713	10.41	12.05	2.54
20120714	0.89	11.37	2.58
20120715	0.31	11.81	2.06
20120716	5.88	12.92	1.93
20120717	1.36	15.06	1.98
20120718	6.8	14.81	2.05
20120719	18.33	12.13	2.81
20120720	1.53	11.2	4.31
20120721	0.03	12.62	2.94
20120722	0.0	15.58	2.35
20120723	0.0	17.41	2.02
20120724	0.0	18.09	1.83
20120725	0.0	16.54	1.7
20120726	0.0	16.14	1.59
20120727	0.16	14.58	1.53
20120728	1.34	12.33	1.44
20120729	2.89	11.67	1.4
20120730	4.29	11.36	1.61
20120731	3.06	12.19	1.98
20120801	4.16	15.4	1.93
20120802	5.89	14.16	1.86
20120803	0.15	14.04	1.44
20120804	1.14	14.42	1.2
20120805	2.47	12.89	1.17
20120806	0.3	13.02	1.14
20120807	1.42	13.64	1.11
20120808	0.0	15.06	1.08
20120809	0.0	15.43	1.04
20120810	0.0	16.03	1.03
20120811	0.01	15.27	1.01
20120812	3.32	15.69	1.0
20120813	0.25	16.43	1.02
20120814	0.0	17.12	0.97
20120815	16.87	15.81	1.23
20120816	0.78	15.56	1.1
20120817	4.14	16.91	1.03
20120818	0.08	18.03	0.99
20120819	1.33	16.48	0.95
20120820	0.01	15.39	0.92
20120821	3.95	14.64	0.94
20120822	1.8	13.92	0.91
20120823	0.8	13.51	0.9
20120824	8.44	13.52	0.93
20120825	13.36	13.93	1.15
20120826	1.45	12.93	1.29
20120827	10.06	13.04	1.09
20120828	8.68	14.11	1.28
20120829	15.68	12.38	2.79
20120830	0.27	10.7	2.13
20120831	1.27	9.94	1.57
20120901	0.42	13.98	1.4
20120902	0.07	14.96	1.28
20120903	0.12	14.33	1.25
20120904	0.01	14.41	1.17
20120905	0.0	11.56	1.11
20120906	0.0	12.21	1.07
20120907	0.0	15.41	1.04
20120908	0.0	14.78	1.02
20120909	0.19	14.82	0.99
20120910	6.84	14.63	0.98
20120911	2.88	10.12	1.04
20120912	4.05	9.55	1.04
20120913	1.13	10.19	0.99
20120914	0.43	12.63	0.94
20120915	0.0	11.7	0.91
20120916	2.9	12.61	0.9
20120917	3.32	10.66	0.92
20120918	4.08	9.1	0.97
20120919	3.21	8.45	0.96
20120920	5.12	10.39	1.03
20120921	1.97	8.89	1.1
20120922	0.01	6.62	1.04
20120923	21.39	7.03	1.12
20120924	22.87	9.1	4.65
20120925	28.14	8.6	4.3
20120926	3.97	9.7	7.41
20120927	1.8	9.28	4.33
20120928	2.52	9.79	3.26
20120929	0.05	8.86	2.67
20120930	4.8	11.22	2.24
20121001	0.86	10.83	2.18
20121002	8.32	10.08	2.31
20121003	0.63	8.22	2.35
20121004	7.84	7.72	1.99
20121005	2.45	8.42	2.22
20121006	0.03	7.76	1.98
20121007	0.06	6.37	1.77
20121008	0.01	7.38	1.7
20121009	0.0	6.47	1.62
20121010	0.03	7.62	1.57
20121011	24.92	9.14	2.0
20121012	0.33	8.05	3.71
20121013	1.63	5.1	2.72
20121014	0.11	4.77	2.29
20121015	8.57	5.99	2.12
20121016	8.13	7.17	2.47
20121017	3.71	8.9	2.99
20121018	2.53	9.82	2.67
20121019	0.07	8.59	2.29
20121020	0.01	8.66	2.09
20121021	2.69	7.32	1.93
20121022	1.01	9.57	1.87
20121023	0.56	10.61	1.84
20121024	1.44	10.35	1.77
20121025	0.04	7.82	1.72
20121026	0.0	3.32	1.63
20121027	1.76	2.32	1.54
20121028	4.65	5.55	1.62
20121029	1.82	6.06	1.64
20121030	0.2	5.23	1.55
20121031	8.68	6.34	1.59
20121101	1.04	3.64	1.79
20121102	1.2	4.11	1.57
20121103	0.21	2.4	1.54
20121104	0.21	1.73	1.49
20121105	0.06	2.63	1.44
20121106	2.6	4.86	1.42
20121107	0.87	7.1	1.44
20121108	0.06	7.6	1.4
20121109	3.6	7.03	1.4
20121110	0.03	4.91	1.44
20121111	0.26	4.12	1.35
20121112	3.22	6.93	1.38
20121113	0.04	10.25	1.38
20121114	0.01	9.05	1.33
20121115	0.0	6.25	1.28
20121116	9.24	4.6	1.33
20121117	0.38	5.14	1.53
20121118	0.09	2.67	1.39
20121119	2.7	6.49	1.34
20121120	17.62	9.68	1.38
20121121	6.03	5.72	3.68
20121122	13.7	7.52	3.34
20121123	0.33	4.63	3.29
20121124	36.28	2.0	4.85
20121125	9.85	5.24	8.52
20121126	17.63	5.1	7.28
20121127	0.7	4.65	9.55
20121128	0.01	2.55	5.54
20121129	0.0	-0.24	4.08
20121130	2.18	-1.18	3.28
20121201	0.0	0.46	2.85
20121202	7.99	-0.44	2.47
20121203	9.81	3.02	3.36
20121204	5.95	2.22	4.62
20121205	0.05	-0.23	3.87
20121206	20.1	-0.46	3.88
20121207	0.32	2.59	4.53
20121208	5.1	2.75	3.84
20121209	0.51	5.16	6.51
20121210	0.03	1.19	3.76
20121211	0.01	-1.53	2.97
20121212	0.02	-2.64	2.58
20121213	0.49	-2.94	2.33
20121214	24.4	1.94	4.75
20121215	0.46	5.37	5.41
20121216	3.0	3.68	3.65
20121217	4.29	4.16	3.94
20121218	0.01	4.23	3.81
20121219	17.79	3.88	3.28
20121220	17.09	4.69	8.52
20121221	6.84	4.75	7.8
20121222	17.68	6.6	10.21
20121223	0.51	7.79	8.33
20121224	8.6	4.96	6.24
20121225	2.33	4.53	5.39
20121226	5.17	4.92	4.97
20121227	5.58	3.81	4.38
20121228	2.14	6.88	4.32
20121229	11.12	6.81	5.52
20121230	5.59	4.78	4.78
20121231	10.42	7.6	5.83
20130101	0.57	3.68	5.2
20130102	3.4	6.17	4.17
20130103	1.21	8.74	4.08
20130104	0.08	7.58	3.55
20130105	0.01	7.55	3.04
20130106	0.01	6.49	2.72
20130107	0.02	7.02	2.5
20130108	1.73	7.71	2.33
20130109	0.03	2.21	2.22
20130110	0.04	0.22	2.17
20130111	0.13	1.66	2.21
20130112	0.0	1.01	2.12
20130113	1.43	-1.1	2.02
20130114	3.67	0.03	2.03
20130115	0.28	-1.39	1.86
20130116	0.01	-3.94	1.68
20130117	1.0	-2.75	1.63
20130118	4.03	-2.06	1.59
20130119	0.84	-1.34	1.55
20130120	6.44	-1.0	1.5
20130121	1.14	-1.63	1.49
20130122	0.72	-1.74	1.44
20130123	0.39	-0.92	1.35
20130124	0.31	-1.01	1.33
20130125	15.86	-1.59	1.33
20130126	15.75	2.23	2.2
20130127	0.52	4.61	7.1
20130128	3.41	4.33	4.33
20130129	2.88	8.26	4.01
20130130	9.79	6.4	4.0
20130131	0.68	5.71	3.93
20130201	0.26	3.9	3.14
20130202	0.19	0.83	2.68
20130203	5.27	4.46	2.4
20130204	8.97	5.48	2.97
20130205	13.37	1.51	3.24
20130206	0.09	2.08	4.23
20130207	0.19	0.73	3.2
20130208	1.41	1.6	2.76
20130209	3.28	1.61	2.51
20130210	11.1	1.12	2.94
20130211	0.52	0.12	2.74
20130212	0.11	-0.11	2.37
20130213	19.46	-0.43	2.39
20130214	0.74	4.14	6.11
20130215	0.0	3.95	5.96
20130216	0.01	3.44	4.2
20130217	0.0	2.52	3.33
20130218	0.01	1.79	2.9
20130219	0.37	1.04	2.62
20130220	0.0	0.99	2.46
20130221	0.0	-0.34	2.31
20130222	0.02	-0.75	2.17
20130223	0.09	-0.65	2.09
20130224	0.6	-0.17	2.01
20130225	1.07	1.65	1.96
20130226	0.01	1.93	1.91
20130227	0.02	1.44	1.69
20130228	0.02	1.53	1.51
20130301	0.0	3.49	1.43
20130302	0.0	1.81	1.44
20130303	0.0	2.61	1.41
20130304	0.02	1.96	1.35
20130305	0.05	2.06	1.33
20130306	2.84	3.29	1.32
20130307	3.82	4.81	1.34
20130308	1.83	4.42	1.39
20130309	6.08	2.34	1.38
20130310	0.95	-0.24	1.4
20130311	0.24	-3.0	1.27
20130312	0.06	-0.85	1.21
20130313	0.02	0.5	1.19
20130314	2.24	0.28	1.18
20130315	11.69	3.55	1.39
20130316	4.15	3.15	1.91
20130317	0.08	1.33	1.68
20130318	0.09	0.74	1.44
20130319	0.71	1.27	1.36
20130320	0.44	0.71	1.33
20130321	6.12	0.56	1.28
20130322	18.79	0.35	1.34
20130323	5.0	-0.87	1.34
20130324	0.18	-1.27	1.29
20130325	0.4	-0.73	1.28
20130326	0.45	-0.88	1.27
20130327	0.5	-0.95	1.26
20130328	0.0	-0.36	1.24
20130329	0.03	-0.34	1.28
20130330	0.0	-0.36	1.36
20130331	0.07	-0.29	1.41
20130401	0.15	0.45	1.39
20130402	0.0	0.99	1.4
20130403	0.0	1.26	1.51
20130404	0.0	1.34	1.51
20130405	0.0	1.97	1.48
20130406	0.0	2.33	1.5
20130407	0.0	2.71	1.49
20130408	0.0	2.53	1.46
20130409	0.0	3.08	1.44
20130410	0.0	4.23	1.43
20130411	1.47	3.78	1.41
20130412	2.72	5.24	1.41
20130413	3.69	7.12	1.41
20130414	0.19	11.77	1.46
20130415	0.35	10.58	1.34
20130416	0.19	9.76	1.26
20130417	0.81	9.74	1.2
20130418	2.8	7.97	1.16
20130419	0.56	6.15	1.14
20130420	0.0	6.37	1.09
20130421	0.77	6.04	1.08
20130422	0.06	7.62	1.04
20130423	0.1	9.9	1.0
20130424	0.0	10.2	0.99
20130425	0.65	8.93	0.98
20130426	1.63	5.32	0.96
20130427	0.73	4.21	0.95
20130428	3.27	5.73	0.94
20130429	0.21	6.64	0.93
20130430	0.0	5.98	0.91
20130501	0.01	6.91	0.89
20130502	0.0	8.0	0.89
20130503	0.27	9.26	0.86
20130504	0.34	9.3	0.86
20130505	0.0	10.44	0.84
20130506	0.0	11.17	0.83
20130507	0.43	12.89	0.81
20130508	0.22	10.89	0.81
20130509	11.97	7.7	0.85
20130510	2.18	8.99	0.91
20130511	5.5	6.73	0.87
20130512	4.57	7.99	0.89
20130513	2.85	6.91	0.96
20130514	30.49	6.0	1.21
20130515	2.22	5.9	2.58
20130516	7.7	6.94	1.5
20130517	4.16	7.78	1.55
20130518	0.05	8.39	1.36
20130519	2.24	10.47	1.24
20130520	0.72	11.66	1.16
20130521	0.17	9.69	1.07
20130522	0.26	8.82	1.02
20130523	3.27	5.46	0.98
20130524	4.05	5.86	0.97
20130525	0.0	8.26	0.95
20130526	0.0	9.97	0.89
20130527	4.39	8.94	0.86
20130528	14.7	8.6	1.12
20130529	15.19	9.27	1.39
20130530	0.25	10.49	1.85
20130531	0.0	12.4	1.29
20130601	0.0	9.97	1.15
20130602	0.0	10.08	1.08
20130603	0.0	11.79	1.03
20130604	0.0	12.02	0.99
20130605	0.0	10.82	0.96
20130606	0.0	11.33	0.95
20130607	0.0	12.0	0.92
20130608	0.0	11.4	0.89
20130609	0.0	11.15	0.87
20130610	0.0	10.33	0.86
20130611	0.42	11.8	0.84
20130612	2.11	13.61	0.85
20130613	5.49	11.94	0.89
20130614	5.5	11.55	0.9
20130615	3.18	10.72	0.89
20130616	0.01	12.01	0.85
20130617	0.01	12.84	0.8
20130618	0.01	14.08	0.79
20130619	0.85	15.12	0.76
20130620	7.39	13.18	0.81
20130621	5.16	13.98	0.82
20130622	10.18	11.99	0.82
20130623	2.94	11.49	0.93
20130624	0.01	10.96	0.9
20130625	0.0	11.9	0.78
20130626	0.0	12.81	0.74
20130627	7.08	11.39	0.74
20130628	4.5	13.41	0.79
20130629	0.03	13.02	0.85
20130630	0.33	14.27	0.75
20130701	0.17	12.04	0.73
20130702	6.15	11.72	0.74
20130703	0.02	13.73	0.78
20130704	0.0	14.71	0.74
20130705	0.0	14.97	0.71
20130706	0.0	16.45	0.69
20130707	0.0	17.55	0.67
20130708	0.0	16.72	0.66
20130709	0.0	17.41	0.66
20130710	0.0	15.7	0.66
20130711	0.0	14.59	0.65
20130712	0.0	17.57	0.64
20130713	0.0	19.56	0.62
20130714	0.0	17.16	0.61
20130715	0.0	16.84	0.6
20130716	0.0	17.82	0.6
20130717	0.0	18.22	0.59
20130718	0.0	19.23	0.58
20130719	0.0	19.53	0.58
20130720	0.17	16.9	0.57
20130721	0.04	15.52	0.57
20130722	22.24	18.11	0.61
20130723	10.09	18.22	1.12
20130724	0.62	18.21	0.76
20130725	0.03	17.62	0.68
20130726	0.0	17.2	0.65
20130727	66.77	16.72	1.76
20130728	7.58	16.27	4.32
20130729	5.21	15.84	1.93
20130730	2.81	15.37	1.55
20130731	7.69	15.3	1.4
20130801	0.01	20.34	1.31
20130802	9.84	18.05	1.23
20130803	1.09	15.53	1.34
20130804	12.73	15.35	1.19
20130805	1.63	14.94	1.53
20130806	0.01	13.19	1.31
20130807	0.05	13.88	1.17
20130808	2.6	14.99	1.06
20130809	0.06	14.92	1.05
20130810	0.65	13.8	1.0
20130811	0.71	13.91	0.96
20130812	1.74	12.95	0.91
20130813	0.7	12.56	0.92
20130814	0.97	14.7	0.9
20130815	10.88	17.15	0.89
20130816	0.04	15.96	1.0
20130817	4.72	14.58	0.9
20130818	0.13	14.34	0.87
20130819	0.01	13.66	0.8
20130820	0.0	14.91	0.77
20130821	0.0	15.86	0.75
20130822	0.01	16.74	0.75
20130823	12.06	16.89	0.78
20130824	1.83	14.36	0.92
20130825	0.01	15.06	0.8
20130826	0.0	15.86	0.78
20130827	0.0	14.46	0.72
20130828	0.0	14.35	0.71
20130829	0.0	15.03	0.69
20130830	0.04	15.84	0.68
20130831	0.0	11.75	0.66
20130901	0.0	12.03	0.66
20130902	0.0	15.05	0.68
20130903	0.0	15.8	0.67
20130904	0.0	16.03	0.64
20130905	13.78	14.61	0.63
20130906	7.46	10.73	0.93
20130907	0.08	9.97	0.77
20130908	0.02	9.47	0.71
20130909	2.32	9.75	0.68
20130910	0.01	10.73	0.65
20130911	5.29	11.3	0.68
20130912	3.14	13.74	0.68
20130913	4.64	11.49	0.67
20130914	0.04	9.57	0.67
20130915	11.9	9.39	0.71
20130916	9.87	8.22	0.99
20130917	1.97	8.41	1.07
20130918	0.63	9.05	0.9
20130919	4.65	10.48	0.86
20130920	0.13	11.07	0.83
20130921	0.04	12.89	0.78
20130922	0.03	15.1	0.74
20130923	0.03	13.29	0.73
20130924	0.06	13.67	0.71
20130925	0.27	13.29	0.71
20130926	0.03	11.71	0.69
20130927	0.0	12.19	0.68
20130928	0.0	11.42	0.66
20130929	0.0	11.77	0.66
20130930	0.0	11.93	0.65
20131001	9.51	11.63	0.65
20131002	2.69	12.91	0.74
20131003	12.13	14.29	0.79
20131004	3.83	14.6	0.95
20131005	0.06	12.34	0.87
20131006	0.01	12.28	0.78
20131007	0.72	14.0	0.73
20131008	0.08	13.35	0.71
20131009	1.48	9.43	0.7
20131010	1.71	6.66	0.69
20131011	3.62	9.03	0.69
20131012	12.67	9.86	0.91
20131013	10.18	9.07	1.16
20131014	5.98	8.18	1.56
20131015	0.03	8.65	1.25
20131016	12.96	8.34	1.44
20131017	0.44	10.4	1.47
20131018	3.64	10.18	1.3
20131019	2.0	11.94	1.33
20131020	9.17	11.26	1.34
20131021	33.68	12.26	4.12
20131022	8.71	13.66	5.28
20131023	1.31	10.29	4.13
20131024	9.47	9.01	3.1
20131025	7.66	12.41	3.36
20131026	3.97	11.69	3.16
20131027	13.99	9.97	2.91
20131028	11.72	8.17	3.87
20131029	8.96	6.86	4.29
20131030	1.55	7.47	3.86
20131031	0.08	8.77	3.2
20131101	14.0	7.69	3.65
20131102	12.18	6.59	3.58
20131103	3.9	5.61	4.15
20131104	2.86	3.3	3.44
20131105	4.62	4.85	3.11
20131106	6.85	6.93	3.0
20131107	0.28	6.02	2.86
20131108	1.47	4.83	2.57
20131109	4.72	3.12	2.4
20131110	2.54	2.96	2.23
20131111	1.43	7.75	2.25
20131112	0.01	6.95	2.38
20131113	7.62	4.93	2.59
20131114	0.01	5.62	2.79
20131115	0.07	4.21	2.51
20131116	0.05	6.84	2.37
20131117	0.19	7.01	2.32
20131118	0.81	5.56	1.98
20131119	9.28	0.56	1.61
20131120	11.74	3.2	2.09
20131121	0.51	3.76	2.54
20131122	0.03	2.04	2.06
20131123	0.03	1.23	1.89
20131124	0.09	3.6	1.78
20131125	0.0	1.84	1.69
20131126	0.26	2.78	1.61
20131127	0.02	6.79	1.55
20131128	0.61	5.72	1.5
20131129	1.13	5.97	1.46
20131130	0.11	3.85	1.42
20131201	0.0	5.1	1.36
20131202	0.0	4.8	1.24
20131203	0.24	5.31	1.21
20131204	0.33	4.17	1.18
20131205	5.41	4.37	1.15
20131206	4.12	2.63	1.17
20131207	0.49	5.25	1.18
20131208	0.15	7.39	1.13
20131209	0.0	7.33	1.09
20131210	0.01	5.1	1.06
20131211	0.09	3.13	1.04
20131212	6.03	6.05	1.04
20131213	1.28	8.46	1.12
20131214	1.51	6.44	1.09
20131215	17.54	8.23	1.16
20131216	2.07	7.54	2.27
20131217	0.1	2.84	1.76
20131218	14.43	5.62	2.17
20131219	4.76	2.92	2.71
20131220	6.6	4.77	2.25
20131221	5.84	7.81	2.62
20131222	0.51	3.5	2.54
20131223	18.58	5.72	3.25
20131224	0.77	4.47	3.97
20131225	0.02	1.77	2.97
20131226	6.77	1.45	2.54
20131227	0.29	5.73	2.67
20131228	0.79	2.85	2.3
20131229	5.08	3.04	2.08
20131230	4.4	6.18	2.47
20131231	3.23	4.37	2.33
20140101	16.0	5.41	3.5
20140102	3.2	5.62	3.92
20140103	5.59	5.45	3.81
20140104	0.2	3.43	3.43
20140105	7.92	3.58	3.01
20140106	4.27	7.64	3.52
20140107	3.37	6.85	3.43
20140108	14.75	6.08	4.01
20140109	2.09	4.47	4.99
20140110	3.22	4.31	4.34
20140111	1.35	2.54	3.96
20140112	6.38	1.24	3.77
20140113	3.79	3.63	3.78
20140114	6.75	2.63	3.62
20140115	10.27	6.52	4.46
20140116	1.83	5.0	4.97
20140117	2.61	4.36	4.24
20140118	4.27	4.53	4.0
20140119	0.11	3.52	3.71
20140120	0.15	1.16	3.37
20140121	10.57	1.71	3.47
20140122	3.63	4.54	3.38
20140123	4.39	3.13	2.89
20140124	9.0	2.97	3.11
20140125	7.11	5.24	3.73
20140126	11.15	2.94	5.18
20140127	8.97	2.84	5.12
20140128	9.03	3.74	5.69
20140129	3.91	3.2	6.48
20140130	3.23	1.25	5.24
20140131	18.62	2.79	7.29
20140201	5.23	3.72	6.89
20140202	0.04	4.73	5.29
20140203	1.23	3.91	4.25
20140204	8.21	3.44	3.76
20140205	17.31	5.04	6.16
20140206	9.27	4.61	7.36
20140207	6.9	3.43	5.99
20140208	14.71	4.97	6.55
20140209	2.15	4.14	8.12
20140210	6.68	1.54	5.57
20140211	9.38	1.7	6.4
20140212	9.35	2.79	6.91
20140213	0.16	2.65	5.76
20140214	21.18	3.59	5.77
20140215	7.5	4.67	9.68
20140216	0.22	3.2	6.87
20140217	2.98	4.65	5.24
20140218	1.01	5.71	4.48
20140219	1.53	6.21	3.81
20140220	1.52	6.63	3.46
20140221	1.82	3.63	3.08
20140222	0.03	5.59	2.81
20140223	0.5	8.43	2.57
20140224	2.57	6.72	2.41
20140225	0.4	5.73	2.32
20140226	9.45	4.63	2.21
20140227	1.01	4.51	2.45
20140228	0.03	1.91	2.21
20140301	3.05	2.3	2.11
20140302	11.32	4.95	2.53
20140303	0.22	3.34	2.66
20140304	0.17	3.56	2.39
20140305	0.2	4.96	2.24
20140306	4.91	7.68	2.14
20140307	0.08	7.15	2.13
20140308	0.02	6.78	2.01
20140309	0.02	8.76	1.91
20140310	0.0	5.5	1.83
20140311	0.0	4.04	1.78
20140312	0.0	3.66	1.74
20140313	0.0	4.49	1.7
20140314	0.0	5.82	1.65
20140315	0.0	8.43	1.6
20140316	0.06	8.56	1.56
20140317	0.12	7.74	1.54
20140318	6.63	7.42	1.6
20140319	0.01	8.13	1.54
20140320	4.77	6.98	1.52
20140321	2.43	4.87	1.48
20140322	6.39	3.37	1.41
20140323	0.85	3.26	1.42
20140324	2.47	3.01	1.37
20140325	2.12	4.67	1.37
20140326	1.03	3.15	1.35
20140327	8.09	3.1	1.42
20140328	1.64	4.67	1.53
20140329	0.0	7.75	1.43
20140330	0.0	8.71	1.37
20140331	8.24	8.72	1.34
20140401	0.06	8.65	1.44
20140402	0.51	7.73	1.35
20140403	5.21	7.77	1.33
20140404	0.1	8.21	1.5
20140405	4.89	9.66	1.41
20140406	7.02	11.36	1.47
20140407	11.65	8.48	2.21
20140408	0.37	6.59	2.37
20140409	0.0	8.41	2.06
20140410	0.02	8.13	1.87
20140411	0.0	7.34	1.73
20140412	1.26	7.23	1.64
20140413	0.01	7.55	1.56
20140414	0.0	7.64	1.49
20140415	0.0	6.74	1.43
20140416	0.0	7.86	1.39
20140417	0.09	8.2	1.36
20140418	0.0	5.83	1.32
20140419	0.01	5.49	1.28
20140420	0.21	7.52	1.26
20140421	7.67	10.09	1.24
20140422	3.0	9.1	1.37
20140423	1.71	9.94	1.27
20140424	0.25	9.29	1.22
20140425	7.57	7.61	1.2
20140426	0.43	9.17	1.26
20140427	0.01	8.66	1.17
20140428	0.0	9.88	1.12
20140429	0.01	10.29	1.09
20140430	4.71	10.68	1.07
20140501	2.78	8.14	1.17
20140502	0.0	7.08	1.13
20140503	0.0	6.7	1.05
20140504	0.0	9.68	1.02
20140505	6.17	10.29	1.02
20140506	0.33	10.66	1.05
20140507	2.48	9.54	1.01
20140508	12.35	9.99	1.08
20140509	12.13	10.0	1.32
20140510	23.28	9.65	1.82
20140511	8.73	8.82	4.08
20140512	4.17	8.6	3.45
20140513	3.86	8.91	2.92
20140514	0.01	9.91	2.3
20140515	0.0	11.84	1.88
20140516	0.0	13.59	1.66
20140517	0.0	14.03	1.5
20140518	0.0	14.19	1.39
20140519	0.73	14.4	1.33
20140520	2.2	13.34	1.3
20140521	11.48	12.09	1.26
20140522	19.38	9.44	2.03
20140523	2.4	9.33	2.62
20140524	15.53	9.49	2.81
20140525	2.21	10.48	2.75
20140526	1.33	10.87	2.09
20140527	9.4	10.73	1.86
20140528	6.19	10.03	2.26
20140529	2.08	10.22	2.84
20140530	0.01	10.68	2.18
20140531	0.0	11.98	1.85
20140601	1.24	13.03	1.66
20140602	8.08	13.12	1.66
20140603	1.54	12.16	1.72
20140604	5.82	9.8	1.62
20140605	0.08	11.02	1.89
20140606	2.91	12.73	1.55
20140607	9.24	13.12	1.72
20140608	1.08	14.25	1.63
20140609	10.21	14.5	1.89
20140610	1.31	14.13	1.71
20140611	0.0	13.88	1.5
20140612	0.0	14.73	1.37
20140613	0.49	15.21	1.29
20140614	0.29	14.94	1.25
20140615	0.62	13.61	1.22
20140616	0.0	12.79	1.24
20140617	0.0	14.04	1.26
20140618	0.04	16.18	1.23
20140619	0.0	14.14	1.2
20140620	0.0	14.31	1.17
20140621	0.0	14.11	1.15
20140622	0.0	15.14	1.13
20140623	0.0	15.67	1.1
20140624	0.78	13.8	1.09
20140625	0.0	13.37	1.03
20140626	0.68	13.21	0.96
20140627	5.31	11.72	0.98
20140628	0.53	11.12	0.98
20140629	0.35	11.49	0.94
20140630	0.0	12.91	0.92
20140701	0.22	14.01	0.91
20140702	0.01	15.15	0.89
20140703	0.13	16.09	0.88
20140704	15.7	15.55	0.91
20140705	0.0	14.09	1.02
20140706	0.14	12.8	0.9
20140707	0.14	13.07	0.86
20140708	4.1	13.21	0.86
20140709	0.0	14.42	0.82
20140710	0.0	14.53	0.8
20140711	0.0	15.13	0.79
20140712	8.47	16.59	0.83
20140713	0.03	15.42	0.83
20140714	1.44	14.71	0.78
20140715	0.01	15.09	0.77
20140716	0.41	15.58	0.73
20140717	0.11	17.32	0.73
20140718	12.54	17.99	0.75
20140719	8.28	17.24	1.01
20140720	0.01	17.27	0.83
20140721	0.0	16.98	0.73
20140722	0.0	17.35	0.71
20140723	0.0	17.77	0.7
20140724	0.0	18.07	0.69
20140725	0.0	18.06	0.68
20140726	0.36	18.76	0.66
20140727	0.22	16.05	0.65
20140728	0.0	15.56	0.63
20140729	0.03	15.39	0.65
20140730	0.0	15.36	0.65
20140731	2.96	15.97	0.71
20140801	4.0	15.34	0.69
20140802	4.07	15.02	0.69
20140803	0.01	14.42	0.65
20140804	0.0	14.66	0.63
20140805	5.34	14.94	0.63
20140806	1.82	16.53	0.67
20140807	0.01	15.07	0.64
20140808	17.03	14.5	1.01
20140809	14.4	14.68	0.85
20140810	23.04	12.65	1.35
20140811	1.42	13.29	1.18
20140812	3.51	12.74	0.87
20140813	2.03	13.73	0.79
20140814	7.94	12.85	0.78
20140815	0.73	12.79	0.83
20140816	1.64	12.57	0.75
20140817	5.44	12.83	0.72
20140818	1.2	11.93	0.74
20140819	0.04	10.47	0.69
20140820	0.17	10.13	0.67
20140821	0.86	10.68	0.66
20140822	0.88	11.0	0.64
20140823	0.47	9.9	0.63
20140824	2.82	10.74	0.62
20140825	13.86	11.8	0.69
20140826	0.07	12.75	0.8
20140827	5.13	12.56	0.7
20140828	0.07	14.82	0.7
20140829	12.02	13.79	0.67
20140830	3.09	13.6	0.8
20140831	1.3	13.49	0.73
20140901	0.32	13.46	0.68
20140902	0.0	12.99	0.64
20140903	0.0	14.89	0.62
20140904	0.0	14.79	0.61
20140905	2.35	14.38	0.59
20140906	3.21	13.23	0.62
20140907	0.01	11.68	0.61
20140908	0.0	10.89	0.61
20140909	0.0	11.83	0.64
20140910	0.0	12.61	0.63
20140911	0.0	12.32	0.63
20140912	0.0	12.74	0.63
20140913	0.0	13.05	0.62
20140914	0.29	12.8	0.62
20140915	0.07	13.39	0.62
20140916	0.01	13.99	0.61
20140917	0.25	14.25	0.61
20140918	0.05	15.38	0.6
20140919	3.0	14.2	0.54
20140920	0.27	13.19	0.53
20140921	0.01	10.29	0.53
20140922	0.0	10.44	0.52
20140923	4.15	11.5	0.52
20140924	0.01	11.38	0.52
20140925	0.58	12.5	0.51
20140926	0.14	13.74	0.51
20140927	0.04	11.79	0.51
20140928	0.01	14.3	0.5
20140929	1.86	13.46	0.5
20140930	0.81	14.12	0.5
20141001	0.08	12.95	0.5
20141002	0.0	10.67	0.49
20141003	5.49	13.85	0.49
20141004	1.44	9.96	0.52
20141005	12.17	8.17	0.52
20141006	11.24	8.28	0.79
20141007	3.26	6.85	0.69
20141008	12.46	8.26	0.85
20141009	1.82	9.61	0.78
20141010	1.48	9.36	0.68
20141011	0.84	7.93	0.63
20141012	0.48	6.94	0.59
20141013	11.29	8.88	0.69
20141014	1.06	9.3	0.89
20141015	8.74	10.22	0.81
20141016	2.12	11.36	0.92
20141017	6.22	13.01	0.81
20141018	0.66	14.92	0.87
20141019	3.74	13.16	0.77
20141020	10.35	10.56	0.77
20141021	6.94	8.56	1.09
20141022	0.5	8.5	1.08
20141023	1.57	11.51	0.95
20141024	1.08	10.45	0.89
20141025	0.21	9.3	0.84
20141026	0.0	11.34	0.79
20141027	0.0	13.22	0.76
20141028	4.46	12.14	0.75
20141029	3.11	6.95	0.75
20141030	0.03	12.42	0.75
20141031	1.0	14.49	0.73
20141101	5.21	11.72	0.71
20141102	2.22	9.8	0.78
20141103	0.16	6.49	0.77
20141104	0.41	3.92	0.73
20141105	0.04	4.49	0.69
20141106	15.31	5.17	0.72
20141107	18.04	8.14	2.57
20141108	9.01	7.01	2.74
20141109	0.57	5.52	2.03
20141110	2.4	6.01	1.66
20141111	7.43	8.8	1.56
20141112	2.99	8.36	1.84
20141113	7.02	8.44	1.63
20141114	7.45	8.53	2.59
20141115	1.51	5.92	2.16
20141116	11.37	6.45	1.96
20141117	1.2	7.36	2.39
20141118	0.93	7.19	1.99
20141119	0.02	7.17	1.77
20141120	0.0	5.89	1.61
20141121	20.88	5.68	2.24
20141122	3.52	8.51	3.27
20141123	0.07	5.15	2.48
20141124	0.0	2.95	2.07
20141125	3.16	2.19	1.85
20141126	4.37	5.17	1.91
20141127	0.32	5.9	1.84
20141128	2.06	7.78	1.65
20141129	0.45	7.71	1.58
20141130	0.15	7.27	1.48
20141201	0.47	5.57	1.4
20141202	0.01	3.79	1.33
20141203	0.01	1.31	1.27
20141204	0.03	2.2	1.23
20141205	0.97	2.36	1.19
20141206	3.91	2.09	1.15
20141207	9.42	4.74	1.29
20141208	1.97	1.89	1.47
20141209	8.14	3.7	1.44
20141210	11.81	4.23	1.81
20141211	22.21	3.37	3.04
20141212	2.03	2.19	5.1
20141213	0.43	0.72	3.36
20141214	6.33	4.89	2.91
20141215	2.93	3.48	2.69
20141216	15.78	3.7	2.65
20141217	9.54	9.05	4.25
20141218	14.88	10.43	4.44
20141219	8.21	5.62	5.44
20141220	1.49	5.49	4.95
20141221	0.3	7.5	4.25
20141222	4.33	10.47	3.66
20141223	8.17	9.36	3.63
20141224	1.63	4.96	3.92
20141225	0.61	3.2	3.02
20141226	17.85	1.39	2.87
20141227	0.34	0.62	2.8
20141228	0.03	-0.62	2.36
20141229	0.01	-0.34	2.14
20141230	0.11	0.81	2.05
20141231	0.87	2.77	2.37
20150101	5.99	8.95	4.68
20150102	0.53	5.21	3.65
20150103	3.57	2.2	2.96
20150104	0.13	-0.34	2.54
20150105	0.67	4.68	2.3
20150106	3.21	4.66	2.23
20150107	5.01	5.41	2.14
20150108	2.16	5.83	2.62
20150109	6.57	9.13	2.77
20150110	3.92	6.31	2.84
20150111	3.36	4.02	2.88
20150112	4.95	6.02	3.14
20150113	1.06	2.46	3.01
20150114	8.26	1.73	2.95
20150115	2.44	4.37	3.06
20150116	0.9	1.49	2.36
20150117	3.07	0.74	2.17
20150118	1.02	-0.51	2.06
20150119	0.06	-0.81	1.92
20150120	6.73	-1.3	1.84
20150121	4.0	0.42	1.88
20150122	0.31	0.12	1.73
20150123	4.61	1.09	1.79
20150124	0.08	2.59	2.42
20150125	2.18	4.66	2.29
20150126	0.82	5.09	2.28
20150127	3.2	4.35	2.02
20150128	10.5	3.52	2.36
20150129	16.38	0.3	2.57
20150130	5.1	0.56	2.35
20150131	0.04	1.21	2.39
20150201	0.0	0.4	2.16
20150202	0.0	-1.47	1.94
20150203	0.0	-0.83	1.81
20150204	0.02	0.01	1.72
20150205	1.28	1.04	1.71
20150206	0.01	0.21	1.7
20150207	0.0	0.82	1.65
20150208	0.07	1.24	1.68
20150209	0.02	2.71	2.2
20150210	0.01	0.93	2.27
20150211	0.01	1.82	2.07
20150212	0.05	2.19	1.91
20150213	6.43	3.53	1.99
20150214	0.61	4.67	2.4
20150215	4.66	4.15	2.33
20150216	1.77	3.5	2.46
20150217	0.03	2.8	2.05
20150218	1.29	5.32	1.75
20150219	9.21	4.93	2.14
20150220	1.34	2.3	2.42
20150221	1.59	1.56	1.96
20150222	17.77	2.03	2.77
20150223	7.62	2.75	3.71
20150224	1.4	3.37	3.46
20150225	4.74	5.7	2.98
20150226	3.77	5.71	3.44
20150227	0.66	2.83	2.77
20150228	2.32	6.34	2.44
20150301	5.52	4.09	2.47
20150302	1.84	1.82	2.25
20150303	1.44	2.16	1.96
20150304	0.02	3.69	1.85
20150305	0.0	4.7	1.75
20150306	0.0	7.01	1.65
20150307	0.0	8.19	1.59
20150308	3.32	5.93	1.56
20150309	1.83	3.86	1.53
20150310	0.02	4.54	1.48
20150311	1.63	4.47	1.44
20150312	15.5	6.88	1.46
20150313	0.27	3.73	2.07
20150314	0.02	2.64	1.68
20150315	0.28	3.87	1.56
20150316	0.19	3.71	1.51
20150317	1.17	3.47	1.48
20150318	0.02	3.0	1.43
20150319	0.0	3.55	1.4
20150320	0.0	5.84	1.38
20150321	0.0	4.58	1.33
20150322	0.0	3.47	1.31
20150323	0.17	4.57	1.28
20150324	1.42	2.8	1.27
20150325	9.0	2.59	1.27
20150326	0.32	4.63	1.41
20150327	0.51	4.76	1.29
20150328	10.33	8.13	1.34
20150329	10.24	6.5	1.92
20150330	29.63	5.34	2.84
20150331	7.04	5.49	5.87
20150401	9.34	4.7	5.09
20150402	3.41	5.29	4.96
20150403	5.14	6.31	3.84
20150404	0.04	6.74	3.27
20150405	0.02	7.83	2.68
20150406	0.0	7.38	2.29
20150407	0.0	7.8	2.03
20150408	0.0	8.25	1.86
20150409	0.0	9.15	1.77
20150410	2.46	10.14	1.73
20150411	0.11	7.07	1.66
20150412	5.61	5.7	1.63
20150413	0.0	6.92	1.57
20150414	0.0	10.31	1.48
20150415	0.05	8.94	1.43
20150416	0.0	7.31	1.36
20150417	0.0	7.24	1.24
20150418	0.0	6.39	1.2
20150419	0.55	5.55	1.18
20150420	0.0	7.0	1.15
20150421	0.0	8.34	1.13
20150422	0.0	8.81	1.09
20150423	0.0	9.28	1.04
20150424	0.0	9.49	1.03
20150425	2.66	8.45	1.03
20150426	0.02	5.13	1.0
20150427	2.41	3.97	0.97
20150428	4.87	5.17	0.97
20150429	3.12	6.11	0.98
20150430	0.41	5.76	0.96
20150501	0.0	4.64	0.94
20150502	20.45	5.57	0.96
20150503	1.91	9.83	1.5
20150504	13.7	10.47	1.17
20150505	1.19	9.59	1.55
20150506	8.07	7.81	1.35
20150507	0.79	7.72	1.27
20150508	17.22	7.59	1.76
20150509	0.18	8.64	2.06
20150510	0.07	10.68	1.49
20150511	0.03	12.55	1.33
20150512	1.08	9.84	1.23
20150513	0.0	8.91	1.16
20150514	0.0	6.8	1.11
20150515	0.47	8.82	1.07
20150516	0.0	9.83	1.03
20150517	8.84	8.5	1.0
20150518	15.94	7.4	1.17
20150519	6.76	6.53	1.91
20150520	0.49	8.22	1.64
20150521	0.1	9.95	1.4
20150522	0.06	12.26	1.29
20150523	0.49	11.04	1.24
20150524	0.02	10.48	1.17
20150525	0.0	9.59	1.05
20150526	0.0	10.24	1.08
20150527	4.72	9.16	1.11
20150528	10.54	9.23	1.11
20150529	3.29	7.73	1.38
20150530	7.74	8.82	1.2
20150531	0.83	8.98	1.26
20150601	19.36	7.62	1.4
20150602	1.31	10.86	2.31
20150603	0.02	10.74	1.55
20150604	0.0	12.28	1.39
20150605	0.0	12.81	1.31
20150606	0.0	10.19	1.19
20150607	0.0	10.4	1.19
20150608	0.01	8.83	1.15
20150609	0.0	8.82	1.13
20150610	0.0	10.09	1.09
20150611	0.0	12.39	1.04
20150612	22.81	13.38	1.01
20150613	3.29	12.22	1.49
20150614	0.69	9.9	1.14
20150615	0.0	10.98	1.03
20150616	0.22	13.89	0.97
20150617	3.52	14.22	0.94
20150618	0.01	11.17	0.92
20150619	0.0	11.3	0.88
20150620	1.4	13.54	0.86
20150621	7.01	12.18	0.85
20150622	2.38	10.41	0.9
20150623	0.0	11.95	0.86
20150624	0.0	13.82	0.82
20150625	0.17	15.37	0.79
20150626	1.35	15.05	0.79
20150627	2.09	15.04	0.78
20150628	0.01	14.4	0.77
20150629	0.0	15.41	0.75
20150630	0.01	19.49	0.74
20150701	0.01	21.99	0.72
20150702	3.2	15.96	0.72
20150703	14.24	15.63	0.79
20150704	0.0	16.8	0.87
20150705	2.07	13.34	0.74
20150706	2.0	13.44	0.72
20150707	2.57	14.47	0.71
20150708	1.94	12.46	0.72
20150709	0.0	12.38	0.71
20150710	0.01	16.24	0.66
20150711	1.19	15.39	0.66
20150712	0.47	15.02	0.64
20150713	4.01	14.33	0.65
20150714	0.2	14.55	0.65
20150715	0.0	13.43	0.63
20150716	0.2	13.93	0.62
20150717	0.0	15.08	0.62
20150718	5.59	13.82	0.62
20150719	0.0	13.34	0.63
20150720	1.03	14.39	0.62
20150721	1.18	14.83	0.61
20150722	1.07	12.93	0.61
20150723	0.0	12.54	0.59
20150724	1.4	11.09	0.59
20150725	0.02	11.99	0.58
20150726	15.38	10.75	0.62
20150727	8.28	12.59	0.69
20150728	4.63	11.43	0.74
20150729	0.42	11.14	0.69
20150730	0.0	10.99	0.62
20150731	0.14	11.7	0.59
20150801	3.5	12.74	0.58
20150802	0.01	14.86	0.6
20150803	0.0	16.14	0.57
20150804	0.57	13.7	0.57
20150805	0.36	14.31	0.56
20150806	0.16	14.69	0.56
20150807	0.0	13.15	0.56
20150808	0.0	15.25	0.55
20150809	0.24	15.55	0.54
20150810	1.26	15.85	0.55
20150811	0.0	13.16	0.54
20150812	0.0	13.97	0.54
20150813	8.34	14.06	0.55
20150814	8.03	13.3	0.66
20150815	0.02	12.38	0.61
20150816	0.0	12.01	0.57
20150817	0.0	13.37	0.57
20150818	0.88	12.91	0.58
20150819	3.04	14.37	0.58
20150820	1.7	16.03	0.58
20150821	1.24	17.43	0.58
20150822	5.83	17.05	0.59
20150823	2.86	15.96	0.6
20150824	0.34	12.57	0.58
20150825	12.94	12.77	0.6
20150826	1.85	14.37	0.73
20150827	0.49	12.79	0.61
20150828	1.73	13.05	0.58
20150829	0.05	13.94	0.57
20150830	8.81	13.02	0.57
20150831	3.83	11.71	0.67
20150901	2.88	11.42	0.64
20150902	2.1	10.61	0.63
20150903	0.03	10.12	0.62
20150904	1.91	10.95	0.56
20150905	0.0	10.08	0.56
20150906	0.0	10.2	0.54
20150907	0.02	11.01	0.53
20150908	0.05	10.03	0.53
20150909	0.04	11.49	0.52
20150910	0.01	12.85	0.51
20150911	11.51	13.06	0.51
20150912	3.16	12.14	0.59
20150913	1.68	10.9	0.56
20150914	8.35	9.69	0.55
20150915	0.63	10.86	0.59
20150916	0.01	9.69	0.56
20150917	0.01	10.35	0.54
20150918	0.1	11.08	0.52
20150919	0.0	11.09	0.52
20150920	1.58	11.16	0.51
20150921	6.41	10.94	0.54
20150922	0.12	9.64	0.54
20150923	0.77	10.81	0.52
20150924	0.59	10.91	0.5
20150925	0.02	9.99	0.49
20150926	0.03	9.44	0.5
20150927	0.05	9.36	0.49
20150928	0.02	10.22	0.49
20150929	0.01	10.46	0.49
20150930	0.02	10.55	0.48
