pet
0.475
0.4640909090909091
0.42590909090909085
0.3768181818181818
0.3731818181818182
0.3663636363636364
0.46636363636363637
0.3995454545454546
0.36
0.39454545454545453
0.4677272727272727
0.3977272727272727
0.38727272727272727
0.49272727272727274
0.47454545454545455
0.405
0.375
0.35954545454545456
0.33090909090909093
0.4227272727272728
0.3568181818181818
0.3609090909090909
0.3795454545454545
0.4104545454545454
0.4218181818181818
0.5568181818181818
0.4318181818181818
0.6463636363636364
0.46954545454545454
0.4913636363636364
0.5249999999999999
0.4959090909090909
0.49863636363636366
0.4177272727272727
0.5581818181818181
0.5722727272727273
0.6036363636363636
0.6013636363636364
0.600909090909091
0.6145454545454545
0.5772727272727273
0.5104545454545455
0.6554545454545454
0.6772727272727272
0.6595454545454545
0.6745454545454546
0.6990909090909091
0.6504545454545455
0.7440909090909091
0.7404545454545454
0.7204545454545455
0.8622727272727272
0.7618181818181818
0.6709090909090909
0.6663636363636364
0.7281818181818182
0.8331818181818181
0.7813636363636364
0.8409090909090909
0.9177272727272728
0.9186363636363637
0.8186363636363637
0.8922727272727272
0.9618181818181818
0.9663636363636364
0.8704545454545454
0.9890909090909091
0.9931818181818183
1.035909090909091
1.0018181818181817
0.9404545454545455
1.07
0.9831818181818182
0.9381818181818182
0.980909090909091
1.0999999999999999
1.1268181818181817
1.2963636363636364
1.2472727272727273
1.0795454545454546
1.2231818181818181
1.2627272727272727
1.165
1.2572727272727273
1.3563636363636364
1.3354545454545454
1.285909090909091
1.3509090909090908
1.4513636363636364
1.5022727272727272
1.4939130434782608
1.5552173913043479
1.2826086956521738
1.566521739130435
1.5078260869565216
1.7147826086956521
1.7982608695652174
1.7952173913043479
1.7373913043478262
1.896086956521739
1.8895652173913045
1.7321739130434781
1.6547826086956523
1.6752173913043478
1.7821739130434784
2.007391304347826
1.8660869565217393
2.4365217391304346
1.9595652173913043
1.8682608695652174
2.0321739130434784
1.6865217391304348
1.9552173913043478
1.7291304347826084
1.7404347826086957
1.838695652173913
2.031304347826087
2.2717391304347827
2.097826086956522
2.087391304347826
2.1891304347826086
2.508695652173913
2.4895652173913043
2.37
2.1913043478260867
2.1447826086956523
2.4343478260869564
2.253478260869565
2.2913043478260873
1.977391304347826
2.331304347826087
2.490869565217391
2.2686956521739132
2.4091304347826084
2.4065217391304348
2.259130434782609
2.2069565217391305
2.3691304347826088
2.3178260869565217
2.3504347826086955
2.3195652173913044
2.4995652173913046
2.57695652173913
2.4565217391304346
2.3765217391304345
2.3630434782608694
2.304782608695652
2.4969565217391305
2.4
2.786521739130435
2.9186956521739127
2.59
2.389130434782609
2.6939130434782608
2.789565217391304
2.575217391304348
2.549130434782609
2.777391304347826
3.07
3.0543478260869565
2.5156521739130433
2.5834782608695654
2.3743478260869564
2.6217391304347823
2.7086956521739127
2.9217391304347826
2.9843478260869567
2.7421739130434784
2.7830434782608697
2.8147826086956518
2.8521739130434782
2.734782608695652
2.859130434782609
3.0904347826086958
2.967391304347826
2.9904347826086957
2.7595652173913043
2.8991304347826086
2.7730434782608695
2.8465217391304347
2.8691304347826083
2.6869565217391305
2.5830434782608696
2.657826086956522
2.4565217391304346
2.377391304347826
2.555217391304348
2.7117391304347827
2.666086956521739
2.8721739130434782
2.534782608695652
3.005652173913043
2.68
2.6465217391304345
2.8047826086956524
2.471739130434783
2.5569565217391306
2.8765217391304345
2.66
2.818695652173913
2.7082608695652173
2.967826086956522
2.8260869565217392
2.769565217391304
2.8073913043478256
3.066521739130435
2.4130434782608696
2.5378260869565215
2.5830434782608696
2.4843478260869567
2.5217391304347827
2.2017391304347824
2.2256521739130433
2.6082608695652176
2.5234782608695654
2.2
2.566086956521739
2.1665217391304346
2.627391304347826
2.8317391304347823
2.4008695652173913
2.3660869565217393
2.4104347826086956
2.409130434782609
2.1395652173913042
2.137391304347826
2.35
2.475217391304348
2.151304347826087
2.1091304347826085
2.1826086956521737
2.137826086956522
1.9926086956521738
2.148695652173913
1.962608695652174
1.9913043478260868
1.9317391304347826
1.9982608695652175
2.289565217391304
2.1643478260869564
1.8756521739130434
1.8143478260869563
2.0430434782608695
2.115217391304348
1.8308695652173912
1.8026086956521739
1.895217391304348
1.6508695652173913
1.8030434782608695
1.83
1.666086956521739
1.8078260869565217
1.827391304347826
1.6191304347826088
1.7356521739130435
1.7578260869565216
1.7178260869565216
1.6478260869565218
1.8334782608695652
1.7278260869565218
1.4582608695652173
1.4356521739130437
1.4382608695652173
1.4965217391304348
1.4256521739130434
1.4447826086956521
1.421304347826087
1.3617391304347826
1.081304347826087
1.1495652173913042
1.162608695652174
1.1808695652173913
1.0252173913043479
1.0709090909090908
1.1122727272727273
1.1427272727272728
1.1686363636363637
1.1531818181818183
1.0999999999999999
1.0763636363636364
1.0036363636363637
0.8677272727272727
0.9704545454545456
0.8781818181818182
0.9213636363636364
0.8213636363636364
0.8859090909090909
0.8163636363636364
0.8122727272727274
1.0018181818181817
0.9772727272727273
0.9709090909090908
0.8336363636363636
0.8804545454545455
0.7504545454545454
0.8440909090909091
0.6704545454545454
0.8377272727272728
0.8136363636363636
0.7663636363636364
0.67
0.69
0.5709090909090909
0.6590909090909091
0.6259090909090909
0.6604545454545454
0.6168181818181818
0.565
0.5940909090909091
0.6027272727272727
0.610909090909091
0.5718181818181818
0.5618181818181818
0.5127272727272728
0.4872727272727273
0.5236363636363636
0.4818181818181818
0.5936363636363636
0.375
0.3931818181818182
0.45136363636363636
0.4872727272727273
0.4772727272727273
0.4295454545454545
0.4113636363636364
0.36
0.39909090909090905
0.36954545454545457
0.37000000000000005
0.4390909090909091
0.375
0.4659090909090909
0.3772727272727273
0.3963636363636364
0.3795454545454545
0.47818181818181815
0.5077272727272727
0.45363636363636367
0.5295454545454545
0.4040909090909091
0.5990909090909091
0.39681818181818185
0.42363636363636364
0.40045454545454545
0.39045454545454544
0.31272727272727274
0.3731818181818182
0.4854545454545454
0.3836363636363636
0.4168181818181818
0.2809090909090909
0.3231818181818182
0.2509090909090909
0.2877272727272727
0.24818181818181817
0.24454545454545454
0.3109090909090909
0.44045454545454543
0.3245454545454546
0.4222727272727273
0.49227272727272725
0.3336363636363636
0.3986363636363636
0.27499999999999997
0.3909090909090909
