temperature
3.5693333333333332
3.8040000000000003
3.0573333333333332
2.8993333333333333
3.4633333333333334
3.4073333333333333
3.296
2.842
3.1213333333333333
2.866
2.5886666666666667
2.872
2.6180000000000003
3.42
3.192
3.1766666666666667
2.791333333333333
3.168
3.304666666666667
3.1746666666666665
3.1806666666666668
2.989333333333333
2.7199999999999998
2.988
1.8493333333333335
1.88
1.8346666666666667
1.73
2.146
2.7986666666666666
2.252666666666667
2.6106666666666665
3.0926666666666667
3.8366666666666664
4.006
4.260666666666667
4.6593333333333335
2.936
2.64
3.005333333333333
2.908666666666667
3.39
3.3993333333333333
2.768
3.128
3.3893333333333335
2.5806666666666667
2.6733333333333333
3.2060000000000004
3.451333333333333
3.4486666666666665
3.1719999999999997
3.7333333333333334
3.731333333333333
2.9486666666666665
2.9633333333333334
2.796
3.1846666666666668
2.7826666666666666
2.567333333333333
2.8921428571428573
2.837142857142857
3.105
3.4114285714285715
4.0685714285714285
4.632142857142857
4.25
4.107857142857143
4.3757142857142854
4.761428571428572
4.895714285714286
5.227142857142857
4.947857142857143
4.532857142857143
4.7907142857142855
5.125
4.728571428571429
4.472857142857142
4.758571428571429
4.812857142857142
4.527142857142857
4.7457142857142856
4.664285714285714
4.751428571428571
4.619999999999999
4.542142857142857
4.577857142857143
4.827142857142857
5.840000000000001
6.062142857142858
6.112142857142857
5.047142857142857
4.105714285714286
4.039285714285714
4.712142857142857
5.299285714285714
5.86
5.292142857142857
5.818571428571429
6.026428571428572
5.871428571428572
5.58
4.765000000000001
4.337142857142857
5.155
5.355714285714286
6.013571428571429
5.656428571428571
5.692857142857143
5.902142857142857
6.788571428571428
6.955
7.25
7.280714285714287
6.987857142857143
6.93
7.634285714285714
7.7178571428571425
8.01
8.358571428571429
8.342142857142857
8.594285714285714
8.471428571428572
8.626428571428571
7.890714285714286
7.412857142857143
8.51142857142857
8.454285714285714
7.962142857142857
7.83
8.280714285714286
8.156428571428572
8.59142857142857
9.231428571428571
9.685
8.913571428571428
8.785714285714286
8.500714285714286
8.627142857142857
9.084285714285715
9.355
9.422142857142857
10.252142857142857
10.230714285714285
9.79857142857143
9.756428571428572
10.002142857142857
9.872857142857143
10.03
10.430000000000001
10.230714285714285
10.105
9.843571428571428
9.961428571428572
9.667142857142858
9.483571428571429
9.940714285714284
10.46642857142857
10.343571428571428
10.914285714285715
11.284285714285714
10.917142857142858
10.933571428571428
10.805714285714286
10.870714285714286
10.832857142857142
11.286428571428571
11.870714285714286
11.608571428571429
12.276428571428571
12.209285714285715
11.442142857142857
11.594285714285714
11.370714285714286
11.912142857142857
12.094285714285714
12.213571428571429
12.343571428571428
12.555714285714286
12.665000000000001
12.412857142857144
12.217142857142857
12.014285714285714
12.359285714285715
13.126428571428573
12.998571428571427
13.304285714285713
13.455714285714285
13.189285714285715
12.862857142857141
12.960714285714285
13.536428571428571
12.744285714285715
12.655
12.832142857142857
13.042142857142858
12.861428571428572
12.612857142857141
13.225
14.06357142857143
14.84
13.962142857142856
13.735714285714286
14.220714285714285
13.87142857142857
13.694999999999999
13.602857142857143
13.768571428571429
13.689285714285715
13.786428571428571
13.933571428571428
13.950000000000001
13.792666666666667
14.183333333333334
13.906666666666666
13.325333333333333
13.258666666666667
13.542
13.437999999999999
13.506
13.759333333333334
13.412666666666667
13.437333333333333
13.186666666666667
13.05
12.948666666666666
13.09
13.059333333333333
12.926666666666668
12.586
13.311333333333332
13.440666666666667
12.869333333333334
12.678666666666667
12.112
12.221333333333332
12.132666666666667
12.414
12.08
12.204
12.483333333333333
12.094
12.114666666666666
12.546666666666665
12.310666666666666
12.444666666666668
11.917333333333334
11.924666666666667
11.765333333333333
11.630666666666666
11.686666666666667
11.245333333333333
10.979999999999999
11.118666666666666
10.352
10.272
10.152
9.954666666666666
10.22
10.371333333333332
10.896666666666667
10.645333333333333
11.34
11.522666666666668
10.975333333333333
10.710666666666667
10.585333333333333
9.828666666666667
9.073333333333332
9.204666666666666
9.843333333333334
10.342666666666666
9.927333333333333
9.674666666666667
9.402
9.116666666666667
9.546
9.100666666666665
9.154
9.187333333333333
9.092
9.424666666666667
8.876666666666667
8.014666666666667
8.443333333333333
8.508000000000001
8.842
8.5
8.156
7.764
7.338666666666667
7.453333333333333
7.396
7.826
7.476
7.3613333333333335
7.557333333333333
7.516666666666667
7.492
7.030666666666666
6.856
6.269333333333334
6.342
6.238666666666666
6.296
5.847333333333333
6.057333333333333
5.966666666666667
5.941333333333334
5.613333333333333
6.588666666666667
6.110666666666666
5.539333333333333
5.613333333333333
5.5633333333333335
5.796666666666667
5.624
5.750666666666666
5.3580000000000005
5.344666666666667
4.724
4.78
4.37
3.7199999999999998
3.8826666666666667
3.551333333333333
4.1193333333333335
4.801333333333333
4.6113333333333335
4.446
4.0680000000000005
4.465333333333334
4.453333333333333
4.722666666666667
4.317333333333334
4.718
4.706
3.084
3.150666666666667
3.7786666666666666
3.0493333333333337
3.267333333333333
3.5753333333333335
3.8960000000000004
3.788
3.556
3.1613333333333333
2.7
3.010666666666667
3.8466666666666667
4.018
3.1213333333333333
3.1033333333333335
1.7326666666666668
2.755333333333333
3.164
3.317333333333333
3.636
3.1506666666666665
2.291333333333333
1.794
2.329333333333333
2.308
2.5780000000000003
2.506666666666667
