pet
0.19142857142857142
0.25142857142857145
0.23333333333333334
0.2571428571428572
0.24
0.16428571428571428
0.3361904761904762
0.2909523809523809
0.2795238095238095
0.26857142857142857
0.3085714285714286
0.3080952380952381
0.2847619047619047
0.22857142857142856
0.2690476190476191
0.22380952380952382
0.21761904761904763
0.23761904761904762
0.26857142857142857
0.32142857142857145
0.2838095238095238
0.2557142857142857
0.26761904761904765
0.2623809523809524
0.31428571428571433
0.2919047619047619
0.3085714285714286
0.3852380952380952
0.35285714285714287
0.33666666666666667
0.40238095238095245
0.40095238095238095
0.41333333333333333
0.3642857142857143
0.46380952380952384
0.46904761904761905
0.5071428571428571
0.5152380952380953
0.4452380952380952
0.4742857142857143
0.4604761904761905
0.40238095238095234
0.49761904761904757
0.5190476190476191
0.48047619047619045
0.5657142857142857
0.6471428571428571
0.4942857142857142
0.5366666666666666
0.5752380952380952
0.6390476190476191
0.6742857142857143
0.7138095238095238
0.6623809523809524
0.58
0.6528571428571428
0.8147619047619047
0.7557142857142857
0.6557142857142857
0.7442857142857142
0.8728571428571428
0.7576190476190476
0.7857142857142857
0.8
0.9214285714285715
0.9052380952380952
0.8157142857142856
0.9509523809523809
1.0052380952380953
0.9547619047619048
1.03
1.0
1.0676190476190477
1.02
1.0142857142857142
0.9476190476190476
1.0814285714285714
1.0780952380952382
1.0371428571428571
1.1176190476190475
1.1961904761904762
1.1766666666666667
1.081904761904762
1.1176190476190475
1.1595238095238096
1.2747619047619048
1.3361904761904762
1.22
1.2495238095238097
1.4795238095238095
1.5523809523809524
1.6138095238095238
1.5428571428571427
1.4795238095238095
1.5419047619047621
1.831904761904762
1.5966666666666667
1.8014285714285714
1.5657142857142858
1.716190476190476
1.6452380952380952
1.6476190476190478
1.6476190476190478
1.7152380952380955
1.7242857142857144
1.879047619047619
2.0004761904761903
2.1419047619047618
1.6528571428571428
1.784761904761905
2.0552380952380953
2.2261904761904763
2.051428571428571
1.936190476190476
2.05
1.813809523809524
2.170952380952381
2.1295238095238096
2.0619047619047617
2.0742857142857143
2.2928571428571427
2.2604761904761905
2.366190476190476
2.3614285714285717
2.2399999999999998
2.4266666666666667
2.4657142857142857
2.2514285714285713
2.4823809523809524
2.315714285714286
2.3966666666666665
2.5747619047619046
2.3771428571428572
2.305238095238095
2.5185714285714287
2.427142857142857
2.2485714285714287
2.42952380952381
2.631904761904762
2.3904761904761904
2.3923809523809525
2.658095238095238
2.9085714285714284
2.748095238095238
2.8857142857142857
2.7095238095238097
2.4238095238095236
2.653809523809524
2.776666666666667
2.737142857142857
3.001904761904762
2.9557142857142855
2.7261904761904763
2.7885714285714287
2.5533333333333332
2.828095238095238
2.532857142857143
2.885238095238095
2.9495238095238094
3.020952380952381
2.8195238095238095
2.7642857142857142
2.6847619047619045
2.6423809523809525
2.7009523809523808
2.815238095238095
2.938095238095238
2.8966666666666665
3.120952380952381
3.1576190476190478
3.3076190476190472
3.236666666666667
2.9185714285714286
3.1266666666666665
3.0128571428571425
3.0228571428571427
3.1633333333333336
2.9233333333333333
2.9842857142857144
3.145238095238095
3.0404761904761903
3.066666666666667
2.8840909090909093
2.8740909090909095
3.0068181818181823
2.8004545454545453
2.849090909090909
2.8486363636363636
2.735909090909091
3.1245454545454545
3.083181818181818
3.272727272727273
3.036363636363636
2.8113636363636365
3.2972727272727274
3.1627272727272726
3.0513636363636363
2.929090909090909
3.247727272727273
3.2340909090909093
3.141363636363636
3.0522727272727277
3.083636363636364
3.088636363636364
3.2654545454545456
3.11
2.8136363636363635
2.887272727272727
3.0181818181818185
3.0336363636363632
3.084090909090909
2.8395454545454544
2.75
3.001818181818182
2.9536363636363636
2.637272727272727
3.0349999999999997
2.835909090909091
2.743181818181818
2.8336363636363635
2.895
2.5113636363636362
2.809090909090909
2.493181818181818
2.4604545454545454
2.395909090909091
2.708636363636364
2.702272727272727
2.5563636363636366
2.475909090909091
2.5422727272727275
2.4786363636363635
2.4481818181818182
2.398181818181818
2.1772727272727272
2.045909090909091
2.0127272727272727
1.8945454545454545
2.247272727272727
2.2304545454545455
2.1463636363636365
1.8736363636363635
2.0127272727272727
2.0272727272727273
2.004090909090909
1.895909090909091
2.115
1.8654545454545455
1.845909090909091
1.903181818181818
1.8936363636363638
1.8795454545454546
1.8572727272727272
1.710909090909091
1.814090909090909
1.7295454545454545
1.6231818181818183
1.4886363636363635
1.685
1.5568181818181819
1.3945454545454545
1.3072727272727271
1.3990909090909092
1.499090909090909
1.3863636363636365
1.3281818181818181
1.2672727272727273
1.1768181818181818
1.1086363636363636
1.0968181818181817
1.1490909090909092
1.1181818181818182
1.0895454545454546
1.08
1.0595238095238095
1.0514285714285714
1.0776190476190475
1.0309523809523808
0.9890476190476191
0.8719047619047618
0.7904761904761906
0.8780952380952382
0.9980952380952381
0.888095238095238
0.8247619047619048
0.6404761904761904
0.621904761904762
0.6309523809523809
0.6114285714285714
0.8128571428571428
0.74
0.7138095238095238
0.6238095238095238
0.6033333333333333
0.6195238095238095
0.660952380952381
0.6452380952380953
0.7061904761904761
0.6942857142857143
0.6604761904761905
0.5576190476190476
0.48
0.5038095238095238
0.4961904761904762
0.4480952380952381
0.4347619047619048
0.4533333333333333
0.36619047619047623
0.3357142857142857
0.3771428571428571
0.36
0.3585714285714286
0.3057142857142857
0.2966666666666667
0.30904761904761907
0.27714285714285714
0.28714285714285714
0.3304761904761905
0.1842857142857143
0.15761904761904763
0.19238095238095237
0.24666666666666665
0.19
0.22047619047619046
0.20047619047619047
0.19476190476190475
0.28047619047619043
0.20666666666666667
0.20904761904761907
0.2138095238095238
0.19238095238095237
0.17
0.15476190476190477
0.1895238095238095
0.2
0.23190476190476192
0.24904761904761907
0.21619047619047618
0.29285714285714287
0.2580952380952381
0.3047619047619048
0.14904761904761904
0.19238095238095237
0.1714285714285714
0.16952380952380952
0.15
0.18714285714285714
0.2733333333333333
0.19380952380952382
0.18571428571428572
0.13428571428571429
0.09523809523809523
0.07285714285714286
0.09904761904761905
0.17095238095238094
0.18714285714285714
0.1823809523809524
0.28904761904761905
0.24476190476190474
0.2566666666666667
0.24285714285714283
0.21761904761904763
0.17238095238095238
0.20714285714285713
0.16857142857142857
