temperature
5.808
5.053
5.0424999999999995
4.907500000000001
5.618
5.276999999999999
5.4505
5.519
5.119
5.398000000000001
5.671
6.3229999999999995
6.3525
5.389
6.37
5.643
5.742500000000001
5.8695
6.1775
5.458
5.0595
4.9075
4.6915
4.485
4.4965
4.325
4.156000000000001
4.7204999999999995
4.632
4.3875
4.36
4.468500000000001
4.43
4.4205
5.650499999999999
5.867
5.5475
4.9155
4.636
4.6405
5.165
5.7145
6.1259999999999994
5.462
4.804
5.1755
5.2955
5.279999999999999
5.319
5.2885
4.7715000000000005
5.3365
5.5405
5.9355
6.1825
5.921
5.953
5.636
5.3475
5.214
4.8265
4.9765
5.2135
4.984
5.921
6.8135
6.976999999999999
6.884
6.7095
6.6194999999999995
6.3469999999999995
6.0675
6.072
7.272499999999999
7.412000000000001
7.592999999999999
7.031999999999999
6.393
6.577500000000001
7.004
7.276000000000001
7.24
7.282000000000001
7.518000000000001
7.481
7.355500000000001
7.325
7.905500000000001
8.126999999999999
8.33
8.5135
8.883500000000002
8.2925
8.1145
7.8549999999999995
8.461
7.3
7.6315
8.094
8.4555
8.111
7.9395
8.0905
8.5875
8.7685
8.8325
8.867619047619048
8.696190476190477
8.066190476190476
8.551904761904762
9.552380952380952
10.00904761904762
10.225238095238094
10.386666666666667
10.78
10.403333333333332
10.352380952380953
10.364761904761904
10.147142857142857
10.32904761904762
10.666190476190476
11.048095238095238
10.89809523809524
10.687619047619048
10.993809523809524
10.91095238095238
11.248095238095239
11.33952380952381
11.264285714285714
11.731904761904762
11.827142857142857
11.439523809523811
11.296190476190477
11.331904761904761
11.591904761904763
11.97904761904762
11.68095238095238
11.67095238095238
11.940000000000001
12.12904761904762
12.148095238095237
12.189047619047619
12.605238095238095
12.823809523809524
12.82952380952381
12.699523809523809
12.743809523809524
12.597142857142858
12.92095238095238
13.543333333333335
13.612380952380953
13.574761904761905
14.318095238095239
14.017142857142858
13.69857142857143
13.773333333333333
13.925714285714285
13.966666666666667
13.997619047619047
14.210476190476191
14.185238095238095
14.105238095238095
14.034761904761906
14.098571428571429
14.55809523809524
14.62952380952381
14.965238095238094
15.27857142857143
15.352857142857143
15.586190476190476
15.322857142857144
14.785238095238096
14.729999999999999
15.087619047619047
15.042380952380952
15.532380952380953
15.55952380952381
15.628571428571428
15.785238095238096
16.259047619047617
16.113809523809522
16.221904761904764
15.82952380952381
16.021904761904764
15.87
15.737619047619049
15.78
15.974761904761905
15.994285714285715
16.372857142857143
16.657619047619047
16.43
16.16761904761905
16.200952380952383
16.547619047619047
16.896190476190476
16.839523809523808
16.52
16.823809523809523
17.287142857142857
17.05047619047619
16.966190476190476
16.650952380952383
16.830000000000002
16.97
17.337619047619047
17.309047619047618
17.467142857142857
17.591428571428573
17.317142857142855
16.91904761904762
16.91142857142857
17.434285714285714
17.353333333333335
17.18952380952381
17.17904761904762
17.562857142857144
17.404285714285713
17.305238095238096
17.02809523809524
17.246190476190478
17.23857142857143
17.46952380952381
17.086666666666666
16.717142857142857
16.607619047619046
16.882857142857144
16.622857142857143
16.675238095238097
16.738095238095237
16.711904761904762
16.86047619047619
16.606666666666666
16.703333333333333
16.51238095238095
15.964761904761904
16.07904761904762
16.45714285714286
15.745238095238093
15.256190476190476
15.2
15.524761904761904
15.705714285714285
15.114285714285714
15.323333333333334
15.813333333333333
15.605238095238095
15.618571428571428
15.732380952380952
15.34047619047619
15.056190476190476
15.046190476190478
15.227142857142857
15.526190476190477
15.022380952380951
14.27857142857143
13.926666666666666
13.914761904761903
13.833333333333334
13.59
14.082857142857144
14.34
14.22904761904762
14.113809523809524
13.812380952380952
13.66952380952381
13.44095238095238
12.938571428571427
13.264761904761905
13.63857142857143
13.767142857142858
13.76
14.230476190476189
14.248500000000002
13.193999999999999
12.966999999999999
12.471
12.039
12.6405
11.934999999999999
12.999
13.013
12.830000000000002
12.522499999999999
11.8565
11.734
11.687999999999999
11.6995
11.737
11.352
10.5305
10.817499999999999
10.4115
11.193999999999999
11.02
11.1745
11.4185
11.128499999999999
11.292
11.305
10.753
10.543000000000001
10.866499999999998
10.592
9.810500000000001
9.583499999999999
9.5855
8.8635
9.24
9.161
8.849
9.3165
8.446
8.567499999999999
9.17
8.6505
8.6015
7.875
7.586
7.416499999999999
7.4875
7.558
7.051
7.243
7.208499999999999
7.277500000000001
6.7615
7.148999999999999
6.976000000000001
7.208
7.224500000000001
7.438
7.225
6.768000000000001
6.497
6.2065
5.829
6.096
6.0065
5.6375
5.575
5.6745
5.5035
5.247
5.2875
5.3835
5.5615000000000006
5.335500000000001
5.147
4.8245
4.3629999999999995
4.664
4.4079999999999995
4.113
5.5085
5.436
6.261
6.714499999999999
5.5375
4.781000000000001
4.715
4.0085
4.1185
4.971
5.1265
