temperature
2.0923809523809522
1.7676190476190474
2.1680952380952383
2.0014285714285713
2.3519047619047617
2.024285714285714
2.3023809523809526
1.7376190476190476
2.5238095238095237
2.1533333333333333
2.3966666666666665
3.2428571428571424
2.94
2.7004761904761905
3.2538095238095237
2.189523809523809
2.0157142857142856
2.5533333333333332
2.2157142857142857
1.655714285714286
2.2047619047619045
2.42952380952381
2.333809523809524
2.191904761904762
1.9766666666666666
2.1704761904761902
2.4823809523809524
2.3585714285714285
1.8961904761904762
1.7919047619047621
1.9133333333333333
2.0633333333333335
1.9238095238095236
2.5895238095238096
2.402857142857143
2.3195238095238095
2.4233333333333333
1.4604761904761905
1.6471428571428572
1.9261904761904762
1.8571428571428572
2.7804761904761905
2.606190476190476
2.4452380952380954
2.85
3.3976190476190475
3.1152380952380954
3.0538095238095235
2.2347619047619047
1.6652380952380952
2.0204761904761903
2.242380952380952
2.1166666666666663
3.096190476190476
2.1757142857142857
2.6833333333333336
2.337619047619048
2.4642857142857144
2.2600000000000002
1.7547619047619047
1.5495238095238095
1.7295238095238095
2.059047619047619
2.2600000000000002
2.775714285714286
3.9257142857142857
3.1085714285714285
2.973333333333333
3.2695238095238093
3.238095238095238
3.086666666666667
3.486190476190476
3.773333333333333
3.6676190476190476
4.105238095238095
4.577142857142857
3.637142857142857
3.380952380952381
3.4740909090909087
3.580909090909091
3.872727272727273
3.8236363636363637
3.6254545454545455
3.8840909090909093
3.9786363636363635
3.8400000000000003
3.8454545454545452
3.8045454545454547
4.507272727272727
4.956363636363637
5.056818181818182
4.837272727272727
4.542727272727273
4.222727272727273
4.98590909090909
4.845
4.571818181818181
4.500909090909091
5.288181818181818
5.878181818181818
5.091818181818182
4.638636363636364
4.455909090909091
5.2
5.336818181818182
5.177272727272728
5.244545454545454
4.622727272727273
4.698636363636364
5.112272727272727
6.145454545454545
6.552272727272728
6.925
6.883636363636364
6.388636363636365
5.914545454545455
6.22
6.510454545454545
6.509090909090909
6.512272727272728
6.508181818181819
6.676818181818183
6.777727272727273
7.21409090909091
7.126818181818181
6.778181818181818
7.128181818181818
7.330909090909091
7.409545454545454
7.538181818181818
7.113181818181818
7.179545454545454
7.530454545454545
7.695454545454544
7.589545454545455
7.630909090909091
7.555000000000001
7.165909090909091
7.526818181818182
7.930000000000001
7.960909090909092
8.161363636363637
8.290909090909091
8.446363636363635
8.347727272727273
8.424999999999999
8.404545454545454
8.715
8.742727272727272
8.977272727272727
9.247727272727273
9.854545454545455
9.785
9.645909090909091
9.315909090909091
9.362727272727271
9.786363636363637
9.942272727272726
9.93590909090909
10.112727272727271
10.242727272727272
9.931818181818182
9.459545454545454
9.518181818181818
9.526818181818182
9.737272727272726
10.085909090909091
10.674090909090909
10.490909090909092
10.337727272727273
10.420454545454545
10.295454545454545
10.377727272727272
10.57
10.709090909090909
10.938181818181818
11.402727272727274
11.134545454545455
11.371818181818183
11.334090909090909
11.395454545454545
11.795
11.87
11.91590909090909
12.165454545454544
11.693636363636363
11.652727272727274
11.635
11.646818181818183
11.90181818181818
11.818636363636363
12.056818181818182
11.576363636363636
11.321363636363635
11.367272727272727
11.815
11.910909090909092
12.336818181818181
12.246363636363638
12.239090909090908
12.672727272727274
12.145
12.325454545454546
12.740909090909092
12.564090909090908
12.523636363636363
12.713181818181818
12.662272727272727
12.413636363636364
12.541818181818183
12.514999999999999
12.657727272727273
12.922272727272729
12.784999999999998
12.872727272727273
13.097272727272726
12.842727272727274
12.773636363636363
12.212272727272728
12.045454545454545
12.30090909090909
12.239090909090908
12.159999999999998
12.319090909090908
12.469999999999999
12.406818181818181
12.206363636363637
12.207272727272727
12.278636363636364
11.759090909090908
12.337272727272728
12.27727272727273
12.137727272727272
11.391818181818183
11.465909090909092
11.35909090909091
11.126363636363637
10.969545454545454
10.732272727272727
11.093181818181819
11.153636363636364
11.190454545454545
11.190454545454545
11.045
11.470454545454546
11.509545454545455
11.648181818181818
11.550454545454544
10.980454545454545
10.780454545454544
10.710454545454546
10.507727272727273
11.081818181818182
10.980454545454545
10.623636363636363
10.442727272727273
9.72409090909091
9.545
9.59681818181818
9.533636363636363
9.561363636363636
9.678181818181818
9.915909090909091
10.597727272727273
10.277727272727272
9.522727272727273
9.31590909090909
9.555454545454545
9.164545454545454
9.520909090909091
9.742272727272727
9.600909090909092
9.417272727272728
9.024285714285714
8.902380952380952
8.622857142857143
7.951428571428571
8.362857142857143
8.325714285714286
8.334761904761905
8.607619047619048
8.50047619047619
7.810476190476191
7.505238095238094
7.5147619047619045
8.01095238095238
8.646190476190476
8.149047619047618
7.008095238095238
6.933333333333333
6.752857142857143
6.614285714285715
6.276190476190477
6.777619047619048
7.064285714285714
6.633333333333334
6.866190476190476
7.077142857142857
6.910952380952381
6.703333333333334
6.650476190476191
6.057619047619047
6.699523809523809
6.707142857142857
6.098571428571428
5.623333333333333
5.892857142857143
5.659523809523809
5.2680952380952375
5.05095238095238
5.866190476190476
5.2004761904761905
4.4609523809523814
5.029047619047619
5.2352380952380955
5.23952380952381
4.8723809523809525
5.480476190476191
5.338571428571429
4.788571428571428
4.019047619047619
3.8985714285714286
4.05095238095238
4.704761904761905
4.545238095238095
3.6476190476190475
4.097619047619047
4.543809523809523
3.654285714285714
4.357142857142857
4.439047619047619
3.933333333333333
3.371904761904762
3.4876190476190474
2.7595238095238095
3.087142857142857
3.0914285714285716
2.444761904761905
2.626190476190476
2.3704761904761904
2.242380952380952
3.043333333333333
4.199047619047619
4.3480952380952385
3.140952380952381
2.087142857142857
2.6342857142857143
2.9361904761904762
2.8652380952380954
2.4171428571428573
2.107142857142857
0.8680952380952381
0.6842857142857144
0.690952380952381
1.5090476190476192
1.6142857142857143
2.7609523809523813
2.538095238095238
1.3380952380952382
0.6542857142857142
0.4404761904761906
-0.22238095238095246
0.018095238095238077
1.071904761904762
1.6685714285714286
