date	precipitation	temperature	discharge_spec
20051216	0.0	9.0	0.83
20051217	0.0	3.28	0.79
20051218	0.18	2.87	0.77
20051219	0.0	5.02	0.75
20051220	0.7	4.05	0.73
20051221	0.11	7.6	0.72
20051222	0.0	7.43	0.72
20051223	0.08	8.12	0.7
20051224	0.0	6.47	0.69
20051225	0.0	3.28	0.67
20051226	0.0	2.04	0.67
20051227	0.0	0.51	0.65
20051228	0.0	-1.65	0.6
20051229	16.81	-1.21	0.73
20051230	5.16	7.28	2.8
20051231	5.54	6.41	1.73
20060101	0.21	7.05	1.28
20060102	0.1	5.83	1.03
20060103	1.77	8.15	0.97
20060104	0.02	5.66	0.92
20060105	0.0	2.01	0.85
20060106	0.08	1.68	0.8
20060107	0.19	1.72	0.77
20060108	7.78	1.91	1.18
20060109	0.36	4.26	1.05
20060110	6.05	7.48	0.99
20060111	0.02	7.14	1.08
20060112	0.28	4.61	0.94
20060113	4.1	7.99	0.89
20060114	0.94	6.84	0.94
20060115	3.12	7.13	0.91
20060116	4.43	7.7	1.21
20060117	0.0	7.95	1.29
20060118	0.0	9.85	1.02
20060119	1.92	9.18	0.93
20060120	0.07	7.8	0.9
20060121	0.0	5.13	0.83
20060122	0.0	2.69	0.8
20060123	0.0	2.35	0.76
20060124	0.0	1.13	0.73
20060125	0.0	0.76	0.7
20060126	0.0	2.42	0.68
20060127	0.1	2.4	0.66
20060128	0.0	1.81	0.65
20060129	0.0	2.95	0.62
20060130	0.0	2.35	0.62
20060131	0.0	1.16	0.6
20060201	0.0	0.72	0.6
20060202	0.0	-0.69	0.59
20060203	0.1	-1.95	0.57
20060204	0.0	2.04	0.57
20060205	0.0	3.0	0.56
20060206	0.0	5.03	0.56
20060207	3.8	7.37	0.58
20060208	0.0	5.98	0.61
20060209	0.0	2.69	0.56
20060210	0.0	0.21	0.54
20060211	7.98	2.19	0.57
20060212	0.1	7.26	0.79
20060213	1.79	7.81	0.67
20060214	25.52	7.85	2.8
20060215	5.18	8.22	2.81
20060216	3.96	6.0	1.69
20060217	0.82	5.7	1.29
20060218	0.82	3.25	1.08
20060219	23.2	4.3	4.54
20060220	0.0	4.54	2.08
20060221	0.31	3.16	1.36
20060222	0.1	2.57	1.14
20060223	4.84	1.19	1.14
20060224	1.39	0.91	1.08
20060225	0.0	2.99	0.97
20060226	0.0	3.27	0.88
20060227	0.04	3.06	0.83
20060228	0.07	2.44	0.83
20060301	0.92	0.23	0.81
20060302	0.0	0.44	0.76
20060303	0.04	1.23	0.74
20060304	0.0	0.61	0.7
20060305	0.0	3.27	0.66
20060306	4.36	4.14	0.66
20060307	5.83	5.82	1.1
20060308	2.92	9.39	1.08
20060309	5.49	7.21	1.28
20060310	0.52	6.03	1.04
20060311	3.65	5.17	0.88
20060312	0.46	2.15	0.92
20060313	0.09	2.94	0.83
20060314	0.66	5.52	0.8
20060315	0.11	5.65	0.78
20060316	0.19	1.86	0.73
20060317	0.0	2.24	0.7
20060318	0.0	2.43	0.67
20060319	0.0	4.5	0.65
20060320	0.11	4.46	0.64
20060321	0.0	3.65	0.61
20060322	0.0	2.92	0.6
20060323	19.41	4.05	0.91
20060324	4.43	8.91	1.66
20060325	9.19	9.5	2.56
20060326	10.07	10.68	2.69
20060327	1.7	9.81	1.66
20060328	2.19	8.4	1.29
20060329	15.14	8.83	2.99
20060330	3.09	10.51	2.07
20060331	2.43	10.18	1.47
20060401	4.75	9.37	1.42
20060402	0.7	8.64	1.3
20060403	0.0	7.46	1.06
20060404	0.0	4.92	0.97
20060405	0.0	4.28	0.89
20060406	0.0	5.25	0.84
20060407	2.46	7.48	0.84
20060408	0.0	7.08	0.8
20060409	0.01	5.1	0.75
20060410	0.0	4.56	0.71
20060411	3.3	5.63	0.76
20060412	0.0	8.44	0.73
20060413	0.09	10.2	0.7
20060414	0.0	10.09	0.69
20060415	0.0	9.89	0.68
20060416	0.0	9.89	0.66
20060417	0.0	9.06	0.64
20060418	0.26	8.84	0.64
20060419	2.58	9.76	0.64
20060420	1.87	10.19	0.66
20060421	0.0	12.52	0.64
20060422	0.85	10.75	0.6
20060423	0.0	10.12	0.61
20060424	0.0	10.87	0.6
20060425	0.0	10.68	0.59
20060426	0.3	11.21	0.57
20060427	0.0	11.6	0.55
20060428	0.0	10.52	0.56
20060429	0.0	10.01	0.56
20060430	8.04	8.67	0.65
20060501	0.0	9.68	0.74
20060502	0.25	9.44	0.61
20060503	0.0	12.16	0.57
20060504	1.96	15.06	0.56
20060505	0.0	12.04	0.54
20060506	0.48	9.64	0.54
20060507	14.44	11.02	0.8
20060508	0.14	10.56	0.8
20060509	0.0	11.36	0.62
20060510	0.1	13.36	0.56
20060511	0.0	14.15	0.54
20060512	0.0	14.1	0.5
20060513	0.0	12.32	0.49
20060514	2.1	11.87	0.48
20060515	0.08	12.23	0.5
20060516	3.94	12.24	0.62
20060517	13.55	12.37	1.1
20060518	2.75	12.71	0.76
20060519	19.52	11.84	1.73
20060520	9.18	11.15	1.09
20060521	21.72	11.58	4.49
20060522	0.4	10.69	2.3
20060523	3.99	9.31	1.12
20060524	21.05	10.4	4.65
20060525	0.0	12.9	1.73
20060526	0.11	13.34	1.15
20060527	0.28	12.73	0.88
20060528	0.04	11.83	0.85
20060529	0.01	10.65	0.75
20060530	0.0	9.59	0.67
20060531	0.0	10.2	0.63
20060601	0.0	12.42	0.59
20060602	0.0	14.09	0.56
20060603	0.0	16.13	0.53
20060604	0.0	16.03	0.51
20060605	0.0	15.6	0.5
20060606	0.0	14.15	0.5
20060607	0.0	16.32	0.5
20060608	0.0	18.27	0.47
20060609	0.0	19.11	0.44
20060610	0.0	19.34	0.44
20060611	0.7	18.08	0.47
20060612	0.0	18.17	0.52
20060613	3.99	15.14	0.46
20060614	0.0	15.1	0.46
20060615	0.0	15.22	0.45
20060616	0.0	16.09	0.44
20060617	0.0	17.64	0.43
20060618	0.11	15.98	0.43
20060619	0.0	15.2	0.43
20060620	0.28	15.48	0.4
20060621	0.3	14.06	0.4
20060622	0.0	13.6	0.39
20060623	0.0	13.74	0.39
20060624	0.0	15.86	0.38
20060625	17.93	16.14	0.66
20060626	3.04	13.66	0.65
20060627	0.0	14.44	0.38
20060628	0.0	15.65	0.43
20060629	0.0	16.32	0.41
20060630	0.0	17.81	0.4
20060701	0.0	20.21	0.38
20060702	0.16	22.0	0.37
20060703	0.0	22.26	0.45
20060704	0.0	21.37	0.37
20060705	4.97	17.34	0.4
20060706	3.03	17.88	0.44
20060707	0.26	16.64	0.34
20060708	5.34	15.93	0.36
20060709	1.06	16.34	0.39
20060710	3.14	16.54	0.44
20060711	0.0	16.74	0.4
20060712	0.0	16.02	0.37
20060713	0.0	18.11	0.36
20060714	0.0	17.18	0.34
20060715	0.0	18.23	0.34
20060716	0.0	20.09	0.33
20060717	0.0	21.99	0.32
20060718	0.0	23.48	0.31
20060719	0.0	22.9	0.3
20060720	0.0	20.54	0.32
20060721	0.0	19.87	0.32
20060722	4.5	19.26	0.33
20060723	0.0	18.6	0.34
20060724	0.0	19.13	0.32
20060725	0.02	21.06	0.31
20060726	0.0	20.77	0.3
20060727	0.0	20.14	0.29
20060728	0.0	18.39	0.3
20060729	9.74	17.53	0.38
20060730	0.81	17.66	0.34
20060731	7.49	17.0	0.35
20060801	3.25	16.72	0.35
20060802	0.11	16.57	0.31
20060803	0.0	17.95	0.3
20060804	0.11	17.77	0.3
20060805	0.0	19.51	0.32
20060806	0.19	20.41	0.31
20060807	0.0	19.18	0.3
20060808	1.48	17.93	0.3
20060809	0.0	17.06	0.3
20060810	0.36	15.56	0.29
20060811	1.67	15.19	0.33
20060812	0.0	15.68	0.3
20060813	0.07	14.95	0.29
20060814	0.0	16.21	0.29
20060815	0.07	15.14	0.3
20060816	4.15	15.96	0.3
20060817	3.65	16.44	0.37
20060818	14.41	15.76	0.48
20060819	0.16	16.11	0.37
20060820	0.84	16.07	0.33
20060821	0.11	16.02	0.31
20060822	2.99	14.86	0.39
20060823	11.0	15.8	0.58
20060824	0.07	15.34	0.38
20060825	0.06	14.06	0.34
20060826	0.0	16.63	0.32
20060827	0.15	16.33	0.31
20060828	0.05	15.67	0.29
20060829	0.22	14.84	0.3
20060830	0.8	14.35	0.3
20060831	0.0	17.52	0.32
20060901	3.06	16.89	0.32
20060902	2.94	16.52	0.37
20060903	0.08	18.75	0.33
20060904	0.0	17.36	0.31
20060905	0.0	19.31	0.31
20060906	0.0	18.49	0.31
20060907	0.0	15.95	0.29
20060908	0.0	14.53	0.28
20060909	0.0	15.67	0.28
20060910	0.0	16.41	0.27
20060911	0.65	17.06	0.3
20060912	0.0	17.17	0.31
20060913	6.65	17.36	0.32
20060914	2.4	15.66	0.39
20060915	0.0	15.67	0.33
20060916	0.0	15.46	0.31
20060917	0.89	15.41	0.32
20060918	0.0	15.48	0.32
20060919	0.0	14.97	0.3
20060920	0.0	16.93	0.3
20060921	0.31	18.89	0.28
20060922	1.69	15.91	0.29
20060923	3.39	17.2	0.31
20060924	0.01	16.18	0.32
20060925	0.0	14.77	0.3
20060926	0.0	14.81	0.3
20060927	5.53	15.46	0.3
20060928	5.15	16.33	0.33
20060929	11.41	14.59	0.43
20060930	5.32	14.66	0.38
20061001	3.48	15.04	0.36
20061002	1.1	14.01	0.38
20061003	0.0	11.53	0.33
20061004	2.56	10.72	0.32
20061005	11.75	13.36	0.44
20061006	1.68	15.08	0.47
20061007	0.0	12.67	0.26
20061008	9.29	13.59	0.4
20061009	1.25	15.57	0.4
20061010	10.59	15.67	0.47
20061011	3.72	14.71	0.61
20061012	0.4	12.39	0.4
20061013	0.05	13.36	0.37
20061014	0.0	13.12	0.35
20061015	0.13	14.2	0.39
20061016	0.18	13.91	0.36
20061017	6.97	14.06	0.45
20061018	19.93	15.11	0.99
20061019	47.07	14.36	3.37
20061020	5.81	13.3	1.7
20061021	3.97	13.79	1.05
20061022	18.46	13.1	2.3
20061023	28.96	10.74	4.83
20061024	1.54	11.66	2.67
20061025	7.68	13.04	1.7
20061026	0.0	13.7	1.15
20061027	1.18	10.02	0.86
20061028	3.45	14.65	0.78
20061029	0.31	14.17	0.79
20061030	1.09	14.0	0.72
20061031	0.0	11.72	0.61
20061101	0.0	5.71	0.44
20061102	0.0	3.11	0.5
20061103	0.0	3.91	0.49
20061104	0.0	4.14	0.48
20061105	0.0	5.68	0.47
20061106	0.0	5.97	0.47
20061107	0.0	7.94	0.54
20061108	0.75	11.21	0.45
20061109	0.0	7.26	0.4
20061110	4.17	8.7	0.54
20061111	0.01	10.82	0.41
20061112	0.4	10.95	0.43
20061113	1.44	12.85	0.43
20061114	2.37	12.35	0.45
20061115	8.92	13.28	0.48
20061116	11.98	9.28	0.91
20061117	10.57	7.92	3.56
20061118	0.69	5.77	1.34
20061119	16.12	6.51	1.37
20061120	0.2	10.4	1.99
20061121	1.41	6.61	1.15
20061122	13.93	8.59	1.48
20061123	1.15	10.35	1.74
20061124	22.87	10.98	2.17
20061125	6.78	9.59	3.03
20061126	9.36	11.16	1.91
20061127	5.8	12.19	1.91
20061128	0.1	10.38	1.57
20061129	0.08	9.67	1.22
20061130	10.48	10.46	1.14
20061201	8.64	11.73	2.67
20061202	11.24	9.78	1.96
20061203	0.94	9.15	2.87
20061204	3.92	10.93	1.57
20061205	1.55	11.44	1.49
20061206	16.07	8.64	1.73
20061207	0.94	9.77	2.28
20061208	0.1	7.14	1.39
20061209	0.14	5.14	1.12
20061210	15.45	6.41	1.22
20061211	2.87	9.22	2.42
20061212	1.73	8.47	1.47
20061213	1.07	11.21	1.22
20061214	0.0	11.35	1.09
20061215	4.94	11.23	1.04
20061216	0.0	5.68	1.03
20061217	1.84	5.48	0.95
20061218	3.36	6.93	1.15
20061219	0.08	4.6	0.98
20061220	0.0	0.74	0.9
20061221	0.0	0.27	0.84
20061222	0.16	0.27	0.8
20061223	0.0	2.1	0.78
20061224	0.04	3.68	0.74
20061225	0.16	4.85	0.73
20061226	0.0	4.03	0.71
20061227	0.86	6.36	0.71
20061228	4.47	9.06	0.72
20061229	28.75	9.72	3.37
20061230	11.29	10.27	4.97
20061231	13.11	10.0	3.19
20070101	3.76	6.94	2.9
20070102	0.33	7.04	1.82
20070103	7.95	9.87	1.67
20070104	0.12	8.99	1.48
20070105	3.87	8.9	1.28
20070106	6.24	7.37	2.17
20070107	11.43	9.86	2.51
20070108	6.55	9.71	3.01
20070109	17.76	11.78	3.56
20070110	0.29	8.41	3.33
20070111	2.88	9.86	2.26
20070112	1.04	10.19	1.7
20070113	0.62	9.84	1.5
20070114	0.0	6.62	1.31
20070115	9.05	8.84	1.24
20070116	15.21	10.51	2.48
20070117	8.82	9.14	3.31
20070118	2.17	11.2	2.69
20070119	5.32	11.57	1.7
20070120	3.28	8.65	1.63
20070121	0.6	6.03	1.36
20070122	0.0	3.07	1.13
20070123	1.95	1.01	0.98
20070124	0.11	2.51	1.24
20070125	0.0	1.01	1.15
20070126	0.0	3.43	1.11
20070127	0.0	7.16	1.06
20070128	0.0	6.7	1.03
20070129	0.0	7.39	1.01
20070130	0.0	6.7	0.98
20070131	0.0	7.02	0.95
20070201	0.31	9.18	0.94
20070202	0.0	8.45	0.91
20070203	0.0	4.24	0.89
20070204	0.0	3.91	0.88
20070205	0.0	2.46	0.87
20070206	0.0	1.49	0.85
20070207	9.39	1.06	0.92
20070208	2.54	3.88	1.15
20070209	12.85	2.95	1.92
20070210	12.28	6.73	2.96
20070211	11.59	8.58	3.54
20070212	3.41	8.19	2.72
20070213	20.37	7.48	6.2
20070214	0.1	7.24	3.05
20070215	6.32	8.39	2.05
20070216	2.08	8.25	2.33
20070217	2.29	6.96	1.75
20070218	0.93	6.92	1.52
20070219	11.2	8.31	1.83
20070220	0.74	9.5	1.89
20070221	23.22	8.47	1.99
20070222	17.39	9.3	6.14
20070223	16.64	8.86	10.51
20070224	5.83	8.63	4.7
20070225	0.1	7.61	2.85
20070226	2.24	8.08	2.12
20070227	4.16	9.47	2.32
20070228	6.39	9.28	2.19
20070301	0.0	6.9	1.89
20070302	10.25	6.07	2.51
20070303	10.16	8.09	2.05
20070304	21.54	8.29	8.76
20070305	18.05	8.12	5.72
20070306	1.67	9.5	3.97
20070307	0.42	7.42	2.48
20070308	2.6	8.06	2.07
20070309	0.22	8.7	1.85
20070310	0.01	8.04	1.66
20070311	0.0	9.51	1.53
20070312	0.0	9.49	1.4
20070313	0.0	7.71	1.28
20070314	0.0	7.17	1.21
20070315	0.84	7.07	1.17
20070316	0.0	8.53	1.13
20070317	0.28	9.91	1.11
20070318	3.66	6.9	1.11
20070319	0.2	4.02	1.08
20070320	0.0	3.74	0.99
20070321	2.96	2.84	0.97
20070322	0.19	5.37	0.99
20070323	0.0	7.3	0.89
20070324	0.0	6.07	0.85
20070325	0.06	8.01	0.85
20070326	0.0	8.19	0.84
20070327	0.0	9.02	0.83
20070328	0.0	8.44	0.83
20070329	3.93	6.07	0.83
20070330	0.83	5.64	0.83
20070331	0.0	9.44	0.83
20070401	0.0	9.51	0.83
20070402	0.0	11.27	0.83
20070403	0.0	7.0	0.83
20070404	0.0	6.58	0.76
20070405	0.0	8.01	0.82
20070406	0.0	10.07	0.83
20070407	0.0	9.5	0.82
20070408	0.0	9.31	0.82
20070409	0.0	9.48	0.82
20070410	0.0	11.55	0.82
20070411	0.0	11.26	0.82
20070412	0.0	12.96	0.81
20070413	0.05	12.95	0.81
20070414	0.0	15.07	0.81
20070415	0.0	14.39	0.79
20070416	0.0	14.81	0.78
20070417	0.0	12.15	0.76
20070418	0.0	10.37	0.76
20070419	0.0	10.47	0.75
20070420	0.0	10.96	0.71
20070421	0.0	11.22	0.69
20070422	0.28	11.63	0.69
20070423	11.65	12.31	0.79
20070424	0.91	12.72	0.94
20070425	0.0	12.23	0.75
20070426	0.19	12.42	0.69
20070427	0.0	13.39	0.67
20070428	0.0	14.07	0.65
20070429	0.0	13.77	0.64
20070430	0.0	14.48	0.62
20070501	0.0	15.03	0.59
20070502	0.0	14.8	0.57
20070503	0.0	11.83	0.57
20070504	0.0	10.45	0.58
20070505	0.0	10.44	0.59
20070506	1.96	13.0	0.6
20070507	1.5	13.3	0.64
20070508	5.5	12.03	0.63
20070509	2.77	11.71	0.71
20070510	12.53	10.94	1.03
20070511	9.03	10.77	0.85
20070512	3.65	12.17	0.79
20070513	27.24	11.24	2.97
20070514	4.11	10.9	1.15
20070515	3.09	11.52	1.18
20070516	0.83	11.94	0.8
20070517	0.0	15.92	0.78
20070518	0.0	12.85	0.72
20070519	0.0	11.54	0.67
20070520	0.38	11.33	0.62
20070521	0.0	12.38	0.62
20070522	0.0	13.45	0.59
20070523	0.0	14.75	0.57
20070524	0.0	15.87	0.56
20070525	0.0	14.48	0.56
20070526	4.81	10.86	0.56
20070527	18.91	8.7	1.09
20070528	0.13	8.19	0.85
20070529	6.99	9.13	0.68
20070530	5.96	11.29	1.11
20070531	4.04	12.68	0.73
20070601	0.0	13.56	0.67
20070602	0.0	14.32	0.61
20070603	0.0	14.99	0.57
20070604	0.0	15.91	0.55
20070605	0.0	16.41	0.52
20070606	0.0	14.68	0.51
20070607	0.0	14.43	0.5
20070608	0.0	16.61	0.51
20070609	0.0	17.25	0.5
20070610	0.0	18.34	0.49
20070611	0.0	16.33	0.5
20070612	0.0	16.11	0.5
20070613	3.38	15.04	0.53
20070614	6.3	15.77	0.67
20070615	0.16	14.74	0.49
20070616	1.14	14.8	0.5
20070617	6.26	14.23	0.59
20070618	0.43	14.77	0.66
20070619	7.63	16.76	0.72
20070620	2.36	15.13	0.52
20070621	2.82	14.34	0.58
20070622	1.59	14.8	0.69
20070623	6.11	14.71	0.48
20070624	14.63	12.71	1.23
20070625	8.72	12.39	2.46
20070626	0.12	12.66	0.96
20070627	4.94	12.66	0.8
20070628	11.37	13.21	0.84
20070629	7.91	15.34	1.36
20070630	25.21	15.02	5.54
20070701	1.24	14.95	2.32
20070702	7.09	14.32	1.54
20070703	5.72	14.1	2.05
20070704	1.13	14.23	1.28
20070705	3.99	14.16	1.22
20070706	0.0	14.79	0.84
20070707	0.0	14.52	0.79
20070708	4.42	13.41	0.83
20070709	9.5	13.33	1.05
20070710	0.0	14.18	1.01
20070711	0.69	15.55	0.7
20070712	0.11	16.06	0.66
20070713	9.03	16.25	0.9
20070714	1.37	16.14	0.89
20070715	0.86	15.52	0.78
20070716	9.99	15.92	1.03
20070717	0.79	15.54	0.89
20070718	0.0	16.05	0.76
20070719	1.84	15.28	0.74
20070720	1.67	14.04	0.83
20070721	2.42	13.34	0.63
20070722	4.83	14.11	0.67
20070723	3.89	14.4	1.01
20070724	0.06	15.68	0.78
20070725	5.41	15.31	1.04
20070726	12.75	15.31	2.64
20070727	2.15	15.52	1.17
20070728	8.76	15.46	1.47
20070729	0.02	15.03	1.04
20070730	0.0	13.92	0.84
20070731	0.0	14.53	0.71
20070801	0.0	15.44	0.64
20070802	7.38	15.01	0.84
20070803	0.02	15.81	0.66
20070804	0.0	17.27	0.61
20070805	0.38	18.02	0.57
20070806	0.71	15.6	0.54
20070807	1.54	14.18	0.62
20070808	0.01	14.78	0.53
20070809	0.0	15.2	0.5
20070810	0.0	15.35	0.49
20070811	0.0	16.18	0.48
20070812	0.0	15.84	0.48
20070813	28.55	15.42	0.82
20070814	12.51	16.66	3.56
20070815	2.32	16.16	2.12
20070816	1.07	13.92	1.13
20070817	0.85	14.48	0.88
20070818	7.15	15.23	0.86
20070819	0.89	13.98	0.91
20070820	11.68	12.83	1.99
20070821	0.18	15.02	0.97
20070822	0.0	17.61	0.79
20070823	0.0	17.66	0.67
20070824	0.0	17.18	0.61
20070825	0.0	17.38	0.59
20070826	0.0	17.05	0.56
20070827	0.0	14.52	0.54
20070828	0.0	14.94	0.52
20070829	0.0	14.43	0.51
20070830	0.0	14.7	0.5
20070831	0.0	15.25	0.5
20070901	0.0	15.83	0.5
20070902	0.0	15.92	0.49
20070903	0.0	15.25	0.48
20070904	0.0	13.53	0.47
20070905	0.0	15.92	0.47
20070906	0.0	16.85	0.47
20070907	0.0	17.49	0.48
20070908	0.0	15.31	0.47
20070909	0.0	15.49	0.47
20070910	0.0	15.53	0.46
20070911	0.0	13.65	0.45
20070912	0.0	14.03	0.45
20070913	0.0	14.75	0.45
20070914	1.06	14.31	0.47
20070915	0.0	12.98	0.46
20070916	0.05	13.64	0.46
20070917	0.0	12.24	0.45
20070918	0.18	10.01	0.43
20070919	0.21	13.77	0.44
20070920	0.58	15.72	0.43
20070921	0.0	15.87	0.43
20070922	0.0	15.6	0.43
20070923	16.09	15.45	0.56
20070924	0.93	13.49	0.56
20070925	1.24	11.7	0.49
20070926	0.38	9.36	0.45
20070927	0.03	8.77	0.43
20070928	1.9	11.4	0.44
20070929	3.84	13.04	0.47
20070930	18.54	12.81	0.62
20071001	3.36	13.01	1.31
20071002	0.1	13.0	0.62
20071003	0.0	13.54	0.52
20071004	0.0	13.07	0.48
20071005	0.0	11.49	0.46
20071006	0.0	11.63	0.45
20071007	0.0	12.26	0.44
20071008	1.58	12.6	0.54
20071009	5.69	13.55	0.46
20071010	0.0	13.07	0.47
20071011	0.0	11.23	0.46
20071012	0.64	13.57	0.45
20071013	0.0	14.59	0.45
20071014	0.0	13.72	0.54
20071015	3.89	13.29	0.44
20071016	21.13	14.1	1.56
20071017	0.0	10.76	0.85
20071018	0.0	7.92	0.63
20071019	0.0	7.18	0.54
20071020	0.0	7.77	0.5
20071021	0.0	7.93	0.49
20071022	0.0	9.28	0.48
20071023	0.0	8.17	0.46
20071024	0.0	7.5	0.45
20071025	0.28	8.98	0.46
20071026	0.19	9.96	0.46
20071027	3.97	12.48	0.46
20071028	9.47	13.56	0.99
20071029	0.0	9.79	0.67
20071030	0.0	9.8	0.53
20071031	0.0	10.52	0.5
20071101	0.0	12.63	0.48
20071102	0.0	11.13	0.47
20071103	0.0	10.26	0.47
20071104	0.0	9.19	0.46
20071105	0.0	8.6	0.46
20071106	0.0	8.33	0.45
20071107	0.0	10.29	0.45
20071108	2.04	10.45	0.46
20071109	0.0	8.7	0.45
20071110	0.0	10.65	0.45
20071111	0.0	10.29	0.44
20071112	0.01	3.1	0.43
20071113	0.0	7.92	0.44
20071114	0.0	6.57	0.43
20071115	0.0	2.49	0.43
20071116	0.75	3.26	0.43
20071117	24.5	6.89	0.62
20071118	26.17	6.8	7.07
20071119	25.94	6.66	9.6
20071120	24.42	7.14	11.47
20071121	10.25	8.11	3.51
20071122	0.0	7.21	2.1
20071123	0.0	3.56	1.44
20071124	0.0	3.91	1.22
20071125	0.0	9.14	1.08
20071126	0.03	9.7	1.0
20071127	0.19	9.17	0.95
20071128	9.44	9.33	1.23
20071129	0.23	8.23	1.4
20071130	13.49	11.05	2.56
20071201	8.58	7.97	1.74
20071202	8.46	9.77	2.83
20071203	1.3	8.47	1.64
20071204	11.01	10.88	1.46
20071205	3.64	11.63	3.35
20071206	7.24	12.59	2.21
20071207	12.91	8.64	2.17
20071208	21.02	8.43	11.06
20071209	3.13	7.74	3.06
20071210	0.0	5.89	1.83
20071211	0.0	1.58	1.52
20071212	0.0	3.08	1.37
20071213	0.0	3.82	1.26
20071214	0.0	3.61	1.19
20071215	0.0	2.2	1.13
20071216	0.0	1.18	1.07
20071217	0.0	1.29	1.03
20071218	0.0	1.42	0.99
20071219	0.0	1.43	0.97
20071220	0.04	0.33	0.95
20071221	0.0	1.77	0.93
20071222	0.0	4.71	0.92
20071223	0.0	2.55	0.9
20071224	16.32	9.24	1.7
20071225	1.93	7.31	2.81
20071226	0.78	6.98	1.39
20071227	0.0	10.64	1.22
20071228	7.73	9.88	1.65
20071229	1.62	6.97	1.46
20071230	0.0	5.93	1.21
20071231	1.35	7.27	1.18
20080101	0.08	6.93	1.14
20080102	0.0	4.04	1.06
20080103	0.07	1.29	1.0
20080104	11.97	5.66	2.23
20080105	0.66	6.17	1.54
20080106	4.3	5.39	1.47
20080107	4.75	7.1	1.44
20080108	4.39	8.35	2.12
20080109	0.29	6.68	1.55
20080110	17.31	9.08	1.6
20080111	15.68	5.52	11.27
20080112	5.47	6.06	3.45
20080113	9.13	9.1	2.89
20080114	21.55	8.19	4.97
20080115	6.97	8.56	9.88
20080116	5.57	5.05	3.56
20080117	4.69	7.89	2.83
20080118	1.78	10.37	2.62
20080119	0.66	11.76	2.14
20080120	0.0	11.43	1.85
20080121	2.73	10.34	1.8
20080122	0.11	6.98	1.62
20080123	0.47	10.31	1.53
20080124	0.0	7.91	1.41
20080125	0.07	7.48	1.33
20080126	0.22	6.89	1.28
20080127	0.11	5.86	1.22
20080128	0.0	5.55	1.18
20080129	1.0	7.86	1.14
20080130	1.43	5.1	1.12
20080131	4.98	6.98	1.42
20080201	0.0	4.17	1.16
20080202	1.93	3.44	1.1
20080203	16.39	6.25	3.28
20080204	12.9	5.6	4.59
20080205	3.44	10.04	3.01
20080206	0.28	7.18	1.82
20080207	0.12	8.19	1.58
20080208	0.18	7.33	1.44
20080209	0.11	6.49	1.32
20080210	0.08	5.21	1.23
20080211	0.0	5.62	1.16
20080212	0.0	6.38	1.09
20080213	0.0	5.4	1.04
20080214	0.0	3.26	1.0
20080215	0.08	3.64	0.97
20080216	0.0	1.81	0.93
20080217	0.06	1.51	0.91
20080218	0.08	3.1	0.91
20080219	0.08	3.12	0.89
20080220	0.03	3.53	0.85
20080221	0.16	8.07	0.83
20080222	0.42	9.57	0.83
20080223	0.1	8.99	0.83
20080224	0.58	8.23	0.83
20080225	7.98	5.44	0.95
20080226	0.37	8.87	1.19
20080227	1.97	6.54	0.95
20080228	0.11	6.61	0.93
20080229	1.16	6.69	0.9
20080301	0.28	9.78	0.84
20080302	0.1	9.3	0.83
20080303	1.02	4.29	0.82
20080304	0.17	4.2	0.82
20080305	0.0	3.98	0.81
20080306	0.72	8.24	0.8
20080307	0.03	7.39	0.8
20080308	3.53	7.76	0.82
20080309	13.47	6.12	1.27
20080310	6.81	6.89	2.72
20080311	3.2	8.63	1.58
20080312	0.0	7.19	1.17
20080313	5.1	7.68	1.16
20080314	0.01	8.74	1.16
20080315	20.54	9.51	4.04
20080316	3.72	7.26	3.79
20080317	0.0	5.19	1.63
20080318	0.0	3.87	1.33
20080319	0.0	4.89	1.17
20080320	0.64	6.03	1.01
20080321	0.56	6.87	1.05
20080322	0.34	3.52	0.97
20080323	1.91	3.33	1.01
20080324	0.0	4.41	0.93
20080325	0.2	5.54	0.88
20080326	1.67	6.65	0.89
20080327	4.69	5.79	0.89
20080328	4.2	7.92	1.46
20080329	10.7	7.9	2.03
20080330	0.56	8.45	1.39
20080331	1.04	8.65	1.01
20080401	0.0	10.33	1.02
20080402	0.08	10.52	0.96
20080403	0.01	11.53	0.92
20080404	0.4	8.57	0.89
20080405	0.73	7.36	0.87
20080406	0.27	2.51	0.86
20080407	0.04	3.15	0.84
20080408	0.11	3.81	0.81
20080409	0.0	4.72	0.8
20080410	0.92	5.6	0.79
20080411	0.81	7.24	0.78
20080412	5.17	7.61	0.86
20080413	2.92	7.27	0.96
20080414	0.17	6.73	0.83
20080415	0.0	5.64	0.78
20080416	0.0	6.43	0.76
20080417	0.0	6.96	0.72
20080418	2.69	6.83	0.74
20080419	2.45	7.28	0.82
20080420	9.41	9.86	0.9
20080421	2.89	10.05	1.38
20080422	4.32	9.98	0.86
20080423	0.34	11.14	0.99
20080424	0.35	10.59	0.83
20080425	0.0	10.89	0.79
20080426	0.0	12.75	0.75
20080427	2.21	11.02	0.83
20080428	4.81	9.08	0.84
20080429	15.06	7.24	2.32
20080430	0.33	7.02	1.32
20080501	0.97	9.43	0.86
20080502	0.0	10.05	0.88
20080503	0.23	13.44	0.81
20080504	1.98	14.97	0.82
20080505	0.83	14.28	0.79
20080506	0.0	15.5	0.73
20080507	0.0	16.68	0.69
20080508	2.26	16.81	0.7
20080509	0.05	15.23	0.66
20080510	0.17	16.69	0.63
20080511	0.03	17.74	0.6
20080512	0.0	18.04	0.58
20080513	0.0	16.51	0.56
20080514	14.23	14.83	0.81
20080515	2.73	11.02	0.93
20080516	1.28	11.07	0.65
20080517	2.07	11.53	0.73
20080518	0.0	11.38	0.64
20080519	0.0	9.44	0.59
20080520	0.0	10.08	0.58
20080521	0.0	11.53	0.55
20080522	0.1	13.16	0.54
20080523	0.0	14.61	0.53
20080524	5.18	15.4	0.53
20080525	15.5	12.49	0.7
20080526	12.99	11.63	1.56
20080527	11.16	12.91	1.16
20080528	17.02	12.48	5.65
20080529	3.26	13.46	1.5
20080530	0.24	14.59	1.08
20080531	0.01	14.99	0.79
20080601	0.03	15.04	0.79
20080602	10.64	14.33	1.05
20080603	0.0	13.35	1.01
20080604	0.28	12.52	0.8
20080605	0.08	12.68	0.61
20080606	0.0	12.81	0.65
20080607	0.0	13.16	0.61
20080608	0.0	16.24	0.58
20080609	0.0	17.71	0.56
20080610	0.0	17.38	0.54
20080611	2.03	15.27	0.54
20080612	0.0	13.18	0.53
20080613	0.0	12.05	0.51
20080614	0.0	12.6	0.51
20080615	1.09	12.23	0.51
20080616	0.0	12.61	0.51
20080617	0.0	12.68	0.5
20080618	3.28	14.03	0.52
20080619	0.0	14.52	0.51
20080620	6.73	13.29	0.56
20080621	6.08	15.36	0.68
20080622	0.0	14.99	0.58
20080623	0.0	14.02	0.5
20080624	0.02	14.95	0.49
20080625	0.0	15.36	0.48
20080626	0.79	14.39	0.48
20080627	0.18	15.43	0.5
20080628	0.0	16.02	0.48
20080629	0.0	15.11	0.47
20080630	0.0	14.45	0.46
20080701	0.49	16.29	0.47
20080702	5.01	14.66	0.52
20080703	3.44	14.44	0.5
20080704	5.83	13.72	0.53
20080705	25.16	14.96	0.92
20080706	5.5	14.21	1.08
20080707	4.03	14.37	0.76
20080708	34.98	13.96	1.22
20080709	23.27	14.6	9.46
20080710	0.3	14.97	1.89
20080711	1.32	14.47	1.07
20080712	0.0	12.93	0.93
20080713	0.0	14.25	0.78
20080714	0.09	15.36	0.73
20080715	0.0	17.4	0.68
20080716	0.16	15.91	0.62
20080717	0.26	15.04	0.61
20080718	1.59	15.53	0.63
20080719	0.0	15.73	0.58
20080720	0.0	14.18	0.53
20080721	0.0	14.17	0.52
20080722	0.08	15.66	0.53
20080723	0.0	18.35	0.51
20080724	0.0	20.09	0.48
20080725	0.0	17.86	0.49
20080726	0.0	17.49	0.48
20080727	0.0	18.5	0.46
20080728	0.8	19.33	0.55
20080729	1.5	16.33	0.49
20080730	0.0	17.38	0.47
20080731	7.77	17.45	0.57
20080801	7.02	16.45	0.47
20080802	2.66	17.15	0.58
20080803	3.41	15.89	0.62
20080804	11.12	15.37	0.61
20080805	7.07	16.43	1.1
20080806	0.69	17.58	0.77
20080807	0.24	16.88	0.59
20080808	1.1	16.49	0.52
20080809	19.21	15.17	1.62
20080810	0.01	16.0	0.99
20080811	12.35	15.11	1.15
20080812	1.15	14.74	1.27
20080813	4.7	13.75	0.92
20080814	0.01	13.79	0.61
20080815	1.38	13.35	0.6
20080816	7.09	14.88	0.79
20080817	7.71	14.79	0.88
20080818	1.23	15.57	1.11
20080819	0.56	15.54	0.84
20080820	3.73	15.28	0.81
20080821	0.19	15.86	0.72
20080822	0.0	15.03	0.61
20080823	9.63	13.73	0.67
20080824	0.0	15.57	0.93
20080825	0.0	16.2	0.69
20080826	0.0	16.02	0.62
20080827	0.46	16.19	0.58
20080828	0.0	16.27	0.58
20080829	0.0	17.44	0.56
20080830	1.43	18.3	0.54
20080831	0.24	14.99	0.56
20080901	9.61	14.78	0.73
20080902	0.3	14.22	0.63
20080903	1.01	13.67	0.54
20080904	21.43	13.93	1.0
20080905	12.1	14.66	4.7
20080906	5.6	14.1	1.85
20080907	0.0	13.81	1.18
20080908	11.98	12.97	1.11
20080909	7.01	14.8	3.26
20080910	3.33	15.83	1.43
20080911	0.09	14.79	1.16
20080912	9.4	12.9	2.85
20080913	0.05	13.66	1.31
20080914	0.0	13.18	1.09
20080915	0.0	13.35	0.96
20080916	0.0	12.34	0.88
20080917	0.0	12.57	0.82
20080918	0.0	11.88	0.76
20080919	0.04	12.44	0.72
20080920	0.0	12.55	0.69
20080921	0.0	12.19	0.67
20080922	0.0	12.93	0.65
20080923	0.0	12.88	0.6
20080924	0.0	13.22	0.59
20080925	0.0	13.98	0.59
20080926	0.09	12.39	0.57
20080927	0.0	11.34	0.58
20080928	0.01	11.09	0.58
20080929	0.14	11.86	0.64
20080930	2.26	13.33	0.6
20081001	1.98	12.03	0.56
20081002	5.34	9.11	0.5
20081003	0.0	8.4	0.62
20081004	19.24	10.17	0.74
20081005	1.5	13.03	1.98
20081006	14.36	11.58	1.11
20081007	2.72	14.19	2.48
20081008	0.1	10.75	1.01
20081009	0.0	10.49	0.89
20081010	0.0	13.13	0.79
20081011	0.07	12.56	0.73
20081012	0.06	13.87	0.79
20081013	0.03	13.57	0.68
20081014	2.91	13.11	0.67
20081015	0.21	13.04	0.61
20081016	0.0	10.03	0.65
20081017	0.0	8.48	0.63
20081018	0.0	9.91	0.61
20081019	0.78	11.97	0.7
20081020	17.84	12.15	2.14
20081021	0.21	8.89	1.24
20081022	0.34	7.87	0.92
20081023	9.02	11.84	1.03
20081024	0.0	10.06	1.06
20081025	3.85	9.54	0.92
20081026	1.87	11.93	1.29
20081027	1.03	6.46	1.0
20081028	2.79	4.26	1.03
20081029	22.33	3.08	4.61
20081030	0.06	4.91	2.96
20081031	0.1	3.94	1.28
20081101	16.08	4.5	4.99
20081102	0.01	7.51	2.1
20081103	0.44	9.12	1.43
20081104	0.0	9.33	1.22
20081105	0.0	9.03	1.1
20081106	3.97	9.06	1.11
20081107	5.32	9.37	1.21
20081108	7.26	11.01	2.53
20081109	10.22	9.12	2.19
20081110	12.04	8.56	5.41
20081111	0.31	8.45	1.85
20081112	0.0	6.69	1.4
20081113	9.05	7.84	2.58
20081114	0.01	11.14	1.61
20081115	0.08	11.62	1.26
20081116	1.18	10.82	1.32
20081117	3.05	9.1	1.27
20081118	0.0	9.36	1.23
20081119	0.0	9.33	1.12
20081120	0.01	11.15	1.07
20081121	0.0	9.66	1.02
20081122	5.49	6.21	1.02
20081123	2.27	5.66	1.43
20081124	0.0	4.72	1.09
20081125	0.03	3.43	0.99
20081126	0.41	6.31	0.97
20081127	1.29	8.56	0.97
20081128	0.0	3.61	0.96
20081129	1.48	1.64	0.93
20081130	2.74	3.04	1.14
20081201	0.71	2.41	1.01
20081202	2.62	3.34	1.04
20081203	14.9	1.78	1.82
20081204	4.36	6.8	3.74
20081205	0.75	6.08	2.01
20081206	0.0	4.12	1.35
20081207	0.31	1.48	1.2
20081208	3.25	4.25	1.2
20081209	1.12	3.79	1.28
20081210	0.14	1.52	1.16
20081211	0.14	0.56	1.07
20081212	26.92	5.15	4.38
20081213	0.14	6.0	5.32
20081214	0.05	2.66	1.71
20081215	0.03	3.05	1.42
20081216	1.12	3.99	1.32
20081217	0.18	5.64	1.22
20081218	0.94	9.31	1.17
20081219	0.0	6.93	1.12
20081220	0.0	10.59	1.07
20081221	0.0	9.69	1.03
20081222	1.04	8.95	1.01
20081223	0.14	7.96	0.99
20081224	0.0	7.36	0.97
20081225	0.0	5.9	0.94
20081226	0.0	2.97	0.91
20081227	0.14	0.97	0.9
20081228	0.09	0.61	0.88
20081229	0.03	0.61	0.87
20081230	0.08	0.26	0.86
20081231	0.08	-1.45	0.83
20090101	0.0	0.41	0.83
20090102	0.0	1.17	0.82
20090103	0.06	-1.71	0.8
20090104	0.19	-0.56	0.8
20090105	0.06	0.27	0.79
20090106	0.0	-3.68	0.74
20090107	0.08	-1.8	0.73
20090108	0.0	1.45	0.76
20090109	0.1	-1.76	0.73
20090110	0.06	-0.25	0.74
20090111	1.38	7.03	0.77
20090112	5.77	8.7	1.12
20090113	0.97	6.07	0.96
20090114	1.09	3.96	0.91
20090115	6.3	7.22	1.25
20090116	9.49	8.01	2.28
20090117	12.8	8.0	4.65
20090118	10.39	5.08	3.35
20090119	0.29	4.76	2.94
20090120	0.67	3.3	1.58
20090121	20.92	3.81	5.81
20090122	10.99	7.62	5.24
20090123	0.0	5.04	3.19
20090124	6.93	3.51	2.69
20090125	2.89	6.66	2.67
20090126	0.26	5.12	1.92
20090127	11.18	4.61	2.81
20090128	1.73	7.26	2.64
20090129	12.51	5.4	2.3
20090130	0.01	5.43	4.36
20090131	0.0	4.35	1.96
20090201	0.17	0.18	1.63
20090202	1.03	-1.92	1.5
20090203	8.35	0.05	1.76
20090204	1.91	2.97	2.03
20090205	8.02	1.68	2.58
20090206	6.09	1.03	3.6
20090207	0.35	1.06	1.91
20090208	10.97	1.77	2.62
20090209	24.46	3.5	13.73
20090210	0.09	3.52	2.97
20090211	0.0	2.89	2.14
20090212	0.11	2.05	1.87
20090213	0.01	5.29	1.7
20090214	0.0	3.14	1.58
20090215	0.0	5.28	1.5
20090216	0.0	6.28	1.44
20090217	2.03	7.7	1.39
20090218	3.17	7.72	1.59
20090219	1.58	7.07	1.55
20090220	0.11	5.6	1.42
20090221	0.0	6.2	1.35
20090222	0.0	7.45	1.31
20090223	0.0	7.63	1.25
20090224	0.0	7.87	1.21
20090225	0.0	7.42	1.19
20090226	0.0	7.06	1.16
20090227	0.0	7.67	1.14
20090228	0.0	6.68	1.13
20090301	0.09	6.27	1.1
20090302	0.66	5.48	1.08
20090303	15.26	7.04	2.65
20090304	23.51	3.07	2.64
20090305	0.02	3.02	5.98
20090306	0.42	4.07	2.56
20090307	0.91	7.81	1.85
20090308	1.91	6.01	1.6
20090309	8.18	6.33	2.1
20090310	0.08	8.42	1.99
20090311	0.22	6.82	1.53
20090312	0.0	9.04	1.4
20090313	0.37	8.48	1.33
20090314	0.0	8.77	1.24
20090315	0.0	7.4	1.19
20090316	0.03	7.05	1.15
20090317	0.0	7.68	1.12
20090318	0.0	8.29	1.1
20090319	0.0	8.1	1.07
20090320	0.0	6.89	1.04
20090321	0.0	6.5	1.03
20090322	0.0	8.46	1.01
20090323	0.58	7.62	1.02
20090324	0.38	7.01	1.0
20090325	0.74	8.6	0.98
20090326	0.89	8.3	0.98
20090327	1.16	5.69	0.98
20090328	1.31	5.84	0.96
20090329	0.0	4.6	0.94
20090330	0.0	6.3	0.92
20090331	0.0	9.01	0.91
20090401	0.0	10.03	0.9
20090402	0.0	9.03	0.89
20090403	1.84	7.73	0.9
20090404	0.08	9.22	0.9
20090405	0.0	7.44	0.87
20090406	2.87	8.36	0.92
20090407	6.55	8.72	0.98
20090408	8.75	9.58	1.06
20090409	2.14	10.69	1.32
20090410	0.52	9.23	1.07
20090411	0.0	8.22	0.93
20090412	0.0	8.61	0.9
20090413	1.16	8.53	0.88
20090414	0.0	10.21	0.89
20090415	0.36	12.12	0.95
20090416	0.08	10.71	0.72
20090417	0.4	9.16	0.82
20090418	0.08	9.19	0.81
20090419	0.0	9.64	0.88
20090420	0.0	10.95	0.77
20090421	0.0	10.94	0.65
20090422	0.0	10.69	0.75
20090423	0.0	10.64	0.75
20090424	3.19	12.09	0.76
20090425	1.86	9.55	0.79
20090426	13.32	9.31	0.85
20090427	2.83	7.78	1.37
20090428	1.63	6.91	0.9
20090429	2.21	8.64	0.81
20090430	5.18	11.06	1.09
20090501	0.0	10.55	0.89
20090502	0.91	10.6	0.79
20090503	0.0	9.9	0.75
20090504	0.08	8.66	0.72
20090505	0.0	12.28	0.71
20090506	0.09	12.15	0.69
20090507	4.73	10.83	0.72
20090508	0.31	10.13	0.75
20090509	0.0	9.76	0.71
20090510	0.0	11.63	0.69
20090511	0.0	12.35	0.64
20090512	0.32	10.91	0.63
20090513	0.17	10.47	0.75
20090514	6.69	11.97	0.81
20090515	4.4	10.24	0.7
20090516	5.74	10.44	0.75
20090517	0.77	10.22	0.84
20090518	0.23	11.02	0.71
20090519	0.04	11.31	0.68
20090520	0.0	11.82	0.66
20090521	0.0	11.69	0.63
20090522	0.0	11.37	0.6
20090523	0.0	12.51	0.59
20090524	0.04	14.06	0.57
20090525	0.08	14.02	0.57
20090526	1.56	12.0	0.54
20090527	6.24	11.56	0.73
20090528	0.0	14.6	0.62
20090529	0.0	16.21	0.57
20090530	0.0	16.38	0.54
20090531	0.0	17.25	0.53
20090601	0.0	18.44	0.52
20090602	0.0	17.54	0.5
20090603	0.0	16.48	0.49
20090604	0.0	13.53	0.48
20090605	0.01	13.04	0.49
20090606	12.74	11.18	0.72
20090607	0.31	10.03	0.72
20090608	0.21	10.89	0.55
20090609	0.29	12.51	0.46
20090610	0.65	12.53	0.49
20090611	0.0	13.01	0.5
20090612	0.57	12.85	0.51
20090613	0.2	15.04	0.51
20090614	0.0	15.2	0.49
20090615	0.06	14.6	0.54
20090616	0.0	14.62	0.44
20090617	5.35	14.22	0.56
20090618	0.0	13.35	0.51
20090619	0.2	13.61	0.49
20090620	0.0	13.88	0.48
20090621	0.0	14.89	0.48
20090622	0.0	16.42	0.48
20090623	0.0	17.07	0.47
20090624	0.0	17.19	0.46
20090625	4.9	17.87	0.58
20090626	0.09	16.35	0.43
20090627	0.03	16.82	0.42
20090628	0.6	17.39	0.45
20090629	0.42	19.71	0.43
20090630	0.0	19.78	0.43
20090701	0.0	21.18	0.42
20090702	0.15	19.51	0.44
20090703	0.0	18.28	0.43
20090704	0.29	16.98	0.44
20090705	1.53	16.52	0.44
20090706	11.63	15.39	0.6
20090707	0.33	15.39	0.45
20090708	0.08	15.34	0.4
20090709	0.0	14.38	0.4
20090710	2.25	14.42	0.43
20090711	19.66	15.6	0.89
20090712	2.05	16.12	0.71
20090713	10.29	15.59	0.64
20090714	1.31	15.51	0.69
20090715	0.12	16.48	0.47
20090716	19.95	14.64	1.3
20090717	5.02	13.99	1.1
20090718	0.99	14.49	0.53
20090719	1.75	14.89	0.56
20090720	9.53	14.71	0.69
20090721	14.87	15.72	1.78
20090722	0.1	15.69	0.83
20090723	0.73	15.47	0.51
20090724	1.91	15.14	0.51
20090725	0.0	16.05	0.5
20090726	12.55	14.61	0.67
20090727	1.1	14.72	0.82
20090728	0.46	15.29	0.7
20090729	32.03	14.79	4.27
20090730	0.95	14.29	1.11
20090731	8.09	14.74	0.82
20090801	3.47	15.13	1.29
20090802	0.08	14.46	0.87
20090803	7.72	15.65	0.86
20090804	47.48	17.13	9.69
20090805	0.0	17.5	4.45
20090806	3.11	14.9	1.55
20090807	0.0	15.55	1.02
20090808	0.0	15.03	0.88
20090809	0.01	16.17	0.74
20090810	0.09	15.94	0.72
20090811	0.0	18.46	0.64
20090812	5.63	17.46	0.68
20090813	0.0	17.77	0.71
20090814	0.58	15.96	0.62
20090815	0.2	17.23	0.62
20090816	0.0	16.65	0.57
20090817	0.0	16.36	0.56
20090818	0.0	16.41	0.54
20090819	0.84	18.21	0.53
20090820	0.0	16.96	0.52
20090821	0.24	14.6	0.51
20090822	0.0	15.39	0.51
20090823	1.37	17.01	0.51
20090824	1.46	15.5	0.55
20090825	0.6	14.91	0.61
20090826	7.46	16.29	0.53
20090827	0.18	15.91	0.54
20090828	0.17	14.01	0.49
20090829	0.08	13.65	0.48
20090830	4.77	14.48	0.54
20090831	0.04	16.84	0.56
20090901	3.27	14.87	0.7
20090902	13.09	14.34	1.02
20090903	6.11	13.3	0.64
20090904	0.08	13.0	0.68
20090905	0.14	13.17	0.55
20090906	1.68	14.84	0.53
20090907	1.86	16.45	0.59
20090908	0.94	17.19	0.59
20090909	0.0	14.94	0.53
20090910	0.0	13.9	0.49
20090911	0.0	14.23	0.47
20090912	0.0	15.22	0.47
20090913	0.0	14.19	0.46
20090914	0.0	13.98	0.45
20090915	1.71	14.29	0.46
20090916	0.0	14.84	0.45
20090917	0.0	12.93	0.45
20090918	0.0	13.63	0.47
20090919	0.0	15.66	0.45
20090920	0.0	14.44	0.45
20090921	0.0	13.11	0.45
20090922	0.0	15.12	0.45
20090923	0.46	15.08	0.44
20090924	0.01	12.74	0.43
20090925	0.0	11.85	0.42
20090926	0.04	12.6	0.41
20090927	0.0	12.69	0.41
20090928	0.09	13.71	0.42
20090929	0.0	13.5	0.42
20090930	0.04	14.16	0.41
20091001	0.0	12.85	0.41
20091002	0.0	11.56	0.41
20091003	0.24	13.11	0.41
20091004	3.27	12.02	0.42
20091005	8.1	12.74	0.66
20091006	1.61	16.64	0.64
20091007	18.11	11.83	1.19
20091008	0.0	9.57	0.57
20091009	2.67	11.04	0.54
20091010	0.0	13.2	0.52
20091011	0.3	12.83	0.48
20091012	0.01	9.99	0.46
20091013	0.0	9.0	0.45
20091014	0.0	11.24	0.45
20091015	0.19	10.96	0.45
20091016	0.07	11.52	0.45
20091017	0.0	7.64	0.44
20091018	0.0	7.18	0.44
20091019	0.77	9.79	0.53
20091020	23.59	11.79	2.3
20091021	9.17	12.37	1.24
20091022	4.9	12.28	1.43
20091023	14.64	12.4	1.15
20091024	0.42	14.57	2.49
20091025	0.0	12.89	1.07
20091026	8.35	12.67	1.26
20091027	0.17	14.31	1.31
20091028	0.11	13.53	0.96
20091029	0.09	13.54	0.81
20091030	5.85	14.0	0.76
20091031	16.7	14.1	1.05
20091101	1.07	12.47	3.99
20091102	6.34	8.62	1.55
20091103	3.39	10.85	1.85
20091104	1.77	8.69	1.38
20091105	0.56	9.85	1.09
20091106	4.44	9.37	1.18
20091107	4.36	7.24	1.23
20091108	0.09	7.38	1.23
20091109	4.75	5.04	1.02
20091110	3.18	7.38	1.43
20091111	4.69	8.75	1.37
20091112	15.39	10.86	2.28
20091113	17.54	11.35	7.05
20091114	8.75	10.53	4.31
20091115	7.22	10.48	3.1
20091116	1.16	11.28	2.64
20091117	0.32	10.4	1.57
20091118	0.11	12.79	1.3
20091119	6.15	12.95	1.18
20091120	2.09	11.77	1.4
20091121	15.28	12.27	3.58
20091122	10.02	9.32	2.65
20091123	4.08	10.89	3.38
20091124	14.31	12.24	3.86
20091125	1.47	9.31	2.69
20091126	0.28	7.7	1.65
20091127	3.73	6.67	1.57
20091128	22.1	6.87	5.04
20091129	8.15	6.96	3.72
20091130	0.0	4.7	2.58
20091201	8.65	3.1	2.51
20091202	17.48	8.19	8.69
20091203	0.75	5.65	2.85
20091204	10.21	4.97	3.4
20091205	12.16	10.0	3.95
20091206	3.68	9.62	4.68
20091207	9.98	8.23	6.18
20091208	11.59	8.45	5.34
20091209	0.72	9.83	2.83
20091210	0.16	6.51	2.15
20091211	0.01	3.01	1.87
20091212	0.03	4.3	1.68
20091213	0.01	3.91	1.54
20091214	0.24	3.58	1.46
20091215	6.03	3.22	1.73
20091216	1.76	1.66	1.67
20091217	0.0	2.37	1.49
20091218	0.0	-0.45	1.33
20091219	1.34	-1.01	1.26
20091220	0.49	1.3	1.25
20091221	0.36	-0.07	1.2
20091222	0.18	-0.35	1.16
20091223	14.75	0.77	2.42
20091224	0.01	2.7	2.96
20091225	3.19	4.21	1.83
20091226	0.79	6.66	1.92
20091227	0.01	5.14	1.56
20091228	4.86	2.26	1.44
20091229	10.19	3.79	2.97
20091230	0.37	4.44	2.35
20091231	0.0	2.77	1.68
20100101	0.01	-0.39	1.44
20100102	0.16	0.27	1.31
20100103	0.1	-0.2	1.24
20100104	0.08	-3.08	1.15
20100105	0.19	-1.87	1.13
20100106	1.15	-0.71	1.13
20100107	0.32	-4.4	1.06
20100108	0.0	-3.49	1.02
20100109	0.0	-2.37	1.0
20100110	0.26	0.18	1.0
20100111	0.42	0.38	1.0
20100112	6.29	1.11	1.28
20100113	0.99	1.22	1.62
20100114	0.28	1.67	1.45
20100115	15.71	5.34	1.87
20100116	11.8	7.14	7.59
20100117	0.15	5.72	2.42
20100118	0.0	5.92	1.77
20100119	3.94	5.35	1.63
20100120	2.13	3.51	1.91
20100121	27.53	4.33	5.06
20100122	8.62	8.01	11.04
20100123	0.14	4.0	2.72
20100124	0.1	2.75	2.05
20100125	0.0	2.57	1.8
20100126	0.0	0.83	1.62
20100127	0.14	1.8	1.55
20100128	3.81	5.53	1.5
20100129	1.58	4.47	1.76
20100130	0.01	0.41	1.49
20100131	0.05	-0.67	1.36
20100201	0.54	2.41	1.3
20100202	4.31	6.57	1.37
20100203	3.34	6.55	1.56
20100204	6.49	7.38	2.42
20100205	5.94	6.92	2.53
20100206	0.16	5.63	2.05
20100207	0.0	3.2	1.63
20100208	0.0	1.98	1.47
20100209	0.0	1.67	1.35
20100210	0.03	0.93	1.26
20100211	0.1	-0.04	1.18
20100212	0.0	1.69	1.15
20100213	0.0	2.23	1.14
20100214	0.0	3.09	1.12
20100215	4.56	3.8	1.11
20100216	4.22	3.96	1.28
20100217	3.23	3.14	1.34
20100218	5.05	2.65	1.91
20100219	0.16	1.77	1.4
20100220	3.08	0.86	1.27
20100221	7.42	3.77	1.7
20100222	0.98	2.88	3.17
20100223	4.8	3.11	2.37
20100224	2.47	7.14	1.92
20100225	4.28	6.33	1.94
20100226	6.41	5.45	1.74
20100227	11.51	6.63	3.42
20100228	0.27	5.2	3.62
20100301	0.12	3.63	1.89
20100302	0.0	3.58	1.61
20100303	0.0	3.87	1.45
20100304	0.0	3.09	1.31
20100305	0.03	2.19	1.24
20100306	0.0	3.45	1.18
20100307	0.0	0.4	1.11
20100308	0.0	1.67	1.08
20100309	0.08	4.31	1.04
20100310	0.0	4.07	1.01
20100311	0.0	3.26	1.0
20100312	1.13	4.7	0.99
20100313	0.0	5.66	0.96
20100314	0.0	6.09	0.95
20100315	0.0	5.27	0.93
20100316	0.0	4.55	0.9
20100317	0.0	8.2	0.9
20100318	4.64	9.25	0.96
20100319	17.85	8.8	2.35
20100320	4.11	9.7	2.51
20100321	0.0	8.01	1.56
20100322	5.14	7.54	1.72
20100323	5.06	5.97	1.85
20100324	4.88	9.28	2.12
20100325	3.31	8.44	2.07
20100326	1.53	8.23	1.62
20100327	0.0	8.62	1.39
20100328	4.16	8.0	1.37
20100329	3.59	9.07	1.62
20100330	4.11	6.65	1.8
20100331	0.39	3.9	1.4
20100401	5.33	5.15	1.16
20100402	7.19	6.71	2.81
20100403	11.78	5.92	4.36
20100404	0.0	6.39	1.99
20100405	0.08	8.69	1.62
20100406	1.51	9.35	1.45
20100407	0.0	8.52	1.34
20100408	0.0	7.99	1.24
20100409	0.0	9.59	1.19
20100410	0.0	10.76	1.16
20100411	0.0	9.37	1.12
20100412	0.0	8.8	1.09
20100413	0.0	9.11	1.16
20100414	0.0	7.44	1.06
20100415	0.0	8.01	1.03
20100416	0.0	7.95	0.86
20100417	0.0	7.63	0.98
20100418	0.0	8.61	0.97
20100419	0.0	9.19	0.96
20100420	0.0	8.01	0.95
20100421	0.0	6.43	0.94
20100422	0.0	7.51	0.93
20100423	0.0	7.89	0.93
20100424	1.73	9.7	0.93
20100425	0.94	11.46	0.95
20100426	0.0	11.54	0.88
20100427	0.0	11.05	0.87
20100428	0.21	12.54	0.85
20100429	5.64	10.38	0.99
20100430	1.0	10.26	0.92
20100501	3.43	10.07	0.94
20100502	0.31	8.13	0.92
20100503	0.21	7.3	0.87
20100504	0.01	7.82	0.85
20100505	0.0	9.78	0.85
20100506	0.18	10.33	0.85
20100507	0.0	8.46	0.85
20100508	0.26	7.43	0.85
20100509	0.0	8.31	0.85
20100510	0.0	8.85	0.82
20100511	0.0	7.05	0.8
20100512	0.48	6.14	0.8
20100513	0.24	7.39	0.8
20100514	0.04	8.34	0.77
20100515	0.91	9.97	0.76
20100516	2.11	9.42	0.8
20100517	0.0	10.38	0.79
20100518	0.0	11.55	0.77
20100519	0.0	12.43	0.76
20100520	0.0	14.51	0.76
20100521	0.0	16.78	0.74
20100522	0.0	16.45	0.72
20100523	0.0	16.75	0.71
20100524	0.0	16.81	0.69
20100525	0.0	15.29	0.68
20100526	3.22	12.81	0.69
20100527	0.0	11.48	0.7
20100528	4.26	11.78	0.68
20100529	1.81	12.34	0.82
20100530	0.0	13.59	0.7
20100531	8.1	12.39	0.69
20100601	2.61	11.93	0.95
20100602	0.0	13.57	0.69
20100603	0.0	15.29	0.62
20100604	0.0	16.31	0.58
20100605	0.0	15.93	0.57
20100606	0.0	15.42	0.56
20100607	19.24	12.57	0.92
20100608	0.02	14.05	0.91
20100609	0.0	15.07	0.69
20100610	0.0	15.21	0.64
20100611	0.0	14.92	0.59
20100612	0.0	14.26	0.56
20100613	2.94	13.85	0.62
20100614	0.0	14.4	0.58
20100615	0.0	13.36	0.54
20100616	0.0	13.89	0.51
20100617	0.0	15.26	0.5
20100618	2.95	14.67	0.56
20100619	0.0	12.8	0.53
20100620	0.0	13.3	0.51
20100621	0.0	16.08	0.5
20100622	0.0	16.09	0.49
20100623	0.0	16.4	0.49
20100624	0.0	16.71	0.5
20100625	0.0	17.14	0.49
20100626	0.0	17.85	0.48
20100627	0.0	17.83	0.47
20100628	2.21	17.63	0.48
20100629	0.15	18.13	0.5
20100630	0.0	17.54	0.47
20100701	9.32	17.5	0.53
20100702	0.08	17.07	0.59
20100703	0.0	16.23	0.5
20100704	0.0	15.58	0.49
20100705	0.0	16.09	0.47
20100706	0.0	15.58	0.46
20100707	0.14	16.88	0.48
20100708	0.02	17.48	0.48
20100709	0.0	18.22	0.46
20100710	0.17	18.83	0.47
20100711	0.24	17.71	0.45
20100712	1.47	16.53	0.46
20100713	2.89	16.0	0.49
20100714	1.78	16.52	0.51
20100715	9.38	15.8	0.61
20100716	0.21	15.33	0.53
20100717	0.0	15.08	0.48
20100718	0.0	16.49	0.47
20100719	0.0	17.81	0.46
20100720	1.92	17.04	0.49
20100721	6.82	15.76	0.52
20100722	1.86	15.3	0.63
20100723	0.0	15.78	0.5
20100724	1.07	16.15	0.48
20100725	0.0	18.45	0.47
20100726	0.0	19.84	0.44
20100727	0.0	18.38	0.44
20100728	0.0	16.82	0.43
20100729	0.0	16.1	0.41
20100730	0.73	16.19	0.43
20100731	0.01	17.38	0.43
20100801	0.0	16.45	0.43
20100802	0.0	16.31	0.42
20100803	0.08	15.71	0.43
20100804	6.61	15.79	0.51
20100805	0.74	15.35	0.45
20100806	0.58	15.96	0.46
20100807	0.78	16.63	0.46
20100808	0.0	16.18	0.45
20100809	4.72	15.48	0.46
20100810	3.4	15.25	0.58
20100811	0.0	14.98	0.48
20100812	0.08	14.59	0.45
20100813	3.07	14.49	0.45
20100814	2.58	13.92	0.5
20100815	0.01	16.59	0.45
20100816	0.58	17.37	0.42
20100817	0.62	15.97	0.44
20100818	1.06	14.82	0.43
20100819	2.04	15.32	0.44
20100820	3.4	17.74	0.48
20100821	3.94	18.21	0.56
20100822	34.7	17.17	1.74
20100823	3.77	16.24	0.82
20100824	1.93	14.8	0.6
20100825	22.92	13.57	1.58
20100826	0.73	15.41	0.78
20100827	0.0	14.05	0.58
20100828	0.0	13.68	0.5
20100829	0.61	13.67	0.47
20100830	0.0	12.4	0.45
20100831	0.09	13.1	0.44
20100901	0.0	14.01	0.43
20100902	0.08	14.54	0.42
20100903	0.05	14.8	0.41
20100904	1.33	15.27	0.41
20100905	0.09	16.03	0.42
20100906	12.52	15.77	0.61
20100907	0.09	14.06	0.5
20100908	1.74	14.01	0.47
20100909	0.12	15.17	0.44
20100910	2.68	16.82	0.45
20100911	0.22	16.5	0.47
20100912	0.0	13.77	0.43
20100913	0.33	14.41	0.43
20100914	5.07	15.78	0.51
20100915	0.1	13.22	0.46
20100916	0.11	13.07	0.43
20100917	0.0	11.15	0.41
20100918	0.0	10.73	0.41
20100919	1.22	13.56	0.41
20100920	0.09	15.65	0.42
20100921	0.1	14.08	0.41
20100922	11.28	14.91	0.53
20100923	4.39	14.66	0.75
20100924	0.0	11.55	0.5
20100925	0.0	8.65	0.44
20100926	0.0	8.78	0.42
20100927	0.01	11.12	0.42
20100928	16.97	13.47	0.69
20100929	5.82	13.38	1.18
20100930	27.09	11.16	1.15
20101001	14.39	13.81	4.7
20101002	18.12	11.81	1.71
20101003	0.53	13.38	2.32
20101004	2.51	12.59	1.04
20101005	8.82	14.73	1.04
20101006	0.0	13.52	1.16
20101007	0.0	13.19	0.79
20101008	0.75	16.75	0.66
20101009	0.0	15.77	0.6
20101010	0.0	15.19	0.55
20101011	0.09	12.62	0.5
20101012	0.08	10.31	0.49
20101013	0.09	8.31	0.49
20101014	0.0	7.74	0.49
20101015	0.0	10.2	0.48
20101016	0.0	8.89	0.47
20101017	0.03	6.43	0.46
20101018	0.78	10.01	0.46
20101019	2.57	9.9	0.48
20101020	0.09	5.53	0.47
20101021	0.03	5.32	0.45
20101022	10.58	8.28	0.67
20101023	1.05	9.15	0.81
20101024	0.01	5.85	0.54
20101025	0.81	3.92	0.6
20101026	13.04	10.48	1.1
20101027	0.03	12.87	0.99
20101028	0.0	12.99	0.58
20101029	1.3	12.63	0.61
20101030	0.66	11.11	0.57
20101031	0.76	11.33	0.53
20101101	0.76	9.89	0.5
20101102	0.19	13.0	0.5
20101103	0.0	14.0	0.5
20101104	0.06	14.27	0.49
20101105	2.11	13.77	0.49
20101106	1.5	9.31	0.51
20101107	10.06	5.25	0.67
20101108	5.66	7.44	1.49
20101109	3.73	6.84	1.44
20101110	14.69	4.24	1.06
20101111	2.13	10.68	3.06
20101112	7.23	10.8	1.94
20101113	0.1	8.79	1.42
20101114	3.7	5.29	1.26
20101115	0.16	3.6	1.05
20101116	17.96	4.87	1.02
20101117	19.23	8.21	8.94
20101118	0.28	8.17	3.12
20101119	5.2	6.43	1.78
20101120	0.0	7.77	1.62
20101121	0.0	5.38	1.25
20101122	0.0	5.05	1.07
20101123	0.23	4.83	0.97
20101124	0.0	2.54	0.92
20101125	0.1	0.4	0.83
20101126	0.27	-0.03	0.66
20101127	0.71	-0.86	0.75
20101128	0.0	-3.13	0.72
20101129	0.41	-1.98	0.7
20101130	0.35	-0.48	0.68
20101201	3.39	-1.46	0.65
20101202	0.1	-1.42	0.66
20101203	8.15	-2.27	1.15
20101204	3.46	3.65	1.61
20101205	0.0	1.37	1.14
20101206	0.0	-2.42	0.98
20101207	0.0	-3.76	0.85
20101208	0.0	-0.84	0.76
20101209	0.12	0.11	0.71
20101210	0.0	4.17	0.71
20101211	0.0	5.4	0.73
20101212	0.08	3.1	0.7
20101213	0.06	1.0	0.66
20101214	0.23	1.84	0.64
20101215	0.01	2.94	0.63
20101216	2.71	4.47	0.69
20101217	6.04	-1.43	0.64
20101218	0.07	-2.03	0.64
20101219	2.45	-4.75	0.63
20101220	3.97	-1.35	0.63
20101221	0.0	-0.98	0.64
20101222	0.0	-1.38	0.63
20101223	0.0	-0.7	0.6
20101224	0.0	-1.77	0.57
20101225	0.03	-5.48	0.55
20101226	0.0	-2.88	0.56
20101227	6.86	4.01	1.82
20101228	3.14	7.25	1.82
20101229	0.33	7.78	1.51
20101230	0.0	6.14	1.13
20101231	0.0	4.71	0.97
20110101	0.63	4.57	0.89
20110102	0.0	2.79	0.83
20110103	5.79	1.68	1.01
20110104	2.13	2.85	1.13
20110105	8.11	5.83	1.27
20110106	12.52	3.59	2.96
20110107	10.71	6.85	4.13
20110108	0.17	5.87	2.55
20110109	0.16	2.83	1.5
20110110	14.58	6.13	3.01
20110111	4.67	6.38	2.33
20110112	3.11	9.5	2.26
20110113	3.19	10.65	1.89
20110114	1.47	9.6	1.83
20110115	0.25	9.74	1.47
20110116	14.3	9.89	1.91
20110117	13.21	7.22	5.31
20110118	0.08	4.23	2.42
20110119	0.16	1.2	1.67
20110120	0.17	1.12	1.41
20110121	0.08	-0.15	1.25
20110122	0.16	1.37	1.17
20110123	0.0	5.52	1.11
20110124	0.08	5.1	1.07
20110125	0.43	5.8	1.05
20110126	0.01	5.6	1.02
20110127	0.0	1.14	0.96
20110128	0.0	-0.36	0.92
20110129	0.0	-0.61	0.9
20110130	0.08	-0.9	0.86
20110131	0.03	-2.15	0.83
20110201	0.2	4.4	0.83
20110202	1.25	6.21	0.83
20110203	0.24	6.7	0.83
20110204	0.16	9.73	0.83
20110205	1.01	10.48	0.81
20110206	0.14	9.8	0.79
20110207	0.29	7.9	0.79
20110208	0.11	4.33	0.76
20110209	4.36	7.83	0.74
20110210	10.9	9.25	1.83
20110211	1.88	9.29	1.59
20110212	4.68	7.07	1.22
20110213	11.49	7.14	3.81
20110214	5.88	4.77	1.89
20110215	2.4	5.81	2.49
20110216	0.0	5.69	1.63
20110217	0.0	5.97	1.31
20110218	12.68	5.74	1.99
20110219	0.09	7.28	2.39
20110220	0.73	5.48	1.49
20110221	0.89	6.36	1.32
20110222	3.19	6.87	1.2
20110223	1.29	8.99	1.39
20110224	0.27	9.33	1.21
20110225	6.58	9.92	1.36
20110226	1.87	7.92	1.87
20110227	0.72	5.36	1.32
20110228	0.08	3.98	1.15
20110301	0.02	3.95	1.06
20110302	0.0	3.8	1.0
20110303	0.08	2.07	0.96
20110304	0.1	1.98	0.92
20110305	0.05	1.56	0.9
20110306	0.09	3.87	0.87
20110307	0.0	3.49	0.84
20110308	0.17	3.34	0.83
20110309	0.0	7.0	0.81
20110310	0.08	8.58	0.79
20110311	0.0	7.46	0.79
20110312	2.79	8.25	0.8
20110313	0.05	6.64	0.8
20110314	0.0	5.13	0.74
20110315	0.1	10.56	0.73
20110316	0.01	9.3	0.72
20110317	2.09	7.85	0.71
20110318	4.68	5.61	0.91
20110319	0.01	4.11	0.75
20110320	0.0	7.11	0.73
20110321	0.08	8.17	0.71
20110322	0.01	8.64	0.7
20110323	0.0	9.41	0.68
20110324	0.0	9.48	0.67
20110325	0.0	9.86	0.67
20110326	0.18	9.25	0.67
20110327	0.0	9.28	0.65
20110328	1.04	9.05	0.64
20110329	1.64	9.02	0.63
20110330	6.98	9.42	0.8
20110331	0.25	11.52	0.76
20110401	0.17	11.48	0.67
20110402	0.02	11.56	0.64
20110403	1.93	8.61	0.64
20110404	1.32	8.22	0.62
20110405	0.28	10.44	0.62
20110406	0.01	12.36	0.61
20110407	0.09	11.55	0.59
20110408	0.0	12.38	0.48
20110409	0.0	12.35	0.57
20110410	0.0	11.89	0.56
20110411	0.03	10.44	0.56
20110412	0.0	8.16	0.55
20110413	3.08	7.11	0.6
20110414	0.0	9.76	0.58
20110415	0.0	10.1	0.56
20110416	0.01	10.42	0.55
20110417	0.0	11.22	0.54
20110418	0.0	11.46	0.54
20110419	0.0	12.66	0.53
20110420	0.0	14.57	0.52
20110421	0.0	15.69	0.5
20110422	0.0	15.11	0.5
20110423	0.0	15.0	0.5
20110424	0.0	14.11	0.48
20110425	0.0	14.64	0.48
20110426	1.43	12.04	0.48
20110427	0.03	11.59	0.47
20110428	0.0	10.58	0.46
20110429	0.01	12.68	0.46
20110430	1.03	14.34	0.47
20110501	3.45	13.83	0.48
20110502	3.26	11.89	0.56
20110503	0.0	9.64	0.47
20110504	0.31	10.14	0.45
20110505	0.0	12.62	0.44
20110506	6.81	14.87	0.48
20110507	25.72	14.55	1.51
20110508	1.71	13.22	0.74
20110509	0.0	12.88	0.55
20110510	0.03	12.7	0.49
20110511	0.0	12.27	0.48
20110512	0.0	11.19	0.46
20110513	0.0	10.22	0.45
20110514	0.0	10.5	0.44
20110515	0.0	11.26	0.44
20110516	0.0	13.02	0.43
20110517	0.32	12.55	0.44
20110518	0.06	12.54	0.45
20110519	0.0	10.8	0.43
20110520	0.0	11.76	0.43
20110521	0.65	11.89	0.43
20110522	0.09	12.45	0.42
20110523	0.24	11.54	0.43
20110524	0.0	11.48	0.41
20110525	0.19	11.39	0.39
20110526	1.73	11.5	0.41
20110527	0.0	11.07	0.39
20110528	1.59	11.86	0.41
20110529	4.13	13.51	0.41
20110530	2.93	11.62	0.5
20110531	0.2	10.66	0.41
20110601	0.0	12.16	0.4
20110602	0.0	16.12	0.39
20110603	0.0	18.88	0.37
20110604	1.47	18.5	0.37
20110605	0.57	13.72	0.4
20110606	0.87	12.47	0.39
20110607	0.01	11.57	0.39
20110608	0.35	12.34	0.37
20110609	0.5	11.6	0.38
20110610	3.33	9.67	0.41
20110611	15.38	10.51	0.45
20110612	19.81	11.54	1.71
20110613	0.0	14.41	0.53
20110614	0.31	13.75	0.44
20110615	6.62	14.79	0.5
20110616	3.95	12.63	0.55
20110617	7.85	11.9	0.75
20110618	2.54	12.62	0.49
20110619	0.86	13.25	0.49
20110620	6.72	13.51	0.61
20110621	1.14	14.76	0.54
20110622	2.58	13.93	0.53
20110623	0.95	13.17	0.46
20110624	4.95	12.39	0.47
20110625	0.09	15.68	0.49
20110626	0.0	18.89	0.52
20110627	0.55	18.21	0.4
20110628	0.03	15.33	0.35
20110629	0.0	13.3	0.38
20110630	0.0	13.32	0.38
20110701	0.0	13.83	0.37
20110702	0.0	15.21	0.37
20110703	0.0	16.1	0.35
20110704	0.0	16.72	0.44
20110705	6.05	14.98	0.38
20110706	15.67	14.01	0.55
20110707	5.45	14.23	0.54
20110708	0.15	14.16	0.5
20110709	0.0	15.03	0.42
20110710	0.0	15.15	0.39
20110711	0.0	16.07	0.38
20110712	0.0	16.57	0.38
20110713	0.0	14.93	0.37
20110714	0.0	15.34	0.36
20110715	7.51	14.51	0.39
20110716	2.55	14.9	0.46
20110717	1.03	14.19	0.4
20110718	3.21	13.03	0.41
20110719	0.79	14.15	0.4
20110720	1.47	13.53	0.41
20110721	0.13	14.67	0.39
20110722	0.18	14.32	0.38
20110723	0.0	14.51	0.36
20110724	0.0	15.23	0.37
20110725	0.0	17.0	0.36
20110726	0.0	17.22	0.34
20110727	0.0	17.23	0.35
20110728	0.0	17.67	0.34
20110729	0.01	16.75	0.36
20110730	0.0	16.18	0.36
20110731	0.0	17.12	0.35
20110801	0.0	18.14	0.33
20110802	0.0	18.47	0.32
20110803	31.29	17.84	0.61
20110804	1.52	17.3	1.07
20110805	0.0	16.53	0.43
20110806	0.92	15.04	0.4
20110807	5.54	14.03	0.63
20110808	0.0	14.48	0.49
20110809	0.0	14.63	0.38
20110810	0.11	14.5	0.37
20110811	0.72	16.45	0.37
20110812	7.58	16.77	0.45
20110813	0.0	16.17	0.48
20110814	0.02	15.67	0.38
20110815	0.61	14.09	0.37
20110816	0.01	16.02	0.37
20110817	18.23	14.47	0.48
20110818	6.87	12.7	1.36
20110819	0.0	13.79	0.54
20110820	2.42	16.05	0.47
20110821	0.07	16.36	0.42
20110822	1.24	15.69	0.5
20110823	0.03	15.0	0.4
20110824	12.42	14.59	0.57
20110825	2.35	14.27	0.6
20110826	3.9	12.83	0.43
20110827	2.08	13.49	0.43
20110828	0.25	13.8	0.4
20110829	0.07	12.7	0.38
20110830	0.0	13.48	0.37
20110831	0.0	14.12	0.37
20110901	0.0	15.45	0.36
20110902	0.0	15.83	0.35
20110903	3.88	16.25	0.37
20110904	1.31	14.58	0.39
20110905	8.14	14.13	0.54
20110906	0.71	14.98	0.43
20110907	0.19	13.76	0.37
20110908	0.1	15.79	0.38
20110909	0.38	17.2	0.39
20110910	5.56	17.23	0.52
20110911	2.64	15.56	0.56
20110912	0.14	16.24	0.42
20110913	2.88	13.83	0.4
20110914	1.16	12.83	0.41
20110915	0.0	11.8	0.39
20110916	0.09	14.85	0.37
20110917	6.41	12.96	0.39
20110918	2.14	12.25	0.49
20110919	0.0	13.56	0.51
20110920	7.36	15.05	0.46
20110921	0.0	13.66	0.52
20110922	0.0	13.62	0.42
20110923	0.07	12.05	0.4
20110924	0.01	14.12	0.39
20110925	1.94	15.71	0.38
20110926	0.09	15.87	0.38
20110927	0.19	15.6	0.38
20110928	0.01	18.03	0.37
20110929	0.0	18.04	0.34
20110930	0.0	18.01	0.33
20111001	0.01	17.83	0.33
20111002	0.0	16.89	0.33
20111003	0.0	16.76	0.33
20111004	0.95	15.64	0.34
20111005	3.15	16.08	0.36
20111006	0.87	12.11	0.37
20111007	0.38	11.58	0.35
20111008	0.07	12.74	0.35
20111009	0.0	15.63	0.35
20111010	0.22	15.64	0.34
20111011	0.39	15.36	0.34
20111012	0.08	15.3	0.35
20111013	0.01	14.97	0.35
20111014	0.0	12.86	0.35
20111015	0.0	10.78	0.34
20111016	0.07	10.98	0.35
20111017	1.98	11.74	0.35
20111018	0.86	9.55	0.35
20111019	0.23	7.28	0.35
20111020	0.0	6.74	0.35
20111021	0.0	9.86	0.34
20111022	0.0	11.25	0.34
20111023	0.14	15.11	0.34
20111024	8.94	14.08	0.44
20111025	12.93	9.98	0.79
20111026	17.95	9.69	1.41
20111027	12.8	11.54	3.15
20111028	0.01	9.37	0.85
20111029	1.62	11.53	0.64
20111030	1.74	14.67	0.67
20111031	2.49	14.41	0.58
20111101	0.15	11.76	0.55
20111102	8.53	13.27	0.68
20111103	7.52	13.97	1.3
20111104	4.55	12.19	1.4
20111105	0.01	9.68	0.87
20111106	0.03	8.14	0.63
20111107	0.13	8.38	0.55
20111108	2.57	9.83	0.51
20111109	17.32	12.07	2.08
20111110	0.01	12.46	2.17
20111111	10.54	12.89	2.24
20111112	0.03	12.8	1.42
20111113	0.07	12.85	0.97
20111114	0.09	10.36	0.78
20111115	0.0	8.49	0.67
20111116	0.58	9.38	0.6
20111117	0.01	11.07	0.55
20111118	0.07	12.25	0.52
20111119	0.16	10.65	0.5
20111120	0.2	10.26	0.48
20111121	4.29	10.99	0.54
20111122	0.08	10.26	0.54
20111123	0.04	7.05	0.49
20111124	0.42	11.01	0.48
20111125	0.08	10.19	0.47
20111126	0.66	10.4	0.45
20111127	0.05	9.35	0.45
20111128	3.85	7.85	0.47
20111129	1.18	10.59	0.53
20111130	5.3	9.15	0.53
20111201	3.84	8.55	0.83
20111202	2.45	5.52	0.79
20111203	1.17	10.24	0.76
20111204	0.59	8.04	0.66
20111205	0.88	5.02	0.59
20111206	1.09	6.28	0.56
20111207	0.23	7.7	0.54
20111208	2.76	9.21	0.6
20111209	0.19	5.22	0.61
20111210	0.12	3.14	0.54
20111211	8.17	7.22	1.1
20111212	24.95	6.91	4.84
20111213	2.65	6.43	2.72
20111214	0.84	4.64	1.4
20111215	11.48	6.15	2.69
20111216	0.43	3.65	1.78
20111217	0.99	3.71	1.21
20111218	0.45	3.15	1.02
20111219	3.8	5.35	1.13
20111220	4.49	7.55	1.18
20111221	0.14	10.59	1.26
20111222	0.0	10.01	1.01
20111223	2.98	8.5	1.03
20111224	0.0	6.62	0.93
20111225	0.01	10.04	0.84
20111226	0.0	10.24	0.77
20111227	0.14	9.09	0.72
20111228	0.73	7.98	0.68
20111229	1.27	7.95	0.65
20111230	2.55	8.78	0.69
20111231	2.23	11.05	0.73
20120101	9.5	9.75	2.15
20120102	6.64	5.66	1.42
20120103	5.44	8.73	2.72
20120104	0.66	7.55	1.33
20120105	0.01	9.38	1.06
20120106	0.3	7.31	0.92
20120107	0.0	8.82	0.83
20120108	0.0	8.66	0.77
20120109	0.0	9.58	0.72
20120110	0.27	9.14	0.69
20120111	0.1	7.47	0.66
20120112	0.44	7.71	0.64
20120113	0.05	2.43	0.61
20120114	0.18	2.26	0.59
20120115	0.0	4.14	0.58
20120116	0.14	2.13	0.56
20120117	1.65	2.77	0.54
20120118	0.55	9.98	0.57
20120119	0.57	9.23	0.56
20120120	0.0	8.44	0.55
20120121	0.0	9.74	0.53
20120122	0.0	7.83	0.51
20120123	5.81	6.19	0.52
20120124	1.5	7.87	0.87
20120125	4.29	8.87	0.73
20120126	0.23	5.7	0.79
20120127	0.2	4.77	0.65
20120128	0.02	3.61	0.58
20120129	4.3	1.74	0.6
20120130	1.05	2.14	0.9
20120131	0.07	0.38	0.7
20120201	0.08	-0.28	0.6
20120202	0.0	-2.03	0.55
20120203	0.0	-3.64	0.51
20120204	10.68	-0.53	1.31
20120205	0.0	4.5	1.24
20120206	0.1	4.32	0.93
20120207	0.0	1.86	0.79
20120208	0.0	-1.41	0.68
20120209	3.14	0.53	0.65
20120210	0.94	1.55	0.76
20120211	0.14	-1.59	0.66
20120212	0.01	1.81	0.6
20120213	0.09	5.33	0.6
20120214	0.0	6.25	0.58
20120215	0.07	8.07	0.55
20120216	0.0	7.61	0.54
20120217	0.0	8.82	0.53
20120218	1.47	6.81	0.53
20120219	0.09	3.43	0.52
20120220	0.0	3.4	0.5
20120221	0.0	7.73	0.5
20120222	2.06	8.75	0.51
20120223	0.01	10.32	0.51
20120224	0.01	9.17	0.5
20120225	0.1	8.22	0.49
20120226	0.04	6.13	0.48
20120227	0.19	8.55	0.48
20120228	0.0	9.32	0.48
20120229	0.11	9.02	0.48
20120301	0.21	6.6	0.46
20120302	1.55	6.76	0.46
20120303	16.33	8.97	0.6
20120304	2.52	5.76	2.94
20120305	0.07	5.82	1.02
20120306	1.19	5.12	0.79
20120307	1.52	7.97	0.79
20120308	0.0	6.99	0.65
20120309	0.09	8.87	0.61
20120310	0.01	9.89	0.58
20120311	0.09	8.83	0.55
20120312	0.23	7.22	0.53
20120313	0.11	6.63	0.51
20120314	0.09	6.2	0.51
20120315	0.0	6.81	0.5
20120316	2.23	8.16	0.5
20120317	1.01	7.85	0.51
20120318	0.0	4.98	0.5
20120319	0.0	5.83	0.47
20120320	0.0	8.21	0.46
20120321	0.0	9.31	0.46
20120322	0.0	10.6	0.45
20120323	0.0	10.05	0.45
20120324	0.0	11.54	0.45
20120325	0.0	10.85	0.44
20120326	0.0	11.24	0.43
20120327	0.0	11.03	0.43
20120328	0.0	11.19	0.43
20120329	0.0	12.01	0.42
20120330	0.0	9.47	0.42
20120331	0.0	8.82	0.42
20120401	0.0	6.12	0.37
20120402	0.0	6.08	0.35
20120403	1.63	6.91	0.37
20120404	2.68	4.38	0.41
20120405	0.09	6.07	0.4
20120406	0.0	5.58	0.38
20120407	0.93	9.09	0.38
20120408	0.8	9.93	0.39
20120409	8.19	9.18	0.55
20120410	1.73	7.35	0.5
20120411	0.25	6.99	0.44
20120412	1.34	7.1	0.42
20120413	0.14	6.44	0.41
20120414	0.0	6.66	0.4
20120415	0.0	5.78	0.39
20120416	8.44	5.59	0.43
20120417	11.91	8.05	0.81
20120418	2.45	7.7	1.15
20120419	1.6	7.68	0.66
20120420	2.75	6.66	0.57
20120421	3.29	6.72	0.69
20120422	11.44	7.36	0.69
20120423	10.62	7.05	4.26
20120424	24.46	8.22	4.88
20120425	8.05	8.61	5.56
20120426	0.53	9.46	2.01
20120427	2.79	9.37	1.24
20120428	11.13	7.67	1.38
20120429	27.86	6.82	10.38
20120430	11.94	10.51	4.77
20120501	0.0	11.29	2.64
20120502	3.68	10.67	1.56
20120503	0.16	8.59	1.43
20120504	0.34	8.56	1.06
20120505	0.0	7.37	1.04
20120506	5.22	7.5	0.94
20120507	2.61	9.48	1.22
20120508	3.05	11.54	1.02
20120509	13.5	11.03	2.4
20120510	8.57	12.92	4.27
20120511	0.0	10.47	1.57
20120512	0.0	9.31	1.04
20120513	0.68	9.44	1.01
20120514	4.77	8.82	1.04
20120515	0.05	7.82	0.91
20120516	0.0	8.29	0.81
20120517	0.43	9.6	0.79
20120518	0.04	10.62	0.76
20120519	0.53	11.48	0.71
20120520	0.0	10.69	0.68
20120521	0.01	12.08	0.64
20120522	0.0	14.68	0.59
20120523	0.0	15.63	0.57
20120524	0.01	16.87	0.57
20120525	0.0	20.57	0.53
20120526	0.0	19.44	0.5
20120527	0.0	15.89	0.5
20120528	0.0	15.44	0.5
20120529	0.0	15.38	0.47
20120530	0.03	14.89	0.47
20120531	0.0	14.22	0.46
20120601	0.0	16.06	0.46
20120602	1.9	15.46	0.47
20120603	3.82	13.43	0.52
20120604	0.26	10.89	0.49
20120605	19.77	11.37	1.15
20120606	11.12	13.62	0.81
20120607	30.71	12.99	5.52
20120608	0.0	12.03	2.05
20120609	0.06	12.21	0.93
20120610	12.79	11.73	1.72
20120611	1.07	11.98	1.28
20120612	2.91	11.9	0.99
20120613	0.81	12.26	1.02
20120614	9.18	12.06	1.13
20120615	0.0	13.66	0.94
20120616	3.09	12.84	0.85
20120617	1.13	12.99	0.76
20120618	0.01	12.75	0.68
20120619	0.0	13.4	0.61
20120620	17.51	13.9	1.42
20120621	12.64	12.48	2.74
20120622	0.2	13.57	1.35
20120623	20.08	13.13	3.9
20120624	0.07	14.35	2.19
20120625	0.0	14.11	1.15
20120626	1.57	15.34	1.02
20120627	0.71	15.98	0.97
20120628	2.33	17.28	0.89
20120629	0.0	15.03	0.71
20120630	0.01	14.39	0.71
20120701	6.06	13.32	0.66
20120702	11.08	14.15	1.41
20120703	32.19	14.84	10.17
20120704	1.7	15.06	3.76
20120705	0.0	14.94	1.62
20120706	56.67	13.92	10.53
20120707	42.66	13.56	36.15
20120708	0.06	15.43	4.36
20120709	2.24	14.57	2.42
20120710	0.42	13.47	2.1
20120711	1.76	13.85	1.82
20120712	18.61	12.46	6.09
20120713	2.93	14.35	2.46
20120714	3.95	13.88	2.17
20120715	1.63	13.74	1.77
20120716	1.45	14.76	1.72
20120717	0.35	16.15	1.53
20120718	4.25	14.99	1.63
20120719	0.09	14.81	1.41
20120720	0.07	14.47	1.3
20120721	0.0	14.15	1.21
20120722	0.0	15.76	1.17
20120723	0.0	16.36	1.11
20120724	0.0	17.63	1.06
20120725	0.0	19.3	1.02
20120726	0.0	20.27	0.98
20120727	0.0	18.27	0.96
20120728	0.0	14.35	0.93
20120729	0.33	13.55	0.8
20120730	4.89	13.53	0.94
20120731	0.0	15.85	1.08
20120801	2.96	16.15	0.9
20120802	0.41	15.61	0.9
20120803	1.66	15.63	0.85
20120804	1.68	15.4	0.94
20120805	0.17	14.96	0.91
20120806	0.24	14.59	0.92
20120807	4.71	14.58	0.87
20120808	0.35	17.52	0.8
20120809	0.0	18.59	0.83
20120810	0.0	18.91	0.76
20120811	1.44	18.16	0.75
20120812	0.07	17.37	0.77
20120813	6.45	17.31	1.03
20120814	6.18	17.86	0.8
20120815	20.63	17.48	2.74
20120816	6.61	16.88	1.08
20120817	0.15	18.46	1.15
20120818	0.14	18.41	0.82
20120819	0.34	18.56	0.85
20120820	0.0	17.8	0.78
20120821	0.01	16.16	0.76
20120822	0.0	15.52	0.71
20120823	0.01	14.83	0.7
20120824	10.27	14.97	0.86
20120825	4.37	15.82	0.91
20120826	0.66	15.05	0.76
20120827	11.39	15.94	1.23
20120828	9.52	15.98	1.11
20120829	12.24	14.94	4.4
20120830	0.0	14.45	1.19
20120831	0.0	12.6	0.97
20120901	0.0	15.8	0.86
20120902	0.02	15.35	0.83
20120903	0.09	16.45	0.76
20120904	0.0	16.18	0.73
20120905	0.0	14.39	0.66
20120906	0.0	13.43	0.65
20120907	0.1	14.09	0.64
20120908	0.0	13.88	0.64
20120909	1.29	15.11	0.64
20120910	2.28	16.23	0.67
20120911	0.09	13.3	0.65
20120912	0.42	12.97	0.62
20120913	0.01	12.3	0.59
20120914	0.11	14.96	0.57
20120915	0.0	13.18	0.58
20120916	0.06	14.54	0.56
20120917	0.43	13.81	0.56
20120918	0.25	12.04	0.54
20120919	0.0	10.56	0.53
20120920	0.0	11.77	0.54
20120921	0.0	11.58	0.54
20120922	5.75	10.11	0.64
20120923	31.98	10.51	1.7
20120924	0.2	12.1	1.7
20120925	0.34	11.51	0.83
20120926	14.91	11.3	2.3
20120927	1.36	11.71	1.2
20120928	1.26	12.24	0.85
20120929	0.01	10.88	0.8
20120930	8.52	12.44	1.09
20121001	0.65	13.37	1.28
20121002	4.73	12.98	1.08
20121003	0.69	11.42	0.97
20121004	13.77	10.94	1.82
20121005	15.59	11.53	3.83
20121006	0.1	9.51	2.14
20121007	3.58	9.36	1.28
20121008	1.23	13.31	1.24
20121009	9.1	11.38	2.35
20121010	5.63	12.16	1.6
20121011	7.12	13.71	3.22
20121012	0.49	9.72	1.52
20121013	0.37	7.89	1.12
20121014	0.23	6.13	1.08
20121015	7.32	9.87	1.52
20121016	11.23	11.27	2.39
20121017	7.28	12.5	3.21
20121018	0.64	12.23	1.76
20121019	0.51	10.26	1.33
20121020	0.0	9.94	1.07
20121021	1.6	10.6	1.09
20121022	0.51	12.44	1.05
20121023	0.09	12.91	1.02
20121024	0.0	12.76	0.99
20121025	0.6	12.44	0.95
20121026	0.82	7.16	0.92
20121027	0.0	3.98	0.86
20121028	2.19	6.18	0.88
20121029	1.47	9.43	0.93
20121030	2.39	7.21	1.0
20121031	12.47	8.89	2.96
20121101	0.07	5.92	1.57
20121102	0.13	6.08	1.13
20121103	25.44	5.38	1.94
20121104	7.63	5.17	8.99
20121105	0.09	5.23	2.17
20121106	0.0	6.11	1.53
20121107	0.01	8.38	1.33
20121108	0.0	9.06	1.23
20121109	8.03	8.84	1.7
20121110	0.1	7.42	1.59
20121111	2.74	4.98	1.24
20121112	3.55	9.52	1.85
20121113	0.09	11.7	1.4
20121114	0.0	9.68	1.24
20121115	0.23	6.61	1.16
20121116	0.71	8.92	1.11
20121117	0.01	8.72	1.08
20121118	0.01	4.55	1.02
20121119	16.27	10.05	1.65
20121120	28.98	11.79	8.28
20121121	9.13	8.52	8.78
20121122	16.25	10.82	7.02
20121123	2.6	6.53	2.85
20121124	32.9	7.16	15.08
20121125	15.35	8.99	7.69
20121126	5.45	6.96	4.79
20121127	0.16	6.3	3.26
20121128	0.0	5.13	2.32
20121129	0.0	1.36	2.03
20121130	0.01	1.78	1.87
20121201	0.18	2.3	1.73
20121202	5.04	3.29	1.87
20121203	2.83	7.79	1.94
20121204	3.92	4.3	2.24
20121205	0.0	2.46	1.89
20121206	5.84	1.93	1.91
20121207	0.17	5.6	1.98
20121208	0.09	4.22	1.65
20121209	0.01	6.71	1.57
20121210	0.0	2.57	1.47
20121211	0.14	-0.66	1.41
20121212	0.15	0.55	1.39
20121213	8.9	1.25	1.39
20121214	5.43	7.8	3.33
20121215	1.04	7.85	1.82
20121216	2.62	7.08	1.73
20121217	1.37	7.09	1.62
20121218	3.29	5.54	1.53
20121219	34.95	7.66	9.39
20121220	7.88	9.65	9.88
20121221	25.23	7.38	8.17
20121222	9.68	11.07	10.67
20121223	7.76	10.29	4.35
20121224	7.45	8.83	5.13
20121225	2.13	7.67	3.88
20121226	7.92	8.07	3.06
20121227	4.48	7.45	3.24
20121228	5.26	10.12	3.65
20121229	6.69	8.74	5.22
20121230	2.49	7.87	2.92
20121231	8.99	9.73	5.43
20130101	0.04	5.62	2.77
20130102	0.19	7.83	2.39
20130103	0.0	9.85	2.22
20130104	0.18	9.14	2.1
20130105	0.72	9.09	2.02
20130106	1.19	7.58	1.97
20130107	0.0	8.86	1.91
20130108	6.76	9.55	2.38
20130109	0.1	6.97	2.19
20130110	3.35	5.93	2.2
20130111	7.1	5.39	2.21
20130112	12.93	5.29	6.6
20130113	0.04	1.81	2.51
20130114	6.69	3.03	2.67
20130115	0.0	1.99	2.39
20130116	0.05	0.51	2.05
20130117	9.7	2.77	1.93
20130118	4.85	1.05	2.37
20130119	0.0	-0.05	2.25
20130120	0.03	-1.36	1.97
20130121	4.63	-0.39	1.89
20130122	10.34	1.4	6.66
20130123	0.33	0.95	3.49
20130124	0.01	0.75	2.36
20130125	14.47	3.03	6.78
20130126	18.87	6.8	9.28
20130127	0.36	7.64	4.32
20130128	7.71	7.0	3.19
20130129	10.03	10.82	5.17
20130130	0.72	9.03	3.59
20130131	9.29	8.65	3.38
20130201	0.29	5.69	3.74
20130202	0.72	3.77	2.47
20130203	0.87	5.67	2.34
20130204	2.72	8.15	2.27
20130205	1.78	4.54	2.25
20130206	0.09	4.75	2.03
20130207	3.58	2.92	2.1
20130208	0.51	4.01	1.99
20130209	15.34	4.69	2.78
20130210	8.91	5.96	9.05
20130211	0.16	2.49	2.64
20130212	0.0	1.64	2.25
20130213	12.77	3.63	4.04
20130214	0.2	8.06	3.19
20130215	0.01	5.13	2.3
20130216	0.24	4.76	2.1
20130217	0.09	5.16	1.97
20130218	0.09	4.77	1.87
20130219	0.12	3.28	1.8
20130220	0.07	2.49	1.71
20130221	0.0	0.96	1.69
20130222	0.0	0.05	1.66
20130223	0.0	0.52	1.61
20130224	0.0	0.76	1.58
20130225	0.0	2.35	1.55
20130226	0.15	3.45	1.52
20130227	0.0	2.69	1.5
20130228	0.25	3.47	1.46
20130301	0.1	4.16	1.44
20130302	0.03	2.37	1.41
20130303	0.0	1.65	1.39
20130304	0.09	4.41	1.38
20130305	0.24	6.61	1.37
20130306	3.31	8.88	1.36
20130307	10.21	8.76	1.71
20130308	3.01	9.63	1.9
20130309	0.81	8.17	1.62
20130310	1.21	2.85	1.49
20130311	0.37	-0.64	1.4
20130312	0.01	0.03	1.31
20130313	0.04	2.33	1.3
20130314	0.0	2.04	1.25
20130315	14.34	6.05	1.89
20130316	8.19	5.44	3.28
20130317	3.47	3.5	3.62
20130318	0.0	3.87	1.77
20130319	0.2	3.56	1.54
20130320	2.79	4.03	1.43
20130321	20.65	4.77	6.28
20130322	3.01	5.67	2.93
20130323	0.11	3.09	1.96
20130324	0.01	0.39	1.68
20130325	0.0	0.64	1.52
20130326	0.0	0.37	1.45
20130327	0.01	1.09	1.38
20130328	0.09	1.19	1.2
20130329	0.0	1.62	1.28
20130330	0.0	1.99	1.25
20130331	0.0	2.12	1.21
20130401	0.0	2.19	1.19
20130402	0.0	2.89	1.17
20130403	0.0	2.48	1.15
20130404	0.0	2.05	1.14
20130405	0.0	3.55	1.11
20130406	0.0	3.44	1.1
20130407	0.0	3.37	1.1
20130408	3.08	5.43	1.11
20130409	0.52	6.0	1.16
20130410	8.75	6.15	1.49
20130411	6.19	8.1	1.65
20130412	0.66	8.15	1.47
20130413	11.53	7.95	3.44
20130414	0.11	11.11	1.55
20130415	1.07	10.45	1.38
20130416	2.11	10.57	1.29
20130417	0.0	10.66	1.38
20130418	0.75	9.22	1.07
20130419	0.0	9.07	1.1
20130420	0.0	7.08	1.09
20130421	1.02	6.38	1.09
20130422	0.19	8.78	1.08
20130423	0.09	11.08	1.06
20130424	0.1	10.23	1.05
20130425	3.31	10.04	1.06
20130426	0.0	7.84	1.06
20130427	0.14	6.3	1.0
20130428	0.34	6.53	0.99
20130429	0.0	8.4	0.97
20130430	0.0	8.36	0.94
20130501	0.0	9.05	0.92
20130502	0.0	10.37	0.92
20130503	0.0	9.42	0.92
20130504	0.0	10.47	0.91
20130505	0.0	11.49	0.9
20130506	0.0	10.91	0.89
20130507	11.14	12.96	1.06
20130508	1.76	11.27	1.19
20130509	0.85	9.31	0.97
20130510	4.0	10.23	0.87
20130511	0.63	9.0	0.95
20130512	0.11	9.08	0.92
20130513	0.59	9.81	1.01
20130514	15.33	7.44	1.82
20130515	0.19	8.13	1.15
20130516	0.0	7.74	0.99
20130517	5.25	8.61	1.06
20130518	0.0	10.66	0.83
20130519	0.66	11.8	0.92
20130520	0.0	12.32	0.91
20130521	0.0	12.67	0.89
20130522	0.0	11.12	0.86
20130523	3.52	7.94	0.92
20130524	0.22	7.87	0.87
20130525	0.0	9.31	0.83
20130526	0.0	9.86	0.82
20130527	7.62	9.22	0.93
20130528	11.46	8.73	1.59
20130529	3.51	10.83	1.03
20130530	0.75	13.66	0.97
20130531	0.0	14.48	0.87
20130601	0.0	12.84	0.78
20130602	0.0	12.58	0.74
20130603	0.0	12.55	0.74
20130604	0.0	12.78	0.74
20130605	0.0	13.55	0.72
20130606	0.0	15.12	0.69
20130607	0.57	15.46	0.69
20130608	0.0	15.05	0.66
20130609	0.0	12.72	0.67
20130610	3.52	11.3	0.69
20130611	1.58	13.19	0.89
20130612	8.16	13.58	0.97
20130613	0.1	13.09	0.69
20130614	5.01	12.71	0.79
20130615	0.51	12.39	0.8
20130616	0.96	12.26	0.74
20130617	0.18	15.5	0.72
20130618	0.0	14.95	0.71
20130619	0.13	17.56	0.79
20130620	2.48	15.26	0.72
20130621	4.29	14.57	0.77
20130622	2.11	13.21	0.66
20130623	0.02	12.99	0.7
20130624	0.0	12.51	0.65
20130625	0.0	12.7	0.63
20130626	0.0	14.04	0.62
20130627	4.61	13.89	0.64
20130628	0.01	15.79	0.63
20130629	0.09	16.35	0.57
20130630	0.0	15.34	0.57
20130701	0.0	14.44	0.56
20130702	4.07	12.82	0.63
20130703	0.24	14.81	0.61
20130704	0.01	15.59	0.59
20130705	0.0	15.8	0.57
20130706	0.0	16.14	0.56
20130707	0.0	19.71	0.53
20130708	0.0	20.87	0.52
20130709	0.0	19.63	0.51
20130710	0.0	19.39	0.5
20130711	0.0	15.9	0.51
20130712	0.0	16.34	0.52
20130713	0.0	20.09	0.5
20130714	0.0	21.2	0.5
20130715	0.0	20.09	0.5
20130716	0.0	19.27	0.49
20130717	0.0	19.9	0.49
20130718	0.0	21.69	0.48
20130719	0.0	21.34	0.48
20130720	0.0	20.37	0.46
20130721	0.45	20.63	0.47
20130722	0.78	20.13	0.6
20130723	0.14	18.68	0.49
20130724	11.74	18.2	0.65
20130725	0.0	18.09	0.5
20130726	0.0	17.38	0.49
20130727	18.1	16.06	1.1
20130728	2.71	16.77	0.78
20130729	6.21	17.15	0.66
20130730	0.67	16.91	0.71
20130731	0.47	17.81	0.5
20130801	0.83	19.91	0.54
20130802	1.46	18.0	0.55
20130803	0.01	17.03	0.52
20130804	5.24	16.68	0.7
20130805	1.67	16.53	0.51
20130806	0.0	15.39	0.51
20130807	0.0	16.14	0.51
20130808	1.64	16.72	0.52
20130809	0.0	17.1	0.51
20130810	0.04	15.87	0.51
20130811	0.0	16.76	0.51
20130812	0.0	15.3	0.5
20130813	0.0	14.49	0.49
20130814	4.3	15.53	0.57
20130815	2.32	18.13	0.55
20130816	0.18	17.74	0.56
20130817	6.71	15.38	0.64
20130818	1.25	16.91	0.56
20130819	0.0	15.57	0.51
20130820	0.0	15.54	0.49
20130821	0.54	16.27	0.49
20130822	0.0	18.82	0.48
20130823	1.14	17.81	0.48
20130824	1.03	15.63	0.5
20130825	0.06	15.84	0.48
20130826	0.0	18.27	0.47
20130827	0.01	17.01	0.46
20130828	0.0	16.32	0.45
20130829	0.0	16.32	0.45
20130830	0.41	17.26	0.45
20130831	0.0	15.2	0.43
20130901	0.0	13.59	0.44
20130902	0.0	16.32	0.44
20130903	0.0	16.62	0.45
20130904	0.0	16.55	0.44
20130905	1.3	16.46	0.44
20130906	0.88	13.55	0.45
20130907	4.51	11.86	0.52
20130908	4.23	11.3	0.54
20130909	0.06	13.75	0.5
20130910	0.0	13.25	0.46
20130911	2.05	13.4	0.48
20130912	2.14	16.1	0.49
20130913	13.58	15.69	0.84
20130914	0.0	11.79	0.57
20130915	3.6	11.45	0.56
20130916	1.44	10.9	0.64
20130917	3.45	13.12	0.55
20130918	0.25	12.91	0.5
20130919	1.22	13.03	0.39
20130920	0.21	12.18	0.47
20130921	0.29	15.08	0.48
20130922	0.27	17.24	0.48
20130923	0.25	16.1	0.47
20130924	0.0	14.81	0.47
20130925	2.54	15.4	0.48
20130926	3.77	15.08	0.66
20130927	4.68	14.91	0.51
20130928	0.14	15.27	0.54
20130929	0.09	14.88	0.49
20130930	0.17	15.17	0.48
20131001	4.95	15.42	0.57
20131002	10.26	16.67	1.0
20131003	10.91	16.62	0.92
20131004	0.43	16.07	0.53
20131005	0.0	14.14	0.53
20131006	0.09	12.76	0.5
20131007	0.03	14.42	0.5
20131008	0.29	15.07	0.49
20131009	0.0	12.19	0.47
20131010	0.0	8.56	0.45
20131011	0.38	10.5	0.45
20131012	3.0	11.08	0.47
20131013	7.23	10.08	0.63
20131014	0.1	9.6	0.53
20131015	11.52	8.8	0.65
20131016	1.86	12.54	0.93
20131017	0.27	14.46	0.58
20131018	8.2	14.17	0.78
20131019	1.34	14.98	0.75
20131020	15.16	13.87	1.03
20131021	11.19	15.12	1.31
20131022	14.48	15.27	2.02
20131023	0.18	12.66	1.25
20131024	18.36	11.94	2.01
20131025	1.52	15.05	1.79
20131026	6.42	13.96	1.11
20131027	30.8	12.55	5.41
20131028	0.32	11.38	2.38
20131029	0.73	8.91	1.19
20131030	4.41	9.59	1.04
20131031	3.94	11.7	1.05
20131101	2.42	11.88	1.05
20131102	2.71	10.81	0.97
20131103	12.97	9.04	2.05
20131104	2.29	7.81	1.61
20131105	2.4	10.2	1.19
20131106	0.83	12.47	1.1
20131107	1.46	9.25	0.98
20131108	6.34	6.9	1.33
20131109	5.58	6.77	1.74
20131110	14.66	7.05	1.89
20131111	2.74	12.04	3.77
20131112	0.07	9.3	1.72
20131113	0.34	5.84	1.26
20131114	0.07	8.03	1.08
20131115	0.01	5.88	0.96
20131116	0.09	5.41	0.9
20131117	0.08	7.75	0.86
20131118	1.11	7.48	0.84
20131119	0.18	3.34	0.79
20131120	4.39	4.84	0.81
20131121	0.29	5.49	0.85
20131122	0.1	3.91	0.81
20131123	0.16	3.04	0.78
20131124	0.0	4.19	0.75
20131125	0.0	4.21	0.72
20131126	0.0	2.56	0.66
20131127	0.0	7.66	0.65
20131128	0.0	8.22	0.65
20131129	0.0	8.36	0.65
20131130	0.14	5.39	0.64
20131201	0.01	4.31	0.62
20131202	0.0	6.82	0.63
20131203	0.0	5.28	0.62
20131204	0.07	5.56	0.62
20131205	0.93	5.96	0.6
20131206	0.16	6.65	0.6
20131207	0.07	7.34	0.6
20131208	0.25	7.84	0.6
20131209	0.1	6.44	0.6
20131210	0.11	7.46	0.59
20131211	0.07	5.85	0.59
20131212	4.49	9.14	0.61
20131213	3.34	9.86	0.77
20131214	4.11	8.9	0.78
20131215	38.92	10.66	7.93
20131216	6.67	10.23	5.34
20131217	1.12	5.15	2.48
20131218	16.95	8.72	5.79
20131219	5.76	5.29	3.38
20131220	10.02	7.42	2.4
20131221	8.53	10.29	5.8
20131222	1.88	7.05	2.31
20131223	42.84	9.54	16.49
20131224	3.03	6.88	4.41
20131225	3.98	4.14	2.84
20131226	4.94	4.88	2.53
20131227	0.16	8.5	2.38
20131228	0.72	4.27	1.78
20131229	8.06	4.8	1.57
20131230	3.65	8.68	2.76
20131231	11.15	7.85	2.32
20140101	16.41	9.03	9.96
20140102	9.01	8.32	4.18
20140103	28.49	7.68	6.93
20140104	7.89	6.04	13.08
20140105	17.72	6.35	8.99
20140106	8.64	10.13	5.38
20140107	0.32	9.44	4.36
20140108	6.43	9.1	3.41
20140109	0.23	7.49	2.79
20140110	4.63	5.98	2.5
20140111	0.15	5.04	2.3
20140112	6.78	5.94	2.87
20140113	3.82	5.68	3.3
20140114	9.55	4.06	4.41
20140115	14.68	9.44	4.71
20140116	7.9	7.01	5.31
20140117	12.36	7.2	4.77
20140118	5.76	7.71	6.88
20140119	1.79	4.56	3.62
20140120	0.11	3.48	2.87
20140121	11.17	4.8	4.65
20140122	0.78	6.82	3.16
20140123	5.37	5.8	2.63
20140124	6.17	7.42	4.01
20140125	5.44	8.29	2.9
20140126	11.78	6.41	7.46
20140127	3.61	5.38	3.52
20140128	0.44	6.28	2.9
20140129	0.13	4.57	2.46
20140130	0.0	3.03	2.23
20140131	22.17	5.54	7.5
20140201	0.07	5.89	3.53
20140202	0.0	6.89	2.58
20140203	3.68	6.64	2.44
20140204	10.28	5.76	3.22
20140205	6.17	7.68	4.01
20140206	20.89	6.76	9.52
20140207	9.82	6.59	5.5
20140208	2.23	7.11	4.03
20140209	0.37	5.29	2.9
20140210	7.58	4.85	2.61
20140211	3.68	5.22	3.44
20140212	8.77	6.02	5.21
20140213	5.16	4.55	2.91
20140214	18.73	6.72	11.0
20140215	1.64	7.11	3.54
20140216	1.3	5.29	2.89
20140217	11.07	7.75	3.87
20140218	1.72	7.55	4.52
20140219	8.48	7.43	3.95
20140220	0.64	8.41	3.7
20140221	0.22	5.73	2.81
20140222	0.72	7.25	2.49
20140223	0.2	9.83	2.35
20140224	8.35	8.73	2.46
20140225	0.73	7.16	2.8
20140226	7.18	6.71	2.66
20140227	6.13	6.86	3.35
20140228	1.33	5.12	3.26
20140301	0.21	4.36	2.49
20140302	12.63	7.15	3.94
20140303	1.56	4.94	3.34
20140304	0.04	5.59	2.54
20140305	0.0	5.76	2.24
20140306	0.46	8.34	2.1
20140307	0.18	9.36	2.0
20140308	0.0	9.3	1.91
20140309	0.0	9.95	1.82
20140310	0.0	8.34	1.74
20140311	0.12	6.6	1.7
20140312	0.15	6.63	1.67
20140313	0.21	6.59	1.62
20140314	0.0	5.7	1.6
20140315	0.0	9.68	1.56
20140316	0.0	9.95	1.53
20140317	0.01	8.93	1.5
20140318	0.04	9.14	1.48
20140319	0.0	8.48	1.45
20140320	4.61	8.93	1.58
20140321	6.31	7.12	1.81
20140322	0.3	5.72	1.64
20140323	0.24	5.76	1.48
20140324	6.2	4.76	1.71
20140325	1.83	7.27	1.66
20140326	0.27	5.43	1.51
20140327	5.25	4.28	1.53
20140328	6.77	5.96	2.35
20140329	0.0	10.48	1.77
20140330	0.0	11.99	1.5
20140331	0.72	11.05	1.44
20140401	0.94	10.35	1.37
20140402	0.18	12.59	1.37
20140403	4.22	11.05	1.43
20140404	1.71	10.3	1.34
20140405	12.71	10.63	2.19
20140406	10.29	11.62	3.59
20140407	3.06	10.43	3.46
20140408	0.2	8.28	1.98
20140409	0.0	8.7	1.64
20140410	0.0	8.55	1.5
20140411	0.0	9.74	1.28
20140412	0.0	8.76	1.34
20140413	0.0	9.63	1.28
20140414	0.0	9.65	1.24
20140415	0.0	9.0	1.2
20140416	0.0	8.82	1.18
20140417	0.0	9.55	1.16
20140418	0.0	9.19	1.14
20140419	0.63	7.52	1.13
20140420	12.55	7.99	1.78
20140421	6.11	10.83	1.45
20140422	3.06	10.31	1.64
20140423	0.82	10.55	1.42
20140424	0.0	10.09	1.15
20140425	6.0	9.67	1.31
20140426	12.21	10.06	1.59
20140427	5.94	9.96	3.03
20140428	2.11	10.51	1.71
20140429	2.39	10.54	1.99
20140430	6.18	10.14	1.55
20140501	5.85	11.47	2.99
20140502	0.0	10.15	1.6
20140503	0.0	8.85	1.42
20140504	0.0	9.24	1.3
20140505	8.55	10.76	1.64
20140506	0.47	11.94	1.51
20140507	10.79	11.51	1.37
20140508	0.54	11.95	2.25
20140509	7.18	11.96	1.69
20140510	1.95	11.44	1.8
20140511	0.1	9.98	1.4
20140512	6.27	10.09	1.57
20140513	0.07	10.71	1.18
20140514	0.0	11.95	1.18
20140515	0.0	12.84	1.12
20140516	0.0	13.42	1.09
20140517	0.0	14.37	1.06
20140518	0.0	14.13	1.05
20140519	8.98	15.23	1.41
20140520	0.01	13.16	1.12
20140521	18.34	12.64	3.45
20140522	3.92	12.4	1.99
20140523	1.54	11.8	1.5
20140524	12.16	10.98	3.1
20140525	0.47	11.7	1.85
20140526	0.65	11.35	1.43
20140527	0.78	12.57	1.25
20140528	3.17	12.02	1.29
20140529	10.78	13.27	1.98
20140530	0.12	13.62	1.38
20140531	0.0	13.92	1.27
20140601	0.0	13.99	1.19
20140602	1.86	13.88	1.27
20140603	11.43	13.09	1.26
20140604	5.33	10.48	1.96
20140605	0.0	12.12	1.41
20140606	7.94	15.77	1.34
20140607	0.11	15.67	1.54
20140608	1.11	15.63	1.19
20140609	0.14	15.81	1.1
20140610	0.0	14.32	0.92
20140611	0.0	14.69	0.98
20140612	0.0	15.79	0.96
20140613	0.0	17.08	0.94
20140614	0.06	17.59	0.93
20140615	0.0	16.34	0.92
20140616	0.0	15.65	0.9
20140617	0.0	15.74	0.88
20140618	0.0	16.98	0.88
20140619	0.0	17.29	0.87
20140620	0.0	16.15	0.85
20140621	0.0	16.32	0.85
20140622	0.0	17.27	0.84
20140623	0.0	17.96	0.84
20140624	0.0	18.13	0.81
20140625	0.0	15.98	0.9
20140626	8.81	14.77	0.88
20140627	1.75	15.06	0.93
20140628	0.05	14.53	0.83
20140629	0.0	14.75	0.66
20140630	0.0	14.77	0.78
20140701	0.0	16.36	0.76
20140702	0.0	16.1	0.75
20140703	0.0	16.84	0.75
20140704	11.9	16.71	0.97
20140705	0.0	16.37	0.93
20140706	0.11	14.43	0.92
20140707	6.28	13.99	0.94
20140708	0.53	14.05	0.81
20140709	0.01	15.37	0.78
20140710	0.0	17.0	0.74
20140711	0.0	17.45	0.72
20140712	0.09	17.47	0.74
20140713	0.0	16.97	0.71
20140714	0.15	15.9	0.71
20140715	0.0	17.86	0.69
20140716	0.45	17.43	0.71
20140717	0.57	20.01	0.68
20140718	13.56	19.61	0.98
20140719	2.88	18.3	1.13
20140720	0.0	18.49	0.67
20140721	0.0	19.13	0.72
20140722	0.0	20.2	0.68
20140723	0.0	20.89	0.67
20140724	0.0	21.59	0.66
20140725	0.0	20.5	0.64
20140726	0.0	20.66	0.64
20140727	0.43	18.82	0.64
20140728	0.01	17.5	0.66
20140729	0.0	18.48	0.63
20140730	0.0	17.6	0.65
20140731	0.19	17.6	0.53
20140801	10.1	16.8	0.66
20140802	0.0	16.75	0.75
20140803	0.0	16.28	0.61
20140804	3.6	16.21	0.61
20140805	17.52	17.14	1.2
20140806	0.0	18.46	0.69
20140807	0.0	17.52	0.65
20140808	0.27	16.24	0.66
20140809	25.86	16.23	1.4
20140810	0.01	16.14	1.67
20140811	8.93	15.36	1.62
20140812	0.35	14.94	0.89
20140813	0.98	15.29	0.76
20140814	3.85	14.57	0.67
20140815	0.0	14.2	0.69
20140816	0.06	14.51	0.67
20140817	0.67	15.07	0.66
20140818	0.09	13.65	0.65
20140819	1.13	12.58	0.66
20140820	0.0	11.68	0.64
20140821	0.0	12.12	0.63
20140822	0.01	13.92	0.61
20140823	0.66	12.29	0.62
20140824	11.45	12.12	0.83
20140825	28.69	15.55	2.29
20140826	6.93	16.0	2.08
20140827	9.88	14.94	1.58
20140828	1.16	16.35	1.24
20140829	0.25	15.65	0.85
20140830	0.01	15.36	0.84
20140831	0.16	15.08	0.76
20140901	0.79	15.42	0.76
20140902	0.07	15.21	0.72
20140903	0.01	16.7	0.71
20140904	0.0	16.09	0.69
20140905	0.0	16.63	0.69
20140906	0.0	16.36	0.68
20140907	0.0	14.98	0.66
20140908	0.0	14.59	0.66
20140909	0.0	14.57	0.64
20140910	0.07	14.79	0.64
20140911	0.0	14.13	0.63
20140912	0.0	14.88	0.62
20140913	0.0	15.04	0.62
20140914	0.0	15.24	0.61
20140915	0.0	15.1	0.61
20140916	0.0	16.64	0.59
20140917	0.0	17.92	0.58
20140918	0.25	18.31	0.71
20140919	0.14	17.55	0.6
20140920	0.0	16.75	0.49
20140921	0.0	14.51	0.57
20140922	0.0	11.76	0.56
20140923	0.2	11.8	0.57
20140924	0.01	13.79	0.55
20140925	0.07	13.47	0.56
20140926	0.03	16.11	0.56
20140927	0.07	15.51	0.57
20140928	0.01	16.05	0.57
20140929	0.01	15.14	0.58
20140930	1.64	15.86	0.58
20141001	0.62	15.72	0.59
20141002	0.01	14.66	0.58
20141003	9.3	14.92	0.62
20141004	3.56	12.26	0.98
20141005	15.5	10.02	0.84
20141006	4.39	12.05	1.51
20141007	2.91	10.04	0.97
20141008	3.25	13.04	0.89
20141009	3.69	13.15	0.76
20141010	2.07	12.47	0.75
20141011	0.27	10.92	0.68
20141012	10.42	9.04	0.93
20141013	6.68	10.52	1.39
20141014	0.31	10.91	1.0
20141015	10.79	11.95	1.4
20141016	8.5	13.9	2.2
20141017	17.49	15.49	2.27
20141018	4.05	16.42	3.01
20141019	0.0	15.07	1.59
20141020	1.62	13.05	1.15
20141021	0.09	11.61	0.97
20141022	0.01	10.75	0.89
20141023	2.23	13.46	0.86
20141024	0.45	13.24	0.72
20141025	0.0	11.69	0.79
20141026	0.0	13.35	0.73
20141027	0.23	14.3	0.72
20141028	2.93	14.67	0.79
20141029	4.56	13.39	1.05
20141030	0.01	15.06	0.74
20141031	0.16	16.09	0.79
20141101	3.03	13.82	0.74
20141102	3.31	12.66	0.93
20141103	5.85	8.65	1.35
20141104	0.82	6.51	1.02
20141105	0.0	6.27	0.89
20141106	21.0	8.64	2.94
20141107	2.28	10.36	2.74
20141108	4.84	9.79	1.86
20141109	0.09	7.28	1.33
20141110	24.93	9.84	3.87
20141111	12.81	11.49	6.93
20141112	4.89	10.62	3.35
20141113	6.42	12.08	2.23
20141114	2.82	11.56	2.58
20141115	5.12	9.14	1.95
20141116	2.72	9.54	2.13
20141117	1.91	8.42	1.87
20141118	0.19	8.15	1.54
20141119	1.27	9.48	1.34
20141120	0.6	8.97	1.27
20141121	3.83	9.44	1.25
20141122	7.51	12.13	1.55
20141123	0.2	7.21	1.83
20141124	0.38	2.76	1.36
20141125	6.97	4.03	1.75
20141126	0.01	6.84	1.61
20141127	0.47	7.05	1.37
20141128	0.19	10.7	1.24
20141129	0.16	9.81	1.15
20141130	0.01	8.48	1.08
20141201	0.08	7.03	1.06
20141202	0.03	6.42	1.03
20141203	0.0	4.05	1.0
20141204	0.0	4.0	0.98
20141205	0.27	3.94	0.96
20141206	0.18	4.02	0.94
20141207	1.81	7.16	0.93
20141208	0.07	4.41	0.94
20141209	1.33	5.98	0.93
20141210	1.57	7.53	0.93
20141211	9.36	7.8	1.11
20141212	0.0	6.53	2.11
20141213	0.21	1.93	1.22
20141214	0.85	6.17	1.11
20141215	0.15	6.57	1.06
20141216	11.67	4.84	1.75
20141217	0.66	11.01	1.93
20141218	1.46	11.43	1.39
20141219	0.0	8.76	1.25
20141220	0.01	7.17	1.13
20141221	0.07	8.76	1.08
20141222	0.1	11.14	1.04
20141223	0.59	10.35	1.01
20141224	0.3	7.72	0.97
20141225	0.0	4.74	0.94
20141226	12.02	4.19	2.14
20141227	0.71	4.03	1.46
20141228	0.01	1.17	1.17
20141229	0.16	-0.37	1.05
20141230	0.11	1.07	1.01
20141231	0.21	6.04	1.01
20150101	3.52	10.46	1.05
20150102	13.46	7.57	1.23
20150103	1.47	7.18	3.52
20150104	0.0	4.71	1.57
20150105	1.51	8.56	1.34
20150106	0.61	7.05	1.3
20150107	17.05	7.18	1.43
20150108	4.99	8.88	5.02
20150109	0.12	11.21	2.34
20150110	0.49	8.58	1.67
20150111	0.22	6.38	1.42
20150112	11.61	9.8	2.96
20150113	2.37	5.89	2.43
20150114	17.12	5.36	5.13
20150115	1.8	6.75	3.07
20150116	0.16	3.6	1.93
20150117	0.15	2.33	1.62
20150118	0.03	2.52	1.44
20150119	0.0	0.78	1.33
20150120	6.86	2.13	2.48
20150121	3.5	4.0	2.09
20150122	0.0	1.56	1.73
20150123	1.08	2.61	1.51
20150124	0.08	4.61	1.39
20150125	0.38	5.29	1.31
20150126	0.1	7.55	1.26
20150127	0.34	5.98	1.21
20150128	1.08	6.4	1.2
20150129	3.95	3.49	1.28
20150130	0.5	4.43	1.25
20150131	0.0	3.37	1.16
20150201	0.0	2.81	1.1
20150202	0.01	0.09	1.07
20150203	0.11	0.84	1.05
20150204	0.07	1.49	1.02
20150205	0.2	2.07	1.0
20150206	0.24	1.09	0.99
20150207	0.0	2.33	0.98
20150208	0.1	2.97	0.97
20150209	0.09	3.01	0.97
20150210	0.03	2.69	0.96
20150211	0.0	4.7	0.96
20150212	0.28	4.22	0.95
20150213	10.45	6.7	1.38
20150214	0.0	5.3	1.26
20150215	4.81	5.21	1.11
20150216	6.01	5.81	2.44
20150217	0.07	4.01	1.4
20150218	0.01	5.55	1.22
20150219	16.05	7.25	3.03
20150220	0.15	4.92	2.12
20150221	0.09	3.58	1.46
20150222	15.07	4.11	4.85
20150223	2.56	4.74	2.11
20150224	0.73	6.32	1.68
20150225	1.11	8.82	1.47
20150226	2.63	7.74	1.56
20150227	2.66	4.61	1.33
20150228	4.34	8.59	1.76
20150301	4.65	7.15	1.83
20150302	1.97	4.6	1.58
20150303	0.04	4.68	1.48
20150304	0.12	4.9	1.25
20150305	0.0	4.91	1.16
20150306	0.0	6.85	1.11
20150307	0.0	8.95	1.05
20150308	0.09	7.71	1.01
20150309	0.4	6.81	1.0
20150310	0.01	6.09	0.96
20150311	0.0	7.87	0.94
20150312	10.55	9.11	0.98
20150313	2.92	5.82	2.81
20150314	0.01	4.42	1.37
20150315	0.0	4.79	1.21
20150316	0.75	5.09	1.12
20150317	0.07	6.59	1.08
20150318	0.0	6.07	1.02
20150319	0.0	5.5	0.99
20150320	0.0	6.26	0.97
20150321	0.0	6.96	0.94
20150322	0.0	5.62	0.92
20150323	0.61	5.59	0.91
20150324	0.05	5.21	0.89
20150325	6.34	4.92	0.9
20150326	0.09	8.05	1.08
20150327	1.27	6.58	0.9
20150328	4.69	10.12	0.9
20150329	0.72	10.04	1.02
20150330	0.15	8.6	0.92
20150331	0.0	9.33	0.88
20150401	1.92	7.31	0.86
20150402	6.34	9.36	0.76
20150403	0.57	9.41	1.22
20150404	0.0	8.57	0.99
20150405	0.0	8.23	0.94
20150406	0.0	9.26	0.9
20150407	0.0	9.17	0.87
20150408	0.0	9.83	0.86
20150409	0.0	9.85	0.83
20150410	1.34	10.29	0.83
20150411	0.0	8.84	0.82
20150412	0.0	9.22	0.82
20150413	0.11	10.13	0.9
20150414	0.0	10.35	0.83
20150415	0.0	12.36	0.82
20150416	0.0	13.2	0.77
20150417	0.2	10.93	0.77
20150418	0.0	9.73	0.59
20150419	0.0	7.5	0.69
20150420	0.0	10.05	0.69
20150421	0.0	11.93	0.69
20150422	0.0	11.42	0.69
20150423	0.0	9.39	0.71
20150424	9.22	9.71	0.83
20150425	2.6	11.31	0.93
20150426	0.0	8.57	0.82
20150427	0.01	6.32	0.77
20150428	2.62	7.08	0.83
20150429	1.11	8.48	0.67
20150430	0.05	8.69	0.72
20150501	0.12	8.68	0.67
20150502	18.52	9.5	0.86
20150503	0.29	12.27	1.64
20150504	14.11	11.12	1.68
20150505	2.25	11.24	1.22
20150506	0.2	10.29	0.89
20150507	0.99	10.35	0.84
20150508	2.93	10.48	0.82
20150509	0.0	11.53	0.81
20150510	0.09	11.99	0.76
20150511	0.0	12.99	0.74
20150512	0.0	11.32	0.7
20150513	11.46	10.65	0.8
20150514	5.5	9.87	1.7
20150515	0.0	10.71	0.83
20150516	0.0	12.24	0.79
20150517	1.22	9.83	0.83
20150518	1.87	10.33	0.74
20150519	1.65	9.07	0.62
20150520	0.0	9.54	0.65
20150521	1.59	11.29	0.64
20150522	0.57	12.72	0.66
20150523	0.0	14.5	0.64
20150524	0.12	12.62	0.63
20150525	0.0	12.13	0.6
20150526	0.0	12.86	0.57
20150527	0.0	11.91	0.57
20150528	0.0	12.03	0.54
20150529	3.08	10.67	0.61
20150530	7.89	10.99	0.63
20150531	0.12	11.75	0.67
20150601	14.21	10.41	1.08
20150602	0.21	13.56	0.8
20150603	0.0	12.68	0.64
20150604	0.0	13.16	0.56
20150605	0.0	13.88	0.54
20150606	0.0	11.81	0.52
20150607	0.0	12.27	0.5
20150608	0.0	12.85	0.49
20150609	0.0	11.39	0.49
20150610	0.0	12.26	0.47
20150611	2.92	16.89	0.49
20150612	4.79	15.61	0.55
20150613	0.01	13.82	0.54
20150614	0.0	13.98	0.5
20150615	0.0	13.46	0.5
20150616	0.0	14.4	0.49
20150617	0.0	15.38	0.49
20150618	0.0	15.5	0.47
20150619	0.0	14.55	0.46
20150620	0.0	15.52	0.47
20150621	4.39	14.62	0.58
20150622	0.54	13.15	0.43
20150623	0.0	14.29	0.43
20150624	0.0	14.69	0.44
20150625	0.0	15.54	0.43
20150626	2.58	15.68	0.47
20150627	0.38	15.89	0.46
20150628	1.5	15.53	0.46
20150629	0.01	16.23	0.45
20150630	0.0	20.11	0.42
20150701	0.0	20.48	0.41
20150702	3.05	16.07	0.46
20150703	1.37	17.94	0.43
20150704	0.0	17.99	0.41
20150705	0.01	15.41	0.41
20150706	3.05	15.56	0.42
20150707	1.03	16.24	0.44
20150708	0.3	15.06	0.43
20150709	0.01	15.34	0.42
20150710	0.0	16.28	0.42
20150711	1.24	16.3	0.42
20150712	1.37	16.07	0.44
20150713	0.35	16.44	0.45
20150714	0.56	16.71	0.45
20150715	0.26	16.94	0.44
20150716	0.23	17.38	0.42
20150717	0.0	16.73	0.41
20150718	0.35	14.87	0.4
20150719	0.38	16.48	0.4
20150720	0.94	16.75	0.41
20150721	0.0	16.92	0.41
20150722	0.08	16.2	0.38
20150723	5.64	14.46	0.39
20150724	28.06	12.81	1.27
20150725	10.21	14.27	0.58
20150726	2.72	13.98	0.84
20150727	0.02	15.14	0.52
20150728	0.01	14.41	0.45
20150729	0.0	13.1	0.41
20150730	0.0	12.99	0.41
20150731	0.0	13.18	0.39
20150801	0.0	13.66	0.39
20150802	0.05	16.85	0.38
20150803	0.4	16.95	0.38
20150804	0.07	15.14	0.38
20150805	3.96	15.33	0.4
20150806	0.0	16.04	0.4
20150807	0.0	15.13	0.39
20150808	0.0	16.17	0.38
20150809	6.87	15.83	0.4
20150810	8.35	16.55	0.78
20150811	0.0	14.4	0.45
20150812	0.38	17.5	0.5
20150813	31.98	17.17	1.33
20150814	6.47	15.61	2.55
20150815	0.03	14.06	0.6
20150816	0.0	13.5	0.54
20150817	0.0	15.16	0.48
20150818	0.12	15.27	0.45
20150819	13.88	14.31	0.94
20150820	2.21	16.87	0.71
20150821	1.35	17.44	0.59
20150822	20.28	18.51	0.97
20150823	4.76	15.33	1.84
20150824	9.07	13.3	1.6
20150825	20.7	14.32	2.72
20150826	3.87	15.97	1.82
20150827	0.48	14.46	1.2
20150828	0.0	14.15	0.66
20150829	2.5	15.83	0.69
20150830	11.21	15.6	0.79
20150831	0.52	14.57	1.3
20150901	0.0	13.59	0.82
20150902	0.0	12.18	0.65
20150903	0.08	11.98	0.59
20150904	0.01	13.11	0.53
20150905	0.0	12.7	0.51
20150906	0.0	11.77	0.5
20150907	0.0	12.79	0.48
20150908	0.0	12.55	0.48
20150909	0.0	13.96	0.46
20150910	0.0	15.04	0.46
20150911	4.94	15.12	0.49
20150912	4.31	14.7	0.5
20150913	18.73	13.53	0.72
20150914	9.1	12.54	1.04
20150915	0.0	12.79	1.18
20150916	17.5	12.27	2.72
20150917	0.49	12.91	1.28
20150918	2.64	13.65	0.98
20150919	0.09	12.49	0.64
20150920	0.25	12.4	0.7
20150921	7.15	13.11	0.92
20150922	0.19	11.66	0.76
20150923	1.47	12.44	0.53
20150924	0.1	13.52	0.62
20150925	0.01	11.66	0.58
20150926	0.0	10.82	0.55
20150927	0.09	11.71	0.52
20150928	0.0	13.01	0.51
20150929	0.01	13.31	0.49
20150930	0.07	12.79	0.46
