pet
0.2255555555555556
0.21444444444444444
0.35833333333333334
0.24555555555555555
0.1922222222222222
0.18666666666666665
0.21166666666666667
0.14055555555555557
0.25222222222222224
0.2761111111111111
0.2861111111111111
0.37666666666666665
0.19666666666666666
0.1922222222222222
0.31555555555555553
0.275
0.21000000000000002
0.255
0.2544444444444445
0.2561111111111111
0.275
0.25666666666666665
0.20888888888888887
0.23944444444444443
0.23944444444444443
0.22
0.27166666666666667
0.29444444444444445
0.2727777777777778
0.315
0.345
0.3422222222222222
0.3522222222222222
0.3894444444444444
0.38166666666666665
0.3111111111111111
0.3194444444444444
0.3277777777777778
0.4177777777777778
0.35333333333333333
0.3516666666666667
0.3338888888888889
0.27
0.30166666666666664
0.32166666666666666
0.4116666666666667
0.44222222222222224
0.3572222222222222
0.3572222222222222
0.44111111111111106
0.4444444444444444
0.48500000000000004
0.505
0.48888888888888893
0.5377777777777778
0.5811111111111111
0.6372222222222222
0.5322222222222223
0.545
0.5572222222222222
0.5694444444444444
0.4855555555555556
0.6188888888888889
0.6811111111111111
0.6761111111111111
0.6755555555555556
0.7266666666666667
0.7144444444444444
0.7544444444444445
0.8127777777777777
0.7822222222222223
0.815
0.7922222222222222
0.8066666666666666
0.7572222222222222
0.9188888888888889
0.8788888888888889
0.9561111111111111
0.87
0.9627777777777778
0.8666666666666667
1.0055555555555555
0.9238888888888889
0.8733333333333334
0.9305555555555556
1.0033333333333332
0.9583333333333334
0.9966666666666667
1.0
1.0527777777777778
1.1444444444444446
1.1483333333333334
1.0472222222222223
1.1177777777777778
1.3694444444444445
1.1422222222222222
1.2166666666666666
1.255
1.2577777777777779
1.3988888888888888
1.2755555555555556
1.4483333333333333
1.3244444444444445
1.3255555555555556
1.5033333333333332
1.5816666666666666
1.6310526315789475
1.4210526315789473
1.6057894736842107
1.533157894736842
1.5294736842105263
1.4915789473684211
1.5857894736842104
1.5826315789473684
1.5152631578947369
1.5457894736842106
1.5389473684210528
1.5047368421052632
1.6963157894736844
1.671578947368421
1.7410526315789472
1.8131578947368423
1.823157894736842
1.793157894736842
1.7536842105263157
1.934736842105263
1.9289473684210525
2.068421052631579
2.0357894736842104
2.1052631578947367
1.9921052631578948
1.8378947368421052
2.1184210526315788
2.1578947368421053
1.8542105263157898
1.8842105263157898
1.8636842105263156
1.9494736842105262
1.9289473684210525
1.9331578947368424
2.18
2.282631578947368
2.311052631578947
2.421578947368421
2.155263157894737
2.3394736842105264
2.062105263157895
2.034736842105263
2.0168421052631578
2.2421052631578946
2.423157894736842
2.208421052631579
2.150526315789474
2.3257894736842104
1.9457894736842105
1.95
2.1984210526315793
2.083157894736842
2.1126315789473686
2.123157894736842
2.26
2.226842105263158
1.9789473684210528
1.8378947368421052
2.231578947368421
1.9436842105263157
2.0657894736842106
2.2557894736842106
1.9810526315789474
2.16
2.2636842105263155
2.1321052631578947
1.8710526315789473
2.0136842105263155
2.055789473684211
2.1010526315789475
2.3010526315789472
2.1010526315789475
2.2273684210526317
2.048421052631579
2.006842105263158
2.171578947368421
2.2294736842105265
2.2463157894736843
2.141578947368421
2.1626315789473685
1.9426315789473683
2.121052631578947
2.2657894736842104
2.4342105263157894
1.857894736842105
2.216842105263158
1.9721052631578946
2.173684210526316
2.136315789473684
2.4405263157894734
2.227894736842105
2.231578947368421
2.0389473684210526
1.8657894736842107
2.094736842105263
2.073157894736842
2.3978947368421055
2.0868421052631576
2.2689473684210526
1.9605263157894737
2.0542105263157895
2.228421052631579
1.7705263157894737
1.887894736842105
1.9852631578947368
1.926842105263158
1.9063157894736842
1.7036842105263157
2.0826315789473684
2.2205263157894737
1.9968421052631578
1.8652631578947367
1.8673684210526313
1.898421052631579
1.7815789473684212
1.5736842105263158
1.4594736842105263
1.644736842105263
1.8310526315789473
1.5826315789473684
1.8115789473684212
1.721578947368421
1.7326315789473685
1.39
1.6363157894736842
1.645263157894737
1.7073684210526314
1.8442105263157895
1.45
1.7710526315789472
1.5757894736842106
1.7178947368421054
1.423157894736842
1.4631578947368422
1.698421052631579
1.5526315789473684
1.5247368421052632
1.2210526315789474
1.5457894736842106
1.3863157894736842
1.4605263157894737
1.4173684210526316
1.3642105263157895
1.3968421052631579
1.461578947368421
1.4273684210526316
1.4110526315789473
1.1489473684210525
1.181578947368421
1.151578947368421
1.1326315789473684
1.1431578947368422
1.0263157894736843
1.0236842105263158
1.0068421052631578
1.0163157894736843
1.0510526315789472
1.0026315789473685
1.1168421052631579
0.9826315789473683
0.9078947368421053
0.9478947368421053
0.9052631578947368
0.7742105263157895
0.7647368421052632
0.7673684210526316
0.7989473684210526
0.8144444444444444
0.7705555555555557
0.8927777777777778
0.7855555555555556
0.7916666666666666
0.8172222222222223
0.7655555555555557
0.645
0.7327777777777778
0.7716666666666667
0.6294444444444445
0.5533333333333333
0.4872222222222222
0.4955555555555555
0.49166666666666664
0.4888888888888888
0.48500000000000004
0.4911111111111111
0.4444444444444444
0.44611111111111107
0.4211111111111111
0.41111111111111115
0.4077777777777778
0.42
0.44999999999999996
0.4883333333333333
0.508888888888889
0.46611111111111114
0.4311111111111111
0.4244444444444444
0.44166666666666665
0.37722222222222224
0.32611111111111113
0.3605555555555556
0.33055555555555555
0.3055555555555556
0.36944444444444446
0.3383333333333333
0.3944444444444445
0.32833333333333337
0.26555555555555554
0.365
0.305
0.23000000000000004
0.27722222222222226
0.255
0.2538888888888889
0.24777777777777776
0.24388888888888888
0.2338888888888889
0.29444444444444445
0.2733333333333333
0.17666666666666667
0.2138888888888889
0.23777777777777778
0.2822222222222222
0.25277777777777777
0.28444444444444444
0.17944444444444443
0.16666666666666666
0.22722222222222221
0.17277777777777778
0.14
0.20444444444444443
0.15666666666666668
0.18555555555555556
0.23166666666666666
0.2138888888888889
0.21166666666666667
0.21888888888888888
0.2761111111111111
0.20333333333333334
0.1377777777777778
0.18555555555555556
0.2727777777777778
0.26611111111111113
0.22833333333333336
0.2711111111111111
0.17666666666666667
0.13111111111111112
0.16277777777777777
0.21444444444444447
0.17722222222222223
0.20944444444444443
0.2777777777777778
0.19166666666666665
0.125
0.12555555555555553
0.14944444444444444
0.10888888888888888
0.16055555555555556
0.1411111111111111
