pet
0.40549999999999997
0.396
0.41500000000000004
0.29050000000000004
0.20099999999999998
0.2395
0.304
0.3335
0.2935
0.268
0.366
0.38
0.3505
0.40750000000000003
0.192
0.2885
0.39
0.29500000000000004
0.376
0.28450000000000003
0.36550000000000005
0.41150000000000003
0.3905
0.384
0.2785
0.357
0.3275
0.28650000000000003
0.254
0.4325
0.409
0.4415
0.4125
0.3785
0.46749999999999997
0.47350000000000003
0.49050000000000005
0.548
0.48949999999999994
0.44400000000000006
0.44749999999999995
0.48550000000000004
0.462
0.5125
0.522
0.5015
0.4795
0.404
0.4535
0.5810000000000001
0.5415
0.533
0.5814999999999999
0.5525
0.5509999999999999
0.567
0.567
0.6155
0.6935
0.726
0.738
0.845
0.8825
0.788
0.8380000000000001
0.7775
0.8195
0.8494999999999999
0.783
0.7755
0.986
0.8869999999999999
0.8095000000000001
0.9615
0.917
0.9890000000000001
1.0245
0.998
1.012
1.0474999999999999
1.008
1.129
1.2675
1.2405
1.1455
1.2725
1.22
1.3355000000000001
1.16
1.1505
1.1585
1.3265
1.19
1.338
1.3025
1.348
1.284
1.2465
1.324
1.504
1.4255
1.5855000000000001
1.65
1.8820000000000001
1.761
1.7419999999999998
1.768
1.5175
1.6145
1.8199999999999998
1.7094999999999998
1.6780000000000002
1.8850000000000002
1.9440000000000002
1.8375
2.024
2.081
1.9555
1.9134999999999998
1.9895
2.085
2.1109999999999998
2.1975000000000002
2.258
2.075
2.249
2.106
2.2335000000000003
2.3105
2.0285
2.306
2.314
2.4245
2.5845
2.396
2.5205
2.2954999999999997
2.4035
2.5615
2.423
2.2695
2.536
2.412
2.6915
2.541
2.5
2.5300000000000002
2.682
2.62
2.642
2.54
2.6614999999999998
2.413
2.6275
2.6710000000000003
2.521
2.2670000000000003
2.6079999999999997
2.6965
2.519
2.548
2.2704999999999997
2.528
2.524
2.8065
2.7800000000000002
2.5785
2.5100000000000002
2.7285
2.879
3.048
2.612
2.8634999999999997
2.6155
2.6145
2.5614999999999997
2.8295000000000003
2.991
3.0
3.193
2.8895
2.6105
2.7255
3.032
2.93
2.9665
3.092
2.968
2.7875
2.9265
2.729
2.851
2.7995
2.7715
2.6635
2.559
2.723
2.6335
2.584
2.6765
2.6985
2.6565000000000003
2.57
2.607
2.529
2.8735
2.7190000000000003
2.658
2.4379999999999997
2.7065
2.545
2.3995
2.638
2.5795000000000003
2.5614999999999997
2.397
2.467
2.223
2.0759999999999996
2.153
2.254
2.4165
2.2605
2.2355
2.2190000000000003
2.1275
2.163
2.401
2.2925
2.0625
2.0989999999999998
2.2344999999999997
2.3240000000000003
2.2275
2.0185
2.0755
1.9774999999999998
2.0515
2.0565
1.939
1.8085
1.8695
1.7614999999999998
1.798
1.8920000000000001
1.704
1.7550000000000001
1.8005
1.7365
1.4849999999999999
1.5325
1.546
1.5305
1.534
1.4449999999999998
1.5859999999999999
1.4775
1.332
1.417
1.3895
1.4045
1.407
1.3359999999999999
1.2349999999999999
1.212
1.096
1.1775
1.091
0.9339999999999999
1.0554999999999999
0.9315
1.029
0.958
0.9955
0.8745
0.8700000000000001
1.0390000000000001
0.8620000000000001
0.8654999999999999
1.0070000000000001
0.993
0.788
0.8539999999999999
0.8724999999999999
0.689
0.6685
0.692
0.5405
0.599
0.8125
0.6905
0.6915
0.495
0.5775
0.6105
0.579
0.502
0.5375
0.4295
0.45149999999999996
0.3545
0.509
0.47800000000000004
0.49799999999999994
0.47000000000000003
0.47650000000000003
0.376
0.4455
0.386
0.4995
0.2745
0.383
0.44299999999999995
0.3735
0.40750000000000003
0.4485
0.4455
0.3195
0.4525
0.25473684210526315
0.35105263157894734
0.3094736842105263
0.4189473684210526
0.34736842105263155
0.24842105263157893
0.35526315789473684
0.3126315789473684
0.40842105263157896
0.34789473684210526
0.2710526315789473
0.27421052631578946
0.2810526315789474
0.31842105263157894
0.25473684210526315
0.22894736842105265
0.25842105263157894
0.2831578947368421
0.39263157894736844
0.17263157894736844
0.26631578947368423
0.3942105263157895
0.17842105263157892
0.22684210526315787
0.19894736842105265
0.23736842105263156
0.28421052631578947
0.12157894736842105
0.17
0.20789473684210527
0.30368421052631583
0.23736842105263156
0.3194736842105263
0.3057894736842105
0.32263157894736844
0.17105263157894737
0.15526315789473685
0.2552631578947368
0.23842105263157895
0.24842105263157893
0.25894736842105265
0.21789473684210525
0.26526315789473687
0.20684210526315788
0.37105263157894736
0.2868421052631579
