pet
0.23090909090909092
0.27136363636363636
0.2681818181818182
0.3
0.28363636363636363
0.20636363636363636
0.36363636363636365
0.3231818181818182
0.3259090909090909
0.29545454545454547
0.3272727272727272
0.34909090909090906
0.3759090909090909
0.30363636363636365
0.295
0.2645454545454546
0.2490909090909091
0.30727272727272725
0.28136363636363637
0.36227272727272725
0.30272727272727273
0.29954545454545456
0.2863636363636364
0.31363636363636366
0.32954545454545453
0.4081818181818182
0.375
0.4681818181818182
0.3963636363636364
0.38636363636363635
0.4436363636363636
0.4268181818181818
0.4727272727272727
0.4440909090909091
0.5213636363636364
0.5159090909090909
0.5336363636363637
0.5554545454545455
0.4977272727272727
0.5304545454545454
0.505
0.4359090909090909
0.5309090909090909
0.5622727272727273
0.5227272727272727
0.6063636363636363
0.6872727272727273
0.5213636363636364
0.5540909090909091
0.5872727272727273
0.6918181818181819
0.6918181818181819
0.7345454545454545
0.6736363636363637
0.6131818181818182
0.6786363636363636
0.8213636363636364
0.7895454545454546
0.6686363636363637
0.7468181818181818
0.9045454545454544
0.7986363636363637
0.8336363636363636
0.8272727272727273
0.9659090909090909
0.9463636363636364
0.8877272727272728
1.0095454545454545
1.0259090909090909
1.018181818181818
1.1272727272727272
1.0513636363636363
1.143181818181818
1.0413636363636363
1.135909090909091
1.035
1.0968181818181817
1.0990909090909091
1.035
1.154090909090909
1.2054545454545453
1.1236363636363635
1.1427272727272728
1.1731818181818183
1.1700000000000002
1.2740909090909092
1.2909090909090908
1.2677272727272728
1.264090909090909
1.531818181818182
1.575217391304348
1.6856521739130437
1.5530434782608695
1.5073913043478262
1.6013043478260869
1.9169565217391307
1.5265217391304347
1.7839130434782609
1.517391304347826
1.7308695652173913
1.6504347826086956
1.6469565217391307
1.6526086956521737
1.7734782608695652
1.7165217391304346
1.8378260869565215
1.9952173913043478
2.0191304347826087
1.6591304347826086
1.8139130434782609
2.1682608695652172
2.3143478260869568
2.1534782608695653
1.9947826086956524
2.1021739130434782
1.7960869565217392
2.2108695652173913
2.1669565217391304
2.1495652173913045
2.15304347826087
2.2552173913043476
2.1969565217391307
2.3856521739130434
2.38695652173913
2.2517391304347827
2.591304347826087
2.4034782608695653
2.317391304347826
2.5530434782608693
2.475217391304348
2.4830434782608695
2.5808695652173914
2.4413043478260867
2.3382608695652176
2.629565217391304
2.445217391304348
2.3460869565217393
2.5226086956521736
2.6913043478260867
2.3665217391304347
2.38695652173913
2.682608695652174
2.962608695652174
2.792608695652174
2.802608695652174
2.6908695652173913
2.4060869565217393
2.703478260869565
2.8408695652173916
2.7313043478260868
3.063478260869565
2.9808695652173913
2.6734782608695653
2.865217391304348
2.5391304347826087
2.882608695652174
2.6891304347826086
2.9347826086956523
3.029130434782609
2.928695652173913
2.783478260869565
2.733913043478261
2.8343478260869563
2.747391304347826
2.7617391304347825
2.9873913043478257
2.8813043478260867
3.051304347826087
3.1952173913043476
3.3026086956521743
3.3360869565217395
3.287391304347826
3.1017391304347828
3.1869565217391305
3.145217391304348
2.9613043478260868
3.178695652173913
3.1295652173913044
3.215217391304348
3.3530434782608696
3.278695652173913
3.2247826086956524
3.133478260869565
2.9756521739130433
3.280869565217391
2.9456521739130435
3.0621739130434777
3.013478260869565
2.794782608695652
3.070869565217391
3.0865217391304345
3.2830434782608697
3.0043478260869563
2.787826086956522
3.223478260869565
3.242173913043478
3.07695652173913
2.9769565217391305
3.3743478260869564
3.302608695652174
3.1686956521739127
3.17304347826087
3.2456521739130437
3.2069565217391305
3.3004347826086957
3.141304347826087
2.983913043478261
2.9056521739130434
3.1030434782608696
3.077391304347826
3.140869565217391
3.0030434782608695
2.9752173913043483
3.140869565217391
3.1552173913043475
2.8447826086956525
3.176521739130435
2.9691304347826084
2.8282608695652174
2.864782608695652
2.9217391304347826
2.6560869565217393
2.9530434782608697
2.522608695652174
2.690434782608696
2.546521739130435
2.8465217391304347
2.8743478260869564
2.7943478260869563
2.6556521739130434
2.7026086956521738
2.6165217391304347
2.617826086956522
2.3782608695652177
2.303913043478261
2.1604347826086956
2.13695652173913
1.858695652173913
2.3065217391304347
2.364782608695652
2.3943478260869564
1.9900000000000002
2.103913043478261
2.1243478260869564
2.1104347826086958
2.001304347826087
2.2069565217391305
1.9978260869565216
1.9260869565217391
2.0191304347826087
1.9582608695652173
1.9891304347826086
1.921304347826087
1.8078260869565217
1.8682608695652174
1.766086956521739
1.701304347826087
1.536086956521739
1.7656521739130435
1.626521739130435
1.5434782608695652
1.4730434782608697
1.5269565217391303
1.6208695652173915
1.5078260869565216
1.431304347826087
1.2656521739130435
1.2426086956521738
1.1543478260869566
1.1634782608695653
1.2108695652173913
1.1639130434782607
1.2078260869565218
1.1581818181818182
1.184090909090909
1.1104545454545454
1.1831818181818183
1.1154545454545455
1.0827272727272728
0.980909090909091
0.8313636363636363
0.9795454545454546
1.0818181818181818
0.9672727272727273
0.8831818181818182
0.6481818181818182
0.734090909090909
0.7095454545454545
0.6990909090909091
0.905
0.8545454545454546
0.7981818181818181
0.7404545454545454
0.6627272727272727
0.7009090909090909
0.7595454545454546
0.7263636363636364
0.7809090909090909
0.7327272727272728
0.7618181818181817
0.625
0.5222727272727273
0.5645454545454546
0.5490909090909091
0.5077272727272727
0.4895454545454545
0.5272727272727272
0.43409090909090914
0.3640909090909091
0.4668181818181818
0.40454545454545454
0.40727272727272723
0.34545454545454546
0.3322727272727273
0.35818181818181816
0.325
0.3172727272727273
0.4122727272727273
0.22863636363636364
0.1759090909090909
0.23863636363636365
0.3009090909090909
0.21818181818181817
0.27772727272727277
0.25727272727272726
0.21500000000000002
0.3018181818181818
0.24454545454545454
0.24727272727272728
0.23863636363636365
0.2127272727272727
0.1831818181818182
0.19363636363636363
0.21500000000000002
0.2618181818181818
0.23136363636363635
0.3190909090909091
0.26272727272727275
0.3377272727272727
0.3059090909090909
0.3331818181818182
0.19863636363636364
0.28363636363636363
0.19454545454545455
0.22863636363636364
0.2131818181818182
0.19863636363636364
0.3613636363636364
0.26590909090909093
0.23272727272727273
0.18227272727272725
0.1159090909090909
0.11818181818181818
0.14227272727272727
0.2409090909090909
0.24318181818181817
0.24227272727272728
0.3336363636363636
0.2922727272727273
0.3059090909090909
0.2868181818181818
0.28454545454545455
0.2
0.2690909090909091
0.2040909090909091
