pet
0.21727272727272728
0.2531818181818182
0.3163636363636364
0.28454545454545455
0.21954545454545454
0.2127272727272727
0.3290909090909091
0.26045454545454544
0.2927272727272727
0.32227272727272727
0.32954545454545453
0.3654545454545454
0.29954545454545456
0.3145454545454545
0.31
0.24454545454545454
0.29863636363636364
0.26227272727272727
0.33
0.30772727272727274
0.28954545454545455
0.30272727272727273
0.27
0.35363636363636364
0.3436363636363637
0.3668181818181818
0.37136363636363634
0.4113636363636364
0.33681818181818185
0.3709090909090909
0.39454545454545453
0.41409090909090907
0.4190909090909091
0.42136363636363633
0.44090909090909086
0.4218181818181818
0.48045454545454547
0.475
0.505
0.49227272727272725
0.4327272727272727
0.4268181818181818
0.4918181818181818
0.49227272727272725
0.47909090909090907
0.5527272727272727
0.5504545454545455
0.4327272727272727
0.504090909090909
0.5850000000000001
0.6381818181818182
0.625
0.6859090909090909
0.6577272727272727
0.5809090909090909
0.67
0.7081818181818181
0.7127272727272728
0.7013636363636363
0.7195454545454546
0.7895454545454546
0.6872727272727274
0.7795454545454544
0.7904545454545455
0.8468181818181818
0.8495454545454546
0.8918181818181818
0.8845454545454546
1.0113636363636365
0.9513636363636363
0.9718181818181818
0.9645454545454545
0.9568181818181819
0.9540909090909092
0.9181818181818181
1.0186363636363636
1.0681818181818181
1.1113636363636363
1.0172727272727273
1.1004545454545456
1.0618181818181818
1.1290909090909091
1.0945454545454545
1.079090909090909
1.2013636363636364
1.1854545454545453
1.2236363636363636
1.2863636363636364
1.2054545454545453
1.385909090909091
1.3956521739130436
1.4382608695652173
1.2982608695652174
1.3630434782608696
1.4721739130434783
1.6352173913043477
1.4821739130434783
1.5447826086956522
1.4673913043478262
1.67
1.548695652173913
1.5121739130434784
1.5382608695652176
1.6339130434782607
1.664782608695652
1.8147826086956522
1.7395652173913043
1.731304347826087
1.682608695652174
1.796521739130435
1.8343478260869563
1.7608695652173914
1.912608695652174
1.8626086956521741
1.8160869565217392
1.8626086956521741
1.9569565217391303
1.9560869565217391
2.1156521739130434
2.0195652173913046
2.1995652173913043
2.205217391304348
2.3417391304347825
2.2878260869565215
2.091304347826087
2.199130434782609
2.3082608695652174
2.248695652173913
2.311304347826087
2.166086956521739
2.3152173913043477
2.3895652173913042
2.2656521739130433
2.274782608695652
2.2643478260869565
2.1595652173913042
2.161304347826087
2.3839130434782607
2.3943478260869564
2.1817391304347824
2.345217391304348
2.4169565217391304
2.654782608695652
2.678695652173913
2.6556521739130434
2.53
2.2682608695652173
2.513913043478261
2.5317391304347825
2.732608695652174
2.923478260869565
2.76
2.57
2.6308695652173912
2.407826086956522
2.6856521739130432
2.408695652173913
2.7991304347826085
2.779130434782609
2.8339130434782613
2.736521739130435
2.740869565217391
2.503913043478261
2.47
2.502173913043478
2.61304347826087
2.7130434782608694
2.7143478260869567
2.7569565217391303
2.703478260869565
3.0230434782608695
2.7713043478260873
2.733913043478261
2.8073913043478256
2.751304347826087
2.650434782608696
2.9039130434782607
2.717391304347826
2.9195652173913045
2.9378260869565214
2.617826086956522
2.6643478260869564
2.594782608695652
2.6265217391304345
2.59
2.7269565217391305
2.5434782608695654
2.609565217391304
2.61304347826087
2.847826086956522
2.7178260869565216
2.8526086956521737
2.743478260869565
2.739130434782609
2.853913043478261
2.783478260869565
2.9469565217391307
2.6921739130434785
2.8073913043478256
2.6895652173913045
2.5873913043478263
2.5530434782608693
2.6921739130434785
2.695217391304348
2.741304347826087
2.7182608695652175
2.55
2.6947826086956526
2.57
2.448695652173913
2.6465217391304345
2.4108695652173915
2.2717391304347827
2.573913043478261
2.6047826086956523
2.286086956521739
2.519565217391304
2.3660869565217393
2.289565217391304
2.4143478260869564
2.446521739130435
2.14
2.2117391304347827
2.1269565217391304
2.0917391304347825
2.029130434782609
2.3065217391304347
2.281304347826087
2.258260869565217
2.017391304347826
2.1804347826086956
2.0943478260869566
2.0904347826086958
2.2282608695652173
1.932173913043478
1.8969565217391307
1.841304347826087
1.8978260869565218
2.01
1.93
1.9556521739130437
1.7639130434782608
1.7382608695652173
1.7930434782608697
1.7426086956521738
1.5982608695652174
1.8021739130434784
1.6199999999999999
1.5721739130434782
1.7204347826086956
1.587826086956522
1.6043478260869564
1.6178260869565217
1.4956521739130435
1.5056521739130435
1.5365217391304349
1.4752173913043478
1.3608695652173914
1.3852173913043477
1.3521739130434782
1.2730434782608697
1.2508695652173913
1.2582608695652175
1.331304347826087
1.2756521739130435
1.1821739130434783
1.1656521739130434
1.036086956521739
1.056521739130435
0.9591304347826086
1.0508695652173914
1.0178260869565217
1.0047826086956522
1.0377272727272726
0.9409090909090909
0.9831818181818182
1.0536363636363637
0.9600000000000001
0.9436363636363637
0.8977272727272727
0.8140909090909091
0.8504545454545455
0.8981818181818183
0.7940909090909091
0.7045454545454546
0.6118181818181818
0.5872727272727273
0.589090909090909
0.5913636363636363
0.6859090909090909
0.6981818181818181
0.6404545454545455
0.5977272727272728
0.5859090909090909
0.5768181818181818
0.5463636363636364
0.5745454545454546
0.6636363636363636
0.6477272727272727
0.6413636363636364
0.59
0.49454545454545457
0.5413636363636364
0.5595454545454546
0.48045454545454547
0.4495454545454546
0.4481818181818182
0.37636363636363634
0.39
0.37999999999999995
0.38818181818181813
0.36818181818181817
0.3759090909090909
0.2859090909090909
0.3790909090909091
0.345
0.3609090909090909
0.3609090909090909
0.23590909090909093
0.25545454545454543
0.27499999999999997
0.2918181818181818
0.22045454545454543
0.265
0.23681818181818182
0.19045454545454546
0.2545454545454546
0.25363636363636366
0.2545454545454546
0.25045454545454543
0.245
0.24636363636363637
0.2409090909090909
0.26636363636363636
0.265
0.2281818181818182
0.2872727272727273
0.24045454545454545
0.3040909090909091
0.27954545454545454
0.3409090909090909
0.2468181818181818
0.2636363636363636
0.265
0.19272727272727275
0.17272727272727273
0.205
0.2690909090909091
0.24318181818181817
0.25545454545454543
0.21181818181818182
0.1309090909090909
0.14454545454545453
0.16363636363636364
0.21681818181818183
0.17727272727272728
0.18454545454545454
0.32545454545454544
0.2431818181818182
0.21727272727272728
0.21045454545454545
0.1981818181818182
0.18999999999999997
0.195
0.20954545454545456
