pet
0.20363636363636362
0.2609090909090909
0.34909090909090906
0.3090909090909091
0.23545454545454544
0.2409090909090909
0.345
0.2681818181818182
0.34181818181818185
0.35954545454545456
0.3572727272727273
0.39
0.3145454545454545
0.345
0.33545454545454545
0.2409090909090909
0.3109090909090909
0.2681818181818182
0.3481818181818182
0.3640909090909091
0.3068181818181818
0.325
0.3109090909090909
0.3813636363636364
0.365
0.40136363636363637
0.41363636363636364
0.44045454545454543
0.41318181818181815
0.3895454545454546
0.4186363636363637
0.4754545454545455
0.4890909090909091
0.46090909090909093
0.5245454545454545
0.4809090909090909
0.5418181818181819
0.5504545454545454
0.6040909090909091
0.5668181818181819
0.5095454545454546
0.49636363636363634
0.5440909090909091
0.5336363636363637
0.5095454545454545
0.600909090909091
0.6045454545454546
0.47818181818181815
0.5445454545454546
0.63
0.6868181818181818
0.7095454545454545
0.7759090909090909
0.73
0.6718181818181818
0.725
0.7481818181818182
0.7972727272727272
0.7790909090909092
0.78
0.9231818181818181
0.7613636363636364
0.8177272727272729
0.8668181818181818
0.9686363636363636
0.9818181818181819
0.9827272727272728
0.9745454545454546
1.1086363636363636
1.076818181818182
1.0863636363636362
1.1118181818181818
1.0645454545454547
1.0404545454545455
1.0522727272727272
1.11
1.1595454545454547
1.200909090909091
1.0681818181818181
1.2331818181818182
1.195
1.1904545454545454
1.0968181818181817
1.1327272727272728
1.2727272727272727
1.2531818181818182
1.2804545454545455
1.3554545454545455
1.3172727272727274
1.4768181818181818
1.4865217391304346
1.54
1.3747826086956523
1.4386956521739132
1.588695652173913
1.7530434782608695
1.567391304347826
1.6495652173913042
1.5321739130434784
1.7786956521739128
1.6678260869565218
1.5521739130434784
1.6191304347826088
1.7439130434782608
1.6878260869565218
1.8869565217391304
1.8004347826086955
1.7821739130434784
1.567826086956522
1.8282608695652172
1.9604347826086959
1.8978260869565218
2.0004347826086954
1.9682608695652173
1.9117391304347826
1.9191304347826088
2.039565217391304
1.9230434782608696
2.1665217391304346
2.0156521739130433
2.1156521739130434
2.2247826086956524
2.381304347826087
2.318695652173913
2.161304347826087
2.3391304347826085
2.367391304347826
2.2804347826086957
2.3708695652173915
2.213913043478261
2.336086956521739
2.3517391304347828
2.203478260869565
2.241739130434783
2.278695652173913
2.27
2.2369565217391307
2.6004347826086955
2.527391304347826
2.2204347826086956
2.4013043478260867
2.4669565217391307
2.8313043478260873
2.7269565217391305
2.78
2.6160869565217393
2.3882608695652174
2.650434782608696
2.5986956521739133
2.6782608695652175
2.9113043478260865
2.774782608695652
2.5834782608695654
2.7334782608695654
2.4191304347826086
2.6995652173913043
2.5017391304347827
2.8030434782608693
2.803478260869565
2.8634782608695653
2.7334782608695654
2.8004347826086957
2.6139130434782607
2.5195652173913046
2.5417391304347827
2.6665217391304346
2.727826086956522
2.7752173913043476
2.898695652173913
2.7595652173913043
3.1639130434782605
2.9404347826086954
2.7286956521739127
2.821739130434783
2.7430434782608697
2.623913043478261
2.9104347826086956
2.78695652173913
3.00304347826087
2.9899999999999998
2.7082608695652173
2.784782608695652
2.7169565217391307
2.726086956521739
2.717391304347826
2.7530434782608695
2.6430434782608696
2.7552173913043476
2.63
2.87
2.772173913043478
2.995217391304348
2.808695652173913
2.7978260869565217
2.9821739130434786
2.891739130434783
3.0430434782608695
2.7317391304347827
2.856521739130435
2.737391304347826
2.657391304347826
2.65
2.8378260869565217
2.808695652173913
2.898695652173913
2.6608695652173915
2.687826086956522
2.822608695652174
2.7026086956521738
2.634347826086956
2.735217391304348
2.522173913043478
2.3752173913043477
2.66
2.8230434782608698
2.5008695652173913
2.6204347826086956
2.54
2.351304347826087
2.44
2.5717391304347825
2.192608695652174
2.3056521739130433
2.233913043478261
2.2204347826086956
2.1621739130434783
2.527391304347826
2.472608695652174
2.463913043478261
2.1882608695652173
2.3395652173913044
2.2769565217391303
2.2682608695652173
2.33
2.0008695652173913
1.9030434782608696
1.9739130434782608
1.8965217391304348
2.1334782608695653
2.0943478260869566
2.225217391304348
1.8813043478260871
1.8052173913043479
1.9560869565217391
1.9073913043478259
1.6678260869565218
1.913478260869565
1.7417391304347827
1.6543478260869564
1.8043478260869565
1.6569565217391304
1.6921739130434783
1.6804347826086956
1.6173913043478263
1.6104347826086955
1.5530434782608695
1.6208695652173915
1.4204347826086958
1.48
1.4460869565217391
1.32
1.3082608695652174
1.3134782608695652
1.4043478260869564
1.3791304347826085
1.2456521739130435
1.1582608695652175
1.076086956521739
1.12
0.9808695652173912
1.1356521739130436
1.0634782608695652
1.083913043478261
1.1027272727272728
1.0295454545454545
1.104090909090909
1.1381818181818182
1.1050000000000002
1.0236363636363637
0.995
0.8804545454545455
0.8895454545454545
0.9631818181818183
0.8727272727272727
0.7649999999999999
0.6404545454545455
0.5963636363636364
0.5713636363636364
0.6018181818181818
0.7454545454545456
0.7522727272727273
0.7063636363636364
0.685
0.5804545454545454
0.6181818181818182
0.5745454545454546
0.6086363636363635
0.7195454545454546
0.7181818181818183
0.6854545454545454
0.6254545454545455
0.5027272727272728
0.5463636363636364
0.5536363636363636
0.5290909090909092
0.4904545454545454
0.48000000000000004
0.39545454545454545
0.3936363636363636
0.4263636363636364
0.35454545454545455
0.3509090909090909
0.39499999999999996
0.28500000000000003
0.34863636363636363
0.3472727272727273
0.38272727272727275
0.38727272727272727
0.265
0.27454545454545454
0.2931818181818182
0.3181818181818182
0.2409090909090909
0.27136363636363636
0.24545454545454548
0.2081818181818182
0.2809090909090909
0.2640909090909091
0.2545454545454545
0.2590909090909091
0.24636363636363637
0.22363636363636363
0.22999999999999998
0.2877272727272727
0.2545454545454545
0.21500000000000002
0.27545454545454545
0.25772727272727275
0.35818181818181816
0.3436363636363637
0.32863636363636367
0.26136363636363635
0.2968181818181818
0.2909090909090909
0.2159090909090909
0.19772727272727272
0.21500000000000002
0.3245454545454545
0.30727272727272725
0.2945454545454545
0.2913636363636364
0.14545454545454548
0.15681818181818183
0.20136363636363636
0.24954545454545454
0.19454545454545455
0.21500000000000002
0.32636363636363636
0.28545454545454546
0.26636363636363636
0.22272727272727275
0.23636363636363636
0.16545454545454547
0.22
0.2209090909090909
