pet
0.3317391304347826
0.31826086956521743
0.3495652173913043
0.2582608695652174
0.19608695652173913
0.24130434782608695
0.1908695652173913
0.3239130434782609
0.2591304347826087
0.25130434782608696
0.36434782608695654
0.35782608695652174
0.3169565217391304
0.33043478260869563
0.21739130434782608
0.25565217391304346
0.27043478260869563
0.26869565217391306
0.3634782608695652
0.3008695652173913
0.2817391304347826
0.27304347826086955
0.27695652173913043
0.3139130434782609
0.2726086956521739
0.2426086956521739
0.2756521739130435
0.22434782608695653
0.29391304347826086
0.26304347826086955
0.3660869565217391
0.3473913043478261
0.3682608695652174
0.3378260869565218
0.3865217391304348
0.39652173913043476
0.3669565217391304
0.42695652173913046
0.41043478260869565
0.32304347826086954
0.41
0.4069565217391304
0.36434782608695654
0.40521739130434786
0.43999999999999995
0.37
0.3791304347826087
0.36434782608695654
0.3721739130434783
0.42
0.4230434782608696
0.4986956521739131
0.5826086956521739
0.4891304347826087
0.4978260869565217
0.4682608695652174
0.4739130434782609
0.5321739130434783
0.6030434782608696
0.581304347826087
0.6221739130434782
0.6608695652173913
0.7330434782608696
0.6369565217391304
0.6656521739130435
0.6773913043478261
0.6760869565217391
0.7169565217391304
0.6708695652173913
0.7030434782608697
0.778695652173913
0.7817391304347826
0.707391304347826
0.8308695652173913
0.782608695652174
0.8486956521739131
0.912608695652174
0.8256521739130435
0.8986956521739131
0.9586956521739131
0.928695652173913
0.9434782608695652
1.1091304347826088
1.0091304347826087
0.981304347826087
1.09
1.1269565217391304
1.164782608695652
1.1034782608695652
1.0017391304347825
1.0063636363636363
1.1454545454545455
1.1677272727272727
1.1604545454545454
1.2177272727272728
1.1868181818181818
1.2540909090909091
1.261818181818182
1.241818181818182
1.2677272727272728
1.2154545454545456
1.355
1.386818181818182
1.5768181818181817
1.5631818181818182
1.5277272727272726
1.603181818181818
1.4759090909090908
1.5013636363636365
1.6513636363636364
1.6036363636363637
1.4795454545454545
1.7322727272727272
1.7186363636363637
1.744090909090909
1.89
1.8754545454545453
1.6895454545454547
1.6836363636363636
1.65
1.9381818181818182
1.8977272727272727
1.8736363636363635
1.9318181818181819
1.9304545454545454
1.9704545454545455
1.8136363636363635
1.93
1.8804545454545454
1.8631818181818183
2.1209090909090906
1.9618181818181817
2.235909090909091
2.362727272727273
2.367272727272727
2.4277272727272727
2.247272727272727
2.1913636363636364
2.4413636363636364
2.312272727272727
2.312727272727273
2.313181818181818
2.11
2.3554545454545455
2.507727272727273
2.4022727272727273
2.430454545454545
2.449090909090909
2.372272727272727
2.4672727272727273
2.2468181818181816
2.5395454545454546
2.3459090909090907
2.5359090909090907
2.5454545454545454
2.264090909090909
2.2022727272727276
2.36
2.400909090909091
2.357727272727273
2.432272727272727
2.205909090909091
2.3390909090909093
2.31
2.6290909090909094
2.6113636363636363
2.4086363636363637
2.38
2.420909090909091
2.580909090909091
2.695
2.4277272727272727
2.5854545454545454
2.3372727272727274
2.388181818181818
2.411818181818182
2.5095454545454547
2.6036363636363635
2.537272727272727
2.712727272727273
2.6368181818181817
2.247272727272727
2.6122727272727273
2.555454545454545
2.527727272727273
2.7581818181818183
2.9709090909090907
2.7054545454545456
2.553181818181818
2.623181818181818
2.3645454545454547
2.6436363636363636
2.513181818181818
2.320909090909091
2.4454545454545453
2.1954545454545453
2.501818181818182
2.3413636363636363
2.402727272727273
2.3563636363636364
2.5309090909090908
2.5922727272727273
2.211818181818182
2.182272727272727
2.205909090909091
2.3763636363636365
2.286363636363636
2.3213636363636363
2.226818181818182
2.4499999999999997
2.278636363636364
2.062272727272727
2.276818181818182
2.125909090909091
2.1795454545454547
2.1104545454545454
2.0890909090909093
1.8745454545454547
1.8613636363636366
1.9163636363636365
2.122272727272727
2.015909090909091
2.0609090909090906
1.9613636363636362
1.8136363636363635
1.8545454545454545
1.9309090909090911
2.137272727272727
2.069545454545455
1.8768181818181817
1.7077272727272728
1.88
2.0127272727272727
1.9586363636363637
1.776818181818182
1.8263636363636364
1.7531818181818182
1.7577272727272728
1.7277272727272726
1.6472727272727274
1.5677272727272729
1.56
1.5445454545454547
1.7513636363636365
1.6218181818181818
1.4886363636363635
1.5277272727272726
1.5872727272727274
1.515
1.2168181818181818
1.4081818181818182
1.3272727272727272
1.38
1.3681818181818182
1.3281818181818181
1.305909090909091
1.2654545454545454
1.2163636363636365
1.154090909090909
1.2127272727272727
1.299090909090909
1.249090909090909
1.1531818181818183
1.1527272727272726
1.0036363636363637
0.975
1.0245454545454544
0.9372727272727274
0.8368181818181818
0.8036363636363636
0.7795454545454544
0.865909090909091
0.8613636363636363
0.9539130434782609
0.8969565217391304
0.8734782608695653
0.7813043478260869
0.8034782608695652
0.801304347826087
0.8339130434782609
0.8169565217391304
0.6473913043478261
0.7986956521739131
0.7582608695652174
0.611304347826087
0.5939130434782609
0.5656521739130435
0.4747826086956522
0.5008695652173912
0.6282608695652173
0.58
0.6665217391304348
0.5765217391304348
0.6078260869565217
0.5591304347826087
0.5578260869565217
0.42608695652173917
0.4791304347826087
0.4739130434782609
0.5230434782608695
0.4069565217391304
0.5204347826086957
0.3943478260869565
0.4839130434782609
0.43173913043478257
0.46391304347826084
0.3530434782608695
0.38913043478260867
0.39
0.5039130434782608
0.3065217391304348
0.34478260869565214
0.4256521739130435
0.43521739130434783
0.49521739130434783
0.41086956521739126
0.45913043478260873
0.2652173913043478
0.3830434782608696
0.26782608695652177
0.3365217391304348
0.2647826086956522
0.3860869565217392
0.3656521739130435
0.20565217391304347
0.30391304347826087
0.2756521739130435
0.4230434782608696
0.29
0.2526086956521739
0.21956521739130433
0.24782608695652175
0.28304347826086956
0.2452173913043478
0.22739130434782612
0.22869565217391302
0.2691304347826087
0.33826086956521734
0.2573913043478261
0.32652173913043475
0.29043478260869565
0.11521739130434783
0.14217391304347826
0.1917391304347826
0.21043478260869564
0.25869565217391305
0.3269565217391305
0.16608695652173913
0.24608695652173915
0.25869565217391305
0.2452173913043478
0.25782608695652176
0.24173913043478262
0.2891304347826087
0.19695652173913045
0.21086956521739128
0.2708695652173913
0.25130434782608696
0.29043478260869565
0.17956521739130435
0.28521739130434787
0.32565217391304346
0.2034782608695652
0.34043478260869564
0.2234782608695652
