temperature
2.534782608695652
2.444782608695652
1.5417391304347827
1.6904347826086958
2.2617391304347825
2.3691304347826083
2.013913043478261
2.2043478260869565
2.09304347826087
1.891304347826087
1.94
1.181304347826087
1.0052173913043476
1.661304347826087
2.013478260869565
2.1247826086956523
1.3021739130434782
1.1782608695652175
1.9430434782608694
2.1186956521739133
2.5386956521739132
2.611304347826087
2.212608695652174
2.1004347826086955
1.8639130434782607
1.377391304347826
1.327391304347826
1.2221739130434783
1.8969565217391302
1.7586956521739132
1.3008695652173912
1.3978260869565218
2.4156521739130437
2.61
2.6891304347826086
2.6517391304347826
2.893913043478261
2.398695652173913
2.187826086956522
1.8
1.6308695652173912
1.0821739130434782
1.2252173913043478
1.3621739130434782
1.1034782608695652
0.5756521739130436
0.5726086956521739
0.9895652173913042
1.5299999999999998
1.671304347826087
1.8991304347826088
2.258695652173913
2.736521739130435
2.7247826086956524
2.6717391304347826
2.405217391304348
2.5147826086956524
2.6256521739130436
2.3556521739130436
2.674782608695652
2.8739130434782605
2.795217391304348
2.9782608695652173
3.2243478260869565
4.113478260869565
4.195652173913044
4.234782608695652
3.823913043478261
3.843478260869565
3.7965217391304344
4.086086956521739
3.7973913043478262
3.2995652173913044
3.2026086956521738
3.243478260869565
3.5539130434782606
3.610869565217391
3.042608695652174
3.2252173913043483
3.108695652173913
3.1904347826086954
3.4056521739130434
3.7669565217391305
4.106086956521739
3.7330434782608695
3.886086956521739
3.969130434782609
4.081304347826087
4.58
4.6952173913043485
4.699999999999999
4.315
3.5945454545454543
4.030454545454545
4.468181818181818
4.426818181818182
4.405454545454545
4.219090909090909
4.405
4.808181818181819
5.123636363636364
5.502272727272727
5.177272727272728
5.516363636363637
5.930000000000001
5.999090909090909
5.836818181818182
5.961363636363637
6.317727272727273
6.19
6.510909090909092
6.386818181818182
6.190454545454545
6.100454545454546
6.264545454545455
6.229090909090909
6.011818181818182
5.864545454545455
6.237272727272727
6.444090909090909
6.397272727272727
6.462727272727273
6.723636363636363
7.017727272727272
7.052272727272728
7.249090909090909
7.512727272727273
7.917727272727273
7.2681818181818185
7.612272727272727
8.223636363636363
7.870909090909091
8.56409090909091
8.42090909090909
8.724545454545455
8.559545454545455
8.368181818181817
9.014090909090909
8.83909090909091
9.265454545454546
9.249090909090908
9.05181818181818
9.43590909090909
9.990909090909092
10.07
9.929545454545455
9.833636363636364
9.46
9.521818181818182
9.735
9.899090909090908
10.373181818181818
10.357272727272727
10.40318181818182
10.43590909090909
10.368636363636364
10.282727272727273
10.57318181818182
10.541818181818181
10.90318181818182
10.452272727272726
10.491363636363637
10.786363636363637
10.462272727272726
10.726363636363637
10.847727272727273
11.1
11.266818181818183
11.292272727272728
11.850909090909092
11.959545454545456
11.460909090909091
11.527272727272727
11.493636363636364
11.445
11.856818181818182
11.79590909090909
11.66590909090909
11.586818181818181
11.70409090909091
12.335909090909091
12.271818181818183
12.4
12.551363636363636
13.112272727272728
13.461363636363636
13.472272727272726
13.810454545454546
13.62409090909091
13.298181818181819
13.011818181818182
13.475
13.275454545454545
13.216363636363637
13.421363636363635
13.075454545454546
13.060454545454546
12.532272727272726
12.861363636363636
13.158181818181818
13.621363636363638
13.17909090909091
12.975
12.89409090909091
12.960454545454546
13.485454545454546
13.730454545454545
13.942727272727273
13.882727272727273
14.084545454545456
13.29090909090909
13.054545454545455
13.077727272727271
13.416818181818183
13.242272727272727
12.826818181818181
13.111363636363636
13.073636363636364
13.001363636363635
12.888181818181819
13.12590909090909
12.752727272727272
12.984545454545456
13.092272727272727
13.211818181818183
13.184545454545455
13.340000000000002
13.093181818181819
12.564545454545454
12.54090909090909
12.70909090909091
13.006363636363636
13.003181818181817
12.82909090909091
12.52
13.036818181818182
12.952727272727271
12.756363636363636
12.493636363636364
12.365454545454547
12.786818181818182
12.102727272727272
11.870454545454544
12.333636363636362
11.889999999999999
11.847272727272726
11.733636363636363
11.590454545454547
11.226363636363637
11.133181818181818
11.600454545454546
11.091363636363637
10.634090909090908
10.425454545454544
10.445454545454545
10.23409090909091
10.261818181818182
10.45590909090909
10.653636363636364
11.071818181818182
10.736818181818181
10.097727272727273
10.433181818181819
10.264999999999999
9.901818181818182
10.29590909090909
9.802727272727273
9.324545454545454
8.771363636363636
8.965909090909092
9.519545454545455
10.052272727272728
9.564545454545454
9.741739130434782
9.628260869565219
9.389130434782608
9.519130434782609
9.266521739130434
9.011739130434783
8.735652173913042
8.53
8.971304347826088
8.534782608695652
8.160434782608695
8.007826086956522
7.416086956521739
7.548260869565217
7.56695652173913
7.523478260869565
7.08
7.293478260869565
6.966086956521739
6.887391304347826
6.6552173913043475
6.725652173913043
7.003478260869565
7.0826086956521745
7.090869565217392
7.1952173913043485
6.734782608695652
6.731304347826087
6.6295652173913036
6.632173913043478
6.46391304347826
6.011739130434783
6.35304347826087
5.975217391304348
5.76695652173913
5.1726086956521735
4.9943478260869565
5.373913043478261
5.511304347826087
5.493478260869565
5.536086956521739
5.3365217391304345
4.5826086956521745
4.0465217391304344
3.6956521739130435
4.0486956521739135
3.7565217391304344
3.5873913043478263
3.8769565217391304
3.467391304347826
2.726086956521739
3.1017391304347828
3.7917391304347823
3.95
3.9991304347826087
3.7278260869565214
3.3117391304347827
2.87
2.835217391304348
2.468695652173913
2.7117391304347827
2.7991304347826085
3.1652173913043478
3.489130434782609
3.539565217391304
3.5756521739130434
3.183043478260869
2.36304347826087
2.1421739130434783
2.016086956521739
2.2104347826086954
2.5382608695652173
2.692608695652174
2.7256521739130433
2.9782608695652173
3.242608695652174
3.063478260869565
2.451304347826087
2.477826086956522
2.8313043478260873
2.7134782608695653
3.1717391304347826
2.7552173913043476
3.033478260869565
3.255217391304348
3.3973913043478263
3.358695652173913
2.6556521739130434
2.847391304347826
2.3856521739130434
2.1895652173913045
2.3956521739130436
