pet
0.3491304347826087
0.3095652173913043
0.45086956521739135
0.5
0.35043478260869565
0.4047826086956522
0.4360869565217392
0.2856521739130435
0.23478260869565218
0.3969565217391304
0.561304347826087
0.5052173913043478
0.4760869565217391
0.4026086956521739
0.3091304347826087
0.3795652173913044
0.38
0.4026086956521739
0.41521739130434787
0.3178260869565217
0.4191304347826087
0.4947826086956522
0.31217391304347825
0.6139130434782608
0.49
0.4339130434782609
0.3952173913043478
0.5421739130434783
0.4339130434782609
0.48434782608695653
0.5630434782608696
0.41391304347826086
0.5473913043478261
0.2717391304347826
0.4804347826086957
0.5595652173913044
0.5013043478260869
0.6252173913043478
0.5952173913043478
0.5091304347826088
0.5356521739130435
0.5182608695652174
0.5269565217391304
0.6695652173913044
0.6556521739130435
0.5778260869565218
0.672608695652174
0.4934782608695652
0.6278260869565218
0.6091304347826086
0.4760869565217391
0.6508695652173914
0.6026086956521739
0.662608695652174
0.7008695652173913
0.7165217391304348
0.6695652173913044
0.8556521739130435
0.8104347826086957
0.7804347826086956
0.8260869565217391
0.8978260869565217
0.8665217391304347
0.7704347826086956
0.7308695652173912
0.84
0.71
0.9173913043478261
0.7491304347826088
0.9165217391304347
0.8926086956521739
0.9095652173913045
0.9330434782608696
0.9421739130434783
0.9886956521739131
1.1526086956521737
0.9769565217391304
0.9078260869565217
0.9395652173913043
1.0126086956521738
1.2882608695652173
1.1504347826086956
1.1069565217391304
1.3569565217391304
1.213913043478261
1.2495652173913043
1.3365217391304347
1.232608695652174
1.2517391304347825
1.2482608695652175
1.0336363636363635
1.1981818181818182
1.4063636363636365
1.4154545454545455
1.3704545454545454
1.5913636363636363
1.5690909090909093
1.5
1.665
1.4831818181818184
1.5695454545454546
1.4404545454545454
1.6713636363636366
1.9909090909090907
1.856818181818182
1.910909090909091
1.9340909090909089
1.6590909090909092
1.8295454545454546
2.0304545454545457
1.9218181818181819
2.0095454545454547
2.0595454545454546
2.3027272727272727
1.9863636363636366
2.0731818181818182
2.351818181818182
2.11
2.0563636363636366
1.7454545454545454
2.066818181818182
2.1604545454545456
2.18
2.169545454545455
2.108636363636364
2.2363636363636363
2.245
2.27
2.194545454545455
2.0095454545454547
2.1963636363636363
2.1818181818181817
2.335
2.574090909090909
2.5395454545454546
2.4413636363636364
2.5086363636363633
2.6786363636363637
2.5704545454545453
2.6954545454545453
2.5295454545454543
2.6163636363636367
2.571818181818182
2.888181818181818
2.4904545454545453
2.6777272727272727
2.808181818181818
2.7677272727272726
2.3822727272727273
2.536818181818182
2.7563636363636363
2.506818181818182
2.4645454545454544
2.6545454545454543
2.6609090909090907
2.398181818181818
2.5822727272727275
2.4572727272727275
2.3854545454545453
2.599090909090909
2.5463636363636364
2.5186363636363636
2.8113636363636365
2.7954545454545454
2.664090909090909
3.0013636363636365
2.938636363636364
2.7181818181818183
2.6131818181818183
2.8613636363636363
3.0936363636363637
2.8077272727272726
2.9595454545454545
2.4677272727272728
2.5727272727272728
2.541363636363636
2.7713636363636365
2.624090909090909
2.6054545454545455
2.651818181818182
2.787272727272727
2.8390909090909093
2.9913636363636367
3.3959090909090905
2.7972727272727274
2.9481818181818182
3.0845454545454545
2.8790909090909094
2.7409090909090907
2.6386363636363637
2.409090909090909
2.4613636363636364
2.5472727272727274
2.612727272727273
2.403636363636364
2.766363636363636
2.752272727272727
2.7645454545454546
2.6986363636363637
2.499090909090909
2.7327272727272724
2.7445454545454546
2.5872727272727274
2.6845454545454546
2.585909090909091
2.838181818181818
2.721363636363636
2.6704545454545454
2.9177272727272725
2.8368181818181815
2.6436363636363636
2.3581818181818184
2.7068181818181816
2.4690909090909092
2.57
2.480909090909091
2.256818181818182
2.3063636363636366
2.3268181818181817
2.372272727272727
2.2209090909090907
2.453181818181818
2.161818181818182
2.3268181818181817
2.106818181818182
2.015909090909091
2.3654545454545453
2.544545454545455
2.3918181818181816
2.212727272727273
2.1472727272727274
2.401818181818182
2.1586363636363637
2.0940909090909092
1.9809090909090907
2.097272727272727
1.9759090909090908
2.196818181818182
2.2554545454545454
2.040909090909091
2.055909090909091
2.0613636363636365
1.866818181818182
1.65
1.685
1.9740909090909091
1.814090909090909
1.9136363636363638
1.829090909090909
1.781818181818182
1.745
1.7204545454545455
1.6972727272727275
1.7027272727272729
1.5450000000000002
1.5772727272727274
1.4904545454545455
1.4527272727272729
1.3104545454545453
1.394090909090909
1.3018181818181818
1.4372727272727273
1.415
1.3245454545454545
1.4186363636363637
1.1536363636363636
1.2104545454545454
1.1636363636363638
1.135
1.059090909090909
1.1027272727272726
1.1704545454545454
1.0986363636363636
1.1878260869565218
0.9534782608695652
1.0604347826086957
1.07
1.0265217391304347
1.065217391304348
1.056521739130435
1.067391304347826
0.8169565217391304
0.7734782608695652
0.9521739130434782
0.8695652173913043
0.8243478260869566
0.8343478260869566
0.6965217391304348
0.918695652173913
0.9595652173913044
0.7034782608695652
0.7843478260869565
0.821304347826087
0.793913043478261
0.6373913043478261
0.6360869565217392
0.7039130434782609
0.6443478260869565
0.6595652173913044
0.6086956521739131
0.5634782608695652
0.6521739130434783
0.5417391304347826
0.4747826086956522
0.44565217391304346
0.49
0.6121739130434782
0.6047826086956521
0.5921739130434782
0.6017391304347826
0.45739130434782604
0.528695652173913
0.63
0.4747826086956522
0.44956521739130434
0.5856521739130435
0.6191304347826087
0.5252173913043479
0.5252173913043479
0.3852173913043478
0.5208695652173914
0.4852173913043478
0.4682608695652174
0.52
0.4469565217391304
0.5604347826086957
0.3308695652173913
0.46260869565217394
0.3665217391304348
0.45739130434782604
0.3726086956521739
0.4656521739130434
0.39652173913043476
0.1782608695652174
0.3408695652173913
0.28347826086956524
0.3552173913043478
0.3847826086956522
0.27608695652173915
0.3673913043478261
0.3160869565217391
0.4026086956521739
0.3830434782608696
0.41782608695652174
0.491304347826087
0.43000000000000005
0.45391304347826084
0.3634782608695652
0.2773913043478261
0.3556521739130435
0.4273913043478261
0.4765217391304347
0.3656521739130435
0.3065217391304348
0.3591304347826087
0.3656521739130435
0.3830434782608696
0.3095652173913043
0.3808695652173913
0.27
0.4008695652173913
0.288695652173913
0.2826086956521739
0.3517391304347826
0.2891304347826087
