pet
0.32285714285714284
0.44857142857142857
0.725
0.5378571428571429
0.3621428571428571
0.3514285714285714
0.4278571428571429
0.5078571428571429
0.35000000000000003
0.37285714285714283
0.46
0.45785714285714285
0.37357142857142855
0.63
0.2414285714285714
0.3707142857142857
0.5385714285714286
0.39428571428571424
0.5521428571428572
0.3464285714285714
0.3292857142857143
0.6364285714285715
0.4878571428571429
0.6592857142857144
0.485
0.5507142857142857
0.42642857142857143
0.44
0.3085714285714286
0.44642857142857145
0.3992857142857143
0.40285714285714286
0.5357142857142857
0.5242857142857142
0.41000000000000003
0.6314285714285715
0.6799999999999999
0.6621428571428571
0.6435714285714286
0.705
0.5821428571428572
0.5142857142857143
0.6907142857142857
0.6414285714285715
0.7000000000000001
0.652142857142857
0.8585714285714285
0.5764285714285714
0.6571428571428571
0.8621428571428572
0.8364285714285715
0.8357142857142856
0.8371428571428572
0.7221428571428571
0.6285714285714287
0.7857142857142857
0.7271428571428571
0.87
0.8735714285714286
0.8671428571428572
0.8428571428571429
0.7685714285714286
0.847857142857143
0.8485714285714286
0.86
0.8764285714285714
0.8571428571428571
0.8842857142857143
0.835
1.0242857142857142
0.9392857142857143
1.0885714285714285
0.9364285714285714
1.037857142857143
0.9792857142857143
1.075
1.0607142857142857
1.0435714285714286
1.0564285714285713
1.0592857142857144
1.0914285714285714
1.0664285714285715
1.207857142857143
1.2214285714285715
1.2292857142857143
1.3064285714285713
1.3942857142857144
1.375714285714286
1.1192857142857142
1.2814285714285716
1.27
1.135
1.3571428571428572
1.3985714285714284
1.3707142857142858
1.4507692307692308
1.4776923076923079
1.283076923076923
1.4561538461538461
1.7207692307692308
1.4653846153846155
1.580769230769231
1.593076923076923
1.6807692307692308
1.7984615384615383
1.8746153846153848
1.7084615384615385
1.5207692307692307
1.8446153846153845
1.7715384615384617
1.5130769230769232
1.6353846153846152
1.906923076923077
1.8330769230769233
1.7515384615384615
1.8761538461538463
2.0676923076923077
2.0930769230769233
2.036153846153846
2.1515384615384616
2.374615384615385
2.657692307692308
2.6284615384615386
2.5369230769230766
2.220769230769231
2.3907692307692305
2.353846153846154
2.3584615384615386
2.6623076923076923
2.2199999999999998
2.436153846153846
2.526923076923077
2.346923076923077
2.509230769230769
2.5538461538461537
2.3023076923076924
2.293846153846154
2.566153846153846
2.756153846153846
2.668461538461538
2.6515384615384616
2.683846153846154
2.632307692307692
2.86
2.579230769230769
2.5215384615384617
2.5730769230769233
2.9192307692307695
2.68
2.753846153846154
2.6030769230769235
2.769230769230769
2.173076923076923
2.335384615384615
2.6376923076923076
2.4753846153846153
2.056923076923077
2.9646153846153847
2.7046153846153844
2.4984615384615383
2.4353846153846153
2.256153846153846
2.5461538461538464
2.5515384615384615
2.6423076923076922
2.668461538461538
2.9099999999999997
3.003846153846154
2.7346153846153842
3.0461538461538464
2.9930769230769227
2.733076923076923
3.129230769230769
2.7715384615384617
2.9299999999999997
2.8076923076923075
2.660769230769231
3.0353846153846153
3.073076923076923
3.0423076923076926
2.7684615384615388
2.616153846153846
2.5553846153846154
2.6353846153846154
2.600769230769231
3.129230769230769
2.7776923076923077
2.5961538461538463
2.5184615384615388
2.8430769230769233
2.608461538461538
2.775384615384615
2.6469230769230765
2.733846153846154
2.5484615384615386
2.5592307692307688
2.9815384615384612
2.9092307692307693
3.013076923076923
2.8853846153846154
2.936923076923077
2.784615384615385
2.983076923076923
2.941538461538461
2.686153846153846
2.9438461538461542
2.6469230769230774
2.6538461538461537
2.6984615384615385
2.520769230769231
2.7615384615384615
2.633846153846154
2.540769230769231
2.6392307692307693
2.4253846153846155
2.589230769230769
2.713846153846154
2.33
2.2115384615384617
2.393076923076923
1.9784615384615383
2.3923076923076922
2.1653846153846152
2.1192307692307693
2.014615384615385
2.1853846153846153
2.1853846153846153
2.3861538461538463
2.375384615384615
2.3507692307692305
2.220769230769231
2.1153846153846154
2.1553846153846155
2.216153846153846
2.006923076923077
1.966923076923077
1.7684615384615383
2.1592307692307693
2.206153846153846
2.0938461538461537
1.7423076923076921
2.0338461538461536
1.9515384615384617
1.8176923076923077
1.9092307692307693
1.5538461538461539
1.81
1.6923076923076923
1.7884615384615385
1.7176923076923079
1.7915384615384615
1.8976923076923078
1.7007692307692308
1.5138461538461538
1.526923076923077
1.6207692307692307
1.54
1.433076923076923
1.4946153846153847
1.613076923076923
1.4438461538461538
1.573846153846154
1.4584615384615385
1.4853846153846153
1.3446153846153845
1.3392307692307692
1.5276923076923077
1.07
0.9869230769230769
0.9276923076923077
1.1346153846153846
1.1646153846153846
0.9953846153846153
1.2346153846153847
1.1453846153846154
1.0992307692307692
1.2976923076923077
1.1246153846153846
1.0453846153846154
0.9553846153846154
0.95
0.8938461538461537
0.9776923076923077
0.9264285714285715
0.9235714285714286
0.8657142857142857
0.9942857142857143
0.7764285714285715
0.8292857142857143
1.0978571428571429
0.9514285714285714
0.8478571428571428
0.8292857142857143
0.8342857142857143
0.615
0.7707142857142857
0.8007142857142858
0.7407142857142857
0.7185714285714286
0.7571428571428571
0.7985714285714286
0.8314285714285715
0.8471428571428571
0.7121428571428572
0.655
0.7078571428571429
0.5700000000000001
0.7485714285714286
0.6792857142857143
0.6264285714285714
0.46071428571428574
0.515
0.6685714285714285
0.4471428571428571
0.415
0.48071428571428576
0.5357142857142857
0.43
0.40499999999999997
0.37142857142857144
0.5328571428571428
0.4864285714285714
0.39285714285714285
0.51
0.3657142857142857
0.3335714285714286
0.28785714285714287
0.35571428571428576
0.37857142857142856
0.4614285714285714
0.3814285714285714
0.38571428571428573
0.3078571428571429
0.4614285714285714
0.3057142857142857
0.3392857142857143
0.41000000000000003
0.485
0.3892857142857143
0.4557142857142857
0.5728571428571428
0.4064285714285714
0.4414285714285714
0.31857142857142856
0.4064285714285715
0.32857142857142857
0.3507142857142857
0.28500000000000003
0.3828571428571429
0.5607142857142857
0.2807142857142857
0.43571428571428567
0.23285714285714285
0.3678571428571429
0.3221428571428571
0.3085714285714286
0.4442857142857143
0.4557142857142857
0.48857142857142855
0.3814285714285714
0.3692857142857143
0.2657142857142857
0.3907142857142857
0.3578571428571428
0.33714285714285713
