temperature
5.21
4.603181818181818
4.484090909090909
4.4395454545454545
5.386363636363637
4.904090909090909
5.096818181818182
5.315454545454545
5.026363636363636
5.449545454545454
5.520909090909091
6.100909090909091
6.168181818181818
5.281818181818182
6.1068181818181815
5.386818181818182
5.325909090909091
5.379545454545454
5.7704545454545455
5.303636363636364
4.83909090909091
4.736363636363636
4.588636363636364
4.500909090909091
4.783181818181818
4.370909090909091
4.368181818181818
4.569545454545454
4.6881818181818184
4.429090909090909
4.3931818181818185
4.621363636363636
4.324090909090909
4.456818181818182
5.660454545454545
5.658181818181817
5.442727272727272
4.949090909090909
4.477727272727273
4.477727272727273
4.951818181818182
5.596363636363637
6.005454545454546
5.325
4.484545454545454
4.989090909090909
5.026363636363636
5.0181818181818185
5.066363636363636
5.047727272727273
4.566818181818181
4.867727272727273
5.183636363636364
5.530909090909091
5.764545454545455
5.709090909090909
5.725909090909091
5.607272727272727
5.350909090909091
5.180909090909091
4.741818181818182
4.804545454545455
4.809545454545455
4.922727272727273
5.698636363636364
6.587272727272728
6.756363636363636
6.6827272727272735
6.66090909090909
6.427272727272728
6.159545454545454
5.784090909090909
6.0636363636363635
7.069545454545454
7.061818181818182
7.363636363636363
6.800454545454545
6.208181818181819
6.236363636363635
6.657727272727272
6.985
7.221363636363637
7.345
7.656818181818181
7.309545454545455
6.901818181818182
7.134090909090909
7.6445454545454545
7.934545454545455
8.233636363636363
8.37
8.377391304347826
7.980869565217391
7.813043478260869
7.75
8.45608695652174
7.360434782608695
7.412173913043477
7.840434782608696
8.195652173913043
7.914782608695652
7.757826086956522
7.806086956521739
8.284347826086956
8.437391304347827
8.587391304347825
8.73391304347826
8.390434782608695
7.969565217391305
8.508260869565218
9.394347826086957
9.921304347826087
10.334347826086956
10.35695652173913
10.49304347826087
10.232608695652173
10.337391304347825
10.436521739130434
10.248260869565218
10.409565217391306
10.639130434782608
10.780434782608696
10.691739130434783
10.476086956521739
10.67695652173913
10.687391304347827
11.003913043478262
10.992608695652175
11.019130434782609
11.461304347826088
11.833478260869565
11.40086956521739
11.136086956521739
11.17086956521739
11.408260869565217
11.688260869565216
11.407826086956522
11.382173913043479
11.66304347826087
11.750869565217391
11.846086956521738
11.982608695652175
12.547826086956523
12.73391304347826
12.567826086956522
12.35695652173913
12.398260869565219
12.342173913043478
12.583043478260867
13.138260869565217
13.367391304347825
13.501739130434784
14.114782608695652
13.769130434782609
13.370434782608696
13.497391304347826
13.861304347826087
13.897391304347826
13.858260869565218
14.185652173913043
14.112608695652172
13.89
13.746521739130435
13.86826086956522
14.259130434782607
14.267826086956523
14.759130434782607
15.128260869565217
15.14913043478261
15.283043478260868
15.016521739130434
14.436521739130436
14.54695652173913
14.808695652173913
14.871304347826088
15.248695652173915
15.381304347826086
15.532608695652174
15.673913043478262
16.03086956521739
15.919130434782607
16.108695652173914
15.949130434782608
16.04695652173913
15.925652173913045
15.561304347826088
15.506956521739129
15.716956521739132
15.758695652173913
15.954347826086956
16.30608695652174
16.082608695652173
16.051304347826086
15.950869565217392
16.34130434782609
16.556521739130435
16.621739130434783
16.245652173913044
16.590434782608696
17.09304347826087
16.835652173913044
16.503478260869564
16.38086956521739
16.810434782608695
16.885217391304348
17.02521739130435
16.95782608695652
17.19608695652174
17.240434782608695
17.09565217391304
16.79217391304348
16.699130434782607
17.109130434782607
17.042173913043477
17.051304347826086
16.87695652173913
17.253478260869564
17.054347826086957
16.965652173913043
16.766521739130436
17.000434782608696
16.828260869565216
17.16086956521739
16.67391304347826
16.12695652173913
16.22217391304348
16.52130434782609
16.264347826086954
16.34173913043478
16.343913043478263
16.553043478260868
16.643478260869564
16.35608695652174
16.467391304347824
16.15608695652174
15.45695652173913
15.54391304347826
15.917391304347827
15.264782608695654
14.844347826086958
14.835217391304347
15.183043478260869
15.261739130434782
14.889565217391306
15.038695652173912
15.450434782608696
15.140869565217391
15.084347826086956
15.111304347826087
14.92304347826087
14.731304347826086
14.678260869565218
14.84913043478261
15.016521739130434
14.51608695652174
13.996521739130435
13.594782608695652
13.33304347826087
13.31304347826087
13.14913043478261
13.578260869565218
13.987391304347826
14.013478260869565
13.853478260869565
13.52608695652174
13.301739130434783
13.124782608695652
12.718695652173912
12.914347826086955
13.083913043478262
13.403478260869564
13.396521739130435
13.69391304347826
13.741363636363637
12.810909090909092
12.554545454545455
11.786818181818182
11.591363636363637
12.072272727272725
11.527727272727274
12.47272727272727
12.476363636363637
12.327272727272726
12.177272727272726
11.680454545454547
11.36
11.159090909090908
11.160454545454545
11.055454545454545
10.655
10.039545454545454
10.243636363636364
9.836363636363636
10.683636363636364
10.656363636363636
10.665909090909091
10.838636363636363
10.617272727272727
10.756363636363636
10.809545454545455
10.22
10.017727272727273
10.47181818181818
10.282727272727273
9.454545454545455
9.212272727272728
9.435454545454546
8.886363636363637
9.262272727272729
8.841363636363637
8.57
9.07409090909091
8.213636363636363
8.359545454545454
8.77909090909091
8.44090909090909
8.51
7.843636363636364
7.483181818181818
7.133181818181819
7.213181818181818
7.286363636363637
6.825
6.866818181818181
6.6468181818181815
6.571363636363636
6.2731818181818175
6.878636363636364
6.770909090909091
7.01
6.931818181818182
6.805909090909091
6.708181818181819
6.519090909090909
6.269090909090909
6.184545454545455
6.055454545454546
6.200454545454545
5.903636363636363
5.696818181818181
5.585909090909091
5.628181818181819
5.468636363636364
5.385
5.401363636363636
5.654090909090909
5.700909090909091
4.971363636363637
4.737272727272727
4.849090909090909
4.445454545454545
4.777727272727272
4.556818181818182
3.795
4.953181818181818
4.947727272727273
5.616363636363636
5.965
4.998636363636364
4.498636363636364
4.530909090909091
4.130909090909091
4.208636363636364
4.787272727272727
4.836818181818182
