pet
0.4525
0.2915
0.562
0.4805
0.251
0.441
0.387
0.2665
0.2435
0.375
0.45899999999999996
0.45
0.42700000000000005
0.40599999999999997
0.3265
0.414
0.364
0.3745
0.3305
0.286
0.366
0.3885
0.33049999999999996
0.5589999999999999
0.379
0.4805
0.28250000000000003
0.4915
0.339
0.5615
0.4835
0.437
0.5595
0.257
0.44000000000000006
0.5730000000000001
0.4655
0.6075
0.6425
0.47050000000000003
0.647
0.477
0.5605
0.583
0.6679999999999999
0.6735
0.7735000000000001
0.524
0.6305
0.6895
0.5469999999999999
0.6995
0.5645
0.6655
0.686
0.6769999999999999
0.6910000000000001
0.861
0.7675
0.8305
0.923
1.026
0.9665000000000001
0.8634999999999999
0.818
0.8275
0.7995
0.8665
0.8640000000000001
0.9189999999999999
1.0425
0.9644999999999999
1.026
1.022
0.8564999999999999
1.2414999999999998
1.0414999999999999
1.002
0.9625
1.017
1.2165000000000001
1.089
1.266
1.29
1.3245
1.331
1.3895
1.2710000000000001
1.314
1.299
1.151
1.3155
1.4525000000000001
1.5485
1.4585000000000001
1.675
1.5095
1.5145
1.625
1.5365
1.7355
1.6600000000000001
1.828
2.2395
2.0425
1.9975
1.9045
1.9594999999999998
1.8820000000000001
2.107
2.0595
2.085
2.0965
2.2365
1.988
1.955
2.392
2.3035
2.0875
2.0685
1.9954999999999998
2.4895
2.382
2.3655
2.2455
2.3465
2.478
2.6454999999999997
2.4255
2.272
2.321
2.5825
2.588
2.6855
2.777
2.319
2.413
2.8365
2.6285
2.5575
2.4395
2.6695
2.7800000000000002
2.761
2.761
2.597
2.707
2.875
2.5895
2.755
2.8865
2.561
2.643
2.4775
2.721
2.5155000000000003
2.499
2.4945
2.5235
2.827
2.593
2.488
2.665
2.81
2.939
3.122
3.2885
2.6335
2.93
3.116
3.17
2.9135
3.084
2.8355
2.8145
2.8145
3.098
3.279
3.1189999999999998
3.122
3.2335000000000003
3.18
3.2509523809523806
3.604285714285714
3.124761904761905
3.334285714285714
3.366190476190476
3.2752380952380955
3.076190476190476
3.0261904761904765
2.8576190476190475
2.9842857142857144
2.85
2.9014285714285712
2.798095238095238
2.751904761904762
2.8876190476190478
2.85
2.8071428571428574
2.7833333333333337
3.1233333333333335
2.891904761904762
3.068095238095238
2.9047619047619047
2.8233333333333333
3.28
2.8276190476190477
2.739047619047619
3.097142857142857
3.072380952380952
2.7590476190476187
2.644761904761905
3.04
2.8442857142857143
2.9361904761904762
2.9171428571428573
2.7061904761904763
2.4923809523809526
2.657142857142857
2.8452380952380953
2.6204761904761904
2.8847619047619046
2.435238095238095
2.572857142857143
2.4119047619047618
2.3323809523809524
2.625238095238095
2.8015
2.54
2.253
2.346
2.6635
2.4435000000000002
2.304
2.2815000000000003
2.2649999999999997
2.123
2.336
2.489
2.339
2.2155
2.1085000000000003
1.9465
1.7954999999999999
1.7879999999999998
2.1035
2.1149999999999998
1.9925000000000002
1.8504999999999998
1.9140000000000001
1.78
1.7594999999999998
1.9015
1.8059999999999998
1.706
1.677
1.4255
1.5455
1.4155
1.5275
1.355
1.374
1.465
1.3105
1.4929999999999999
1.2205
1.0885
1.17
1.1335
1.17
1.0815
1.069
0.9875
1.1995
0.942
0.9984999999999999
1.0685
0.923
0.9884999999999999
1.051
1.113
0.868
0.7855000000000001
1.0245000000000002
0.8554999999999999
0.9494999999999999
0.897
0.737
0.9795
0.9734999999999999
0.767
0.769
0.6689999999999999
0.7495
0.7395
0.686
0.6765
0.6185
0.605
0.5765
0.6235
0.605
0.519
0.5425
0.4345
0.528
0.47350000000000003
0.515
0.536
0.5775
0.347
0.44800000000000006
0.5265000000000001
0.386
0.41500000000000004
0.4875
0.473
0.4295
0.59
0.3795
0.5325
0.40199999999999997
0.40099999999999997
0.437
0.3855
0.4645
0.3285
0.425
0.3445
0.367
0.3185
0.3545
0.3315
0.22200000000000003
0.3075
0.325
0.389
0.352
0.2515
0.321
0.3715
0.31100000000000005
0.4305
0.29
0.4025
0.3505
0.35100000000000003
0.3645
0.2445
0.33799999999999997
0.3175
0.3775
0.335
0.311
0.4135
0.3245
0.382
0.3155
0.277
0.2515
0.318
0.2885
0.3055
0.3005
0.29100000000000004
