temperature
3.3795454545454544
3.0072727272727273
2.9099999999999997
2.755
3.6404545454545456
3.458181818181818
3.9045454545454548
3.9372727272727275
3.941363636363636
4.151818181818182
4.036818181818182
4.763181818181818
4.845
3.9268181818181818
4.337727272727273
3.543636363636364
3.5595454545454546
3.7413636363636367
4.163636363636364
3.880454545454546
3.1772727272727277
3.1854545454545455
3.235454545454545
3.333636363636364
3.6990909090909088
3.402272727272727
3.5922727272727273
3.2386363636363638
3.3354545454545454
2.9995454545454545
3.397272727272727
3.5595454545454546
3.299090909090909
3.522727272727273
4.257727272727273
4.068181818181818
4.022272727272727
3.480909090909091
2.9277272727272727
3.2459090909090906
3.4322727272727276
4.200454545454545
4.664545454545455
4.01
3.605
4.237727272727273
3.766363636363636
3.7
3.591818181818182
3.372272727272727
3.3563636363636364
3.5818181818181816
3.877727272727273
4.385
4.302727272727273
4.3145454545454545
4.376363636363636
4.421363636363636
4.15090909090909
3.816818181818182
3.5040909090909094
3.6090909090909093
3.433181818181818
3.7590909090909093
4.338636363636364
5.572272727272727
5.450909090909091
5.41090909090909
5.502272727272727
5.116363636363636
4.824090909090909
4.534090909090909
5.261818181818182
5.800909090909091
5.953181818181818
6.4340909090909095
5.629545454545454
5.120909090909091
5.156363636363636
5.432727272727273
5.71409090909091
6.004545454545454
5.826818181818182
6.318181818181818
5.910454545454545
5.4368181818181816
5.912272727272727
6.172727272727273
6.787727272727273
7.076818181818182
7.28
7.013478260869565
6.82304347826087
6.5260869565217385
7.0486956521739135
7.30304347826087
6.404347826086957
6.18304347826087
6.934347826086957
7.503913043478261
6.845652173913043
6.436956521739131
6.258695652173913
7.145217391304348
7.195652173913044
7.297826086956522
7.525652173913044
6.7495652173913046
6.569565217391304
7.363478260869566
8.269130434782609
8.933478260869565
9.583478260869565
9.52913043478261
9.257826086956522
8.711739130434783
9.023913043478261
9.058260869565217
8.945217391304348
8.895652173913044
9.17695652173913
9.186521739130434
9.284782608695652
9.438695652173914
9.512608695652174
9.476086956521739
9.723478260869566
9.564782608695653
9.64695652173913
9.85304347826087
9.939130434782609
9.667826086956522
9.362608695652174
9.607391304347827
10.086086956521738
10.26608695652174
10.251304347826087
10.22391304347826
10.452608695652174
10.722173913043477
10.604347826086956
10.790434782608695
11.272608695652172
11.308260869565219
11.186086956521738
11.035217391304348
11.01695652173913
11.266521739130434
11.562173913043479
11.784347826086957
12.166521739130435
12.539565217391305
12.722173913043479
12.439565217391305
11.94086956521739
12.051739130434783
12.630869565217392
12.795652173913044
12.683478260869567
13.14391304347826
12.91304347826087
12.750869565217391
12.497826086956522
12.62782608695652
12.567391304347826
12.795217391304348
13.441304347826087
14.105217391304349
14.066956521739131
14.132608695652175
13.954347826086956
13.242173913043478
13.428260869565218
13.644782608695651
13.613913043478261
13.811739130434784
14.161304347826086
14.033043478260868
14.449565217391303
14.55608695652174
14.526521739130436
14.728260869565217
15.01608695652174
15.047826086956523
15.11
14.657826086956522
14.629130434782608
14.88173913043478
14.64782608695652
14.70695652173913
14.995652173913042
14.833913043478262
15.041304347826086
14.67478260869565
15.056521739130435
15.189565217391305
15.312173913043479
15.061304347826088
15.378260869565217
15.78391304347826
15.630434782608695
15.162173913043478
15.14608695652174
15.753478260869565
15.666956521739133
15.571739130434782
15.675217391304349
15.941304347826087
15.768260869565218
15.974347826086957
15.670000000000002
15.688695652173912
16.06913043478261
15.925652173913045
15.957826086956521
15.744782608695653
15.92304347826087
15.757391304347827
15.48695652173913
15.214782608695652
15.483478260869566
15.28391304347826
15.71913043478261
15.278695652173914
15.005652173913044
15.239565217391304
15.407826086956522
15.107391304347827
15.283043478260868
15.138260869565217
15.53086956521739
15.494782608695653
15.165652173913044
14.839565217391305
14.614347826086956
14.065217391304348
14.11695652173913
14.078260869565218
13.675652173913045
13.625652173913043
13.877391304347826
13.835652173913045
13.887391304347828
13.784782608695652
14.043478260869565
14.158695652173913
13.894782608695651
13.977391304347828
13.693478260869565
13.538695652173912
13.492173913043478
13.117826086956521
13.509130434782607
13.729130434782608
13.255217391304347
12.778695652173914
12.41
12.067826086956522
11.906521739130437
11.810434782608695
12.235652173913044
12.523478260869567
12.720434782608695
12.745217391304347
12.316086956521739
11.925217391304347
11.569565217391302
11.468260869565217
11.528260869565216
11.698260869565217
12.121304347826088
12.165217391304349
12.185652173913043
12.197727272727274
11.342727272727272
11.239545454545455
10.351818181818182
10.313636363636364
10.41
10.32909090909091
10.91
10.805
10.566363636363636
10.367727272727272
10.15090909090909
9.933636363636364
9.957727272727272
9.78
9.277272727272727
9.110454545454546
8.642727272727273
8.851818181818182
8.185454545454546
9.022272727272728
9.170454545454545
8.97409090909091
9.110909090909091
9.197727272727272
9.304545454545455
9.251363636363637
8.692272727272726
8.016818181818183
8.692272727272726
8.754090909090909
8.282272727272728
7.791363636363636
8.081818181818182
7.449545454545454
7.628181818181818
7.084545454545455
7.177272727272728
7.48
6.397272727272727
6.615909090909091
6.994090909090909
6.984999999999999
6.835
6.58909090909091
6.517727272727272
5.9390909090909085
5.768636363636364
5.582272727272727
5.234090909090909
5.333636363636364
5.22409090909091
4.608181818181818
4.734545454545454
5.376818181818182
4.875454545454546
5.501363636363636
5.636363636363637
5.193636363636364
4.970454545454545
4.843636363636364
4.528636363636363
4.5600000000000005
4.490454545454545
4.3127272727272725
4.384545454545454
4.3122727272727275
3.97
3.8463636363636367
4.195909090909091
4.522272727272727
4.184545454545455
4.160909090909091
4.320454545454545
3.747272727272727
3.540909090909091
3.7022727272727276
3.28
2.8395454545454544
2.6895454545454545
1.6895454545454547
2.6763636363636363
3.305909090909091
4.175909090909091
4.446818181818181
3.4863636363636363
2.816818181818182
2.684090909090909
2.213636363636364
2.1568181818181817
2.9545454545454546
3.1404545454545456
