pet
0.36227272727272725
0.265
0.47045454545454546
0.3481818181818182
0.18545454545454546
0.38181818181818183
0.27909090909090906
0.16545454545454547
0.18
0.25363636363636366
0.3054545454545454
0.3172727272727273
0.33090909090909093
0.26545454545454544
0.28090909090909094
0.265
0.31227272727272726
0.21727272727272728
0.2636363636363636
0.1890909090909091
0.2509090909090909
0.2427272727272727
0.29090909090909095
0.44
0.21954545454545454
0.29363636363636364
0.32090909090909087
0.28545454545454546
0.2740909090909091
0.3640909090909091
0.40863636363636363
0.34
0.3645454545454545
0.23
0.32
0.4495454545454546
0.39499999999999996
0.4563636363636363
0.4636363636363636
0.3518181818181818
0.5422727272727272
0.41
0.34045454545454545
0.37999999999999995
0.4459090909090909
0.4218181818181818
0.4954545454545455
0.3290909090909091
0.42590909090909085
0.5368181818181819
0.5118181818181818
0.49500000000000005
0.5313636363636364
0.5618181818181818
0.5827272727272728
0.4459090909090909
0.6427272727272727
0.6309090909090909
0.6022727272727273
0.6763636363636364
0.7090909090909091
0.7931818181818181
0.7268181818181818
0.7286363636363636
0.6586363636363637
0.6836363636363637
0.8327272727272728
0.7413636363636363
0.6572727272727272
0.7481818181818182
0.8363636363636363
0.8095454545454545
0.9177272727272728
0.8736363636363635
0.7468181818181818
0.9281818181818182
1.054090909090909
0.894090909090909
0.8640909090909091
1.0363636363636364
1.049090909090909
1.0327272727272727
1.1090909090909091
1.1413636363636364
1.0522727272727272
1.0518181818181818
1.2036363636363636
1.2077272727272728
1.115
1.1254545454545455
1.0677272727272726
1.16
1.3522727272727273
1.4181818181818182
1.261818181818182
1.5177272727272728
1.4390909090909092
1.416818181818182
1.5327272727272727
1.525
1.4777272727272726
1.585
1.598181818181818
1.9268181818181818
1.7827272727272727
1.8372727272727274
1.5554545454545454
1.5977272727272727
1.7031818181818181
1.7840909090909092
1.7604545454545453
1.87
1.8218181818181818
1.9827272727272727
1.874090909090909
1.9322727272727271
1.9281818181818182
1.970909090909091
1.835909090909091
1.8240909090909092
1.844090909090909
2.252727272727273
2.0522727272727272
2.1031818181818185
2.033181818181818
2.0845454545454545
2.2704545454545455
2.2977272727272724
2.1177272727272727
2.221363636363636
2.135
2.3713636363636366
2.429090909090909
2.4586363636363635
2.7636363636363637
2.539090909090909
2.5327272727272727
2.5295454545454543
2.557727272727273
2.394090909090909
2.2922727272727275
2.534090909090909
2.4854545454545454
2.6627272727272726
2.7195454545454543
2.6568181818181817
2.5495454545454543
2.6072727272727274
2.5604545454545455
2.6340909090909093
2.691818181818182
2.5313636363636363
2.364090909090909
2.493181818181818
2.811818181818182
2.373181818181818
2.6340909090909093
2.8181818181818183
2.68
2.7800000000000002
2.609545454545455
2.52
2.514090909090909
2.9050000000000002
2.9813636363636364
2.9663636363636368
2.994090909090909
2.5045454545454544
2.8659090909090907
2.6204545454545456
2.9790909090909095
2.869090909090909
2.9186363636363635
2.7113636363636364
2.8181818181818183
2.5777272727272726
2.764090909090909
2.787272727272727
2.7304545454545455
3.001818181818182
3.060909090909091
3.0868181818181815
2.9109090909090907
3.3286363636363636
2.9472727272727273
3.100909090909091
3.416363636363636
3.287272727272727
3.0177272727272726
2.887272727272727
2.791363636363636
3.033181818181818
2.733636363636364
2.8495454545454546
2.8109090909090906
2.6354545454545457
2.834090909090909
2.859545454545455
2.790909090909091
2.6218181818181816
2.799090909090909
2.6331818181818183
2.682272727272727
2.605909090909091
2.409090909090909
3.0600000000000005
2.6845454545454546
2.6522727272727273
2.7586363636363633
2.911818181818182
2.6163636363636367
2.623181818181818
2.8272727272727276
2.9000000000000004
2.637272727272727
2.768181818181818
2.5686363636363634
2.5818181818181816
2.350909090909091
2.6177272727272727
2.4099999999999997
2.6604545454545456
2.438181818181818
2.4440909090909093
2.369090909090909
2.3436363636363637
2.674545454545455
2.7513636363636365
2.2845454545454547
2.0381818181818185
2.3018181818181818
2.6304545454545454
2.3790909090909094
2.3972727272727274
2.2936363636363635
2.1472727272727274
2.0377272727272726
2.2172727272727273
2.200909090909091
2.0722727272727273
1.9881818181818183
2.041818181818182
1.9218181818181819
1.8595454545454544
1.864090909090909
2.1177272727272727
2.0327272727272727
1.835909090909091
1.8009090909090908
1.8231818181818182
1.718181818181818
1.700909090909091
1.7286363636363637
1.714090909090909
1.6354545454545453
1.591818181818182
1.366818181818182
1.419090909090909
1.3554545454545455
1.3209090909090908
1.2354545454545454
1.21
1.33
1.1863636363636365
1.2836363636363635
1.1272727272727272
1.0536363636363637
1.030909090909091
1.0127272727272727
0.9990909090909091
0.9727272727272727
0.9063636363636364
0.9027272727272727
1.0681818181818181
0.9654545454545453
0.8018181818181819
0.8313636363636363
0.7954545454545454
0.88
0.8831818181818182
0.9286363636363636
0.7190909090909091
0.6631818181818182
0.8459090909090908
0.6427272727272727
0.7772727272727273
0.6640909090909091
0.6863636363636364
0.7436363636363637
0.6413636363636364
0.6418181818181817
0.6604545454545454
0.6259090909090909
0.5881818181818181
0.6513636363636364
0.48272727272727267
0.5645454545454546
0.42363636363636364
0.37363636363636366
0.4981818181818182
0.49318181818181817
0.475
0.3981818181818182
0.33409090909090905
0.2690909090909091
0.3154545454545455
0.3718181818181818
0.34136363636363637
0.35681818181818187
0.3727272727272727
0.35
0.25545454545454543
0.4981818181818182
0.36727272727272725
0.2968181818181818
0.3704545454545455
0.4318181818181818
0.32636363636363636
0.39545454545454545
0.20363636363636362
0.3686363636363636
0.19954545454545453
0.3654545454545454
0.2818181818181818
0.2618181818181818
0.3909090909090909
0.21045454545454545
0.3940909090909091
0.4231818181818182
0.26545454545454544
0.1527272727272727
0.19363636363636363
0.20681818181818182
0.13136363636363638
0.1918181818181818
0.24772727272727274
0.23863636363636365
0.1981818181818182
0.17136363636363636
0.205
0.2822727272727273
0.20545454545454545
0.2259090909090909
0.20863636363636362
0.19545454545454544
0.3190909090909091
0.25045454545454543
0.2609090909090909
0.19136363636363637
0.23318181818181818
0.3440909090909091
0.3068181818181818
0.24136363636363634
0.3059090909090909
0.3240909090909091
0.17681818181818182
0.3136363636363636
0.18454545454545457
0.19727272727272727
0.19318181818181818
0.28954545454545455
0.23090909090909092
0.2681818181818182
0.17681818181818182
0.17863636363636365
