temperature
4.448181818181818
4.046363636363636
3.9595454545454545
3.9259090909090912
4.529545454545455
4.3568181818181815
4.763181818181818
5.125
4.768636363636364
4.828181818181818
4.790454545454545
5.301818181818182
5.9
4.736818181818182
5.26409090909091
4.550909090909091
4.441818181818181
4.640454545454546
5.28
5.01409090909091
4.3131818181818184
4.235
4.342272727272728
3.908181818181818
4.297272727272728
4.038181818181818
4.127272727272727
3.8859090909090908
4.380909090909091
4.035909090909091
4.088636363636364
3.9563636363636365
3.850454545454546
4.130909090909091
5.384545454545454
5.167272727272728
5.077727272727273
4.547727272727273
3.8854545454545457
4.035909090909091
4.614545454545454
5.041363636363636
5.595454545454545
4.614090909090909
4.184545454545455
4.73
4.942727272727272
4.666363636363636
4.619090909090909
4.2272727272727275
4.170909090909091
4.429545454545455
4.527272727272727
5.089090909090909
5.524090909090909
5.416363636363636
5.615909090909091
5.4386363636363635
5.2731818181818175
5.13
4.825454545454545
4.6059090909090905
4.559090909090909
4.877727272727273
5.286818181818182
6.489090909090908
6.595909090909092
6.739090909090908
6.41090909090909
6.169545454545454
6.120909090909091
5.740454545454545
6.180000000000001
6.981363636363636
7.446818181818182
7.556363636363637
6.879545454545454
6.081818181818182
6.136818181818182
6.290909090909091
6.518636363636364
6.678181818181818
6.847727272727273
7.261818181818182
6.716363636363636
6.38909090909091
6.7713636363636365
7.380909090909091
8.160454545454545
8.585909090909091
8.53608695652174
8.55391304347826
8.156521739130435
7.807391304347826
8.15
8.599130434782609
7.367391304347826
7.1960869565217385
7.6839130434782605
8.494782608695653
8.083043478260869
7.514347826086957
7.460869565217391
8.087391304347825
8.326956521739131
8.499565217391305
8.897391304347826
8.232608695652173
8.046086956521739
8.574347826086957
9.599565217391303
10.430434782608696
11.052608695652173
10.965652173913044
11.165217391304349
10.280869565217392
10.610869565217392
10.732608695652173
10.42608695652174
10.324347826086957
10.642173913043479
10.329565217391306
10.570434782608697
10.383478260869564
10.726521739130435
11.231739130434782
11.285652173913043
11.148260869565217
11.518695652173914
11.695652173913043
11.533043478260868
11.15086956521739
10.955652173913043
10.94304347826087
11.416086956521738
11.82695652173913
11.818695652173913
12.108260869565218
12.10217391304348
12.433478260869567
12.041739130434781
12.061739130434784
12.634782608695653
12.91695652173913
12.747391304347826
12.88695652173913
12.64913043478261
13.011739130434782
12.81
12.931739130434783
13.467391304347826
13.665217391304349
14.185217391304347
13.726086956521739
13.259565217391305
13.85
14.06086956521739
14.674347826086956
14.274347826086956
14.44391304347826
14.33695652173913
14.234782608695651
14.38391304347826
14.48391304347826
14.343913043478262
14.418695652173913
14.890434782608697
15.539565217391303
15.792608695652175
15.78608695652174
15.803043478260868
15.230869565217391
15.080434782608696
15.225652173913044
15.17478260869565
15.18913043478261
15.610434782608696
16.13
16.099565217391305
16.30695652173913
16.126521739130435
16.235217391304346
16.74478260869565
16.733478260869564
17.14304347826087
16.43913043478261
16.550869565217393
16.41304347826087
16.20217391304348
16.291304347826088
16.329565217391302
16.581304347826087
16.574347826086957
16.329565217391302
17.057391304347824
17.31913043478261
17.411739130434785
16.827826086956524
17.10217391304348
17.63391304347826
17.617391304347827
17.21695652173913
16.96695652173913
17.73304347826087
17.89304347826087
17.36304347826087
17.460434782608697
18.050869565217393
18.08478260869565
18.20173913043478
17.704782608695655
17.597826086956523
18.175217391304347
17.891304347826086
18.000434782608696
17.54478260869565
17.956521739130434
18.13826086956522
17.823478260869564
17.47391304347826
17.53739130434783
17.507391304347827
17.938260869565216
17.257826086956523
17.12608695652174
17.131304347826084
17.68
17.182173913043478
17.12217391304348
17.48217391304348
17.585652173913044
17.511304347826087
17.401304347826088
16.909565217391304
16.82086956521739
16.128695652173914
16.183913043478263
16.08608695652174
15.744782608695653
15.346521739130436
15.626521739130435
15.633478260869564
15.60478260869565
15.525217391304347
15.715652173913043
15.773913043478261
15.600434782608696
15.80608695652174
15.772173913043478
15.524782608695652
15.504347826086958
15.29695652173913
15.26304347826087
15.553043478260872
15.313913043478262
14.188260869565216
14.269565217391303
13.829999999999998
13.85608695652174
13.438695652173912
13.86304347826087
14.284782608695652
14.494782608695653
14.453478260869565
14.041739130434781
13.804782608695652
13.432173913043478
13.147391304347826
13.10217391304348
13.39782608695652
13.667391304347827
13.718695652173912
13.826521739130435
13.955
13.237727272727273
12.735909090909091
12.016363636363637
11.818181818181818
12.218181818181819
11.565454545454545
12.326363636363636
12.699545454545454
12.55090909090909
12.254090909090907
11.859545454545456
11.663181818181817
11.520909090909091
11.104090909090909
10.870909090909091
10.859545454545454
10.010454545454547
10.27
9.742727272727272
10.743636363636364
10.931818181818182
10.777727272727272
10.878636363636362
10.822272727272727
10.723636363636363
10.706818181818182
10.156363636363636
9.641818181818183
10.010909090909092
9.959090909090909
9.435454545454546
9.211818181818181
9.552272727272728
8.848636363636365
8.805454545454545
8.488181818181818
8.395454545454545
8.756363636363636
7.755909090909091
7.918636363636364
8.25
8.114090909090908
7.960454545454545
7.583181818181819
7.363636363636363
6.662272727272727
6.467727272727273
6.626363636363636
6.498636363636364
6.397272727272727
6.285454545454545
6.135909090909092
5.964545454545455
6.225454545454546
6.332272727272727
6.648636363636364
6.644090909090909
6.381818181818182
6.379545454545454
6.130000000000001
6.155454545454545
5.755909090909091
5.597727272727273
5.493181818181818
5.344545454545455
5.072727272727272
4.910454545454545
5.021818181818182
4.886363636363637
4.791818181818182
5.09
5.3140909090909085
5.3959090909090905
4.580454545454545
4.499545454545455
4.377272727272727
3.902727272727273
4.005454545454546
4.005
3.095
3.9204545454545454
4.489090909090909
5.116818181818181
5.925454545454546
4.889545454545455
4.293636363636364
4.068181818181818
3.5459090909090913
3.255909090909091
4.022272727272727
4.241818181818182
