temperature
5.466666666666666
4.181666666666667
4.1525
4.110833333333333
4.9125
4.485
5.4624999999999995
5.885000000000001
5.359999999999999
5.594166666666666
5.821666666666666
5.7749999999999995
5.558333333333334
4.133333333333334
5.741666666666666
5.318333333333333
4.8741666666666665
5.344166666666666
5.666666666666667
5.189166666666666
4.303333333333334
3.8258333333333336
3.7291666666666665
3.33
3.8625000000000003
3.9116666666666666
3.7583333333333333
3.8725
3.730833333333333
3.390833333333333
3.76
3.766666666666667
3.2983333333333333
3.589166666666667
4.810833333333333
5.099166666666666
4.324166666666667
3.5816666666666666
3.216666666666667
3.096666666666667
3.6391666666666667
3.720833333333333
4.589166666666666
4.7941666666666665
4.766666666666667
5.0825000000000005
4.58
4.710833333333333
4.413333333333333
4.048333333333333
3.6033333333333335
4.085
4.695
5.0175
5.498333333333334
5.2091666666666665
5.009166666666666
4.6033333333333335
4.403333333333333
4.199166666666667
3.6875
3.6283333333333334
3.6483333333333334
3.9891666666666663
4.7716666666666665
5.4025
6.011666666666667
6.286666666666666
5.739999999999999
5.1725
5.709166666666667
5.088333333333334
5.446666666666666
6.950833333333333
7.160833333333334
7.215
6.470833333333334
5.685833333333334
6.218333333333334
6.424166666666667
6.357499999999999
5.905833333333334
6.12
6.779166666666666
6.539999999999999
6.484999999999999
6.848333333333334
7.195833333333333
7.814166666666666
8.181666666666667
8.110833333333334
8.604999999999999
7.82
7.3999999999999995
7.276666666666666
8.2025
7.18
7.269166666666667
7.559166666666667
8.3275
8.201666666666666
8.159166666666666
8.598333333333334
9.3175
9.213333333333333
8.973333333333333
8.796666666666667
8.653333333333334
8.3475
8.656666666666666
9.446666666666667
10.004166666666666
10.5075
10.840000000000002
10.904166666666667
10.120833333333334
9.960833333333333
9.99
9.9325
9.926666666666668
10.730833333333335
10.195
10.105833333333333
10.176666666666668
11.032499999999999
11.2325
11.174999999999999
10.914166666666667
11.015
11.375833333333333
11.415
11.143333333333333
10.5975
10.286666666666667
10.778333333333334
11.061666666666667
11.249166666666667
11.7275
11.939166666666667
12.075000000000001
11.896666666666667
11.989166666666668
12.341666666666667
12.79
13.210833333333333
12.7675
12.423333333333334
12.225
12.299999999999999
12.546666666666667
13.0075
13.138333333333334
14.2975
14.221666666666666
13.671666666666667
13.645000000000001
13.118333333333334
13.536666666666667
14.024166666666666
14.685833333333333
14.362499999999999
14.445
14.402500000000002
14.161666666666667
14.083333333333334
14.115
14.3925
15.194166666666668
14.9675
14.943333333333333
14.661666666666667
14.792499999999999
14.675833333333335
15.309166666666668
14.9525
15.283333333333333
15.285833333333334
15.7275
15.991666666666667
16.370833333333334
16.4575
16.8675
16.57
16.449166666666667
16.255
15.566666666666665
15.584166666666667
15.581666666666669
15.259166666666667
15.508333333333333
16.075
16.165833333333335
15.972500000000002
15.975
16.416666666666668
16.669999999999998
16.95
16.9025
17.116666666666667
17.1725
16.68166666666667
16.3625
16.346666666666668
16.558333333333334
16.988333333333333
17.355
17.270833333333332
17.184166666666666
17.053333333333335
16.485
15.744166666666667
16.230833333333333
16.9725
16.8825
16.962500000000002
16.571666666666665
17.011666666666667
16.522499999999997
16.3125
16.339166666666667
16.785
16.260833333333334
16.6525
16.07166666666667
15.561666666666667
15.569166666666666
16.09
15.847499999999998
15.763333333333334
15.789166666666667
15.823333333333332
16.055
16.035
16.05333333333333
15.670833333333334
14.780833333333334
14.795833333333334
15.459166666666667
15.075833333333334
14.985833333333332
14.842500000000001
15.096666666666666
15.581666666666665
14.667499999999999
14.865
15.3725
15.3925
15.659999999999998
15.38
14.740833333333333
14.65
14.899166666666666
15.380833333333333
15.081666666666669
15.013333333333334
14.030833333333334
13.943333333333333
13.426666666666668
13.116666666666667
12.604999999999999
13.01
13.636666666666668
13.9425
13.993333333333332
13.465000000000002
13.511666666666668
12.93
12.511666666666665
12.42
12.81
13.601666666666667
13.480833333333335
13.436666666666667
13.558333333333332
12.9225
12.987499999999999
11.755833333333333
11.466666666666667
12.443333333333333
11.186666666666667
12.085
12.143333333333333
12.342500000000001
12.360833333333334
11.789166666666667
11.295833333333334
10.818333333333333
10.543333333333333
10.771666666666667
10.5025
10.265
10.264166666666666
9.398333333333333
10.169166666666667
9.973333333333334
10.365
10.825833333333334
10.593333333333334
10.6925
10.82
10.348333333333333
9.846666666666666
10.488333333333333
10.53
9.396666666666667
9.371666666666666
9.3825
8.324166666666667
8.561666666666666
8.276666666666667
8.01
8.514166666666666
7.533333333333334
8.0475
9.030833333333334
8.098333333333334
8.611666666666666
7.7925
7.184166666666667
6.676666666666667
7.403333333333333
7.7441666666666675
6.706666666666667
6.638333333333333
6.759166666666666
6.946666666666666
6.199166666666667
5.805833333333333
5.7275
5.873333333333334
6.1525
5.836666666666666
5.8075
5.0025
5.013333333333333
5.058333333333334
4.6625000000000005
5.225833333333333
5.821666666666666
4.929166666666666
4.6625000000000005
4.56
4.651666666666666
4.324166666666667
4.156666666666667
4.0408333333333335
4.4825
4.450833333333334
4.990833333333334
4.538333333333333
3.4625
3.5083333333333333
3.1791666666666667
2.9891666666666663
4.6066666666666665
4.43
5.739999999999999
6.096666666666667
4.905
4.388333333333333
4.495833333333334
3.6141666666666663
3.893333333333333
4.8125
5.383333333333333
