pet
0.3821052631578947
0.2421052631578947
0.4594736842105263
0.27631578947368424
0.2831578947368421
0.2710526315789474
0.21526315789473682
0.3557894736842105
0.378421052631579
0.2594736842105263
0.24842105263157893
0.3268421052631579
0.36
0.38421052631578945
0.2752631578947369
0.2642105263157895
0.40210526315789474
0.3826315789473684
0.44578947368421057
0.21157894736842103
0.3173684210526316
0.34210526315789475
0.3757894736842105
0.27842105263157896
0.29473684210526313
0.2536842105263158
0.31105263157894736
0.3568421052631579
0.1505263157894737
0.29526315789473684
0.3231578947368421
0.41947368421052633
0.3868421052631579
0.48052631578947375
0.45736842105263154
0.35210526315789475
0.4052631578947368
0.39842105263157895
0.4473684210526316
0.3526315789473684
0.3557894736842105
0.42368421052631583
0.45789473684210524
0.44526315789473686
0.45105263157894737
0.42368421052631583
0.4542105263157895
0.4531578947368421
0.5094736842105263
0.5257894736842106
0.5
0.598421052631579
0.54
0.5689473684210526
0.4652631578947368
0.48000000000000004
0.4947368421052632
0.4947368421052632
0.6147368421052631
0.5857894736842105
0.5631578947368421
0.5257894736842106
0.6426315789473683
0.5905263157894737
0.5552631578947369
0.6247368421052631
0.5468421052631579
0.6873684210526316
0.6642105263157895
0.7368421052631579
0.5910526315789474
0.7273684210526316
0.6678947368421052
0.7810526315789473
0.6621052631578948
0.6494736842105263
0.848421052631579
0.8578947368421053
0.7510526315789473
0.8084210526315789
0.7810526315789473
0.7778947368421052
0.9178947368421053
0.9047368421052632
0.8494736842105264
0.9221052631578948
0.9763157894736842
1.0078947368421052
0.7805263157894737
0.9836842105263158
0.9789473684210527
1.1489473684210527
1.151578947368421
1.0936842105263158
1.0652631578947367
1.038421052631579
1.0794736842105264
1.1584210526315788
1.0868421052631578
1.1821052631578948
0.916842105263158
1.22
1.1936842105263157
1.2821052631578946
1.2936842105263158
1.1884210526315788
1.3863157894736842
1.193157894736842
1.2942105263157895
1.4784210526315789
1.3452631578947367
1.2478947368421054
1.4352631578947368
1.4673684210526314
1.628421052631579
1.5536842105263158
1.6089473684210527
1.52
1.5989473684210527
1.5105263157894737
1.8605263157894738
1.7552631578947369
1.7342105263157896
1.575263157894737
1.5810526315789473
1.6231578947368421
1.5805263157894738
1.713684210526316
1.7542105263157894
1.8810526315789475
2.0189473684210526
2.1189473684210527
2.1710526315789473
2.2331578947368422
2.318421052631579
2.245789473684211
1.9622222222222223
2.0366666666666666
2.0638888888888887
2.16
1.9016666666666664
2.0833333333333335
2.203888888888889
2.1644444444444444
2.3055555555555554
2.3144444444444447
2.2794444444444446
2.255
2.0194444444444444
2.231666666666667
1.9183333333333334
2.2305555555555556
2.1394444444444445
2.1122222222222224
2.0855555555555556
2.0705555555555555
2.2027777777777775
2.1183333333333336
2.1255555555555556
2.158333333333333
1.9966666666666666
2.1516666666666664
2.263888888888889
2.2444444444444445
2.2616666666666667
2.191111111111111
2.086666666666667
1.9322222222222223
2.1222222222222222
2.3105555555555557
2.1816666666666666
2.0505555555555555
2.261111111111111
1.9961111111111112
2.070555555555556
2.003888888888889
2.068888888888889
2.2061111111111114
2.1466666666666665
2.1177777777777775
2.0372222222222223
1.8611111111111112
2.0344444444444445
1.901111111111111
1.9866666666666666
1.8994444444444443
2.22
1.7911111111111113
1.948888888888889
2.0116666666666667
2.0250000000000004
2.2227777777777775
1.9449999999999998
2.0472222222222225
1.9305555555555556
1.6727777777777777
1.9044444444444446
1.8077777777777777
2.086666666666667
1.846111111111111
1.927777777777778
2.1822222222222223
2.055
1.8144444444444443
1.8283333333333331
2.0072222222222225
1.9727777777777777
1.8005555555555555
1.6111111111111112
1.8372222222222223
2.011111111111111
2.001111111111111
1.9161111111111113
1.8138888888888889
1.6133333333333333
1.7433333333333332
1.728888888888889
1.5877777777777777
1.5061111111111112
1.6311111111111112
1.788888888888889
1.8155555555555556
1.6977777777777778
1.5844444444444443
1.5427777777777778
1.57
1.4622222222222223
1.5955555555555554
1.6011111111111112
1.3855555555555554
1.3805555555555555
1.4844444444444445
1.4816666666666667
1.6033333333333333
1.2977777777777777
1.5055555555555555
1.4055555555555557
1.401111111111111
1.4388888888888889
1.345
1.2461111111111112
1.2461111111111112
1.3233333333333333
1.3466666666666667
1.1961111111111111
1.0722222222222222
1.2477777777777779
1.2477777777777779
1.2483333333333333
1.1005555555555555
1.1011111111111112
1.0205555555555557
1.0727777777777778
1.107222222222222
1.0733333333333333
1.0933333333333333
1.1211111111111112
1.0366666666666666
0.9072222222222224
0.9866666666666668
1.0627777777777778
1.0244444444444445
0.8944444444444445
0.8422222222222222
0.8861111111111112
0.8411111111111111
0.865
0.7122222222222222
0.8561111111111112
0.8188888888888889
0.6577777777777778
0.7316666666666667
0.8622222222222222
0.8188888888888889
0.8227777777777778
0.7522222222222221
0.6644444444444445
0.6122222222222222
0.6361111111111111
0.7322222222222222
0.5983333333333333
0.5833333333333334
0.7538888888888889
0.6027777777777777
0.6466666666666667
0.5594444444444444
0.5805555555555555
0.48055555555555557
0.5422222222222222
0.5833333333333334
0.5811111111111111
0.6944444444444444
0.5394444444444445
0.49888888888888894
0.4272222222222222
0.4033333333333333
0.46222222222222226
0.4633333333333333
0.4466666666666666
0.36333333333333334
0.3422222222222222
0.4555555555555555
0.33222222222222225
0.3788888888888889
0.4083333333333333
0.508888888888889
0.3027777777777778
0.4633333333333333
0.33166666666666667
0.31777777777777777
0.21833333333333332
0.35833333333333334
0.31055555555555553
0.275
0.3116666666666667
0.37722222222222224
0.28944444444444445
0.2327777777777778
0.4444444444444444
0.25333333333333335
0.4094444444444444
0.27055555555555555
0.29555555555555557
0.4138888888888889
0.26666666666666666
0.2822222222222222
0.23333333333333334
0.2816666666666667
0.23666666666666666
0.2
0.30666666666666664
0.2594444444444444
0.33555555555555555
0.37
0.3383333333333333
0.32277777777777783
0.3011111111111111
0.275
0.25833333333333336
0.2577777777777778
0.24944444444444447
0.16611111111111113
0.13277777777777777
0.1761111111111111
0.08944444444444445
0.3422222222222222
0.27888888888888885
0.1061111111111111
0.18611111111111112
0.22722222222222221
0.185
0.2827777777777778
0.41888888888888887
0.22833333333333336
0.18888888888888888
0.205
0.24555555555555555
0.2527777777777778
0.31833333333333336
0.20888888888888887
0.24444444444444446
0.20944444444444443
0.18833333333333335
0.2277777777777778
0.28055555555555556
