pet
0.20272727272727273
0.2468181818181818
0.2340909090909091
0.26227272727272727
0.2409090909090909
0.16954545454545455
0.3336363636363636
0.2990909090909091
0.28545454545454546
0.27454545454545454
0.3140909090909091
0.31318181818181823
0.33545454545454545
0.2659090909090909
0.2681818181818182
0.22954545454545452
0.22636363636363638
0.2736363636363636
0.27636363636363637
0.335
0.28863636363636364
0.2609090909090909
0.2659090909090909
0.2781818181818182
0.3109090909090909
0.3704545454545455
0.33409090909090905
0.43363636363636365
0.3618181818181818
0.3531818181818182
0.41363636363636364
0.4113636363636364
0.4327272727272727
0.3868181818181818
0.48454545454545456
0.4786363636363636
0.5231818181818182
0.52
0.46636363636363637
0.4918181818181818
0.47590909090909095
0.4090909090909091
0.51
0.5395454545454546
0.5004545454545455
0.5713636363636364
0.6390909090909092
0.48681818181818187
0.5427272727272727
0.5795454545454546
0.6577272727272727
0.6745454545454546
0.7122727272727273
0.6545454545454545
0.5713636363636364
0.6677272727272728
0.7936363636363637
0.775
0.6677272727272727
0.7545454545454546
0.895909090909091
0.7740909090909092
0.8159090909090909
0.8068181818181818
0.9427272727272726
0.9136363636363637
0.855
0.9495454545454546
1.039090909090909
0.9863636363636363
1.0763636363636364
1.0436363636363637
1.1227272727272728
1.0268181818181819
1.065909090909091
1.0218181818181817
1.0786363636363636
1.1163636363636362
1.0336363636363637
1.1372727272727272
1.1822727272727274
1.1422727272727273
1.1468181818181817
1.125909090909091
1.1977272727272728
1.2795454545454545
1.309090909090909
1.294090909090909
1.2759090909090909
1.541818181818182
1.5443478260869563
1.6386956521739129
1.5308695652173914
1.5069565217391305
1.5543478260869565
1.8969565217391307
1.5352173913043479
1.7852173913043479
1.5330434782608695
1.7373913043478262
1.6356521739130434
1.6217391304347826
1.6500000000000001
1.747391304347826
1.7226086956521738
1.853478260869565
1.9782608695652173
2.068695652173913
1.6360869565217393
1.8334782608695652
2.1091304347826085
2.238695652173913
2.0786956521739133
1.9708695652173913
2.073913043478261
1.8660869565217393
2.1891304347826086
2.183913043478261
2.1647826086956523
2.1595652173913042
2.3160869565217395
2.2643478260869565
2.4147826086956523
2.406086956521739
2.258260869565217
2.4921739130434784
2.427391304347826
2.3086956521739133
2.5147826086956524
2.367826086956522
2.491304347826087
2.594782608695652
2.417826086956522
2.300869565217391
2.586521739130435
2.4
2.2600000000000002
2.508695652173913
2.648695652173913
2.299130434782609
2.3308695652173914
2.623913043478261
2.90695652173913
2.7595652173913043
2.813913043478261
2.622608695652174
2.3639130434782607
2.6430434782608696
2.8021739130434784
2.776521739130435
3.0804347826086955
2.9817391304347827
2.698695652173913
2.816086956521739
2.54
2.9060869565217393
2.6317391304347826
2.9591304347826086
3.0256521739130435
2.9765217391304346
2.782608695652174
2.767391304347826
2.701304347826087
2.7247826086956524
2.698695652173913
2.9391304347826086
2.895652173913043
2.966521739130435
3.133478260869565
3.1743478260869566
3.318260869565217
3.1843478260869564
3.0408695652173914
3.181304347826087
3.111304347826087
2.9730434782608692
3.1691304347826086
3.065652173913043
3.1669565217391304
3.2969565217391303
3.1652173913043478
3.135217391304348
2.973478260869565
2.9321739130434783
3.1247826086956523
2.8756521739130436
2.949130434782609
2.9343478260869564
2.7708695652173914
3.0782608695652174
3.0995652173913046
3.2747826086956526
3.0465217391304344
2.8060869565217392
3.2686956521739132
3.152173913043478
3.072608695652174
2.947391304347826
3.254782608695652
3.2330434782608695
3.1273913043478263
3.0278260869565217
3.1273913043478263
3.1217391304347823
3.2230434782608692
3.1134782608695653
2.86
2.86
3.0608695652173914
3.0130434782608693
3.10695652173913
2.8808695652173917
2.8021739130434784
3.051304347826087
3.026521739130435
2.6791304347826084
3.0791304347826083
2.8726086956521737
2.7882608695652173
2.8334782608695654
2.890869565217391
2.5691304347826085
2.8260869565217392
2.4995652173913046
2.531304347826087
2.4617391304347827
2.7317391304347827
2.7752173913043476
2.6247826086956523
2.5208695652173914
2.581304347826087
2.5317391304347825
2.482608695652174
2.377391304347826
2.233478260869565
2.0891304347826085
2.0391304347826087
1.8626086956521741
2.2630434782608693
2.26
2.2286956521739127
1.933478260869565
2.0321739130434784
2.0630434782608695
2.0143478260869565
1.9017391304347826
2.1308695652173912
1.8969565217391307
1.8499999999999999
1.9478260869565216
1.8908695652173915
1.9130434782608696
1.8608695652173912
1.7369565217391305
1.786086956521739
1.73
1.643913043478261
1.4669565217391305
1.680869565217391
1.571304347826087
1.4069565217391304
1.3443478260869564
1.3956521739130436
1.5299999999999998
1.3943478260869566
1.3321739130434782
1.2539130434782608
1.1752173913043478
1.0991304347826087
1.0882608695652174
1.1352173913043477
1.1013043478260869
1.1221739130434782
1.089090909090909
1.0722727272727273
1.0545454545454545
1.1086363636363636
1.0504545454545455
0.9854545454545455
0.905
0.7877272727272728
0.9022727272727273
1.0145454545454546
0.8904545454545455
0.8240909090909091
0.6313636363636363
0.6686363636363637
0.6395454545454545
0.6263636363636363
0.8295454545454546
0.7595454545454546
0.7181818181818183
0.6418181818181818
0.6327272727272727
0.6381818181818182
0.69
0.6740909090909091
0.7072727272727273
0.6890909090909091
0.6813636363636364
0.5690909090909091
0.48636363636363633
0.51
0.5068181818181818
0.4586363636363636
0.44636363636363635
0.4604545454545455
0.3663636363636364
0.3409090909090909
0.3940909090909091
0.355
0.3609090909090909
0.3054545454545454
0.2913636363636364
0.31636363636363635
0.285
0.2868181818181818
0.3731818181818182
0.195
0.16181818181818183
0.20318181818181816
0.2545454545454546
0.19136363636363637
0.22227272727272726
0.20227272727272727
0.19136363636363637
0.27636363636363637
0.21772727272727274
0.20863636363636362
0.2090909090909091
0.18954545454545454
0.17772727272727273
0.17727272727272728
0.18863636363636366
0.22454545454545458
0.22318181818181818
0.29090909090909095
0.2381818181818182
0.3018181818181818
0.2686363636363636
0.3131818181818182
0.18454545454545457
0.2509090909090909
0.1990909090909091
0.2095454545454545
0.17909090909090908
0.18272727272727274
0.30954545454545457
0.20636363636363636
0.20863636363636362
0.1590909090909091
0.09454545454545454
0.08227272727272728
0.10636363636363635
0.19545454545454544
0.19636363636363638
0.20136363636363636
0.3054545454545454
0.24863636363636363
0.26
0.24136363636363634
0.23636363636363636
0.16818181818181818
0.22
0.17954545454545456
