temperature
6.622222222222223
5.763888888888889
5.565
5.334444444444444
5.8533333333333335
5.690555555555556
5.771111111111111
5.977777777777778
5.366666666666667
5.591666666666667
5.721666666666668
6.017777777777777
6.397222222222222
5.497777777777777
6.596111111111111
5.77
5.616666666666666
5.894444444444444
6.303888888888888
5.620555555555556
5.523333333333333
5.033888888888889
4.91
4.588888888888889
4.822222222222222
4.893888888888889
4.569444444444445
5.033888888888889
5.024444444444445
4.661111111111111
4.685555555555556
4.773888888888889
4.752777777777777
4.8311111111111105
5.993333333333333
6.308888888888889
5.874444444444444
5.056111111111111
5.0055555555555555
4.46
5.0377777777777775
5.537222222222223
6.027222222222222
5.497777777777777
5.068888888888889
5.418333333333333
5.325555555555556
5.087222222222222
5.31
5.4783333333333335
4.971111111111111
5.514444444444445
5.611111111111111
5.938888888888889
6.237222222222222
5.943888888888889
6.147222222222222
5.907777777777778
5.475555555555555
5.333333333333333
4.848333333333333
5.086666666666667
5.222222222222222
4.95888888888889
5.928333333333334
6.897777777777778
7.215
7.2155555555555555
6.916666666666667
6.7811111111111115
6.667777777777777
6.4688888888888885
6.342777777777778
7.617222222222223
7.7811111111111115
7.868333333333333
7.3405555555555555
6.408888888888889
6.821666666666667
7.212222222222222
7.412777777777778
7.224444444444444
7.1738888888888885
7.377222222222222
7.381666666666667
7.572222222222223
7.736111111111111
8.342777777777778
8.561666666666667
8.915
8.996666666666666
9.535555555555554
8.899444444444445
8.77111111111111
8.074444444444445
8.723333333333334
7.52
7.7988888888888885
8.077222222222224
8.492222222222223
8.324444444444445
8.218333333333334
8.389444444444443
8.903333333333332
9.173333333333334
9.019444444444444
9.038888888888888
8.95111111111111
8.556111111111111
9.248333333333333
10.144444444444444
10.531666666666666
10.760555555555555
10.938333333333333
11.127777777777778
10.817777777777778
10.68888888888889
10.600555555555555
10.527222222222223
10.692777777777778
11.06388888888889
10.964444444444444
10.769444444444444
10.65388888888889
11.168888888888889
11.493333333333332
11.807777777777778
11.951666666666666
12.085555555555555
12.741111111111111
12.755
12.369444444444445
12.011111111111111
12.023333333333333
12.088333333333333
12.409444444444444
12.327222222222224
12.402222222222223
12.848333333333334
12.991666666666667
12.742222222222221
12.741666666666667
13.084444444444445
13.486666666666666
13.553888888888888
13.2
13.07
13.011666666666667
13.370555555555555
13.720555555555556
13.713888888888889
13.973888888888888
14.876666666666669
14.496111111111112
14.092777777777778
14.05111111111111
13.951666666666666
13.877222222222223
14.083333333333334
14.630555555555556
14.59888888888889
14.275555555555554
14.637222222222224
14.732777777777777
15.14421052631579
15.07578947368421
15.397368421052633
15.71842105263158
15.632631578947368
16.02052631578947
15.792105263157895
15.425263157894737
15.256842105263157
15.682631578947367
15.727894736842105
15.858947368421052
15.863684210526314
15.91157894736842
15.967894736842105
16.516315789473683
16.43631578947368
16.681578947368422
16.493157894736843
16.681052631578947
16.569473684210525
16.19473684210526
16.448947368421056
16.538947368421052
16.47157894736842
16.70157894736842
16.703684210526315
16.65421052631579
16.332105263157896
16.431578947368422
16.882631578947368
17.333684210526318
17.36263157894737
17.15736842105263
17.228947368421053
17.55842105263158
17.36315789473684
17.20263157894737
17.063684210526315
17.254736842105263
17.495263157894737
17.705263157894738
17.623684210526317
17.89157894736842
18.046842105263156
17.86263157894737
17.256842105263157
17.202105263157893
17.698947368421056
17.546842105263156
17.379473684210527
17.524736842105266
18.031578947368423
17.85421052631579
17.95263157894737
17.706315789473685
17.923684210526318
17.652105263157893
17.908947368421053
17.57421052631579
17.14421052631579
16.971052631578946
17.335263157894737
16.908421052631578
16.94684210526316
17.122105263157895
16.891052631578948
16.885263157894737
16.853157894736842
16.972105263157893
16.937894736842104
16.46421052631579
16.432105263157894
16.936315789473685
16.143157894736845
15.753684210526316
15.724210526315789
16.036315789473683
16.21421052631579
15.618421052631579
15.796315789473685
16.360526315789475
16.062631578947368
16.21
16.316315789473684
15.809999999999999
15.533684210526316
15.520526315789473
15.772631578947369
16.070526315789472
15.71
14.642105263157895
14.48
14.465789473684211
14.29736842105263
13.796315789473685
14.402105263157894
14.702631578947367
14.69421052631579
14.635263157894736
14.188421052631577
14.142105263157895
13.965789473684211
13.52842105263158
13.499473684210527
14.108421052631579
14.308947368421054
14.321578947368423
14.620526315789474
14.697222222222223
13.77111111111111
13.32611111111111
12.674444444444443
12.35388888888889
13.125555555555556
12.035
13.036666666666667
13.225000000000001
13.190000000000001
12.810555555555556
11.949444444444445
11.792777777777777
11.497222222222222
11.501666666666667
11.715
11.537777777777778
10.725555555555555
10.940555555555555
10.587777777777779
11.40611111111111
11.39111111111111
11.431111111111111
11.400555555555556
11.329444444444444
11.355555555555556
11.484444444444444
11.07
10.726111111111111
11.098333333333334
10.997777777777777
10.095
9.863333333333333
9.848333333333334
8.956666666666667
9.36111111111111
9.486666666666666
9.07
9.556666666666667
8.623333333333333
8.683333333333334
9.522222222222222
9.005555555555555
8.726666666666667
8.142222222222223
7.748333333333333
7.4494444444444445
8.05111111111111
7.957222222222222
7.67
7.595000000000001
7.5200000000000005
7.7988888888888885
7.105
7.319444444444445
7.178333333333334
7.320555555555556
7.54
7.852777777777778
7.687222222222222
6.8005555555555555
6.645
6.033333333333333
5.642222222222222
5.947777777777778
6.335555555555555
6.195
6.204444444444444
6.053888888888888
5.952222222222222
5.525555555555556
5.7283333333333335
5.706666666666667
5.832222222222222
5.565
5.671666666666667
4.8661111111111115
4.332222222222223
4.681111111111111
4.1561111111111115
3.9694444444444446
5.525
5.652777777777778
6.664444444444444
7.540555555555555
6.527777777777778
5.58388888888889
5.556666666666667
4.654444444444445
4.645555555555556
5.569444444444445
5.610555555555555
