temperature
3.0018181818181815
2.7054545454545456
2.9172727272727275
2.7181818181818183
3.2195454545454543
3.0281818181818183
3.38
2.8122727272727275
3.4913636363636367
3.462727272727273
3.4181818181818184
4.262272727272727
4.002727272727273
3.757727272727273
4.118636363636363
3.127272727272727
3.103181818181818
3.62
3.294090909090909
2.7645454545454546
3.1154545454545457
3.219090909090909
3.136818181818182
3.2068181818181816
2.925
3.105454545454545
3.3440909090909092
3.088636363636364
2.790909090909091
2.6740909090909093
2.955454545454545
3.242272727272727
2.9568181818181816
3.360909090909091
3.463181818181818
3.3954545454545455
3.4600000000000004
2.5454545454545454
2.619090909090909
2.9790909090909095
2.8704545454545456
3.816363636363637
3.777272727272727
3.3045454545454547
3.522272727272727
4.131363636363637
3.7240909090909096
3.627727272727273
2.9327272727272726
2.721818181818182
2.900909090909091
3.037272727272727
3.1409090909090907
3.895
3.2245454545454546
3.684090909090909
3.318636363636364
3.4545454545454546
3.2463636363636366
2.769090909090909
2.662272727272727
2.895
3.14
3.2931818181818184
3.7386363636363638
5.028636363636363
4.379090909090909
4.103181818181818
4.343181818181818
4.207272727272727
3.9786363636363635
4.264545454545455
4.755454545454546
4.694090909090909
4.92
5.411363636363636
4.5249999999999995
4.220909090909091
4.577272727272727
4.666818181818182
4.910454545454545
4.968636363636364
4.827727272727273
5.065909090909091
5.082272727272727
4.866363636363636
4.942727272727272
4.8999999999999995
5.593181818181818
6.079090909090909
6.1378260869565215
5.924347826086956
5.79304347826087
5.3273913043478265
5.943043478260869
5.9460869565217385
5.649565217391304
5.502173913043478
6.334782608695652
6.814347826086956
6.0517391304347825
5.67608695652174
5.583478260869565
6.266521739130434
6.420869565217392
6.272608695652174
6.489130434782608
5.75695652173913
5.9247826086956525
6.343478260869565
7.262608695652173
7.68
8.082608695652175
8.079565217391306
7.57391304347826
7.185217391304348
7.519130434782609
7.759565217391304
7.788260869565217
7.7843478260869565
7.812608695652174
7.860434782608695
7.942608695652174
8.360434782608696
8.35695652173913
8.076521739130435
8.570434782608697
8.619565217391305
8.625652173913043
8.863478260869567
8.63
8.599565217391303
8.62
8.729565217391304
8.691739130434783
8.853478260869565
8.947391304347827
8.390869565217391
8.717391304347826
9.211304347826088
9.19304347826087
9.471304347826088
9.662173913043478
9.800869565217392
9.637826086956522
9.67695652173913
9.595217391304347
9.85
10.046521739130435
10.314347826086957
10.521739130434783
11.005217391304347
11.053478260869564
10.996521739130435
10.659565217391306
10.582608695652175
11.107391304347827
11.30695652173913
11.25
11.507391304347827
11.70304347826087
11.330869565217393
10.785217391304348
10.77086956521739
10.849565217391303
11.015217391304347
11.48695652173913
12.147391304347826
11.887391304347828
11.783478260869565
11.747391304347826
11.53
11.673913043478262
11.890869565217391
11.952608695652176
12.167391304347827
12.724782608695653
12.359130434782609
12.648695652173913
12.83695652173913
12.727391304347828
13.040000000000001
13.069130434782608
13.155217391304348
13.390869565217391
12.919565217391304
12.880434782608695
13.004347826086958
12.914347826086955
13.000869565217391
13.040434782608695
13.210869565217392
12.85391304347826
12.49608695652174
12.699130434782608
13.165217391304349
13.288695652173912
13.581304347826087
13.50391304347826
13.61608695652174
13.83608695652174
13.295217391304348
13.505652173913044
14.005217391304347
13.75391304347826
13.709130434782608
13.88391304347826
13.767826086956523
13.522608695652172
13.716086956521737
13.669130434782607
13.76217391304348
14.119130434782608
14.034347826086957
14.05391304347826
14.214347826086957
14.02608695652174
13.86608695652174
13.533043478260868
13.32
13.605652173913043
13.406521739130437
13.326086956521738
13.42086956521739
13.519565217391303
13.584347826086956
13.324782608695653
13.275217391304347
13.331304347826087
12.993478260869566
13.515652173913043
13.459130434782608
13.277826086956521
12.531304347826088
12.592608695652174
12.42608695652174
12.325652173913044
12.285217391304348
12.023913043478261
12.309565217391304
12.400434782608695
12.340434782608694
12.458260869565219
12.200869565217392
12.626086956521737
12.716521739130435
12.707391304347825
12.572608695652175
12.066086956521739
11.987391304347826
11.904347826086957
11.703913043478261
12.265217391304349
12.206521739130435
11.655217391304348
11.609130434782609
10.874347826086957
10.63304347826087
10.628695652173914
10.578260869565218
10.71782608695652
10.964347826086957
11.273043478260869
11.819565217391306
11.405217391304348
10.610869565217392
10.409565217391306
10.520434782608696
10.195652173913043
10.471304347826088
10.748695652173913
10.805217391304348
10.80695652173913
10.463636363636363
10.07909090909091
9.835
9.155909090909091
9.323636363636364
9.33
9.430454545454545
9.821818181818182
9.655
9.022727272727273
8.683636363636364
8.600909090909092
8.833181818181817
9.332272727272727
8.977272727272727
7.903636363636363
7.818636363636363
7.712272727272727
7.822727272727272
7.390454545454546
7.84
8.023181818181818
7.784545454545454
8.014545454545454
8.133636363636363
8.040909090909091
7.918636363636364
7.759090909090909
7.13909090909091
7.744545454545454
7.78909090909091
7.203181818181818
6.729545454545455
6.984545454545454
6.84
6.607727272727273
6.263636363636365
6.9786363636363635
6.374545454545455
5.5195454545454545
6.002727272727273
6.262272727272728
6.2713636363636365
5.818181818181818
6.331818181818182
6.269090909090909
5.829545454545454
5.228181818181818
5.094545454545455
5.037272727272727
5.397272727272727
5.215909090909091
4.420454545454546
4.673181818181818
5.282727272727272
4.5195454545454545
5.173636363636363
5.336363636363637
4.887727272727273
4.490454545454546
4.444545454545454
3.8518181818181816
4.236818181818181
4.260909090909092
3.514090909090909
3.8049999999999997
3.6509090909090904
3.2118181818181815
3.8645454545454543
5.014545454545455
5.23
4.077272727272727
2.975909090909091
3.516818181818182
3.598181818181818
3.662272727272727
3.458181818181818
3.1627272727272726
2.0868181818181815
1.919090909090909
1.3772727272727272
2.3277272727272726
2.7781818181818183
3.775
3.563636363636364
2.4395454545454545
1.6245454545454547
1.4236363636363636
1.0804545454545453
1.2868181818181819
2.2513636363636365
2.650909090909091
