pet
0.20545454545454545
0.2727272727272727
0.24181818181818182
0.26636363636363636
0.2681818181818182
0.17454545454545453
0.4218181818181818
0.32181818181818184
0.34454545454545454
0.31636363636363635
0.35454545454545455
0.3145454545454545
0.23636363636363636
0.17636363636363636
0.28818181818181815
0.1709090909090909
0.23727272727272727
0.2727272727272727
0.22999999999999998
0.39
0.3509090909090909
0.23727272727272727
0.25363636363636366
0.21818181818181817
0.2672727272727273
0.3209090909090909
0.3527272727272727
0.38636363636363635
0.30272727272727273
0.3663636363636364
0.44
0.49272727272727274
0.4
0.3245454545454546
0.4481818181818182
0.42454545454545456
0.4290909090909091
0.42545454545454553
0.40090909090909094
0.39454545454545453
0.28545454545454546
0.32545454545454544
0.42
0.5045454545454545
0.5163636363636364
0.6109090909090908
0.5063636363636363
0.40454545454545454
0.3727272727272727
0.4481818181818182
0.46636363636363637
0.61
0.5745454545454546
0.5545454545454546
0.5745454545454546
0.6045454545454546
0.7545454545454546
0.6709090909090909
0.5836363636363636
0.7563636363636363
0.9027272727272727
0.8136363636363636
0.8490909090909091
0.8581818181818182
1.04
0.92
0.9145454545454546
0.9727272727272727
0.9472727272727273
1.0172727272727273
1.1463636363636363
1.1163636363636362
1.050909090909091
1.018181818181818
1.0172727272727273
0.9527272727272728
1.0836363636363637
1.0027272727272727
1.0172727272727273
1.2327272727272727
1.2145454545454546
1.200909090909091
1.1454545454545455
1.2263636363636363
1.2554545454545456
1.2272727272727273
1.3590909090909091
1.2372727272727273
1.2063636363636363
1.5036363636363637
1.6054545454545455
1.7172727272727273
1.3472727272727274
1.3954545454545455
1.4672727272727273
1.9009090909090909
1.64
2.0090909090909093
1.6527272727272726
1.7699999999999998
1.710909090909091
1.6563636363636363
1.6227272727272728
1.8563636363636364
1.86
1.9472727272727275
2.02
2.3745454545454545
1.8654545454545455
1.8636363636363635
2.2018181818181817
2.309090909090909
2.2036363636363636
2.0827272727272725
2.005454545454546
1.8636363636363635
2.2027272727272726
2.097272727272727
2.14
2.1599999999999997
2.5536363636363637
2.3527272727272726
2.420909090909091
2.3445454545454543
2.2409090909090907
2.541818181818182
2.4045454545454543
2.0872727272727274
2.5481818181818183
2.3945454545454545
2.481818181818182
2.9181818181818184
2.459090909090909
2.1727272727272724
2.2645454545454546
2.2854545454545456
2.108181818181818
2.362727272727273
2.639090909090909
2.3136363636363635
2.400909090909091
2.7045454545454546
3.137272727272727
2.87
2.909090909090909
2.6036363636363635
2.4881818181818183
2.601818181818182
2.3136363636363635
2.539090909090909
2.7354545454545454
2.5536363636363637
2.8545454545454545
3.0
2.7381818181818183
2.7772727272727273
2.7018181818181817
2.7936363636363635
2.7045454545454546
2.840909090909091
2.8983333333333334
2.983333333333333
2.776666666666667
2.545
2.6658333333333335
2.8225
2.9774999999999996
2.950833333333333
2.9308333333333336
2.921666666666667
3.115
3.1999999999999997
2.8074999999999997
3.3475
2.950833333333333
2.9258333333333333
3.124166666666667
3.0233333333333334
2.8633333333333333
3.4825
3.323333333333333
3.645
3.231666666666667
3.1858333333333335
3.186666666666667
2.8366666666666664
3.1316666666666664
2.8316666666666666
2.7283333333333335
3.1958333333333333
2.9941666666666666
3.1650000000000005
2.8083333333333336
2.5591666666666666
3.1483333333333334
3.1158333333333332
3.1125000000000003
3.0400000000000005
3.2675
3.1575
2.7925
2.8175000000000003
2.8375
2.7125
3.3725
3.23
2.668333333333333
2.6175
3.0233333333333334
2.9633333333333334
2.9758333333333336
3.0141666666666667
2.6075
2.8733333333333335
3.1283333333333334
2.3991666666666664
2.7466666666666666
2.3850000000000002
2.6025
2.9608333333333334
3.1216666666666666
2.32
2.9600000000000004
2.455
2.1241666666666665
1.8216666666666665
2.48
2.4724999999999997
2.3625000000000003
2.325833333333333
2.3874999999999997
2.2475
2.191666666666667
2.2408333333333332
2.3233333333333333
1.8916666666666666
1.9225
1.6766666666666667
2.185
2.1925000000000003
2.2658333333333336
1.8833333333333335
2.1391666666666667
2.0958333333333337
2.035833333333333
2.0533333333333332
2.158333333333333
1.9358333333333333
1.8683333333333334
1.9658333333333333
1.9091666666666667
1.885
1.9741666666666668
1.7491666666666665
1.9333333333333333
1.5916666666666668
1.6266666666666667
1.5875000000000001
1.6808333333333334
1.5350000000000001
1.46
1.485
1.5141666666666669
1.615
1.4408333333333332
1.2266666666666668
1.3258333333333334
1.2591666666666665
1.2725
1.1891666666666667
1.165
1.1591666666666667
1.21
1.1063636363636364
1.1481818181818182
1.1218181818181818
1.0827272727272728
0.8818181818181817
0.8936363636363637
0.9436363636363637
0.8036363636363636
0.8145454545454546
1.0872727272727274
1.02
0.7863636363636364
0.63
0.5772727272727273
0.6381818181818182
0.5990909090909091
0.8063636363636363
0.7209090909090908
0.7381818181818182
0.6718181818181818
0.6990909090909091
0.7427272727272727
0.6627272727272727
0.5863636363636364
0.6863636363636364
0.6909090909090909
0.6145454545454545
0.5345454545454545
0.48363636363636364
0.5
0.4254545454545454
0.5045454545454545
0.4581818181818182
0.4890909090909091
0.38272727272727275
0.29636363636363633
0.31363636363636366
0.30818181818181817
0.35
0.3209090909090909
0.36818181818181817
0.44090909090909086
0.3909090909090909
0.29
0.3463636363636364
0.18545454545454546
0.21181818181818182
0.21454545454545457
0.3163636363636364
0.23090909090909092
0.2072727272727273
0.20454545454545456
0.2372727272727273
0.3909090909090909
0.24727272727272726
0.3209090909090909
0.2636363636363636
0.20181818181818179
0.16636363636363638
0.1981818181818182
0.18818181818181817
0.19090909090909092
0.2381818181818182
0.2963636363636364
0.16
0.33181818181818185
0.1981818181818182
0.35818181818181816
0.20909090909090908
0.11727272727272728
0.18454545454545457
0.13454545454545455
0.07727272727272728
0.16818181818181818
0.21363636363636365
0.20363636363636364
0.1890909090909091
0.1709090909090909
0.17181818181818184
0.11181818181818182
0.18090909090909088
0.13454545454545455
0.2081818181818182
0.24181818181818182
0.3063636363636364
0.15727272727272726
0.11181818181818182
0.29363636363636364
0.19090909090909092
0.21090909090909093
0.19545454545454544
0.22636363636363635
