temperature
3.172173913043478
3.1004347826086955
2.1982608695652175
2.34
2.9439130434782608
3.0208695652173914
2.725217391304348
2.8795652173913044
2.6217391304347823
2.4643478260869567
2.6221739130434782
1.8139130434782609
1.791304347826087
2.4595652173913045
2.701304347826087
2.792173913043478
2.04
2.0304347826086957
2.6943478260869567
2.8439130434782607
3.196521739130435
3.284782608695652
2.9830434782608695
2.7069565217391305
2.482608695652174
2.008260869565217
1.9056521739130434
1.8608695652173912
2.502608695652174
2.4191304347826086
1.9678260869565216
2.1282608695652177
3.03695652173913
3.2039130434782606
3.3530434782608696
3.247826086956522
3.3843478260869566
2.8460869565217393
2.742608695652174
2.4134782608695655
2.248695652173913
1.7582608695652173
1.8847826086956523
2.0234782608695654
1.822608695652174
1.288695652173913
1.3217391304347825
1.703478260869565
2.3021739130434784
2.463478260869565
2.674782608695652
2.93
3.4160869565217387
3.3865217391304347
3.3152173913043477
3.2278260869565214
3.2304347826086954
3.388260869565217
3.0582608695652174
3.327826086956522
3.4217391304347826
3.2908695652173914
3.5121739130434784
3.7269565217391305
4.740869565217392
4.739565217391305
4.817391304347826
4.435217391304348
4.347391304347826
4.278695652173913
4.618260869565217
4.234347826086957
3.78
3.6526086956521735
3.744782608695652
3.9169565217391304
4.0486956521739135
3.4873913043478257
3.6534782608695653
3.427826086956522
3.5617391304347827
3.88
4.298260869565217
4.504782608695652
4.189130434782609
4.292173913043478
4.4082608695652175
4.489565217391305
4.9021739130434785
5.268260869565218
5.175
4.710454545454545
4.070909090909091
4.600909090909091
5.138181818181818
4.985
5.012272727272727
4.768636363636364
4.9786363636363635
5.2727272727272725
5.483636363636363
5.737272727272727
5.490909090909091
5.922272727272727
6.230909090909091
6.268636363636364
6.220454545454545
6.296818181818182
6.6445454545454545
6.56
6.909090909090909
6.761818181818182
6.586818181818182
6.6054545454545455
6.77590909090909
6.696818181818182
6.524545454545454
6.329545454545454
6.6068181818181815
6.854090909090909
6.77
6.996363636363636
7.1440909090909095
7.41
7.407272727272727
7.674545454545455
7.941818181818181
8.200000000000001
7.572272727272727
7.990909090909091
8.533181818181818
8.355909090909092
8.995909090909091
8.931363636363637
9.258181818181818
9.077727272727273
8.817272727272726
9.396818181818182
9.268181818181818
9.662272727272727
9.629090909090909
9.423636363636364
9.875454545454545
10.342272727272727
10.404545454545454
10.240454545454545
10.17090909090909
9.81409090909091
9.911818181818182
10.172272727272727
10.360909090909091
10.763636363636364
10.72
10.706363636363635
10.767727272727273
10.59681818181818
10.631818181818183
10.811363636363636
10.80409090909091
11.291363636363636
10.683636363636364
10.800454545454546
11.064545454545454
10.740909090909092
10.84681818181818
11.034090909090908
11.274090909090908
11.439545454545454
11.529545454545454
12.008636363636363
12.107727272727272
11.706818181818182
11.782727272727273
11.683181818181817
11.596363636363636
11.877272727272727
11.829545454545455
11.70590909090909
11.667272727272728
11.766818181818183
12.396363636363638
12.306818181818182
12.444090909090908
12.575909090909091
13.242727272727274
13.588181818181818
13.590000000000002
13.905000000000001
13.62409090909091
13.388181818181819
13.078636363636365
13.455454545454545
13.261363636363637
13.180909090909092
13.493636363636364
13.033636363636363
13.008636363636363
12.567727272727273
13.025454545454545
13.297727272727274
13.623181818181818
13.223636363636365
13.07409090909091
13.055909090909092
13.140909090909092
13.547272727272729
13.835454545454546
13.885454545454547
13.938636363636363
14.143636363636364
13.326363636363636
13.15409090909091
13.206818181818182
13.484545454545456
13.247727272727273
12.903636363636364
13.128636363636362
13.081818181818182
13.107272727272727
13.083636363636362
13.184545454545455
12.877272727272727
13.180454545454547
13.236363636363636
13.278636363636364
13.202727272727271
13.32
13.158181818181818
12.67181818181818
12.639545454545454
12.84590909090909
13.107272727272727
13.126818181818182
12.891818181818183
12.62909090909091
13.146363636363638
13.023181818181818
12.9
12.645
12.481363636363636
12.92090909090909
12.284545454545453
12.15227272727273
12.497727272727273
12.152727272727274
12.009545454545453
11.94
11.762272727272727
11.402727272727274
11.340454545454547
11.741363636363637
11.249545454545455
10.713636363636363
10.520909090909091
10.623181818181818
10.367727272727272
10.496363636363636
10.68
10.86
11.18909090909091
10.902727272727274
10.395454545454545
10.646363636363636
10.478181818181818
10.151818181818182
10.477272727272727
10.017272727272728
9.624545454545455
8.990909090909092
9.197272727272727
9.741818181818182
10.318636363636363
9.874090909090908
10.073478260869566
9.943913043478261
9.70304347826087
9.821304347826086
9.632608695652175
9.426521739130434
9.10695652173913
8.98304347826087
9.268695652173914
8.82
8.502173913043478
8.4
7.863043478260869
8.07913043478261
8.094782608695652
8.011739130434783
7.62304347826087
7.838695652173913
7.3786956521739135
7.34
7.225652173913043
7.2843478260869565
7.53695652173913
7.580869565217392
7.5547826086956515
7.702608695652174
7.24
7.334782608695652
7.228695652173912
7.185217391304348
6.889565217391305
6.5208695652173905
6.923043478260869
6.453043478260869
6.232608695652174
5.686956521739131
5.5660869565217395
5.9308695652173915
6.03608695652174
6.047391304347826
6.0773913043478265
5.748695652173913
5.123043478260869
4.641304347826087
4.399130434782609
4.612608695652174
4.26608695652174
4.166956521739131
4.384347826086957
3.955217391304348
3.248695652173913
3.721304347826087
4.432608695652174
4.409565217391305
4.484782608695652
4.199130434782608
3.7639130434782606
3.457391304347826
3.4873913043478257
3.12
3.4834782608695654
3.4843478260869567
3.7930434782608695
4.110434782608696
4.187391304347826
4.1921739130434785
3.820869565217391
2.991739130434783
2.823913043478261
2.73
3.007826086956521
3.3704347826086956
3.4830434782608695
3.5634782608695654
3.521304347826087
3.8465217391304347
3.670434782608696
3.103478260869565
3.228695652173913
3.489130434782609
3.3795652173913044
3.7330434782608695
3.4765217391304346
3.6421739130434783
3.9469565217391307
4.063478260869565
3.991739130434783
3.205217391304348
3.380434782608696
2.8765217391304345
2.784347826086957
3.0517391304347825
