pet
0.34521739130434786
0.3095652173913043
0.3239130434782609
0.24869565217391304
0.15260869565217391
0.24130434782608695
0.23782608695652172
0.2917391304347826
0.21913043478260869
0.2765217391304348
0.33304347826086955
0.3791304347826087
0.29260869565217396
0.33391304347826084
0.1534782608695652
0.25478260869565217
0.31173913043478263
0.25173913043478263
0.34043478260869564
0.2252173913043478
0.29043478260869565
0.29304347826086957
0.28695652173913044
0.32956521739130434
0.26260869565217393
0.32
0.28304347826086956
0.2565217391304348
0.2817391304347826
0.2826086956521739
0.33956521739130435
0.331304347826087
0.3378260869565217
0.29130434782608694
0.3826086956521739
0.3869565217391305
0.3778260869565217
0.4895652173913043
0.41434782608695647
0.34478260869565214
0.41478260869565214
0.38130434782608696
0.3691304347826087
0.4360869565217391
0.43478260869565216
0.3795652173913044
0.3904347826086957
0.30826086956521737
0.358695652173913
0.44217391304347825
0.418695652173913
0.43869565217391304
0.5695652173913043
0.5113043478260869
0.4956521739130435
0.4543478260869565
0.5069565217391304
0.5321739130434783
0.6034782608695652
0.6021739130434782
0.6117391304347827
0.7382608695652174
0.7334782608695652
0.7047826086956522
0.7308695652173912
0.6839130434782609
0.7204347826086956
0.7665217391304348
0.6595652173913044
0.691304347826087
0.8430434782608696
0.7626086956521739
0.7360869565217392
0.8239130434782609
0.793913043478261
0.8756521739130435
0.9208695652173913
0.8495652173913043
0.9021739130434783
0.9721739130434782
1.0095652173913043
1.0830434782608696
1.0930434782608696
1.1182608695652174
1.0452173913043479
1.1434782608695653
1.1404347826086956
1.1986956521739132
1.1482608695652174
1.008695652173913
1.035909090909091
1.1095454545454546
1.08
1.1659090909090908
1.1863636363636365
1.1881818181818182
1.1995454545454545
1.184090909090909
1.288181818181818
1.3340909090909092
1.3345454545454545
1.4481818181818182
1.4313636363636364
1.6590909090909092
1.5863636363636362
1.6077272727272727
1.583181818181818
1.515
1.5777272727272729
1.69
1.5677272727272729
1.5513636363636365
1.6786363636363637
1.6704545454545454
1.7272727272727273
1.853181818181818
1.8504545454545456
1.770909090909091
1.7731818181818182
1.68
1.9063636363636363
1.919090909090909
1.9431818181818181
2.0013636363636365
1.9049999999999998
1.99
1.910909090909091
1.9927272727272725
2.0500000000000003
1.9427272727272729
2.095
2.0081818181818183
2.22
2.44
2.3431818181818183
2.489090909090909
2.3154545454545454
2.2581818181818183
2.4463636363636363
2.320909090909091
2.265
2.425909090909091
2.0863636363636364
2.3454545454545457
2.4495454545454547
2.460909090909091
2.46
2.4554545454545456
2.3454545454545457
2.411363636363636
2.4004545454545454
2.638181818181818
2.377727272727273
2.5427272727272725
2.601818181818182
2.3013636363636363
2.2195454545454543
2.4754545454545456
2.5040909090909094
2.3572727272727274
2.4545454545454546
2.244090909090909
2.420909090909091
2.4672727272727273
2.776818181818182
2.6813636363636366
2.411818181818182
2.4672727272727273
2.4827272727272724
2.627272727272727
2.8190909090909093
2.476818181818182
2.683181818181818
2.471818181818182
2.419090909090909
2.500909090909091
2.6240909090909095
2.6363636363636362
2.6554545454545457
2.8840909090909093
2.7254545454545456
2.5472727272727274
2.725909090909091
2.9495454545454547
2.7718181818181815
2.7531818181818184
3.0404545454545455
2.8745454545454545
2.6340909090909093
2.691818181818182
2.4672727272727273
2.7686363636363636
2.6727272727272724
2.565
2.4613636363636364
2.487727272727273
2.6063636363636364
2.6054545454545455
2.505
2.4777272727272726
2.565909090909091
2.629090909090909
2.2154545454545453
2.3395454545454544
2.358181818181818
2.6572727272727272
2.465909090909091
2.564090909090909
2.439090909090909
2.612727272727273
2.3840909090909093
2.2113636363636364
2.5218181818181815
2.4413636363636364
2.4436363636363634
2.359090909090909
2.3181818181818183
2.159090909090909
2.0213636363636365
2.0777272727272726
2.1386363636363637
2.229090909090909
2.2245454545454546
2.1772727272727272
2.045
1.9909090909090907
2.2427272727272727
2.3604545454545454
2.2459090909090906
1.979090909090909
1.8863636363636365
2.1295454545454544
2.1704545454545454
2.036363636363636
1.9340909090909089
1.9722727272727274
1.8577272727272727
1.904090909090909
1.914090909090909
1.8445454545454545
1.720909090909091
1.7554545454545454
1.6727272727272726
1.7913636363636363
1.7840909090909092
1.6254545454545453
1.7463636363636363
1.7745454545454544
1.7481818181818183
1.4872727272727273
1.5881818181818181
1.5813636363636363
1.5422727272727272
1.4768181818181818
1.4345454545454546
1.507272727272727
1.4504545454545454
1.2968181818181819
1.3318181818181818
1.2895454545454546
1.336818181818182
1.315
1.3436363636363635
1.2268181818181818
1.1563636363636365
1.0331818181818182
1.1118181818181818
0.9822727272727273
0.9013636363636363
0.9140909090909091
0.9177272727272728
0.9527272727272728
0.9004545454545454
1.011304347826087
0.9282608695652175
0.8878260869565218
0.8430434782608696
0.8673913043478261
0.8439130434782609
0.8782608695652173
0.85
0.7295652173913044
0.78
0.803913043478261
0.6239130434782608
0.5934782608695652
0.5856521739130435
0.4908695652173913
0.5026086956521739
0.6982608695652174
0.6373913043478261
0.6273913043478261
0.5447826086956521
0.5973913043478261
0.5695652173913043
0.5782608695652174
0.4726086956521739
0.4839130434782608
0.4134782608695652
0.4804347826086957
0.3552173913043478
0.491304347826087
0.4026086956521739
0.44130434782608696
0.40608695652173915
0.3904347826086957
0.3969565217391305
0.41086956521739126
0.4078260869565218
0.44434782608695655
0.26
0.331304347826087
0.46347826086956523
0.4330434782608696
0.43347826086956526
0.3817391304347826
0.46695652173913044
0.29608695652173916
0.3682608695652174
0.24043478260869566
0.33695652173913043
0.2947826086956522
0.3960869565217392
0.33
0.1930434782608696
0.3382608695652174
0.24608695652173915
0.4134782608695652
0.3378260869565217
0.2652173913043478
0.24695652173913044
0.22260869565217392
0.2669565217391304
0.19347826086956524
0.19521739130434784
0.24478260869565216
0.25608695652173913
0.29695652173913045
0.16478260869565217
0.2830434782608696
0.29260869565217396
0.13826086956521738
0.16
0.19608695652173913
0.20869565217391303
0.29739130434782607
0.2526086956521739
0.17347826086956522
0.23521739130434782
0.20521739130434782
0.26260869565217393
0.2834782608695652
0.22608695652173913
0.30130434782608695
0.1808695652173913
0.16130434782608696
0.2569565217391304
0.1943478260869565
0.2534782608695652
0.1891304347826087
0.24130434782608695
0.2817391304347826
0.21
0.348695652173913
0.22086956521739132
