pet
0.30727272727272725
0.2490909090909091
0.4518181818181818
0.33545454545454545
0.18999999999999997
0.2690909090909091
0.26363636363636367
0.29000000000000004
0.2990909090909091
0.33090909090909093
0.32272727272727275
0.4645454545454546
0.28090909090909094
0.4263636363636364
0.4109090909090909
0.32545454545454544
0.3772727272727273
0.33
0.34727272727272723
0.3290909090909091
0.3372727272727273
0.44272727272727275
0.29
0.4290909090909091
0.24454545454545454
0.27636363636363637
0.32
0.3909090909090909
0.3481818181818182
0.3172727272727273
0.23454545454545456
0.3618181818181818
0.5290909090909092
0.45
0.5345454545454545
0.4645454545454546
0.6045454545454546
0.5572727272727273
0.5918181818181818
0.5609090909090909
0.5636363636363636
0.4818181818181818
0.4854545454545454
0.5018181818181818
0.520909090909091
0.5790909090909091
0.6854545454545454
0.5154545454545455
0.5563636363636364
0.7072727272727272
0.6536363636363636
0.619090909090909
0.6881818181818182
0.729090909090909
0.6145454545454545
0.6927272727272727
0.6990909090909091
0.629090909090909
0.7581818181818182
0.5936363636363636
0.708
0.633
0.784
0.786
0.85
0.865
0.8220000000000001
0.873
0.865
1.0070000000000001
0.9269999999999999
0.9119999999999999
0.966
0.998
0.958
1.026
1.063
1.03
1.038
0.9470000000000001
0.845
0.97
0.9339999999999999
1.063
1.177
1.183
1.216
1.26
1.3219999999999998
1.2710000000000001
1.34
1.3439999999999999
1.23
1.238
1.389
1.4120000000000001
1.419
1.31
1.377
1.6019999999999999
1.3
1.385
1.5130000000000001
1.364
1.675
1.613
1.5719999999999998
1.496
1.7259999999999998
1.719
1.488
1.435
1.879
1.6030000000000002
1.6019999999999999
1.627
1.725
1.557
1.8350000000000002
1.536
2.2350000000000003
2.0330000000000004
2.258
2.131
2.138
2.1100000000000003
1.934
2.196
2.057
2.3899999999999997
2.2990000000000004
2.0989999999999998
2.168
2.387
2.2190000000000003
2.024
2.0260000000000002
2.215
2.2009999999999996
2.0759999999999996
2.295
2.439
2.647
2.8600000000000003
2.535
2.521
2.1719999999999997
2.347
2.2369999999999997
2.393
2.4509999999999996
2.598
2.2
2.3899999999999997
2.338
2.4050000000000002
2.158
2.524
2.44
2.494
2.402
2.446
2.143
2.38
2.557
2.55
2.708
3.037
2.6399999999999997
2.289
2.762
2.459
2.476
2.738
2.731
2.818
2.88
2.419
2.693
2.488
1.9460000000000002
1.954
2.2039999999999997
2.214
2.484
2.186
2.15
2.1849999999999996
2.493
2.748
2.318
2.383
2.262
2.404
2.492
2.711
2.646
2.479
2.477
2.268
2.375
2.663
2.739
2.101
2.424
2.109
2.309
2.633
2.0599999999999996
2.116
2.0629999999999997
2.216
2.423
2.3318181818181816
2.2463636363636366
2.4545454545454546
2.321818181818182
2.2454545454545456
2.097272727272727
2.1572727272727272
1.9145454545454543
1.95
1.8045454545454547
1.9254545454545455
2.039090909090909
1.9200000000000002
2.1827272727272726
2.2618181818181817
1.970909090909091
1.8781818181818182
2.022727272727273
1.9645454545454546
2.0127272727272727
2.091818181818182
1.7281818181818183
1.8990909090909092
1.5427272727272727
1.9781818181818183
1.7045454545454546
1.7927272727272727
1.6672727272727272
1.57
1.6472727272727274
1.4272727272727272
1.6036363636363637
1.440909090909091
1.5618181818181818
1.598181818181818
1.2309090909090907
1.4590909090909092
1.5563636363636364
1.6345454545454545
1.5636363636363635
1.319090909090909
1.211818181818182
1.4763636363636363
1.38
1.3409090909090908
1.2645454545454546
1.3381818181818181
1.241818181818182
1.2272727272727273
1.1118181818181818
1.1763636363636363
1.1663636363636363
1.1154545454545455
1.1309090909090909
1.0372727272727273
1.0554545454545454
0.9090909090909091
0.7690909090909092
0.9090909090909091
0.8254545454545454
0.8990909090909092
0.8654545454545454
1.059090909090909
0.9545454545454546
1.0554545454545454
1.0454545454545454
0.9163636363636364
0.8436363636363636
0.9027272727272727
1.0227272727272727
0.8245454545454546
0.7681818181818181
0.6372727272727272
0.589090909090909
0.5636363636363636
0.62
0.6963636363636364
0.71
0.6945454545454546
0.6227272727272727
0.5081818181818182
0.47181818181818186
0.44181818181818183
0.5936363636363636
0.7045454545454546
0.5245454545454545
0.5818181818181818
0.5463636363636364
0.4354545454545455
0.48636363636363633
0.4063636363636363
0.4990909090909091
0.4445454545454545
0.5172727272727273
0.6045454545454546
0.41363636363636364
0.43636363636363634
0.39272727272727276
0.36272727272727273
0.34454545454545454
0.25545454545454543
0.2990909090909091
0.24000000000000002
0.27636363636363637
0.29363636363636364
0.2872727272727273
0.31636363636363635
0.27181818181818185
0.41545454545454547
0.22545454545454546
0.3481818181818182
0.2963636363636364
0.23272727272727273
0.2681818181818182
0.23363636363636361
0.27090909090909093
0.33090909090909093
0.27545454545454545
0.17090909090909093
0.12909090909090912
0.2990909090909091
0.3045454545454545
0.2381818181818182
0.2890909090909091
0.21
0.3290909090909091
0.3181818181818182
0.3663636363636364
0.32181818181818184
0.30272727272727273
0.3009090909090909
0.13545454545454547
0.16818181818181818
0.14454545454545453
0.2727272727272727
0.3763636363636364
0.34363636363636363
0.39
0.23272727272727273
0.10636363636363635
0.16727272727272727
0.2827272727272727
0.17545454545454547
0.2072727272727273
0.34545454545454546
0.31636363636363635
0.15636363636363637
0.1590909090909091
0.16727272727272727
0.15545454545454546
0.16636363636363638
0.22727272727272727
