date	precipitation	temperature	discharge_spec
19940802	0.01	16.18	0.23
19940803	2.41	15.81	0.2
19940804	0.84	17.12	0.19
19940805	0.0	15.69	0.2
19940806	0.0	13.04	0.23
19940807	0.0	13.56	0.21
19940808	0.0	13.8	0.18
19940809	0.0	12.72	0.17
19940810	0.0	12.45	0.09
19940811	0.0	12.65	0.11
19940812	0.0	13.01	0.11
19940813	0.0	10.03	0.12
19940814	0.0	9.48	0.12
19940815	0.09	12.98	0.13
19940816	2.5	12.36	0.11
19940817	0.21	12.45	0.09
19940818	0.91	11.68	0.09
19940819	0.07	14.15	0.13
19940820	0.01	13.37	0.14
19940821	0.01	13.01	0.17
19940822	11.34	11.82	0.18
19940823	12.33	14.1	0.33
19940824	2.92	12.31	0.18
19940825	0.16	12.73	0.17
19940826	4.15	13.3	0.19
19940827	6.54	10.72	0.22
19940828	4.19	10.9	0.24
19940829	0.0	12.9	0.19
19940830	0.48	11.63	0.19
19940831	0.12	11.29	0.18
19940901	0.0	12.33	0.18
19940902	0.0	11.14	0.18
19940903	9.01	11.74	0.22
19940904	0.16	13.46	0.21
19940905	0.75	11.23	0.18
19940906	1.65	10.33	0.19
19940907	2.93	9.62	0.19
19940908	2.32	10.17	0.19
19940909	0.0	9.0	0.18
19940910	3.4	10.15	0.19
19940911	4.4	11.84	0.19
19940912	8.5	10.15	0.26
19940913	0.16	9.85	0.23
19940914	0.0	9.1	0.2
19940915	0.0	9.28	0.25
19940916	0.02	8.7	0.24
19940917	0.18	9.01	0.24
19940918	1.36	7.92	0.24
19940919	1.4	10.15	0.24
19940920	3.35	10.3	0.27
19940921	0.0	11.53	0.24
19940922	0.0	12.45	0.24
19940923	0.0	13.64	0.23
19940924	0.37	9.8	0.23
19940925	0.0	9.14	0.23
19940926	0.0	9.68	0.23
19940927	0.0	10.73	0.23
19940928	0.0	9.12	0.22
19940929	0.0	12.46	0.22
19940930	6.92	13.56	0.23
19941001	5.58	9.53	0.23
19941002	4.38	10.09	0.25
19941003	0.0	3.97	0.23
19941004	0.03	4.12	0.22
19941005	1.11	7.69	0.21
19941006	0.54	9.91	0.21
19941007	0.02	12.61	0.21
19941008	0.0	10.14	0.21
19941009	0.0	9.11	0.21
19941010	0.0	10.29	0.21
19941011	0.0	9.43	0.21
19941012	0.0	8.62	0.21
19941013	0.0	8.07	0.21
19941014	0.16	9.15	0.21
19941015	0.43	9.14	0.21
19941016	0.25	6.54	0.2
19941017	0.0	5.16	0.2
19941018	0.0	6.44	0.2
19941019	19.06	8.34	0.22
19941020	18.92	10.19	0.83
19941021	2.23	9.42	0.46
19941022	18.13	10.68	0.62
19941023	1.03	9.84	1.44
19941024	1.86	8.06	0.63
19941025	0.49	7.69	0.5
19941026	0.14	6.53	0.43
19941027	0.84	6.33	0.38
19941028	0.0	6.54	0.34
19941029	5.91	4.41	0.48
19941030	7.04	5.54	0.6
19941031	2.51	7.4	0.89
19941101	0.0	7.66	0.58
19941102	5.81	4.41	0.48
19941103	3.45	8.24	0.63
19941104	5.61	10.4	0.68
19941105	3.56	8.01	1.19
19941106	0.03	8.68	0.88
19941107	0.23	7.75	0.63
19941108	11.44	8.37	0.57
19941109	4.45	10.11	1.42
19941110	5.58	9.03	1.3
19941111	1.48	8.35	1.2
19941112	12.2	8.56	1.11
19941113	20.73	10.42	4.2
19941114	12.5	9.69	6.68
19941115	0.14	7.87	2.5
19941116	0.85	6.94	1.55
19941117	9.73	5.43	1.81
19941118	14.36	7.43	3.17
19941119	0.96	7.22	2.98
19941120	4.44	8.11	2.05
19941121	2.12	8.01	1.56
19941122	4.75	9.58	1.86
19941123	0.16	12.15	1.53
19941124	0.0	6.69	1.13
19941125	0.2	7.38	0.98
19941126	0.23	10.14	0.89
19941127	0.0	9.32	0.79
19941128	0.0	7.03	0.72
19941129	0.0	4.71	0.68
19941130	0.0	2.36	0.63
19941201	0.0	5.32	0.68
19941202	0.21	6.64	0.58
19941203	4.56	8.22	0.7
19941204	2.37	3.74	0.7
19941205	6.72	3.0	0.81
19941206	3.18	3.56	1.1
19941207	11.35	4.07	1.1
19941208	7.2	3.56	2.53
19941209	3.27	5.49	1.64
19941210	31.15	9.03	4.08
19941211	19.99	10.76	8.19
19941212	0.2	9.17	3.8
19941213	0.0	4.1	2.1
19941214	0.0	0.27	1.57
19941215	1.11	2.53	1.38
19941216	1.35	5.32	1.22
19941217	5.1	6.05	1.45
19941218	4.5	3.12	1.39
19941219	0.49	2.56	1.28
19941220	0.0	2.17	1.07
19941221	0.0	-1.07	0.91
19941222	1.49	-0.13	0.84
19941223	4.99	3.06	1.1
19941224	0.16	6.65	1.34
19941225	8.44	5.81	1.55
19941226	4.04	2.97	2.31
19941227	4.76	1.97	1.55
19941228	10.17	3.72	2.95
19941229	4.3	5.08	2.45
19941230	2.17	4.78	2.34
19941231	0.19	0.95	1.54
19950101	0.14	-1.0	1.16
19950102	0.0	-0.79	0.99
19950103	3.47	-2.43	0.92
19950104	6.61	1.97	0.97
19950105	1.95	4.43	1.49
19950106	2.29	4.4	1.21
19950107	1.14	5.25	1.61
19950108	2.53	4.78	1.5
19950109	0.6	5.86	1.38
19950110	3.16	3.07	1.23
19950111	0.0	0.69	1.04
19950112	1.19	2.63	0.94
19950113	0.66	3.75	0.99
19950114	0.73	7.57	1.02
19950115	6.04	4.1	1.33
19950116	1.79	4.97	1.29
19950117	5.36	3.68	1.27
19950118	3.36	2.51	1.33
19950119	13.18	1.74	2.76
19950120	1.32	1.65	2.25
19950121	8.52	1.93	3.51
19950122	5.28	2.63	2.79
19950123	0.01	2.63	2.44
19950124	0.0	2.95	1.71
19950125	1.51	-0.59	1.43
19950126	0.0	-0.14	1.24
19950127	11.8	-0.67	1.17
19950128	8.38	0.55	1.17
19950129	0.0	1.86	1.28
19950130	24.9	0.84	3.07
19950131	4.34	0.87	10.27
19950201	1.0	5.11	4.69
19950202	12.36	3.81	3.93
19950203	9.51	4.62	6.66
19950204	0.05	6.54	3.98
19950205	0.89	7.15	3.15
19950206	0.53	9.11	2.77
19950207	0.0	3.66	2.51
19950208	0.0	-1.26	2.26
19950209	0.12	-2.4	2.09
19950210	10.0	-1.33	2.04
19950211	17.96	3.12	5.21
19950212	2.07	5.39	3.84
19950213	4.96	4.3	3.37
19950214	15.81	5.19	5.41
19950215	5.3	5.34	4.83
19950216	2.71	4.39	3.32
19950217	0.24	3.81	2.51
19950218	14.22	3.61	2.81
19950219	5.47	3.86	4.13
19950220	5.21	3.08	3.58
19950221	31.49	2.9	7.46
19950222	12.88	3.04	9.17
19950223	0.0	3.48	4.54
19950224	0.43	1.4	3.26
19950225	0.0	1.77	2.69
19950226	0.83	1.1	2.36
19950227	0.43	4.64	2.25
19950228	11.32	6.52	2.9
19950301	0.14	1.79	2.53
19950302	0.09	0.42	2.13
19950303	0.0	-1.82	1.87
19950304	8.92	-0.95	1.84
19950305	0.04	1.1	1.94
19950306	2.51	1.76	1.88
19950307	1.14	0.55	1.85
19950308	0.14	0.93	1.7
19950309	6.62	2.93	1.96
19950310	1.44	5.56	1.99
19950311	0.0	7.0	1.69
19950312	0.2	4.35	1.56
19950313	1.82	7.84	1.55
19950314	5.8	5.59	1.63
19950315	2.04	1.48	1.9
19950316	16.03	2.55	2.82
19950317	2.2	2.5	3.66
19950318	0.01	2.77	2.21
19950319	0.0	2.5	1.78
19950320	0.0	2.91	1.55
19950321	0.0	3.46	1.45
19950322	0.0	5.59	1.38
19950323	1.2	7.71	1.35
19950324	1.53	6.07	1.31
19950325	0.78	3.88	1.24
19950326	6.68	5.01	1.31
19950327	0.36	1.04	1.2
19950328	0.23	0.68	1.19
19950329	0.72	0.81	1.11
19950330	1.17	4.96	1.13
19950331	0.0	9.18	1.09
19950401	0.0	9.81	1.07
19950402	0.01	9.84	1.05
19950403	0.5	7.88	1.04
19950404	1.76	4.62	1.02
19950405	0.72	7.33	1.0
19950406	0.0	8.88	0.97
19950407	0.0	9.27	0.94
19950408	0.0	4.79	0.92
19950409	1.72	5.94	0.94
19950410	0.0	9.36	0.91
19950411	0.1	9.72	0.94
19950412	0.0	7.91	0.89
19950413	0.0	8.51	0.8
19950414	0.0	7.75	0.71
19950415	0.0	7.82	0.68
19950416	0.0	7.33	0.69
19950417	10.31	5.38	0.79
19950418	0.0	2.54	0.68
19950419	0.04	2.87	0.66
19950420	0.07	4.27	0.64
19950421	0.85	4.74	0.63
19950422	15.51	3.72	0.82
19950423	0.38	7.19	0.73
19950424	0.6	6.6	0.67
19950425	0.0	7.62	0.64
19950426	0.04	4.76	0.62
19950427	0.0	4.65	0.6
19950428	0.0	4.42	0.58
19950429	0.18	5.3	0.58
19950430	0.0	9.52	0.57
19950501	0.23	12.89	0.55
19950502	0.32	13.04	1.71
19950503	0.0	13.49	0.54
19950504	0.0	14.19	0.5
19950505	0.0	11.36	0.48
19950506	1.24	9.16	0.49
19950507	0.02	11.38	0.49
19950508	1.59	9.42	0.48
19950509	2.55	6.87	0.48
19950510	0.04	6.26	0.47
19950511	1.9	4.16	0.47
19950512	0.37	4.15	0.46
19950513	0.69	3.67	0.44
19950514	0.69	4.69	0.44
19950515	0.0	4.13	0.43
19950516	0.08	3.81	0.43
19950517	6.8	4.72	0.6
19950518	12.11	4.59	0.61
19950519	0.34	5.79	0.49
19950520	0.0	8.17	0.45
19950521	0.15	8.9	0.43
19950522	0.4	10.85	0.43
19950523	0.0	12.59	0.47
19950524	8.13	11.77	0.5
19950525	0.09	11.79	0.42
19950526	2.23	12.03	0.41
19950527	10.16	12.79	0.48
19950528	1.52	13.19	0.43
19950529	6.49	12.41	0.48
19950530	3.62	12.0	0.42
19950531	18.04	10.83	0.64
19950601	7.67	11.19	1.93
19950602	9.4	10.65	1.1
19950603	2.54	10.45	1.4
19950604	0.49	10.96	0.8
19950605	0.1	9.05	0.62
19950606	1.22	11.78	0.55
19950607	1.62	9.43	0.5
19950608	0.0	9.16	0.46
19950609	0.0	10.72	0.43
19950610	0.02	11.26	0.42
19950611	0.04	10.32	0.4
19950612	0.0	9.03	0.38
19950613	0.0	10.5	0.38
19950614	0.0	12.48	0.37
19950615	0.0	12.04	0.36
19950616	1.78	10.18	0.37
19950617	0.01	12.81	0.36
19950618	2.22	10.89	0.35
19950619	4.08	13.69	0.37
19950620	0.0	13.78	0.33
19950621	0.01	11.6	0.32
19950622	0.0	13.73	0.3
19950623	0.0	13.18	0.3
19950624	0.0	15.46	0.31
19950625	0.0	15.69	0.31
19950626	0.0	15.66	0.23
19950627	0.0	15.87	0.2
19950628	0.0	16.6	0.22
19950629	0.0	15.44	0.21
19950630	0.0	13.65	0.19
19950701	0.0	12.37	0.18
19950702	6.5	11.78	0.2
19950703	0.0	11.81	0.19
19950704	0.22	13.45	0.18
19950705	2.51	11.36	0.18
19950706	0.0	14.88	0.21
19950707	0.0	14.44	0.28
19950708	0.43	12.19	0.26
19950709	0.0	14.81	0.26
19950710	0.0	14.53	0.25
19950711	7.02	16.69	0.27
19950712	0.02	16.68	0.29
19950713	1.87	15.7	0.26
19950714	6.58	15.19	0.28
19950715	0.85	15.28	0.19
19950716	1.06	13.89	0.16
19950717	2.23	14.86	0.12
19950718	0.0	15.27	0.09
19950719	4.25	16.85	0.12
19950720	4.86	18.18	0.18
19950721	0.0	14.28	0.15
19950722	1.86	13.38	0.14
19950723	1.66	15.23	0.21
19950724	0.0	13.7	0.13
19950725	0.0	17.47	0.15
19950726	0.0	17.82	0.13
19950727	0.0	18.29	0.13
19950728	0.0	16.42	0.12
19950729	0.0	18.86	0.09
19950730	0.46	17.51	0.09
19950731	0.0	18.93	0.09
19950801	0.0	19.29	0.09
19950802	0.0	19.25	0.09
19950803	0.0	16.73	0.1
19950804	0.0	14.93	0.09
19950805	0.0	13.89	0.08
19950806	0.0	14.03	0.1
19950807	0.0	14.09	0.1
19950808	0.0	13.02	0.09
19950809	0.0	14.82	0.14
19950810	0.03	15.31	0.18
19950811	0.0	17.97	0.18
19950812	0.57	18.32	0.18
19950813	0.0	15.41	0.18
19950814	0.0	16.64	0.18
19950815	0.0	16.99	0.18
19950816	0.04	17.96	0.11
19950817	0.0	17.23	0.1
19950818	2.36	17.98	0.1
19950819	0.31	18.91	0.1
19950820	0.0	19.26	0.15
19950821	0.0	19.25	0.11
19950822	1.25	17.8	0.1
19950823	0.29	14.31	0.1
19950824	3.45	14.47	0.11
19950825	1.5	15.43	0.1
19950826	0.37	12.39	0.12
19950827	0.04	12.47	0.12
19950828	2.84	11.34	0.12
19950829	1.86	12.56	0.13
19950830	0.0	14.46	0.11
19950831	0.0	14.92	0.09
19950901	10.3	13.92	0.17
19950902	24.69	11.95	0.39
19950903	5.47	13.13	0.35
19950904	11.7	12.0	0.24
19950905	2.56	11.42	0.32
19950906	2.59	12.51	0.23
19950907	24.45	12.42	0.48
19950908	4.44	13.48	0.43
19950909	8.29	12.65	0.31
19950910	2.54	13.24	0.34
19950911	0.12	12.45	0.28
19950912	0.0	12.79	0.25
19950913	0.0	12.8	0.23
19950914	0.0	11.96	0.23
19950915	0.0	11.74	0.22
19950916	0.0	11.58	0.22
19950917	0.0	12.45	0.22
19950918	0.0	12.59	0.2
19950919	0.0	12.27	0.2
19950920	0.0	11.26	0.2
19950921	0.0	12.25	0.2
19950922	0.0	12.72	0.2
19950923	8.03	11.89	0.22
19950924	1.05	10.84	0.23
19950925	3.59	10.52	0.22
19950926	1.3	10.5	0.19
19950927	0.0	7.32	0.18
19950928	0.0	5.65	0.18
19950929	0.0	7.81	0.18
19950930	8.6	7.81	0.19
19951001	3.65	10.01	0.23
19951002	3.52	11.73	0.25
19951003	2.02	12.05	0.29
19951004	7.48	12.12	0.26
19951005	6.15	11.79	0.27
19951006	6.18	12.89	0.37
19951007	4.6	12.59	0.44
19951008	0.0	14.72	0.42
19951009	0.19	15.27	0.33
19951010	0.06	10.4	0.28
19951011	7.02	10.41	0.28
19951012	14.51	11.57	0.28
19951013	1.57	11.8	0.89
19951014	1.25	13.18	0.58
19951015	3.04	12.94	0.51
19951016	2.45	12.69	0.48
19951017	2.96	14.42	0.54
19951018	0.0	10.15	0.53
19951019	0.29	11.7	0.41
19951020	0.0	7.89	0.35
19951021	12.82	6.04	0.33
19951022	22.41	8.08	2.81
19951023	0.16	11.66	3.66
19951024	7.14	12.65	1.38
19951025	26.88	9.55	3.76
19951026	20.74	9.47	11.91
19951027	0.28	7.12	3.02
19951028	0.04	7.13	1.75
19951029	0.41	5.55	1.29
19951030	3.3	8.45	1.08
19951031	3.48	10.63	1.29
19951101	0.13	8.72	1.06
19951102	0.62	6.31	0.86
19951103	0.0	4.38	0.73
19951104	0.0	3.97	0.65
19951105	0.0	5.28	0.6
19951106	0.11	6.99	0.6
19951107	0.47	9.44	0.53
19951108	3.49	10.22	0.52
19951109	0.27	3.46	0.49
19951110	2.55	3.95	0.48
19951111	24.93	6.61	3.22
19951112	0.28	8.8	2.52
19951113	0.1	9.82	1.34
19951114	7.12	7.63	1.13
19951115	19.74	5.74	3.46
19951116	0.0	2.82	2.01
19951117	0.0	0.99	1.21
19951118	0.0	2.01	0.99
19951119	0.0	4.04	0.85
19951120	3.18	5.2	0.84
19951121	0.53	7.24	0.83
19951122	4.92	9.06	0.81
19951123	15.61	9.18	3.3
19951124	1.16	10.67	3.17
19951125	4.77	7.88	1.65
19951126	0.76	3.9	1.54
19951127	0.85	5.2	1.25
19951128	5.69	6.7	1.09
19951129	0.43	7.6	1.1
19951130	0.0	7.22	1.11
19951201	0.15	6.67	1.12
19951202	0.78	7.65	1.05
19951203	4.26	8.84	1.06
19951204	1.16	5.02	0.99
19951205	5.05	2.39	1.0
19951206	4.84	2.24	1.56
19951207	2.36	1.5	1.65
19951208	0.0	-1.06	1.22
19951209	0.14	1.21	1.02
19951210	0.08	4.58	1.04
19951211	0.46	2.31	1.12
19951212	0.0	2.56	1.07
19951213	0.88	2.34	0.99
19951214	1.68	3.57	0.92
19951215	4.13	3.72	0.92
19951216	0.48	4.35	1.13
19951217	0.1	4.31	1.09
19951218	0.0	2.72	0.94
19951219	0.0	1.78	0.87
19951220	0.0	-2.92	0.79
19951221	11.93	-2.88	0.79
19951222	12.55	-1.09	2.28
19951223	2.61	1.14	1.73
19951224	0.04	-2.0	1.24
19951225	0.0	-2.38	1.0
19951226	0.0	-6.45	0.9
19951227	0.0	-10.19	0.96
19951228	0.0	-9.03	0.91
19951229	0.0	-8.54	0.91
19951230	0.0	-6.25	0.89
19951231	9.17	0.19	1.64
19960101	4.91	3.07	2.26
19960102	0.76	3.26	1.1
19960103	2.84	4.0	0.79
19960104	7.41	3.94	1.98
19960105	2.69	5.27	1.91
19960106	8.98	4.07	1.68
19960107	0.56	4.8	3.01
19960108	2.97	6.88	0.99
19960109	1.89	8.16	3.22
19960110	0.1	4.9	3.13
19960111	4.23	4.22	3.04
19960112	7.71	7.29	2.94
19960113	5.66	7.2	2.85
19960114	1.27	8.13	2.76
19960115	0.09	8.03	2.66
19960116	0.14	6.35	2.56
19960117	0.01	7.24	2.47
19960118	0.0	7.26	2.37
19960119	0.0	5.34	2.28
19960120	0.56	4.23	2.19
19960121	1.25	2.25	2.09
19960122	0.0	2.99	2.0
19960123	0.0	2.55	1.9
19960124	0.0	2.59	1.81
19960125	3.83	0.68	0.82
19960126	5.13	-0.31	0.81
19960127	7.24	0.45	0.87
19960128	0.07	1.39	1.01
19960129	0.0	-0.11	0.98
19960130	0.0	0.91	0.94
19960131	0.0	0.18	0.95
19960201	0.0	-0.79	0.94
19960202	0.0	0.57	0.92
19960203	0.0	0.75	0.85
19960204	3.68	-0.51	0.83
19960205	21.03	0.26	0.84
19960206	4.74	-1.16	0.82
19960207	0.97	-2.5	0.79
19960208	6.5	-0.42	0.76
19960209	3.02	1.64	1.14
19960210	4.29	4.33	5.84
19960211	6.63	3.89	4.09
19960212	3.33	3.31	6.04
19960213	0.0	1.87	3.35
19960214	0.0	0.17	2.03
19960215	0.12	6.88	1.93
19960216	0.85	5.9	1.71
19960217	7.16	4.54	1.64
19960218	2.75	2.35	1.83
19960219	0.19	0.18	1.29
19960220	0.0	-0.27	1.2
19960221	2.24	-0.15	1.16
19960222	0.2	2.77	1.13
19960223	2.76	4.41	1.24
19960224	6.62	3.45	1.78
19960225	0.12	1.09	1.6
19960226	0.04	0.34	1.26
19960227	0.0	2.6	0.98
19960228	0.0	2.95	1.03
19960229	0.0	6.27	0.98
19960301	0.04	5.6	0.94
19960302	0.0	5.88	0.91
19960303	0.0	6.67	0.88
19960304	0.0	4.69	0.85
19960305	0.0	4.32	0.83
19960306	0.0	5.97	0.8
19960307	0.22	4.29	0.79
19960308	0.99	2.81	0.78
19960309	1.13	3.4	0.79
19960310	0.15	3.92	0.75
19960311	37.45	4.89	1.95
19960312	26.83	1.37	3.97
19960313	1.35	-0.08	2.31
19960314	0.24	0.71	1.88
19960315	0.11	1.93	1.91
19960316	10.8	2.09	3.18
19960317	1.74	2.15	4.03
19960318	1.85	2.67	2.81
19960319	0.36	2.53	2.36
19960320	1.21	1.9	1.96
19960321	0.02	2.93	1.81
19960322	2.92	1.99	1.56
19960323	0.01	2.97	1.44
19960324	0.0	2.77	1.3
19960325	0.0	3.05	1.23
19960326	0.0	2.55	1.13
19960327	1.27	2.47	1.1
19960328	0.02	4.12	1.04
19960329	0.03	2.67	0.98
19960330	0.0	2.36	0.94
19960331	0.0	3.16	0.92
19960401	0.04	2.94	0.89
19960402	0.0	4.27	0.86
19960403	0.0	5.7	0.84
19960404	0.0	5.58	0.82
19960405	0.0	5.3	0.8
19960406	0.0	4.59	0.8
19960407	0.0	5.09	0.79
19960408	0.0	8.02	0.77
19960409	1.28	10.56	0.76
19960410	9.87	7.71	0.88
19960411	1.07	5.33	0.78
19960412	0.54	2.71	0.75
19960413	0.0	3.11	0.73
19960414	2.24	4.91	0.74
19960415	2.89	9.37	0.75
19960416	8.16	10.69	0.82
19960417	13.0	8.15	1.19
19960418	4.51	7.19	2.76
19960419	2.73	8.83	1.41
19960420	5.37	8.36	1.34
19960421	4.74	7.46	1.69
19960422	3.5	9.7	1.47
19960423	8.2	6.76	2.22
19960424	0.44	8.21	1.54
19960425	0.1	9.36	1.19
19960426	0.82	10.37	1.06
19960427	0.0	8.79	0.94
19960428	0.19	6.28	0.88
19960429	2.84	6.4	0.88
19960430	3.24	4.65	0.82
19960501	4.51	3.65	0.93
19960502	0.0	4.43	0.84
19960503	0.0	4.0	0.76
19960504	0.13	4.29	0.73
19960505	3.65	5.87	0.72
19960506	2.26	6.45	0.78
19960507	0.0	6.25	0.71
19960508	0.0	6.19	0.68
19960509	0.0	5.41	0.65
19960510	4.2	5.76	0.67
19960511	0.56	5.63	0.69
19960512	0.0	6.76	0.64
19960513	0.0	9.42	0.61
19960514	0.0	9.27	0.6
19960515	0.0	6.7	0.6
19960516	0.03	5.42	0.59
19960517	2.43	4.56	0.59
19960518	3.29	4.57	0.59
19960519	3.35	6.58	0.61
19960520	1.27	7.93	0.54
19960521	3.58	8.89	0.54
19960522	7.82	8.69	0.61
19960523	0.59	9.87	0.56
19960524	1.21	9.41	0.54
19960525	0.11	9.94	0.52
19960526	0.83	8.61	0.5
19960527	0.0	9.3	0.49
19960528	3.49	9.17	0.52
19960529	0.43	12.08	0.49
19960530	4.6	11.64	0.53
19960531	0.67	10.94	0.48
19960601	0.63	9.42	0.47
19960602	0.0	9.91	0.46
19960603	6.99	9.48	0.5
19960604	1.26	12.54	0.46
19960605	2.53	12.74	0.52
19960606	0.0	13.58	0.48
19960607	0.03	14.48	0.47
19960608	0.0	13.07	0.46
19960609	2.49	12.56	0.47
19960610	2.29	13.76	0.48
19960611	14.05	12.39	0.71
19960612	0.09	11.02	0.45
19960613	0.0	11.53	0.42
19960614	0.0	13.26	0.4
19960615	0.0	13.73	0.39
19960616	0.0	15.99	0.39
19960617	0.0	13.6	0.37
19960618	0.0	11.17	0.33
19960619	0.0	10.9	0.33
19960620	0.15	9.71	0.28
19960621	0.04	9.11	0.37
19960622	0.0	10.63	0.37
19960623	0.0	11.77	0.36
19960624	0.0	14.15	0.31
19960625	0.88	14.43	0.29
19960626	0.0	13.66	0.28
19960627	1.82	12.62	0.18
19960628	0.37	13.24	0.28
19960629	0.01	11.91	0.33
19960630	0.27	11.87	0.33
19960701	8.39	10.85	0.35
19960702	4.84	11.68	0.35
19960703	6.91	12.14	0.42
19960704	6.09	11.11	0.33
19960705	0.24	11.72	0.31
19960706	0.0	11.69	0.25
19960707	0.01	12.03	0.24
19960708	0.38	11.7	0.24
19960709	0.0	13.71	0.25
19960710	0.75	14.9	0.25
19960711	0.0	14.82	0.27
19960712	0.0	13.37	0.22
19960713	0.23	14.71	0.2
19960714	0.0	13.18	0.16
19960715	0.0	12.58	0.17
19960716	0.0	12.71	0.17
19960717	0.0	13.76	0.14
19960718	0.0	14.14	0.13
19960719	0.0	16.1	0.18
19960720	0.0	16.72	0.16
19960721	2.55	16.0	0.15
19960722	1.5	16.59	0.18
19960723	14.88	14.8	0.35
19960724	0.0	12.82	0.28
19960725	0.0	14.71	0.23
19960726	0.0	14.61	0.24
19960727	0.0	13.09	0.18
19960728	3.96	13.69	0.19
19960729	0.12	13.67	0.19
19960730	1.74	13.33	0.14
19960731	0.97	12.26	0.23
19960801	0.0	12.54	0.25
19960802	0.0	12.59	0.23
19960803	0.0	14.32	0.15
19960804	0.0	14.9	0.13
19960805	0.0	16.55	0.19
19960806	0.3	15.54	0.27
19960807	0.09	14.08	0.28
19960808	1.25	14.24	0.21
19960809	0.98	15.01	0.14
19960810	16.35	14.55	0.22
19960811	0.05	14.3	0.16
19960812	0.0	15.03	0.13
19960813	0.6	14.2	0.15
19960814	0.0	14.47	0.14
19960815	0.0	15.44	0.13
19960816	0.0	16.16	0.13
19960817	0.0	15.68	0.13
19960818	0.0	18.5	0.14
19960819	3.8	17.5	0.14
19960820	2.73	15.94	0.2
19960821	5.76	14.13	0.22
19960822	7.51	15.13	0.17
19960823	4.7	14.75	0.22
19960824	10.79	12.12	0.19
19960825	0.1	12.79	0.19
19960826	0.28	12.95	0.14
19960827	4.76	13.0	0.15
19960828	2.16	13.02	0.18
19960829	0.0	12.85	0.16
19960830	0.0	11.97	0.21
19960831	0.0	11.93	0.21
19960901	4.53	12.7	0.23
19960902	0.18	16.99	0.22
19960903	0.07	15.19	0.22
19960904	0.0	14.49	0.22
19960905	0.0	12.06	0.22
19960906	0.0	11.71	0.22
19960907	0.0	11.63	0.21
19960908	0.0	12.28	0.21
19960909	0.0	11.74	0.21
19960910	0.0	12.94	0.21
19960911	0.0	12.36	0.21
19960912	0.0	10.5	0.2
19960913	0.0	9.38	0.17
19960914	0.0	10.99	0.18
19960915	0.0	12.05	0.18
19960916	0.0	12.35	0.2
19960917	0.0	13.14	0.16
19960918	0.0	12.36	0.16
19960919	0.0	10.94	0.16
19960920	0.45	11.9	0.16
19960921	0.66	11.93	0.17
19960922	0.11	9.91	0.2
19960923	0.97	11.19	0.17
19960924	4.57	12.12	0.17
19960925	0.28	12.8	0.19
19960926	7.47	12.86	0.21
19960927	4.7	11.24	0.2
19960928	16.58	10.97	0.21
19960929	1.29	10.93	0.32
19960930	0.22	9.79	0.23
19961001	0.0	8.51	0.21
19961002	4.47	9.04	0.21
19961003	8.18	10.35	0.26
19961004	1.49	8.06	0.28
19961005	1.12	9.16	0.23
19961006	2.32	12.76	0.21
19961007	2.41	11.54	0.23
19961008	0.03	7.8	0.22
19961009	0.0	9.35	0.2
19961010	0.03	7.7	0.19
19961011	24.52	10.65	0.23
19961012	14.94	11.27	2.59
19961013	0.13	12.85	0.98
19961014	11.49	13.09	0.58
19961015	3.41	9.39	1.09
19961016	3.19	7.07	0.75
19961017	1.32	8.03	0.58
19961018	1.41	10.08	0.5
19961019	1.06	9.21	0.43
19961020	1.37	11.25	0.39
19961021	0.47	9.26	0.36
19961022	0.37	9.65	0.34
19961023	0.0	14.18	0.33
19961024	14.46	13.34	0.52
19961025	11.91	11.08	0.94
19961026	11.06	8.34	1.55
19961027	21.3	10.09	2.68
19961028	25.73	8.73	11.97
19961029	0.1	5.05	2.62
19961030	6.57	8.2	1.56
19961031	1.1	10.33	1.99
19961101	3.66	10.4	1.8
19961102	13.09	12.71	1.8
19961103	12.59	11.01	3.73
19961104	1.92	8.42	3.26
19961105	23.35	5.68	4.38
19961106	3.3	6.2	4.24
19961107	0.04	1.68	2.1
19961108	4.1	3.15	1.67
19961109	0.04	2.87	1.52
19961110	0.01	0.54	1.23
19961111	3.01	1.59	1.08
19961112	0.05	3.45	0.98
19961113	3.86	3.47	0.93
19961114	0.48	7.99	0.95
19961115	0.01	8.89	0.89
19961116	4.0	8.29	0.89
19961117	0.01	2.41	0.93
19961118	1.28	-2.4	0.81
19961119	6.11	-0.98	0.76
19961120	0.1	0.72	0.68
19961121	6.57	0.3	0.78
19961122	0.0	-0.53	0.8
19961123	0.0	0.1	0.68
19961124	14.33	-0.38	0.84
19961125	0.0	2.65	1.41
19961126	0.0	-0.53	1.09
19961127	0.0	0.09	0.87
19961128	9.87	1.03	1.62
19961129	0.1	2.73	1.83
19961130	1.87	4.27	1.77
19961201	3.14	5.29	1.83
19961202	0.08	4.38	1.42
19961203	18.75	1.19	2.3
19961204	0.0	3.63	2.54
19961205	0.01	0.16	1.46
19961206	0.2	-2.15	1.1
19961207	10.92	3.1	1.35
19961208	0.18	8.04	2.28
19961209	0.0	7.04	1.51
19961210	0.02	5.16	1.22
19961211	0.09	3.63	1.09
19961212	0.0	2.38	0.96
19961213	0.29	-1.45	0.88
19961214	0.0	5.05	0.83
19961215	0.15	5.02	0.76
19961216	0.17	4.47	0.73
19961217	6.35	1.28	0.75
19961218	19.04	3.52	3.58
19961219	0.52	2.79	2.15
19961220	0.0	2.67	1.45
19961221	0.0	1.09	1.15
19961222	0.36	-0.87	1.02
19961223	1.76	0.02	0.98
19961224	0.11	-1.01	0.92
19961225	0.0	-1.46	0.84
19961226	0.74	1.36	0.82
19961227	0.04	1.04	0.77
19961228	1.23	0.98	0.73
19961229	0.09	0.91	0.73
19961230	1.39	1.72	0.71
19961231	2.74	-0.22	0.68
19970101	1.53	-1.02	0.68
19970102	4.07	0.3	0.68
19970103	4.22	0.22	0.69
19970104	0.41	-0.9	0.67
19970105	0.0	-0.43	0.64
19970106	0.26	-0.29	0.63
19970107	0.0	-1.26	0.63
19970108	0.01	-0.65	0.62
19970109	0.09	0.07	0.59
19970110	0.08	0.01	0.58
19970111	6.82	2.17	1.32
19970112	0.49	9.29	2.2
19970113	1.79	9.3	1.39
19970114	0.37	8.48	1.19
19970115	0.0	6.96	1.0
19970116	0.0	2.67	0.91
19970117	4.88	3.73	0.97
19970118	3.04	4.29	1.07
19970119	0.08	3.21	1.01
19970120	0.0	0.19	0.86
19970121	0.01	0.89	0.8
19970122	0.0	-0.52	0.75
19970123	0.0	0.39	0.68
19970124	0.61	3.78	0.67
19970125	0.1	2.25	0.65
19970126	0.13	4.81	0.64
19970127	0.24	3.96	0.63
19970128	0.0	2.59	0.61
19970129	0.0	2.28	0.61
19970130	0.0	1.81	0.59
19970131	1.57	1.36	0.58
19970201	3.13	2.89	0.61
19970202	0.0	3.14	0.6
19970203	16.08	4.16	2.36
19970204	0.17	2.75	1.61
19970205	1.45	0.8	1.09
19970206	3.32	7.66	1.15
19970207	1.25	3.77	1.05
19970208	11.66	5.09	1.85
19970209	12.44	6.52	2.6
19970210	16.47	5.04	4.28
19970211	6.6	3.79	4.48
19970212	10.3	4.95	5.17
19970213	0.0	4.2	2.66
19970214	0.0	2.44	1.84
19970215	0.07	3.29	1.49
19970216	3.02	5.17	1.41
19970217	25.61	6.84	4.33
19970218	5.32	2.45	3.85
19970219	18.27	4.04	5.16
19970220	31.97	4.72	10.99
19970221	0.25	5.25	5.16
19970222	3.08	9.13	3.23
19970223	8.76	6.95	2.86
19970224	4.71	4.08	2.96
19970225	0.06	4.39	2.54
19970226	0.0	1.92	1.97
19970227	11.15	5.55	2.78
19970228	11.25	6.12	3.0
19970301	20.38	7.25	2.66
19970302	6.01	4.68	3.12
19970303	0.77	4.27	2.61
19970304	0.0	4.29	2.31
19970305	3.39	5.42	2.13
19970306	4.55	4.29	1.99
19970307	1.23	7.41	1.91
19970308	0.0	3.71	1.85
19970309	0.23	4.59	1.77
19970310	0.0	6.24	1.85
19970311	0.0	6.4	1.88
19970312	0.0	7.44	1.8
19970313	2.08	8.26	1.87
19970314	0.81	9.21	1.7
19970315	7.92	7.24	1.61
19970316	0.02	8.76	1.54
19970317	2.99	8.34	1.54
19970318	0.93	7.21	1.49
19970319	0.0	6.54	1.5
19970320	0.0	5.36	1.44
19970321	0.0	3.27	1.6
19970322	3.05	6.33	1.71
19970323	4.19	6.51	1.58
19970324	0.37	6.79	1.47
19970325	4.08	8.32	1.4
19970326	4.84	7.96	1.35
19970327	1.74	5.62	1.3
19970328	0.0	5.21	1.29
19970329	0.0	7.35	1.24
19970330	0.0	7.81	1.19
19970331	0.0	8.46	1.14
19970401	0.0	9.2	1.09
19970402	0.59	8.29	1.04
19970403	0.15	4.46	0.96
19970404	2.01	3.39	0.97
19970405	2.86	9.02	0.94
19970406	1.15	6.18	0.9
19970407	0.12	9.26	0.89
19970408	0.0	9.57	0.88
19970409	0.0	7.68	0.86
19970410	0.0	9.01	0.85
19970411	0.0	6.79	0.84
19970412	0.0	6.22	0.84
19970413	0.0	8.54	0.84
19970414	0.0	9.43	0.83
19970415	0.0	7.48	1.04
19970416	0.0	7.9	0.8
19970417	0.0	8.43	0.8
19970418	1.67	8.03	0.79
19970419	0.0	4.44	0.79
19970420	1.7	4.94	0.78
19970421	0.01	5.24	0.76
19970422	0.0	4.16	0.74
19970423	7.81	6.88	0.81
19970424	0.0	7.88	0.74
19970425	0.0	5.38	0.73
19970426	0.06	5.59	0.73
19970427	1.24	8.72	0.72
19970428	0.99	10.74	0.72
19970429	0.0	10.08	0.69
19970430	0.0	11.18	0.68
19970501	0.0	13.71	4.37
19970502	0.0	11.55	0.66
19970503	11.87	9.54	0.69
19970504	26.43	8.67	1.75
19970505	2.87	3.5	1.33
19970506	0.23	2.34	1.05
19970507	11.04	4.0	1.18
19970508	4.3	4.55	1.74
19970509	1.48	5.71	1.23
19970510	10.06	6.32	1.63
19970511	4.27	6.75	1.75
19970512	4.87	7.97	1.68
19970513	0.23	9.12	1.39
19970514	0.0	9.84	1.11
19970515	0.61	10.95	1.0
19970516	5.82	10.86	0.95
19970517	6.57	9.8	1.05
19970518	11.21	9.82	2.72
19970519	0.22	9.55	1.9
19970520	11.32	8.49	2.0
19970521	0.12	7.1	1.84
19970522	0.0	6.7	1.33
19970523	0.0	6.83	1.13
19970524	0.0	8.24	1.04
19970525	0.18	10.33	0.99
19970526	0.0	12.43	0.94
19970527	0.0	10.49	0.89
19970528	0.0	12.35	0.88
19970529	0.0	13.92	0.85
19970530	0.0	14.19	0.81
19970531	0.0	11.51	0.78
19970601	0.0	11.9	0.76
19970602	0.0	10.13	0.75
19970603	0.0	11.55	0.68
19970604	0.0	12.39	0.79
19970605	9.88	13.4	0.73
19970606	0.88	14.59	0.74
19970607	4.39	15.76	0.83
19970608	0.25	14.07	0.68
19970609	0.1	10.96	0.62
19970610	1.08	13.84	0.68
19970611	34.55	11.43	1.15
19970612	2.76	11.33	1.14
19970613	7.59	11.35	0.71
19970614	0.66	9.18	0.84
19970615	0.0	9.41	0.62
19970616	0.0	10.66	0.53
19970617	2.04	12.13	0.57
19970618	2.03	12.11	0.73
19970619	7.58	11.53	0.5
19970620	8.62	11.55	0.53
19970621	17.48	11.56	1.57
19970622	1.72	11.91	2.0
19970623	0.0	10.86	1.03
19970624	0.0	10.21	0.79
19970625	0.93	9.36	0.7
19970626	1.06	9.16	0.63
19970627	0.99	9.42	0.59
19970628	0.27	11.32	0.57
19970629	0.08	11.3	0.54
19970630	24.53	10.21	0.93
19970701	2.32	9.2	1.34
19970702	1.06	11.13	0.83
19970703	5.5	11.26	0.84
19970704	0.04	12.76	0.71
19970705	0.0	13.95	0.62
19970706	0.0	15.86	0.57
19970707	0.0	15.6	0.54
19970708	0.0	16.88	0.51
19970709	0.0	15.94	0.49
19970710	0.0	15.24	0.48
19970711	0.0	15.09	0.44
19970712	3.08	15.48	0.39
19970713	13.57	15.53	0.66
19970714	0.0	13.61	0.48
19970715	4.09	14.71	0.49
19970716	0.01	14.94	0.47
19970717	0.0	13.85	0.45
19970718	0.0	14.69	0.43
19970719	0.0	15.84	0.43
19970720	0.0	15.29	0.42
19970721	0.0	15.84	0.43
19970722	0.01	15.8	0.43
19970723	5.96	15.39	0.49
19970724	2.94	14.96	0.42
19970725	0.0	14.94	0.37
19970726	1.25	13.25	0.33
19970727	2.03	15.07	0.33
19970728	0.0	15.4	0.33
19970729	7.0	15.11	0.33
19970730	2.08	13.87	0.31
19970731	3.72	14.21	0.27
19970801	0.07	15.54	0.04
19970802	0.0	13.21	0.15
19970803	0.0	14.2	0.2
19970804	0.0	14.06	0.25
19970805	0.0	14.47	0.24
19970806	0.07	16.32	0.17
19970807	0.0	17.08	0.22
19970808	0.0	18.92	0.18
19970809	2.35	16.74	0.16
19970810	0.02	17.9	0.19
19970811	4.43	17.66	0.25
19970812	0.0	18.48	0.18
19970813	17.54	17.71	0.37
19970814	0.0	18.03	0.36
19970815	0.0	17.55	0.33
19970816	0.78	18.4	0.31
19970817	0.0	17.02	0.28
19970818	0.15	15.68	0.29
19970819	0.21	18.08	0.26
19970820	3.23	19.16	0.29
19970821	1.28	17.32	0.32
19970822	0.02	15.24	0.29
19970823	0.03	12.79	0.29
19970824	0.0	12.58	0.28
19970825	0.0	13.21	0.31
19970826	0.0	13.81	0.32
19970827	13.44	14.31	0.34
19970828	0.01	13.81	0.3
19970829	0.73	13.3	0.31
19970830	0.0	13.46	0.29
19970831	2.93	11.47	0.3
19970901	2.36	13.26	0.33
19970902	10.8	13.07	0.38
19970903	7.43	14.37	0.49
19970904	4.65	13.17	0.36
19970905	0.25	12.8	0.33
19970906	0.57	11.91	0.31
19970907	0.0	14.49	0.34
19970908	0.0	14.06	0.35
19970909	0.0	12.01	0.37
19970910	0.09	11.58	0.36
19970911	0.85	12.02	0.38
19970912	0.18	8.88	0.4
19970913	0.82	7.64	0.37
19970914	5.22	11.42	0.33
19970915	7.05	13.13	0.34
19970916	14.77	11.79	0.79
19970917	0.0	10.67	0.43
19970918	0.0	8.3	0.35
19970919	0.0	8.25	0.31
19970920	0.0	8.7	0.3
19970921	0.0	11.0	0.29
19970922	0.0	10.8	0.28
19970923	0.0	10.82	0.29
19970924	0.0	10.67	0.29
19970925	0.0	10.65	0.28
19970926	0.0	10.32	0.29
19970927	0.0	11.06	0.27
19970928	2.28	12.75	0.3
19970929	0.07	12.85	0.27
19970930	0.16	10.19	0.26
19971001	0.0	12.56	0.25
19971002	0.0	11.03	0.24
19971003	0.0	13.22	0.25
19971004	0.02	14.45	0.26
19971005	0.02	13.84	0.27
19971006	2.17	12.56	0.25
19971007	0.45	8.78	0.23
19971008	3.32	10.29	0.24
19971009	14.46	10.14	0.42
19971010	0.01	9.29	0.38
19971011	0.0	7.43	0.32
19971012	1.06	5.84	0.34
19971013	0.06	5.82	0.31
19971014	6.53	5.59	0.34
19971015	5.24	8.71	0.33
19971016	4.84	11.81	0.48
19971017	6.26	14.24	0.53
19971018	0.66	11.54	0.67
19971019	0.07	8.54	0.52
19971020	0.43	5.2	0.43
19971021	0.0	4.52	0.38
19971022	0.0	4.79	0.36
19971023	0.0	5.17	0.34
19971024	0.0	3.48	0.33
19971025	0.0	6.77	0.33
19971026	0.0	6.68	0.33
19971027	0.0	5.95	0.32
19971028	0.0	4.92	0.31
19971029	0.12	2.82	0.31
19971030	0.02	9.09	0.31
19971031	0.1	8.95	0.3
19971101	0.26	10.5	0.31
19971102	0.0	8.26	0.29
19971103	0.05	7.78	1.37
19971104	2.54	7.51	0.26
19971105	11.77	8.23	0.38
19971106	0.88	8.44	0.51
19971107	0.56	5.29	0.38
19971108	7.94	4.21	0.87
19971109	0.67	3.93	0.7
19971110	2.2	6.13	0.52
19971111	0.01	6.49	0.45
19971112	0.0	5.78	0.4
19971113	0.6	4.5	0.37
19971114	1.28	6.01	0.35
19971115	0.02	8.57	0.33
19971116	2.49	13.34	0.36
19971117	4.92	11.83	0.38
19971118	0.86	11.73	0.53
19971119	2.5	9.63	0.5
19971120	11.94	8.66	1.45
19971121	0.08	6.53	1.5
19971122	0.0	4.62	0.83
19971123	10.16	5.08	0.75
19971124	6.5	7.53	1.6
19971125	2.59	7.19	1.52
19971126	5.97	7.58	1.13
19971127	3.15	7.6	1.6
19971128	9.09	6.86	1.21
19971129	1.66	7.12	2.0
19971130	0.0	2.76	1.2
19971201	0.99	-1.25	0.89
19971202	0.45	0.73	0.81
19971203	0.0	1.66	0.72
19971204	0.0	1.74	0.68
19971205	5.46	6.12	0.66
19971206	0.21	10.35	0.65
19971207	3.19	9.68	0.71
19971208	2.56	8.71	0.86
19971209	6.97	7.02	0.87
19971210	7.32	6.13	1.8
19971211	7.07	4.27	3.81
19971212	15.73	2.58	1.66
19971213	0.21	5.88	1.23
19971214	2.88	4.26	1.03
19971215	0.45	3.75	0.91
19971216	0.27	3.88	0.85
19971217	1.27	3.75	0.81
19971218	15.68	6.26	5.05
19971219	10.03	5.78	4.48
19971220	0.23	5.11	3.83
19971221	0.69	5.73	2.13
19971222	17.25	3.11	1.66
19971223	3.37	6.31	2.06
19971224	9.95	6.21	3.62
19971225	6.87	4.96	4.85
19971226	0.99	4.57	2.62
19971227	0.0	3.82	1.85
19971228	0.0	3.31	1.53
19971229	10.02	0.86	1.33
19971230	1.85	6.16	1.49
19971231	0.09	4.64	1.39
19980101	2.05	4.5	1.32
19980102	3.37	5.06	1.21
19980103	16.59	5.21	2.61
19980104	19.23	1.99	3.48
19980105	0.0	1.85	3.21
19980106	3.51	1.58	2.46
19980107	1.61	3.44	2.66
19980108	8.16	2.12	2.99
19980109	1.03	9.99	3.94
19980110	0.5	10.39	2.42
19980111	1.63	9.14	2.07
19980112	0.06	7.7	1.85
19980113	15.77	5.03	2.79
19980114	1.67	4.18	3.27
19980115	0.99	4.09	2.37
19980116	0.81	3.14	1.93
19980117	19.83	2.44	3.34
19980118	3.91	3.46	4.64
19980119	0.14	0.1	2.68
19980120	0.13	-0.65	2.07
19980121	0.79	4.4	1.88
19980122	4.11	8.25	1.83
19980123	1.35	5.12	2.09
19980124	0.04	2.05	1.85
19980125	0.0	0.14	1.68
19980126	0.0	-1.56	1.57
19980127	0.0	0.57	1.49
19980128	0.0	1.97	1.25
19980129	0.0	2.49	1.15
19980130	1.16	3.24	1.13
19980131	0.27	2.26	1.1
19980201	0.05	2.92	1.09
19980202	0.0	1.74	1.05
19980203	2.02	2.95	1.05
19980204	0.38	5.05	1.02
19980205	0.61	6.6	1.0
19980206	5.74	6.52	1.08
19980207	2.05	2.83	1.09
19980208	3.33	8.04	1.51
19980209	4.67	9.15	2.0
19980210	16.86	6.99	2.41
19980211	6.62	10.31	6.69
19980212	2.16	11.36	2.59
19980213	2.11	11.15	2.24
19980214	5.81	10.88	2.15
19980215	1.44	10.87	2.14
19980216	0.21	7.54	1.7
19980217	0.01	8.39	1.51
19980218	0.24	8.47	1.43
19980219	1.2	8.67	1.34
19980220	0.63	9.74	1.3
19980221	0.77	5.57	1.19
19980222	1.27	4.78	1.13
19980223	0.26	9.85	1.09
19980224	0.0	9.78	1.05
19980225	0.0	7.87	1.04
19980226	11.16	6.47	2.05
19980227	2.51	3.78	1.67
19980228	0.0	0.02	1.34
19980301	7.36	-0.33	1.24
19980302	5.87	3.53	2.03
19980303	0.3	4.65	2.11
19980304	0.75	2.6	1.59
19980305	1.06	0.7	1.38
19980306	16.56	-0.17	1.65
19980307	5.77	3.8	2.81
19980308	0.0	1.94	2.31
19980309	0.49	1.9	1.78
19980310	8.72	4.96	2.12
19980311	0.75	3.91	1.95
19980312	0.86	3.38	1.66
19980313	0.0	7.63	1.48
19980314	0.0	8.58	1.38
19980315	0.23	9.4	1.31
19980316	0.53	8.51	1.26
19980317	0.14	7.89	1.2
19980318	0.0	5.95	1.14
19980319	0.0	5.83	1.12
19980320	0.0	8.78	1.09
19980321	0.0	7.34	1.08
19980322	0.0	6.14	1.05
19980323	3.04	6.31	1.08
19980324	0.0	6.49	1.04
19980325	9.2	6.94	0.97
19980326	2.2	8.47	1.19
19980327	0.59	8.44	1.02
19980328	0.05	10.11	0.96
19980329	21.51	8.01	2.21
19980330	0.1	10.55	2.1
19980331	0.49	8.38	1.41
19980401	0.49	5.6	1.25
19980402	22.56	4.76	2.1
19980403	16.41	4.15	14.33
19980404	23.02	6.11	10.67
19980405	3.12	5.98	6.15
19980406	7.55	6.72	4.12
19980407	3.75	6.68	4.23
19980408	5.92	4.45	4.13
19980409	0.72	2.09	3.05
19980410	0.0	1.94	2.43
19980411	0.25	2.17	2.3
19980412	0.04	2.1	1.9
19980413	0.0	1.44	1.91
19980414	1.24	0.73	1.7
19980415	2.99	2.54	1.63
19980416	4.68	2.36	1.6
19980417	0.07	5.08	1.47
19980418	0.0	4.59	1.41
19980419	0.98	5.94	1.39
19980420	1.98	7.05	1.35
19980421	6.9	7.59	1.38
19980422	13.04	10.19	1.66
19980423	0.87	9.66	1.78
19980424	6.95	8.98	1.74
19980425	3.23	8.36	1.93
19980426	3.54	7.2	1.85
19980427	0.66	7.51	2.78
19980428	0.28	6.55	1.95
19980429	0.0	8.02	2.33
19980430	0.0	7.44	1.28
19980501	0.0	7.69	1.22
19980502	0.0	8.05	1.18
19980503	0.01	8.14	1.14
19980504	0.0	9.75	1.56
19980505	1.74	7.13	1.62
19980506	14.27	7.58	1.24
19980507	9.68	9.27	2.01
19980508	0.05	9.38	1.4
19980509	0.0	11.19	1.25
19980510	0.0	9.85	1.14
19980511	1.24	8.57	1.11
19980512	0.0	10.73	1.08
19980513	0.11	12.82	1.04
19980514	0.0	12.69	1.01
19980515	0.0	12.22	0.99
19980516	0.0	12.58	0.95
19980517	0.0	12.61	0.94
19980518	0.0	12.62	0.93
19980519	1.1	12.55	0.92
19980520	0.32	10.39	0.91
19980521	0.0	10.37	0.89
19980522	0.0	10.23	0.82
19980523	0.29	12.06	0.79
19980524	0.0	12.43	0.79
19980525	0.09	10.65	0.78
19980526	0.81	7.96	0.77
19980527	6.08	7.84	0.82
19980528	4.79	9.1	1.95
19980529	6.6	9.96	0.83
19980530	1.26	9.23	0.79
19980531	10.55	8.47	0.98
19980601	0.0	7.68	0.79
19980602	0.0	7.31	0.74
19980603	0.01	7.58	0.71
19980604	0.04	9.56	0.7
19980605	0.11	11.05	0.68
19980606	13.48	10.43	0.81
19980607	1.37	11.9	0.72
19980608	8.22	9.72	0.79
19980609	11.68	11.24	1.34
19980610	8.37	9.29	1.67
19980611	2.95	7.51	1.14
19980612	0.02	8.22	0.93
19980613	0.0	9.13	0.82
19980614	4.77	9.73	0.79
19980615	1.05	9.1	0.75
19980616	4.44	10.18	0.84
19980617	0.0	10.93	0.73
19980618	2.35	11.34	0.72
19980619	0.04	13.78	0.69
19980620	0.12	16.4	0.68
19980621	2.18	16.59	0.67
19980622	3.86	13.08	0.66
19980623	1.44	14.94	0.66
19980624	0.56	14.69	0.64
19980625	5.56	13.63	0.68
19980626	7.93	12.16	0.73
19980627	2.52	11.89	0.69
19980628	0.41	12.97	0.63
19980629	9.98	12.5	1.52
19980630	0.0	12.48	1.08
19980701	0.0	12.42	0.81
19980702	0.0	12.55	0.72
19980703	0.44	13.72	0.67
19980704	1.84	14.5	0.65
19980705	0.0	14.14	0.63
19980706	0.0	11.82	0.61
19980707	1.41	12.3	0.59
19980708	0.25	13.38	0.58
19980709	0.38	13.67	0.57
19980710	2.4	12.37	0.58
19980711	1.77	12.49	0.56
19980712	21.9	9.92	0.98
19980713	0.18	11.01	0.68
19980714	0.0	12.2	0.6
19980715	0.0	11.84	0.58
19980716	11.93	13.06	0.61
19980717	1.0	12.21	0.63
19980718	0.27	12.19	0.58
19980719	22.65	11.88	1.45
19980720	3.65	15.91	1.37
19980721	3.81	13.96	1.09
19980722	5.7	13.64	0.91
19980723	2.15	12.77	1.08
19980724	0.37	11.96	0.83
19980725	0.45	12.16	0.74
19980726	3.02	12.86	0.72
19980727	0.43	13.96	0.65
19980728	5.11	14.02	0.64
19980729	5.91	12.9	0.7
19980730	0.91	13.16	0.68
19980731	0.1	13.78	0.61
19980801	0.0	12.59	0.58
19980802	9.59	13.23	0.58
19980803	4.95	13.9	1.04
19980804	0.19	14.08	0.7
19980805	0.54	14.57	0.63
19980806	1.4	15.41	0.59
19980807	18.17	13.81	1.09
19980808	0.23	15.21	1.2
19980809	0.12	15.38	0.82
19980810	0.09	16.35	0.72
19980811	0.35	15.33	0.66
19980812	0.85	14.26	0.63
19980813	1.65	13.25	0.6
19980814	4.18	14.53	0.68
19980815	0.26	12.97	0.6
19980816	6.04	13.78	0.64
19980817	0.1	14.34	0.84
19980818	0.0	11.98	0.67
19980819	2.42	13.38	0.64
19980820	1.16	13.31	0.71
19980821	0.0	12.33	0.66
19980822	0.0	11.66	0.6
19980823	10.71	10.26	0.78
19980824	0.0	10.57	0.82
19980825	0.21	9.91	0.69
19980826	0.0	10.18	0.63
19980827	0.0	10.25	0.59
19980828	0.0	12.41	0.57
19980829	0.0	13.74	0.54
19980830	0.0	13.53	0.53
19980831	5.64	13.81	0.53
19980901	18.94	13.26	1.39
19980902	0.1	13.93	1.0
19980903	1.55	13.04	0.8
19980904	0.0	12.46	0.73
19980905	0.55	13.37	0.68
19980906	0.15	13.88	0.63
19980907	4.64	16.3	0.63
19980908	8.87	14.88	0.66
19980909	3.21	14.47	1.26
19980910	6.71	13.46	0.98
19980911	2.54	10.11	0.82
19980912	1.9	7.1	0.78
19980913	0.0	8.59	0.71
19980914	0.0	10.86	0.67
19980915	0.0	9.54	0.63
19980916	0.19	10.2	0.58
19980917	2.99	10.43	0.55
19980918	0.0	13.47	0.58
19980919	0.3	13.62	0.53
19980920	0.0	15.65	0.52
19980921	0.0	15.04	0.51
19980922	0.0	11.98	0.51
19980923	0.0	11.24	0.51
19980924	0.0	10.94	0.5
19980925	0.53	10.76	0.49
19980926	0.9	11.36	0.48
19980927	3.74	11.86	0.48
19980928	2.75	11.54	0.57
19980929	1.86	10.76	0.51
19980930	17.38	11.79	0.64
19981001	14.52	11.64	5.93
19981002	0.41	10.04	2.86
19981003	2.84	8.8	2.03
19981004	7.96	8.2	1.97
19981005	1.23	8.68	2.26
19981006	0.07	9.02	1.84
19981007	0.0	6.73	1.77
19981008	0.34	6.35	1.52
19981009	8.76	11.3	2.15
19981010	2.28	8.95	1.76
19981011	0.7	7.84	1.59
19981012	3.18	8.92	1.44
19981013	3.29	9.72	1.69
19981014	2.86	8.06	1.57
19981015	5.91	6.41	1.54
19981016	33.59	6.46	8.18
19981017	1.38	4.91	3.92
19981018	1.75	3.87	2.66
19981019	0.04	3.51	2.22
19981020	32.68	3.09	7.13
19981021	12.01	12.35	7.56
19981022	12.29	12.58	7.09
19981023	2.02	7.84	4.59
19981024	19.0	7.19	9.11
19981025	1.01	6.06	3.98
19981026	10.71	4.66	3.62
19981027	12.01	6.34	5.91
19981028	0.49	5.67	4.38
19981029	0.46	5.08	3.1
19981030	0.03	4.45	2.66
19981031	0.0	3.35	2.43
19981101	0.0	2.7	2.22
19981102	16.61	1.32	3.08
19981103	2.13	3.88	3.38
19981104	2.96	1.5	2.15
19981105	2.37	3.38	1.91
19981106	1.47	3.09	1.66
19981107	2.94	8.69	1.68
19981108	9.81	9.88	2.08
19981109	4.31	9.77	3.59
19981110	0.43	4.9	1.99
19981111	0.58	5.56	1.7
19981112	25.27	6.85	2.82
19981113	8.48	5.12	5.77
19981114	0.78	5.53	2.95
19981115	0.02	2.65	2.1
19981116	0.0	0.35	1.76
19981117	0.18	-1.08	1.59
19981118	0.0	-0.4	1.49
19981119	1.05	1.47	1.4
19981120	4.88	5.36	1.49
19981121	15.28	10.0	3.18
19981122	0.04	6.35	3.19
19981123	8.01	3.29	2.61
19981124	0.19	5.99	2.42
19981125	4.75	5.22	1.93
19981126	1.41	6.06	2.09
19981127	9.79	6.42	2.47
19981128	0.07	6.81	2.86
19981129	0.56	3.07	1.88
19981130	0.56	6.15	1.66
19981201	0.0	8.15	1.54
19981202	0.01	6.38	1.49
19981203	0.0	4.73	1.41
19981204	3.71	0.71	1.33
19981205	0.0	-0.98	1.24
19981206	0.0	-3.66	1.19
19981207	8.69	2.04	1.92
19981208	0.63	7.29	2.1
19981209	0.11	6.54	1.57
19981210	4.32	8.39	1.66
19981211	8.02	5.41	2.61
19981212	1.2	6.58	2.11
19981213	7.53	5.97	2.51
19981214	3.36	10.53	2.44
19981215	3.64	5.51	2.29
19981216	0.2	8.09	1.97
19981217	6.13	10.21	2.28
19981218	0.98	4.36	1.86
19981219	0.0	2.24	1.55
19981220	0.0	-0.74	1.39
19981221	0.82	-0.37	1.31
19981222	2.52	3.92	1.37
19981223	1.54	2.26	1.37
19981224	7.38	5.32	1.89
19981225	6.73	4.96	2.55
19981226	23.16	3.03	7.38
19981227	0.53	2.28	3.52
19981228	0.0	0.32	2.2
19981229	0.57	2.91	1.95
19981230	0.41	6.23	1.75
19981231	0.25	5.28	1.6
19990101	2.0	6.28	1.53
19990102	7.02	5.84	2.25
19990103	13.57	4.23	3.24
19990104	20.31	5.55	8.79
19990105	14.33	4.24	7.0
19990106	0.06	4.34	3.98
19990107	0.21	2.63	2.96
19990108	0.0	1.22	2.55
19990109	0.0	-0.21	2.2
19990110	0.0	-1.61	2.02
19990111	4.04	-1.21	2.1
19990112	0.46	1.38	1.91
19990113	8.3	2.6	3.05
19990114	14.62	2.35	3.88
19990115	11.94	4.45	8.22
19990116	0.67	1.32	3.42
19990117	3.34	2.63	3.07
19990118	6.21	3.91	3.25
19990119	8.86	6.42	5.16
19990120	4.86	4.1	3.81
19990121	0.03	3.21	2.77
19990122	5.51	4.17	2.7
19990123	3.71	5.46	3.12
19990124	14.94	4.39	4.29
19990125	8.85	1.9	4.91
19990126	0.05	2.61	4.18
19990127	1.45	2.06	3.0
19990128	1.76	4.39	2.81
19990129	0.59	4.28	2.69
19990130	0.0	6.36	2.42
19990131	0.0	6.5	2.25
19990201	0.02	5.75	2.12
19990202	1.9	6.61	2.05
19990203	3.18	9.27	2.07
19990204	0.27	7.25	2.09
19990205	0.0	3.52	1.88
19990206	0.12	2.19	1.82
19990207	0.01	-0.73	1.73
19990208	0.0	-1.66	1.68
19990209	0.0	-0.89	1.6
19990210	0.0	0.39	1.56
19990211	0.14	3.18	1.53
19990212	0.1	3.62	1.49
19990213	2.32	2.17	1.48
19990214	0.79	5.96	1.49
19990215	0.02	6.44	1.49
19990216	0.01	2.16	1.44
19990217	2.74	0.65	1.43
19990218	2.2	5.92	1.45
19990219	0.2	6.06	1.42
19990220	10.35	3.52	1.5
19990221	0.7	2.2	2.26
19990222	0.31	1.5	1.62
19990223	0.0	1.23	1.51
19990224	1.06	0.87	1.44
19990225	0.59	6.84	1.44
19990226	4.3	4.85	1.48
19990227	39.28	2.63	2.73
19990228	11.75	3.36	13.36
19990301	3.11	3.71	3.57
19990302	4.94	4.09	3.65
19990303	1.02	3.32	2.83
19990304	0.1	2.45	2.29
19990305	0.0	2.1	2.05
19990306	0.27	2.27	1.95
19990307	0.0	2.87	1.89
19990308	0.39	1.59	1.83
19990309	1.14	2.39	1.8
19990310	0.16	2.49	1.77
19990311	1.89	3.68	1.74
19990312	3.92	6.06	1.72
19990313	1.23	5.39	1.7
19990314	0.0	5.97	1.68
19990315	2.65	7.88	1.65
19990316	0.12	9.49	1.47
19990317	0.67	9.02	1.43
19990318	0.2	6.26	1.42
19990319	0.39	6.23	1.42
19990320	7.7	6.74	1.44
19990321	0.38	5.86	1.55
19990322	0.1	4.2	1.49
19990323	1.77	7.43	1.42
19990324	0.71	7.04	1.42
19990325	0.22	5.26	1.42
19990326	2.4	4.1	1.43
19990327	0.0	3.39	1.4
19990328	22.53	3.99	2.06
19990329	4.91	8.63	3.25
19990330	0.0	7.96	2.1
19990331	0.0	7.31	1.72
19990401	0.0	10.56	1.55
19990402	0.01	8.39	1.48
19990403	0.38	7.48	8.66
19990404	1.44	8.64	1.44
19990405	9.48	10.65	1.57
19990406	0.45	9.09	1.95
19990407	1.04	8.81	1.54
19990408	0.08	10.17	1.46
19990409	1.52	11.21	1.44
19990410	0.0	8.54	1.44
19990411	6.74	6.43	1.53
19990412	1.8	5.51	1.45
19990413	2.13	1.48	1.46
19990414	3.68	1.13	1.44
19990415	1.04	3.53	1.44
19990416	0.0	2.14	1.44
19990417	1.66	2.93	1.42
19990418	2.23	2.8	14.21
19990419	1.64	3.0	1.42
19990420	29.36	4.35	5.58
19990421	5.19	8.67	3.19
19990422	0.28	8.52	2.42
19990423	0.01	8.26	1.88
19990424	0.02	8.61	1.65
19990425	0.0	8.55	1.6
19990426	0.0	8.22	1.57
19990427	0.0	10.46	1.55
19990428	0.0	10.13	15.37
19990429	0.0	11.09	1.53
19990430	0.01	8.43	1.51
19990501	0.0	8.22	1.5
19990502	0.0	8.4	1.49
19990503	0.0	11.44	1.08
19990504	0.0	10.22	1.04
19990505	1.08	9.22	0.83
19990506	20.5	8.81	1.29
19990507	8.03	9.78	1.09
19990508	8.51	9.19	2.41
19990509	12.34	10.59	2.98
19990510	2.28	11.89	2.4
19990511	1.75	11.03	1.6
19990512	13.93	10.41	1.55
19990513	0.02	9.78	1.88
19990514	0.23	9.86	1.3
19990515	0.0	9.74	1.14
19990516	0.0	9.36	1.04
19990517	0.0	8.46	0.99
19990518	0.0	9.8	0.96
19990519	0.03	11.35	0.91
19990520	1.24	12.12	0.87
19990521	5.88	9.18	0.92
19990522	0.76	8.79	0.84
19990523	1.08	11.01	0.8
19990524	1.47	9.3	0.81
19990525	5.16	9.29	0.86
19990526	1.02	12.02	0.97
19990527	0.95	13.74	0.82
19990528	20.8	11.13	1.52
19990529	1.27	8.86	1.66
19990530	0.0	7.85	1.06
19990531	0.0	10.19	0.91
19990601	0.0	12.54	0.91
19990602	9.29	10.92	0.97
19990603	3.84	9.49	1.14
19990604	1.74	9.91	1.03
19990605	10.29	9.37	1.16
19990606	10.78	7.95	2.05
19990607	0.92	8.03	1.51
19990608	1.02	10.05	1.15
19990609	0.0	10.39	1.01
19990610	0.0	11.04	0.94
19990611	1.72	9.9	0.89
19990612	4.99	10.3	0.9
19990613	3.55	11.11	0.86
19990614	1.22	13.25	0.86
19990615	0.09	12.54	0.8
19990616	3.53	14.07	0.82
19990617	0.0	12.1	0.78
19990618	0.1	13.2	0.76
19990619	11.37	12.67	1.21
19990620	0.4	10.25	0.95
19990621	3.84	9.5	0.92
19990622	0.19	9.34	0.87
19990623	0.0	11.38	0.8
19990624	0.0	13.56	0.76
19990625	0.0	15.41	0.74
19990626	14.97	15.79	0.95
19990627	1.52	12.53	1.0
19990628	0.54	11.02	0.82
19990629	0.26	11.57	0.76
19990630	2.4	12.14	0.73
19990701	0.0	13.31	0.68
19990702	5.9	12.99	0.68
19990703	3.09	13.62	0.79
19990704	0.46	14.39	0.7
19990705	2.95	14.23	0.73
19990706	0.53	14.39	0.65
19990707	2.06	14.87	0.63
19990708	0.0	18.6	0.61
19990709	0.0	18.78	0.61
19990710	4.53	16.76	0.6
19990711	0.0	15.97	0.5
19990712	0.0	16.23	0.52
19990713	1.13	13.65	0.5
19990714	0.0	12.39	0.49
19990715	0.93	12.32	0.52
19990716	1.49	13.88	0.54
19990717	2.06	13.75	0.58
19990718	10.62	13.08	0.59
19990719	6.25	15.24	0.63
19990720	3.13	14.87	0.73
19990721	0.15	12.58	0.52
19990722	0.0	12.43	0.46
19990723	0.0	15.47	0.45
19990724	0.0	14.71	0.43
19990725	0.0	12.13	0.43
19990726	0.0	12.96	0.45
19990727	0.0	13.19	0.43
19990728	0.0	12.96	0.41
19990729	0.0	13.78	0.42
19990730	0.0	15.18	0.43
19990731	0.0	16.59	0.48
19990801	2.49	17.27	0.55
19990802	0.01	18.24	0.52
19990803	0.0	18.15	0.48
19990804	0.0	17.24	0.46
19990805	0.07	15.78	0.46
19990806	0.24	15.48	0.48
19990807	0.0	13.18	0.47
19990808	0.0	12.05	0.38
19990809	0.0	10.98	0.39
19990810	0.0	10.31	0.33
19990811	0.0	10.58	0.34
19990812	5.58	11.35	0.33
19990813	2.7	14.24	0.45
19990814	4.16	12.35	0.42
19990815	0.04	12.26	0.38
19990816	0.54	11.76	0.37
19990817	6.69	11.54	0.39
19990818	2.76	12.53	0.48
19990819	0.0	12.07	0.4
19990820	0.0	10.08	0.38
19990821	0.0	9.84	0.33
19990822	0.0	10.22	0.33
19990823	0.0	10.73	0.38
19990824	0.0	11.68	0.35
19990825	12.6	12.93	0.48
19990826	0.1	15.44	0.44
19990827	0.0	14.63	0.42
19990828	0.0	13.92	0.4
19990829	2.24	12.42	0.39
19990830	0.3	13.21	0.4
19990831	0.12	14.84	0.38
19990901	0.16	16.8	0.38
19990902	0.0	18.14	0.37
19990903	0.07	16.94	0.37
19990904	0.54	16.19	0.38
19990905	0.0	18.41	0.41
19990906	9.84	15.93	0.4
19990907	0.3	12.45	0.36
19990908	4.69	12.81	0.38
19990909	0.04	12.09	0.38
19990910	0.23	13.74	0.36
19990911	2.96	14.73	0.38
19990912	1.77	10.93	0.37
19990913	0.82	11.23	0.36
19990914	0.0	10.18	0.34
19990915	0.0	11.06	1.34
19990916	10.68	11.82	0.43
19990917	5.37	10.16	0.45
19990918	2.31	12.61	0.43
19990919	7.7	14.76	0.41
19990920	33.98	14.56	3.93
19990921	0.0	14.25	1.54
19990922	21.75	12.47	1.15
19990923	2.05	13.48	1.66
19990924	4.76	13.25	1.15
19990925	0.19	12.18	0.91
19990926	0.86	10.21	0.74
19990927	5.04	10.43	0.77
19990928	8.54	10.32	0.77
19990929	4.58	10.73	2.46
19990930	0.81	9.62	1.25
19991001	3.72	7.45	0.97
19991002	0.11	7.09	0.84
19991003	0.0	8.12	0.68
19991004	0.38	6.43	0.61
19991005	0.0	4.82	0.57
19991006	1.81	6.55	0.55
19991007	0.33	10.0	0.54
19991008	0.87	9.6	0.52
19991009	0.98	12.05	0.5
19991010	0.25	12.21	0.51
19991011	0.0	8.29	0.48
19991012	0.0	8.44	0.47
19991013	0.0	10.61	0.46
19991014	0.0	9.81	0.46
19991015	0.08	9.82	0.45
19991016	0.0	9.5	0.44
19991017	0.0	9.45	0.44
19991018	0.98	7.42	0.43
19991019	6.74	8.02	0.46
19991020	1.92	7.96	0.5
19991021	23.04	7.98	1.15
19991022	0.64	10.76	2.84
19991023	2.31	10.96	1.22
19991024	5.01	9.96	1.16
19991025	1.9	10.77	1.31
19991026	1.2	9.63	0.96
19991027	3.37	10.5	0.9
19991028	0.41	7.87	0.89
19991029	0.53	8.71	0.81
19991030	2.5	12.58	0.77
19991031	1.17	9.75	0.72
19991101	7.26	9.54	0.91
19991102	1.39	6.68	1.06
19991103	0.09	10.9	0.94
19991104	18.4	10.87	1.19
19991105	4.65	7.27	3.7
19991106	0.1	5.11	1.61
19991107	1.84	6.94	1.19
19991108	0.0	8.56	1.0
19991109	0.0	4.72	0.89
19991110	0.0	4.54	0.82
19991111	0.0	6.03	0.77
19991112	0.0	6.58	0.73
19991113	0.0	6.92	0.69
19991114	0.0	7.15	0.67
19991115	1.4	5.6	0.65
19991116	0.0	3.14	0.63
19991117	0.0	1.81	0.6
19991118	0.0	2.22	0.58
19991119	0.0	2.52	0.56
19991120	0.0	1.71	0.54
19991121	0.17	3.72	0.54
19991122	0.58	5.91	2.57
19991123	3.2	9.12	0.54
19991124	0.29	7.93	0.54
19991125	6.56	7.5	0.58
19991126	10.18	7.89	1.15
19991127	32.78	5.59	3.2
19991128	11.53	8.27	8.91
19991129	9.92	2.76	2.89
19991130	6.32	8.72	4.4
19991201	2.53	4.45	2.38
19991202	21.2	2.8	2.41
19991203	2.99	1.69	3.98
19991204	0.28	0.5	2.29
19991205	7.11	1.42	4.61
19991206	11.23	8.72	4.23
19991207	5.54	3.86	3.93
19991208	12.02	5.18	3.64
19991209	0.18	4.12	3.19
19991210	3.78	1.54	2.2
19991211	17.34	1.47	5.75
19991212	0.04	1.57	3.41
19991213	1.87	-0.58	2.31
19991214	0.62	0.54	1.85
19991215	0.04	1.56	1.62
19991216	13.43	4.02	3.57
19991217	0.0	3.51	3.31
19991218	0.0	-2.02	2.04
19991219	0.0	-2.97	1.65
19991220	8.17	-3.91	1.51
19991221	4.73	2.25	2.02
19991222	3.79	5.47	3.27
19991223	6.21	5.1	2.93
19991224	21.9	5.37	7.48
19991225	5.06	2.61	4.64
19991226	0.2	1.39	3.08
19991227	0.0	1.34	2.32
19991228	0.0	0.78	1.91
19991229	2.6	1.6	1.71
19991230	0.84	3.42	1.77
19991231	2.97	4.63	2.26
20000101	2.25	4.96	2.11
20000102	8.09	6.35	2.09
20000103	2.22	5.04	2.5
20000104	8.1	2.89	2.5
20000105	9.55	6.24	4.03
20000106	3.26	4.75	3.23
20000107	12.36	7.22	4.97
20000108	2.71	3.66	3.78
20000109	2.03	1.63	2.65
20000110	4.62	5.28	3.17
20000111	0.66	5.18	2.59
20000112	0.07	2.86	2.25
20000113	0.0	0.67	1.95
20000114	0.0	1.56	1.75
20000115	0.0	0.91	1.65
20000116	0.0	3.92	1.59
20000117	0.0	5.36	1.52
20000118	0.0	5.78	1.47
20000119	0.0	3.82	1.44
20000120	0.0	4.49	1.4
20000121	0.0	3.75	1.39
20000122	0.0	3.81	1.33
20000123	0.0	2.03	1.29
20000124	0.0	2.97	1.26
20000125	0.0	0.74	1.22
20000126	0.0	2.52	1.2
20000127	4.49	4.58	1.21
20000128	7.67	6.17	1.57
20000129	0.31	5.82	1.65
20000130	17.95	5.34	2.95
20000131	19.99	5.85	4.55
20000201	0.69	6.53	4.44
20000202	0.0	4.58	2.46
20000203	2.52	5.49	2.01
20000204	1.92	10.08	1.95
20000205	1.71	8.64	1.87
20000206	0.68	6.72	1.81
20000207	6.8	5.11	2.48
20000208	4.42	4.38	2.33
20000209	10.65	5.58	2.66
20000210	4.92	4.23	3.83
20000211	7.98	5.86	2.94
20000212	9.02	1.75	3.35
20000213	3.9	2.36	2.91
20000214	2.0	2.96	3.51
20000215	3.23	2.33	2.91
20000216	0.36	-0.29	2.33
20000217	3.66	1.42	2.08
20000218	3.2	2.93	2.51
20000219	0.0	1.98	2.13
20000220	5.15	1.21	1.99
20000221	0.0	3.43	1.96
20000222	0.65	2.26	1.81
20000223	3.77	6.15	2.01
20000224	6.5	2.6	2.71
20000225	0.28	4.12	2.17
20000226	14.95	5.85	2.19
20000227	5.96	6.09	5.23
20000228	18.26	3.31	6.14
20000229	0.09	3.25	4.0
20000301	5.4	2.45	2.73
20000302	4.52	4.24	3.16
20000303	0.11	1.89	2.48
20000304	0.09	0.2	2.12
20000305	4.47	3.6	2.05
20000306	2.98	9.46	2.05
20000307	4.93	9.48	2.15
20000308	5.1	11.1	2.37
20000309	11.24	7.61	3.3
20000310	0.36	8.03	3.09
20000311	0.0	7.56	2.28
20000312	0.05	7.22	2.0
20000313	0.09	8.58	1.87
20000314	0.0	4.36	1.72
20000315	0.0	6.86	1.64
20000316	0.0	8.57	1.58
20000317	0.0	7.77	1.53
20000318	0.0	5.0	1.48
20000319	0.0	8.27	1.44
20000320	0.0	9.39	1.43
20000321	2.81	6.65	1.42
20000322	0.23	4.07	1.38
20000323	19.94	3.47	2.52
20000324	1.0	6.02	2.13
20000325	0.22	4.28	1.71
20000326	3.13	4.07	1.58
20000327	0.0	3.94	1.46
20000328	0.01	3.72	1.41
20000329	0.88	5.05	1.38
20000330	0.0	5.74	1.37
20000331	3.67	5.8	1.38
20000401	0.38	4.72	1.34
20000402	4.4	2.2	1.35
20000403	0.08	1.05	1.14
20000404	0.0	1.58	1.05
20000405	0.0	3.52	1.02
20000406	0.0	4.74	0.99
20000407	0.0	5.41	0.99
20000408	0.0	7.22	0.99
20000409	0.0	5.39	0.98
20000410	0.35	5.39	0.99
20000411	19.42	3.57	1.19
20000412	8.51	4.1	3.38
20000413	0.6	3.7	1.76
20000414	1.38	3.3	1.39
20000415	4.02	2.73	1.28
20000416	0.59	3.67	1.21
20000417	6.94	2.92	1.49
20000418	0.79	5.64	1.36
20000419	5.09	6.8	1.29
20000420	1.49	10.08	1.26
20000421	2.69	9.1	1.19
20000422	0.45	8.45	1.14
20000423	5.09	8.11	1.24
20000424	5.0	7.7	1.35
20000425	22.43	5.67	3.62
20000426	27.65	5.61	9.99
20000427	0.34	7.96	4.08
20000428	0.0	9.62	2.54
20000429	0.0	9.0	1.99
20000430	0.0	10.68	1.7
20000501	0.0	9.6	1.55
20000502	0.0	9.86	1.43
20000503	0.0	8.51	1.35
20000504	0.0	8.0	1.29
20000505	0.0	7.58	1.24
20000506	1.98	9.92	1.2
20000507	0.0	12.1	1.16
20000508	0.0	12.09	1.13
20000509	0.0	12.79	1.1
20000510	0.0	9.28	1.07
20000511	0.0	9.6	1.04
20000512	0.0	11.0	1.36
20000513	0.0	12.89	1.02
20000514	0.0	14.52	1.0
20000515	2.79	13.86	1.02
20000516	5.06	11.32	1.02
20000517	0.27	8.88	0.99
20000518	1.7	8.75	1.59
20000519	1.51	8.43	0.94
20000520	1.17	8.44	0.93
20000521	0.16	10.15	0.92
20000522	0.24	9.38	0.89
20000523	3.79	8.82	0.95
20000524	0.69	8.37	0.89
20000525	1.46	7.94	0.89
20000526	7.28	7.66	0.93
20000527	7.01	6.94	1.07
20000528	5.18	7.43	0.91
20000529	1.47	8.47	0.9
20000530	0.4	8.21	0.85
20000531	2.51	8.98	0.84
20000601	2.47	12.27	0.88
20000602	0.0	9.91	0.8
20000603	12.21	7.96	0.89
20000604	3.87	7.1	1.24
20000605	0.9	8.19	1.03
20000606	5.51	9.49	1.29
20000607	3.89	10.43	1.09
20000608	7.04	10.59	1.36
20000609	3.69	10.38	1.28
20000610	2.27	10.97	1.13
20000611	3.11	10.3	1.0
20000612	0.72	13.52	1.04
20000613	0.1	11.77	0.94
20000614	0.09	11.33	0.88
20000615	0.0	10.87	0.83
20000616	0.0	12.23	0.8
20000617	0.09	14.93	0.79
20000618	0.0	16.26	0.77
20000619	0.38	15.33	0.75
20000620	4.02	14.36	0.76
20000621	3.53	13.93	0.82
20000622	1.58	12.78	0.75
20000623	0.0	11.06	0.73
20000624	1.36	10.43	0.72
20000625	0.48	10.25	0.7
20000626	0.0	10.45	0.69
20000627	0.0	11.64	0.68
20000628	0.16	11.29	0.77
20000629	0.0	9.87	0.67
20000630	0.0	10.48	0.66
20000701	0.22	12.66	0.65
20000702	0.0	13.06	0.6
20000703	0.0	13.05	0.54
20000704	0.12	12.21	0.52
20000705	2.9	11.37	0.52
20000706	0.0	10.26	0.53
20000707	0.0	10.85	0.46
20000708	6.47	12.0	0.45
20000709	11.35	11.99	0.62
20000710	0.0	11.24	0.59
20000711	0.0	10.31	0.53
20000712	0.0	11.29	0.53
20000713	0.0	12.47	0.53
20000714	0.0	11.97	0.48
20000715	0.0	11.91	0.42
20000716	0.0	11.73	0.41
20000717	0.0	12.0	0.38
20000718	0.0	14.73	0.39
20000719	0.0	15.82	0.38
20000720	0.0	14.61	0.19
20000721	0.0	15.3	0.28
20000722	0.0	14.95	0.34
20000723	0.0	13.86	0.33
20000724	0.29	12.22	0.35
20000725	1.0	12.91	0.3
20000726	0.0	14.18	0.3
20000727	0.0	15.11	0.32
20000728	0.22	14.79	0.38
20000729	0.44	14.67	0.49
20000730	0.0	15.25	0.5
20000731	13.97	14.74	0.56
20000801	1.66	15.65	0.61
20000802	9.4	13.91	0.52
20000803	1.83	13.99	0.47
20000804	0.0	13.87	0.41
20000805	0.02	14.52	0.38
20000806	0.0	16.35	0.51
20000807	0.35	13.52	0.49
20000808	1.6	15.49	0.46
20000809	9.28	15.24	0.47
20000810	0.0	15.87	0.46
20000811	0.0	14.31	0.43
20000812	0.52	15.26	0.53
20000813	13.72	15.71	0.47
20000814	0.0	15.62	0.57
20000815	4.5	13.98	0.36
20000816	7.21	12.17	0.41
20000817	0.1	11.84	0.43
20000818	5.2	12.01	0.46
20000819	7.11	11.1	0.44
20000820	6.82	11.13	0.46
20000821	0.59	10.98	0.46
20000822	0.1	11.77	0.42
20000823	0.0	12.9	0.41
20000824	0.0	15.23	0.4
20000825	6.48	16.05	0.41
20000826	2.11	15.34	0.47
20000827	0.0	14.09	0.42
20000828	0.23	12.76	0.42
20000829	0.0	12.48	0.42
20000830	1.76	12.31	0.41
20000831	8.82	13.21	0.47
20000901	4.06	12.94	0.42
20000902	1.38	12.02	0.4
20000903	0.01	9.72	0.38
20000904	1.67	11.7	0.38
20000905	20.57	14.56	0.4
20000906	12.0	12.4	1.51
20000907	1.67	12.7	0.86
20000908	0.6	12.84	0.64
20000909	0.39	12.4	0.55
20000910	9.85	12.33	0.52
20000911	22.4	12.4	4.91
20000912	1.07	12.33	1.58
20000913	8.52	12.33	0.99
20000914	0.19	12.43	1.66
20000915	0.0	11.64	1.01
20000916	0.02	12.24	0.81
20000917	13.46	12.54	0.97
20000918	0.38	10.22	1.59
20000919	22.48	9.5	1.34
20000920	4.37	11.84	4.34
20000921	11.54	11.29	1.75
20000922	1.38	13.22	2.56
20000923	2.15	13.96	1.59
20000924	4.34	14.19	1.29
20000925	0.1	12.56	1.34
20000926	19.96	11.91	3.17
20000927	8.04	12.27	4.05
20000928	0.04	9.52	2.29
20000929	0.07	11.8	1.5
20000930	0.0	12.19	1.22
20001001	0.34	11.37	1.1
20001002	1.95	10.57	0.98
20001003	6.29	12.79	0.99
20001004	0.53	10.43	1.0
20001005	0.06	7.07	0.89
20001006	1.43	7.8	2.06
20001007	5.46	9.02	1.02
20001008	0.19	7.37	1.04
20001009	32.52	6.06	10.56
20001010	2.33	7.39	3.79
20001011	6.88	7.06	2.66
20001012	1.15	9.31	2.43
20001013	2.2	9.51	1.78
20001014	0.12	9.89	1.48
20001015	0.0	10.27	1.29
20001016	0.47	8.87	1.16
20001017	14.4	8.47	1.95
20001018	0.1	9.91	2.06
20001019	0.24	7.51	1.39
20001020	4.79	7.49	1.33
20001021	0.0	6.88	1.17
20001022	3.94	6.29	1.09
20001023	5.2	9.65	1.32
20001024	17.94	9.48	2.87
20001025	0.0	9.32	3.08
20001026	2.78	7.69	1.72
20001027	2.35	8.75	1.7
20001028	27.1	7.56	3.72
20001029	1.71	6.85	5.8
20001030	0.12	3.82	2.46
20001031	2.26	5.62	1.85
20001101	0.0	3.54	1.65
20001102	0.0	3.2	1.49
20001103	0.0	4.62	1.32
20001104	0.09	4.72	1.23
20001105	9.63	3.29	1.31
20001106	50.71	5.43	11.07
20001107	2.3	6.49	5.9
20001108	2.14	6.47	3.09
20001109	0.16	6.79	2.36
20001110	3.66	5.28	2.09
20001111	15.41	5.57	3.61
20001112	5.95	3.84	3.83
20001113	0.18	4.66	2.76
20001114	0.1	5.03	2.11
20001115	9.15	4.55	2.25
20001116	0.0	4.62	2.33
20001117	1.01	2.87	1.88
20001118	0.45	5.19	1.79
20001119	0.57	4.26	1.62
20001120	0.0	2.84	1.49
20001121	8.11	2.34	1.63
20001122	5.26	4.72	2.73
20001123	0.05	3.96	2.02
20001124	5.66	3.66	1.8
20001125	4.1	5.65	2.48
20001126	1.2	5.09	2.11
20001127	1.63	4.66	1.84
20001128	10.2	7.97	3.1
20001129	1.3	10.2	2.53
20001130	4.96	7.01	2.01
20001201	3.63	9.27	2.31
20001202	0.52	8.56	2.02
20001203	7.17	7.09	2.16
20001204	6.62	9.18	3.35
20001205	9.29	9.74	2.92
20001206	0.56	8.02	3.13
20001207	25.36	6.97	4.04
20001208	17.68	7.83	14.26
20001209	5.74	7.43	5.7
20001210	5.42	6.17	4.28
20001211	4.2	5.99	4.77
20001212	12.87	7.98	8.16
20001213	0.1	5.54	4.79
20001214	0.0	4.79	4.13
20001215	0.0	0.27	3.56
20001216	0.0	-0.57	2.27
20001217	0.13	-1.14	2.1
20001218	0.0	1.6	1.95
20001219	13.17	3.91	2.78
20001220	0.8	7.52	2.82
20001221	0.21	5.11	2.29
20001222	0.17	4.19	2.08
20001223	1.6	3.88	1.99
20001224	3.15	1.68	1.9
20001225	1.74	-0.65	1.89
20001226	0.03	-3.18	1.78
20001227	0.0	-5.27	1.67
20001228	1.44	-1.88	1.58
20001229	0.0	-2.09	1.51
20001230	0.0	-2.29	1.45
20001231	15.6	0.05	1.6
20010101	3.6	3.7	4.2
20010102	0.38	4.61	4.32
20010103	9.98	3.08	3.55
20010104	0.21	3.65	3.9
20010105	0.0	1.63	2.61
20010106	4.36	2.51	2.39
20010107	0.32	3.21	2.21
20010108	0.0	3.57	1.98
20010109	0.0	0.65	1.82
20010110	0.0	-0.23	1.66
20010111	0.0	0.57	1.57
20010112	0.0	1.51	1.51
20010113	0.0	0.42	1.46
20010114	0.0	-1.29	1.41
20010115	0.0	-0.73	1.39
20010116	0.0	-2.99	1.34
20010117	0.27	-2.17	1.31
20010118	1.76	-0.7	1.29
20010119	0.29	-0.45	1.26
20010120	1.32	-0.6	1.24
20010121	2.25	0.99	1.25
20010122	4.46	3.41	1.68
20010123	9.08	5.56	2.61
20010124	1.14	4.91	2.77
20010125	4.7	3.49	2.0
20010126	1.32	3.87	1.99
20010127	0.0	2.71	1.7
20010128	0.0	0.24	1.49
20010129	1.26	0.64	1.39
20010130	1.26	0.95	1.35
20010131	0.35	1.89	1.34
20010201	5.47	1.31	1.52
20010202	5.3	3.95	1.85
20010203	9.08	2.68	2.18
20010204	17.56	-0.5	2.08
20010205	17.92	-0.12	2.04
20010206	22.23	2.47	8.54
20010207	0.0	1.46	7.29
20010208	0.0	-1.76	3.46
20010209	0.0	-2.19	2.58
20010210	17.85	2.23	6.39
20010211	3.16	6.74	11.56
20010212	0.0	5.58	5.95
20010213	0.0	3.7	3.5
20010214	0.04	3.96	3.02
20010215	0.12	4.93	2.68
20010216	0.0	2.59	2.35
20010217	0.0	3.25	2.17
20010218	0.21	2.09	2.09
20010219	0.0	5.09	2.01
20010220	0.0	5.01	1.92
20010221	0.0	5.92	1.84
20010222	0.09	3.99	1.78
20010223	0.0	1.18	1.68
20010224	0.58	-1.16	1.62
20010225	2.72	0.05	1.58
20010226	13.16	-0.55	1.37
20010227	0.34	-0.13	1.13
20010228	0.0	-2.25	1.14
20010301	0.3	-5.18	1.06
20010302	0.0	-5.36	0.99
20010303	0.42	-3.57	0.99
20010304	0.07	-0.96	0.95
20010305	0.0	3.41	1.08
20010306	7.25	1.48	1.1
20010307	0.23	6.19	1.55
20010308	2.25	6.96	1.53
20010309	0.69	6.99	1.7
20010310	1.1	7.87	1.72
20010311	15.45	5.94	2.19
20010312	0.15	2.94	2.39
20010313	0.02	3.38	1.75
20010314	2.64	3.89	1.58
20010315	0.24	1.85	1.44
20010316	0.04	1.27	1.32
20010317	4.85	1.29	1.25
20010318	0.14	0.54	1.27
20010319	0.0	0.65	1.2
20010320	2.27	1.2	1.15
20010321	2.43	1.69	1.16
20010322	3.94	1.85	1.18
20010323	5.28	3.26	1.75
20010324	2.62	2.88	1.63
20010325	2.39	2.12	1.55
20010326	0.02	1.66	1.39
20010327	7.23	2.8	1.44
20010328	9.25	4.12	1.94
20010329	0.7	4.34	1.95
20010330	6.83	5.9	1.7
20010331	1.07	8.0	2.3
20010401	4.05	7.9	1.85
20010402	0.85	9.06	1.75
20010403	3.43	5.58	1.84
20010404	0.0	5.01	1.6
20010405	3.13	4.57	1.49
20010406	4.94	4.85	1.49
20010407	0.1	5.16	1.42
20010408	0.0	5.16	1.3
20010409	5.74	6.15	1.44
20010410	0.09	6.71	1.34
20010411	0.0	5.32	1.23
20010412	0.0	3.37	1.18
20010413	0.46	4.23	1.14
20010414	0.34	8.68	1.1
20010415	0.0	6.31	1.06
20010416	0.0	4.52	1.02
20010417	2.11	4.63	1.01
20010418	0.09	2.51	1.38
20010419	0.0	4.21	1.49
20010420	0.0	4.63	1.39
20010421	5.13	6.22	0.87
20010422	4.02	5.64	0.89
20010423	4.09	5.27	0.91
20010424	1.47	6.63	0.95
20010425	9.12	5.88	0.88
20010426	0.63	6.62	1.06
20010427	2.27	6.42	1.03
20010428	3.52	5.99	0.95
20010429	0.94	4.54	0.93
20010430	4.34	6.52	0.9
20010501	0.04	8.08	0.88
20010502	0.0	9.77	0.79
20010503	0.48	6.67	0.75
20010504	0.0	6.75	0.73
20010505	0.0	7.29	0.71
20010506	0.0	8.65	0.68
20010507	0.0	8.3	0.68
20010508	0.0	8.92	0.67
20010509	0.0	8.38	0.68
20010510	0.0	11.06	0.66
20010511	0.0	12.21	0.64
20010512	0.0	14.24	0.64
20010513	0.0	13.05	0.63
20010514	0.0	9.82	0.63
20010515	5.41	7.85	0.67
20010516	2.53	8.55	0.68
20010517	11.11	9.28	0.81
20010518	0.04	8.77	0.68
20010519	0.0	9.13	0.63
20010520	0.0	10.74	0.6
20010521	0.0	12.3	0.59
20010522	0.0	13.76	0.58
20010523	0.0	14.67	0.57
20010524	0.0	13.69	0.56
20010525	0.5	12.83	0.64
20010526	0.3	14.35	0.53
20010527	0.28	14.58	0.53
20010528	1.47	13.79	0.53
20010529	0.28	12.74	0.51
20010530	1.15	11.56	0.51
20010531	1.46	10.82	0.49
20010601	0.92	10.82	0.49
20010602	0.44	8.51	0.47
20010603	0.08	9.53	0.46
20010604	0.0	11.5	0.44
20010605	0.06	11.25	0.45
20010606	0.13	9.27	0.43
20010607	3.22	7.46	0.44
20010608	3.4	7.79	0.43
20010609	7.68	8.0	0.51
20010610	0.0	8.61	0.42
20010611	0.0	10.65	0.42
20010612	0.0	10.56	0.42
20010613	0.0	11.24	0.4
20010614	4.34	9.83	0.4
20010615	18.12	9.38	0.8
20010616	0.1	9.06	0.5
20010617	0.52	9.38	0.43
20010618	3.49	10.12	0.43
20010619	5.71	13.51	0.46
20010620	0.01	12.37	0.43
20010621	0.0	11.52	0.39
20010622	0.0	11.94	0.39
20010623	0.0	13.12	0.39
20010624	0.0	15.14	0.38
20010625	0.38	16.09	0.37
20010626	14.11	14.11	0.43
20010627	1.28	14.32	0.33
20010628	2.68	13.47	0.31
20010629	2.85	14.96	0.3
20010630	3.19	14.43	0.35
20010701	0.0	15.32	0.31
20010702	0.0	18.74	0.27
20010703	0.38	17.09	0.14
20010704	0.04	16.82	0.18
20010705	0.0	15.79	0.21
20010706	8.09	15.09	0.28
20010707	5.9	14.88	0.33
20010708	1.42	15.22	0.31
20010709	0.0	13.44	0.38
20010710	9.42	12.22	0.44
20010711	8.38	11.25	0.61
20010712	4.43	11.4	0.47
20010713	3.35	10.04	0.45
20010714	1.93	9.81	0.46
20010715	5.72	10.53	0.56
20010716	0.1	11.02	0.56
20010717	0.0	11.96	0.43
20010718	0.1	12.16	0.38
20010719	0.0	11.8	0.39
20010720	2.14	11.4	0.38
20010721	2.55	13.5	0.39
20010722	0.49	14.62	0.38
20010723	1.25	13.82	0.36
20010724	1.03	14.04	0.37
20010725	0.34	13.21	0.3
20010726	0.15	15.9	0.26
20010727	0.0	16.07	0.27
20010728	0.01	16.45	0.24
20010729	0.02	16.68	0.25
20010730	10.62	13.38	0.29
20010731	0.09	13.16	0.28
20010801	0.0	13.2	0.27
20010802	6.9	15.26	0.39
20010803	0.14	13.93	0.34
20010804	1.87	12.44	0.28
20010805	0.67	11.89	0.28
20010806	0.1	12.56	0.28
20010807	7.81	12.02	0.31
20010808	1.1	11.79	0.33
20010809	1.08	11.57	0.32
20010810	1.75	11.75	0.31
20010811	4.58	13.89	0.32
20010812	2.7	15.17	0.32
20010813	6.09	17.1	0.32
20010814	1.57	16.62	0.34
20010815	1.95	15.72	0.32
20010816	0.1	13.44	0.31
20010817	0.0	13.63	0.3
20010818	7.68	14.33	0.3
20010819	25.98	14.38	0.86
20010820	0.22	13.9	0.87
20010821	2.54	14.49	0.53
20010822	0.0	13.75	0.5
20010823	0.0	13.17	0.41
20010824	0.0	13.55	0.37
20010825	0.57	13.47	0.36
20010826	0.27	12.98	0.33
20010827	0.0	12.04	0.33
20010828	0.0	12.08	0.33
20010829	1.01	13.48	0.32
20010830	2.33	13.05	0.33
20010831	0.0	13.23	0.37
20010901	0.49	12.81	0.29
20010902	0.0	13.48	0.29
20010903	0.0	12.48	0.28
20010904	0.4	10.69	0.25
20010905	0.0	12.79	0.25
20010906	0.07	11.87	0.25
20010907	0.63	12.12	0.26
20010908	0.2	9.91	0.21
20010909	0.0	10.12	0.2
20010910	0.0	10.93	0.23
20010911	0.04	13.68	0.25
20010912	5.35	11.94	0.21
20010913	1.77	10.0	0.19
20010914	0.53	9.56	0.2
20010915	0.46	9.89	0.22
20010916	0.89	9.86	0.22
20010917	0.12	8.63	0.22
20010918	0.0	9.01	0.18
20010919	2.09	10.03	0.18
20010920	2.46	11.23	0.2
20010921	0.0	10.61	0.24
20010922	0.0	10.35	0.24
20010923	0.1	9.57	0.24
20010924	3.25	11.37	0.23
20010925	2.41	10.16	0.24
20010926	3.3	9.71	0.25
20010927	4.75	10.5	0.23
20010928	4.79	13.16	0.26
20010929	6.73	13.33	0.4
20010930	16.92	13.27	0.68
20011001	15.26	12.64	2.05
20011002	2.63	12.78	1.24
20011003	2.13	11.45	0.92
20011004	2.38	11.46	0.72
20011005	5.03	13.66	0.68
20011006	1.87	12.85	0.79
20011007	22.35	11.84	3.8
20011008	1.61	10.79	2.71
20011009	5.4	11.23	1.28
20011010	1.93	11.37	1.63
20011011	2.51	13.21	1.23
20011012	5.24	13.96	1.51
20011013	0.51	12.05	1.31
20011014	16.11	11.92	2.26
20011015	2.51	12.09	2.61
20011016	0.09	10.18	1.49
20011017	1.55	12.34	1.14
20011018	6.7	11.97	1.55
20011019	6.08	9.29	1.25
20011020	15.25	12.21	4.19
20011021	23.5	10.51	5.79
20011022	5.93	10.84	2.96
20011023	5.01	11.31	2.88
20011024	0.75	11.04	2.08
20011025	3.67	11.19	1.78
20011026	1.42	10.13	1.53
20011027	0.63	9.5	1.25
20011028	0.45	8.06	1.09
20011029	0.34	11.51	1.03
20011030	5.81	11.63	1.02
20011031	0.05	6.83	0.96
20011101	0.2	9.46	0.88
20011102	0.25	11.3	0.84
20011103	0.23	8.47	0.81
20011104	0.28	6.91	0.78
20011105	3.14	5.46	0.79
20011106	0.0	7.32	0.74
20011107	10.33	4.99	0.99
20011108	2.88	1.17	1.09
20011109	0.74	1.33	0.94
20011110	0.1	9.27	1.1
20011111	1.83	10.46	0.95
20011112	0.32	5.81	0.85
20011113	0.0	2.2	0.82
20011114	0.09	4.13	1.23
20011115	0.0	9.28	0.95
20011116	0.0	7.59	1.08
20011117	0.0	6.36	0.99
20011118	9.18	6.2	0.89
20011119	2.81	6.5	0.79
20011120	2.02	7.95	0.74
20011121	0.71	8.37	0.92
20011122	0.38	3.1	0.89
20011123	1.95	3.14	0.84
20011124	3.03	11.03	0.83
20011125	0.31	7.48	0.92
20011126	4.49	3.43	0.85
20011127	0.52	3.83	0.96
20011128	8.54	5.06	1.24
20011129	10.0	7.97	2.05
20011130	5.09	9.8	3.22
20011201	0.12	5.48	1.77
20011202	0.18	3.1	1.34
20011203	10.42	5.17	1.77
20011204	6.64	5.72	1.74
20011205	5.3	1.58	2.37
20011206	4.82	0.68	1.7
20011207	0.33	8.57	1.67
20011208	0.0	9.37	1.39
20011209	0.0	3.62	1.21
20011210	0.0	-0.46	1.09
20011211	0.0	0.11	1.0
20011212	0.0	0.82	0.94
20011213	0.4	0.94	0.89
20011214	1.23	3.73	0.87
20011215	3.72	3.64	0.91
20011216	0.2	3.82	1.03
20011217	0.1	2.76	0.98
20011218	0.0	1.31	0.93
20011219	0.39	2.16	0.88
20011220	1.18	1.32	1.07
20011221	0.85	3.87	0.85
20011222	0.0	-0.58	0.79
20011223	0.05	2.63	0.79
20011224	0.02	6.53	0.78
20011225	0.09	0.38	0.73
20011226	3.75	-1.07	0.73
20011227	8.07	2.48	0.83
20011228	0.0	1.62	0.94
20011229	0.0	-1.68	0.82
20011230	0.0	-1.26	0.72
20011231	0.0	-2.03	0.68
20020101	0.0	0.04	0.66
20020102	0.0	-3.03	0.65
20020103	0.0	1.2	0.63
20020104	1.56	-0.29	0.62
20020105	0.91	2.43	0.63
20020106	0.18	3.94	0.63
20020107	0.19	5.99	0.65
20020108	0.22	5.64	0.66
20020109	0.0	3.65	0.71
20020110	0.0	1.46	0.71
20020111	0.72	4.03	0.7
20020112	0.97	7.83	0.79
20020113	0.01	7.97	0.78
20020114	4.77	7.51	0.93
20020115	1.31	4.22	0.92
20020116	2.89	6.81	0.9
20020117	0.54	5.49	0.99
20020118	9.44	4.09	1.55
20020119	10.53	5.09	1.57
20020120	10.75	7.48	2.76
20020121	2.05	8.11	3.17
20020122	10.07	6.57	1.86
20020123	27.75	5.77	7.21
20020124	0.0	2.42	3.94
20020125	21.12	-0.02	3.86
20020126	9.73	5.06	6.53
20020127	11.14	4.76	4.17
20020128	15.82	6.52	4.08
20020129	18.51	4.34	7.24
20020130	3.33	6.39	5.42
20020131	21.06	4.81	5.26
20020201	16.21	6.56	9.14
20020202	2.77	7.57	5.02
20020203	5.28	4.37	4.59
20020204	10.4	3.66	4.63
20020205	9.15	4.76	4.81
20020206	5.99	3.79	3.83
20020207	6.46	5.14	4.47
20020208	21.16	7.66	7.17
20020209	0.38	5.4	4.99
20020210	18.73	5.03	6.0
20020211	11.51	7.27	6.76
20020212	13.59	5.28	6.35
20020213	0.09	2.5	4.74
20020214	0.01	1.3	3.51
20020215	0.03	5.32	3.06
20020216	0.47	7.02	2.77
20020217	0.05	5.34	2.57
20020218	2.02	3.3	2.42
20020219	8.53	4.01	3.06
20020220	0.98	2.75	2.74
20020221	5.62	4.02	2.8
20020222	2.11	3.34	2.82
20020223	1.68	0.31	2.51
20020224	2.98	-0.09	2.3
20020225	14.42	2.68	4.65
20020226	5.72	3.68	3.57
20020227	2.25	2.57	3.12
20020228	0.0	2.06	2.54
20020301	0.0	1.66	2.21
20020302	0.08	3.99	2.09
20020303	0.04	7.27	1.96
20020304	0.59	6.48	1.89
20020305	12.63	5.28	2.08
20020306	1.37	7.99	2.27
20020307	0.66	5.97	1.91
20020308	1.9	6.99	1.9
20020309	14.47	2.36	1.8
20020310	5.4	3.07	4.15
20020311	2.58	4.42	2.63
20020312	0.0	3.11	2.14
20020313	0.0	1.87	1.92
20020314	1.33	2.47	1.82
20020315	10.92	3.28	2.26
20020316	1.49	5.92	2.86
20020317	2.07	7.09	2.31
20020318	3.32	6.75	2.1
20020319	1.93	3.65	2.14
20020320	18.1	3.97	3.27
20020321	3.86	5.43	4.66
20020322	0.11	5.95	2.98
20020323	0.0	6.35	2.38
20020324	1.27	7.88	2.13
20020325	0.0	7.1	1.96
20020326	0.0	4.46	1.82
20020327	0.0	7.13	1.73
20020328	0.0	7.88	1.65
20020329	0.0	5.63	1.6
20020330	0.2	5.38	1.57
20020331	1.57	9.2	1.55
20020401	2.46	8.01	1.5
20020402	0.19	6.3	1.26
20020403	0.17	10.54	1.19
20020404	0.0	7.86	1.17
20020405	0.0	6.5	1.13
20020406	0.0	6.11	1.09
20020407	0.0	4.77	1.08
20020408	0.27	5.41	1.06
20020409	0.09	7.52	1.05
20020410	0.0	7.48	1.04
20020411	2.47	5.83	1.04
20020412	0.0	5.69	1.01
20020413	0.37	4.57	0.99
20020414	5.02	5.25	1.02
20020415	0.0	4.81	0.98
20020416	0.0	6.15	0.96
20020417	0.03	8.17	0.94
20020418	0.0	7.16	0.93
20020419	0.0	7.26	0.9
20020420	9.8	8.59	0.95
20020421	3.78	11.09	1.05
20020422	0.51	11.37	0.96
20020423	0.0	11.96	0.91
20020424	0.14	10.59	0.89
20020425	5.85	9.21	0.91
20020426	0.22	7.13	0.91
20020427	0.09	5.32	0.86
20020428	5.57	5.03	0.89
20020429	0.12	5.37	0.84
20020430	5.0	5.12	0.87
20020501	0.71	6.56	0.82
20020502	5.06	7.01	0.81
20020503	0.0	7.19	0.79
20020504	0.0	7.6	0.77
20020505	0.0	8.27	0.74
20020506	0.01	8.42	0.74
20020507	2.67	10.09	0.74
20020508	0.0	9.45	0.72
20020509	1.43	8.54	0.72
20020510	0.0	9.78	0.72
20020511	0.02	9.37	0.68
20020512	1.83	8.06	0.68
20020513	9.3	10.29	0.79
20020514	1.62	10.63	0.7
20020515	0.86	10.87	0.68
20020516	0.0	13.2	0.66
20020517	0.05	10.99	0.65
20020518	4.78	8.14	0.68
20020519	2.95	11.05	0.67
20020520	4.35	12.21	0.67
20020521	7.7	12.15	0.68
20020522	7.37	12.62	0.78
20020523	9.3	11.48	0.72
20020524	8.5	10.04	1.22
20020525	2.8	10.11	1.15
20020526	3.85	9.88	0.91
20020527	3.93	9.54	1.25
20020528	2.86	10.66	1.01
20020529	1.74	10.52	0.86
20020530	1.8	9.84	0.78
20020531	0.1	10.62	0.72
20020601	2.83	13.3	0.68
20020602	4.78	13.12	0.73
20020603	3.72	11.68	0.8
20020604	3.08	10.06	0.69
20020605	1.35	11.22	0.66
20020606	0.0	15.29	0.63
20020607	9.32	13.96	0.68
20020608	3.68	13.18	0.71
20020609	16.29	11.76	2.21
20020610	3.89	10.56	1.64
20020611	1.51	10.66	1.17
20020612	7.79	9.62	1.04
20020613	3.38	11.09	1.19
20020614	20.56	10.91	3.22
20020615	1.24	13.5	3.25
20020616	8.18	13.31	2.03
20020617	0.11	15.52	1.67
20020618	1.42	13.5	1.35
20020619	1.88	12.54	1.09
20020620	2.31	12.3	1.0
20020621	5.57	12.11	0.99
20020622	2.41	12.68	0.98
20020623	0.21	12.23	0.89
20020624	0.34	11.76	0.83
20020625	0.46	12.35	0.79
20020626	0.12	12.06	0.78
20020627	1.37	11.21	0.74
20020628	0.07	11.51	0.69
20020629	1.01	12.54	0.68
20020630	9.58	11.38	0.84
20020701	6.6	10.49	0.95
20020702	1.24	11.36	0.82
20020703	14.59	12.04	1.14
20020704	0.04	11.08	1.21
20020705	0.57	11.72	0.89
20020706	1.38	11.11	0.8
20020707	7.64	11.84	0.79
20020708	2.4	12.59	0.83
20020709	0.83	12.23	0.73
20020710	3.09	12.56	0.7
20020711	0.08	12.26	0.66
20020712	1.01	11.15	2.41
20020713	0.0	12.55	0.63
20020714	0.0	14.57	0.62
20020715	0.0	15.66	0.61
20020716	0.12	12.93	0.59
20020717	2.97	13.16	0.62
20020718	1.66	14.19	0.6
20020719	11.74	11.79	0.66
20020720	8.69	11.58	1.19
20020721	2.63	12.76	0.85
20020722	10.01	13.69	0.76
20020723	2.42	12.86	1.35
20020724	0.92	12.99	0.93
20020725	0.0	13.91	0.79
20020726	0.0	14.59	0.72
20020727	0.0	15.9	0.68
20020728	13.72	15.56	0.67
20020729	1.19	15.34	0.98
20020730	19.13	15.87	1.96
20020731	2.46	16.51	2.06
20020801	0.0	17.29	1.24
20020802	5.31	14.79	1.03
20020803	1.43	15.77	1.08
20020804	0.0	16.99	0.97
20020805	0.0	17.12	0.87
20020806	16.94	16.55	1.09
20020807	0.05	15.89	2.25
20020808	6.97	12.77	1.28
20020809	1.8	12.07	2.04
20020810	0.4	12.89	1.3
20020811	8.01	12.9	1.46
20020812	0.66	14.34	1.34
20020813	0.24	16.09	1.09
20020814	1.67	15.05	0.99
20020815	0.0	15.46	0.92
20020816	0.0	13.75	0.85
20020817	0.95	17.07	0.83
20020818	8.88	14.51	0.98
20020819	0.0	13.69	0.9
20020820	0.0	13.46	0.83
20020821	0.0	13.07	0.79
20020822	9.81	13.16	0.78
20020823	11.23	13.89	1.44
20020824	1.87	14.67	1.9
20020825	1.23	13.53	1.23
20020826	0.0	12.93	1.12
20020827	0.0	14.16	0.95
20020828	0.11	16.07	0.9
20020829	4.39	15.37	0.85
20020830	18.68	12.81	2.76
20020831	0.0	11.44	1.87
20020901	0.0	10.71	1.27
20020902	0.0	14.1	1.09
20020903	0.0	12.72	1.0
20020904	0.66	13.7	0.96
20020905	1.67	11.86	0.91
20020906	0.21	10.61	0.85
20020907	15.58	10.76	0.99
20020908	8.07	12.11	6.5
20020909	15.46	13.02	3.38
20020910	0.0	14.29	2.46
20020911	0.01	13.71	1.64
20020912	0.39	13.83	1.37
20020913	0.0	13.89	1.23
20020914	0.0	12.35	1.13
20020915	1.34	12.03	1.06
20020916	0.0	12.93	1.02
20020917	0.0	12.83	0.96
20020918	0.0	11.83	0.93
20020919	0.0	11.79	0.89
20020920	0.0	11.26	0.87
20020921	0.0	11.8	0.84
20020922	0.0	9.93	0.81
20020923	0.0	8.15	0.79
20020924	0.0	8.5	0.77
20020925	0.19	9.44	0.77
20020926	0.0	11.28	0.75
20020927	0.0	12.18	0.73
20020928	0.0	11.8	0.73
20020929	0.0	13.11	0.72
20020930	0.01	13.68	0.71
20021001	0.0	13.09	0.7
20021002	1.87	13.53	0.69
20021003	0.73	11.03	0.68
20021004	0.76	10.3	0.68
20021005	0.0	13.85	0.67
20021006	0.0	9.68	0.66
20021007	2.19	9.23	0.66
20021008	0.0	11.6	0.65
20021009	0.12	10.35	0.63
20021010	0.0	10.66	0.63
20021011	27.2	9.68	0.94
20021012	12.53	8.24	2.47
20021013	18.84	6.7	2.68
20021014	7.3	7.54	3.82
20021015	4.92	5.81	2.72
20021016	0.47	4.39	1.85
20021017	0.45	4.63	1.39
20021018	0.0	3.35	1.16
20021019	0.0	2.05	1.04
20021020	8.4	1.13	1.0
20021021	37.83	4.51	22.27
20021022	30.73	6.04	34.28
20021023	2.89	3.6	5.86
20021024	12.09	3.67	4.79
20021025	5.62	5.2	5.3
20021026	17.7	5.49	5.17
20021027	0.23	5.21	6.64
20021028	0.54	5.46	3.19
20021029	1.88	3.75	2.71
20021030	0.08	2.89	2.36
20021031	2.63	4.92	2.12
20021101	6.98	8.64	2.63
20021102	12.83	9.47	4.62
20021103	0.5	9.26	3.52
20021104	1.27	8.58	2.46
20021105	9.26	10.15	2.87
20021106	0.22	8.55	3.08
20021107	0.0	4.93	2.21
20021108	0.03	6.21	2.0
20021109	8.01	3.28	1.84
20021110	1.44	6.55	2.81
20021111	2.8	6.61	2.26
20021112	9.12	4.48	3.98
20021113	8.75	4.96	3.33
20021114	21.28	7.07	9.1
20021115	0.68	5.47	4.16
20021116	0.54	4.07	2.95
20021117	0.23	2.04	2.47
20021118	0.0	3.06	2.19
20021119	0.0	5.23	2.01
20021120	9.01	6.45	2.92
20021121	10.79	8.42	4.26
20021122	0.59	8.29	3.07
20021123	0.07	7.39	2.36
20021124	0.0	6.42	2.06
20021125	3.24	4.58	1.9
20021126	3.37	7.04	2.07
20021127	3.02	8.71	2.19
20021128	3.06	7.83	2.28
20021129	0.46	5.81	2.13
20021130	10.31	6.37	2.24
20021201	2.56	6.66	3.96
20021202	2.19	6.54	2.45
20021203	9.87	7.09	2.37
20021204	0.28	5.83	3.39
20021205	3.26	4.89	2.36
20021206	5.61	5.37	2.51
20021207	3.92	3.79	2.66
20021208	0.21	4.14	2.37
20021209	0.48	4.5	2.0
20021210	0.16	2.87	1.82
20021211	0.21	3.01	1.7
20021212	0.07	2.96	1.61
20021213	0.27	3.03	1.54
20021214	2.28	3.37	1.52
20021215	1.44	2.85	1.51
20021216	0.01	2.24	1.49
20021217	0.0	-0.8	1.42
20021218	0.0	-1.22	1.36
20021219	0.0	-2.19	1.34
20021220	0.0	-1.48	1.29
20021221	9.73	1.43	1.45
20021222	4.77	4.81	1.86
20021223	6.95	7.6	3.19
20021224	1.4	9.09	2.31
20021225	2.23	7.34	1.96
20021226	11.34	6.46	3.49
20021227	2.11	6.15	3.72
20021228	0.24	6.3	2.36
20021229	3.63	4.69	2.17
20021230	2.06	3.22	2.34
20021231	1.94	1.36	1.97
20030101	16.81	2.0	5.4
20030102	6.49	1.97	5.03
20030103	0.0	-0.9	2.84
20030104	0.01	-1.45	2.22
20030105	0.11	-2.51	1.95
20030106	0.09	-3.89	1.76
20030107	0.33	-4.39	1.65
20030108	0.24	-0.31	1.58
20030109	0.0	2.01	1.5
20030110	0.0	0.1	1.44
20030111	0.0	-1.07	1.39
20030112	1.08	4.75	1.43
20030113	4.11	9.48	1.66
20030114	8.99	9.03	3.41
20030115	7.37	6.37	3.81
20030116	12.1	7.2	3.52
20030117	5.01	6.42	4.83
20030118	6.84	4.95	3.57
20030119	1.09	3.9	3.07
20030120	10.76	3.62	5.35
20030121	1.51	3.95	3.1
20030122	5.02	3.77	3.02
20030123	6.49	2.12	2.51
20030124	13.77	9.12	7.47
20030125	1.11	7.05	4.79
20030126	0.64	9.72	3.14
20030127	6.16	8.39	3.1
20030128	0.82	3.77	3.24
20030129	0.0	2.27	2.43
20030130	0.0	-1.2	2.1
20030131	1.15	-0.79	2.0
20030201	5.96	2.75	1.95
20030202	5.59	1.07	1.99
20030203	0.24	-0.37	1.85
20030204	0.07	-0.11	1.7
20030205	0.6	-1.47	1.64
20030206	1.0	3.27	2.04
20030207	0.13	5.46	2.51
20030208	3.1	7.28	2.37
20030209	0.12	3.95	2.06
20030210	9.71	2.61	2.31
20030211	1.19	4.69	2.15
20030212	0.01	2.05	1.88
20030213	0.0	1.66	1.75
20030214	0.0	-0.69	1.63
20030215	0.0	-1.56	1.52
20030216	0.0	0.39	1.47
20030217	0.0	0.68	1.38
20030218	0.0	0.43	1.34
20030219	0.0	1.91	1.33
20030220	0.0	2.71	1.29
20030221	0.0	3.26	1.25
20030222	0.0	2.69	1.2
20030223	0.0	4.97	0.18
20030224	0.0	4.42	1.19
20030225	0.0	5.82	1.18
20030226	0.0	5.59	11.58
20030227	1.77	5.25	1.15
20030228	3.02	7.08	1.17
20030301	12.21	5.86	1.41
20030302	0.01	5.08	1.95
20030303	1.42	4.78	1.42
20030304	2.5	7.65	1.4
20030305	0.59	6.6	1.34
20030306	0.15	5.47	1.27
20030307	7.47	5.94	1.55
20030308	2.68	5.59	1.55
20030309	3.51	8.58	1.66
20030310	5.85	7.05	1.68
20030311	0.44	6.75	1.95
20030312	0.0	3.74	1.41
20030313	0.0	2.09	1.28
20030314	0.0	4.24	1.19
20030315	0.0	4.58	1.15
20030316	0.0	3.66	1.13
20030317	0.0	2.42	1.09
20030318	0.0	2.11	1.04
20030319	0.0	3.06	1.03
20030320	0.0	5.27	1.01
20030321	0.0	7.46	0.99
20030322	0.0	6.13	0.96
20030323	0.0	5.87	0.95
20030324	0.0	6.69	0.94
20030325	0.0	7.59	0.93
20030326	0.0	7.56	0.99
20030327	0.0	7.37	0.88
20030328	0.0	7.34	0.89
20030329	0.0	7.32	0.88
20030330	0.0	7.05	0.85
20030331	10.58	5.74	0.89
20030401	0.24	6.11	0.91
20030402	0.0	5.43	0.83
20030403	0.0	9.08	0.8
20030404	0.0	9.83	0.8
20030405	0.0	7.59	0.8
20030406	0.0	7.78	0.8
20030407	0.0	5.68	0.8
20030408	0.0	5.95	0.76
20030409	0.0	5.51	0.69
20030410	0.0	4.0	0.69
20030411	0.0	6.02	0.69
20030412	0.0	7.06	0.68
20030413	0.09	7.83	0.67
20030414	0.32	10.82	0.67
20030415	0.04	12.06	0.66
20030416	0.0	12.57	0.65
20030417	0.0	11.68	0.64
20030418	0.0	10.19	0.63
20030419	0.0	7.36	0.63
20030420	0.0	7.14	0.63
20030421	2.07	6.7	0.63
20030422	1.45	8.22	0.63
20030423	0.0	7.88	0.62
20030424	0.0	6.96	0.61
20030425	12.28	8.1	0.73
20030426	0.25	9.77	0.63
20030427	1.25	9.82	0.61
20030428	8.18	8.14	0.68
20030429	11.84	9.58	0.66
20030430	11.76	7.9	1.02
20030501	1.25	7.13	0.79
20030502	1.4	7.13	0.68
20030503	6.58	8.22	0.73
20030504	5.74	10.2	0.78
20030505	0.64	8.6	0.85
20030506	0.78	9.11	0.69
20030507	7.62	8.68	0.78
20030508	0.16	9.38	0.73
20030509	1.03	6.78	0.67
20030510	2.93	7.47	0.63
20030511	6.52	8.25	0.65
20030512	0.47	6.57	0.62
20030513	0.0	7.39	0.59
20030514	1.54	7.81	0.55
20030515	0.0	6.76	0.53
20030516	14.86	7.54	0.73
20030517	5.81	10.27	1.3
20030518	7.27	10.44	1.07
20030519	3.64	9.63	1.12
20030520	0.25	9.96	0.88
20030521	1.05	10.37	0.73
20030522	5.13	11.76	0.72
20030523	3.13	10.08	0.8
20030524	4.85	9.5	1.01
20030525	0.94	10.69	0.86
20030526	0.09	10.55	0.72
20030527	0.09	12.38	0.67
20030528	0.49	13.54	0.65
20030529	0.76	14.06	0.63
20030530	0.06	14.54	0.6
20030531	0.0	15.39	0.58
20030601	0.92	15.56	0.57
20030602	0.01	14.51	0.56
20030603	0.96	13.16	0.56
20030604	0.8	13.22	0.55
20030605	4.21	12.88	0.55
20030606	0.04	14.05	0.53
20030607	3.93	13.21	0.53
20030608	6.01	11.73	0.7
20030609	6.86	12.69	0.58
20030610	0.92	13.81	0.58
20030611	2.19	13.07	0.53
20030612	1.03	12.47	0.54
20030613	0.0	12.79	0.53
20030614	0.0	13.32	5.24
20030615	0.0	14.1	0.53
20030616	0.0	14.24	0.6
20030617	0.11	13.97	0.44
20030618	2.61	13.29	0.47
20030619	0.24	12.74	0.43
20030620	0.0	12.47	0.4
20030621	0.93	12.27	0.41
20030622	0.28	12.98	0.42
20030623	0.0	13.26	3.22
20030624	0.0	13.89	1.6
20030625	0.0	14.75	0.4
20030626	0.0	15.65	0.4
20030627	9.28	13.63	0.36
20030628	0.1	14.15	0.4
20030629	0.0	13.38	0.35
20030630	8.32	13.67	0.34
20030701	2.99	13.43	0.44
20030702	0.02	13.78	0.35
20030703	0.0	14.22	0.39
20030704	0.14	14.77	0.32
20030705	0.0	12.97	0.33
20030706	0.11	13.89	0.33
20030707	4.46	14.58	0.34
20030708	0.0	14.69	0.32
20030709	0.04	16.3	0.32
20030710	2.14	16.23	0.33
20030711	0.08	13.61	0.33
20030712	0.0	14.18	0.35
20030713	0.0	16.28	0.33
20030714	0.0	17.99	0.32
20030715	0.0	18.32	0.5
20030716	0.11	19.5	0.31
20030717	0.79	18.28	0.28
20030718	1.1	15.8	0.27
20030719	1.86	16.77	0.24
20030720	2.54	16.15	0.28
20030721	10.59	15.13	0.33
20030722	1.12	15.15	0.41
20030723	1.11	15.1	0.29
20030724	4.75	15.39	0.28
20030725	0.29	15.43	0.3
20030726	0.66	14.13	0.33
20030727	0.0	13.64	0.33
20030728	7.59	13.9	0.33
20030729	6.23	15.03	0.38
20030730	1.47	15.47	0.38
20030731	1.24	14.76	0.47
20030801	0.08	14.91	0.29
20030802	0.0	14.17	0.28
20030803	0.0	15.29	0.27
20030804	0.0	16.91	0.26
20030805	0.95	17.68	0.27
20030806	0.0	19.38	0.27
20030807	0.0	18.66	0.26
20030808	0.0	18.3	0.3
20030809	0.16	19.83	0.27
20030810	0.0	17.69	0.29
20030811	0.0	15.85	0.29
20030812	0.03	16.02	0.28
20030813	0.0	15.05	0.26
20030814	0.0	14.57	0.25
20030815	0.0	13.37	0.27
20030816	0.0	13.39	0.25
20030817	4.1	15.03	0.26
20030818	0.73	15.0	0.23
20030819	0.56	14.53	0.2
20030820	2.32	14.7	0.84
20030821	4.26	14.91	0.23
20030822	0.0	14.18	0.22
20030823	0.18	14.38	0.19
20030824	0.0	14.76	0.19
20030825	0.0	13.24	0.2
20030826	0.0	12.75	0.2
20030827	3.58	11.49	0.2
20030828	1.09	10.94	0.2
20030829	1.02	10.93	0.2
20030830	0.57	10.37	0.21
20030831	0.0	10.78	0.24
20030901	0.0	12.02	0.3
20030902	0.0	13.82	0.26
20030903	0.0	14.09	0.27
20030904	0.07	14.58	0.27
20030905	2.13	14.45	0.23
20030906	1.23	11.72	0.23
20030907	9.53	11.31	0.25
20030908	0.17	12.0	0.28
20030909	0.25	11.38	0.24
20030910	0.1	11.21	0.23
20030911	1.39	10.64	0.23
20030912	0.56	12.41	0.23
20030913	0.19	15.21	0.23
20030914	1.47	16.36	0.23
20030915	0.81	14.83	0.23
20030916	0.17	14.62	0.23
20030917	0.32	16.28	0.23
20030918	5.55	14.9	0.26
20030919	3.9	12.39	0.28
20030920	2.34	10.59	0.29
20030921	25.39	10.74	0.37
20030922	0.41	9.25	0.62
20030923	0.09	6.0	0.33
20030924	0.0	10.3	0.3
20030925	5.67	12.4	0.29
20030926	1.34	10.47	0.34
20030927	0.81	7.87	0.29
20030928	0.2	8.59	0.29
20030929	0.15	10.03	0.28
20030930	0.0	9.02	0.27
20031001	0.0	9.65	0.23
20031002	0.05	9.8	0.22
20031003	0.63	10.43	0.22
20031004	1.65	5.47	0.22
20031005	1.61	6.67	0.22
20031006	1.72	7.48	0.24
20031007	0.15	6.53	0.23
20031008	2.96	10.38	0.23
20031009	0.16	12.18	0.24
20031010	0.01	10.01	0.23
20031011	0.57	8.7	0.23
20031012	0.02	10.57	0.23
20031013	0.09	10.85	0.23
20031014	0.0	10.32	0.23
20031015	0.0	8.8	0.23
20031016	0.0	7.71	0.23
20031017	0.0	6.11	0.24
20031018	0.93	5.2	0.25
20031019	0.02	4.88	0.24
20031020	0.0	2.42	0.23
20031021	6.67	1.61	0.25
20031022	9.96	3.29	0.35
20031023	0.05	3.9	0.33
20031024	0.02	4.47	0.28
20031025	0.28	5.69	0.27
20031026	0.0	4.36	0.26
20031027	0.0	9.07	0.25
20031028	0.02	8.91	0.08
20031029	0.0	4.03	0.25
20031030	0.0	3.17	0.25
20031031	0.12	5.84	0.24
20031101	12.0	4.59	0.27
20031102	3.61	7.46	0.39
20031103	0.27	6.78	0.35
20031104	0.03	8.22	0.29
20031105	0.05	12.79	0.29
20031106	0.0	10.71	0.27
20031107	0.0	10.54	0.26
20031108	3.9	8.0	0.25
20031109	0.11	7.69	0.27
20031110	0.0	8.3	0.84
20031111	8.51	8.16	0.27
20031112	1.82	8.09	0.37
20031113	7.42	6.52	0.33
20031114	1.48	8.04	0.53
20031115	0.0	7.35	0.43
20031116	1.73	5.21	0.36
20031117	7.16	8.51	0.37
20031118	6.93	11.61	0.44
20031119	2.84	8.33	1.7
20031120	1.1	6.28	0.84
20031121	0.61	3.09	0.63
20031122	0.91	2.08	0.53
20031123	0.07	0.19	0.46
20031124	5.63	2.98	0.43
20031125	5.9	5.59	0.65
20031126	4.09	4.49	1.09
20031127	0.26	5.13	0.96
20031128	14.89	4.24	1.58
20031129	18.96	7.79	4.89
20031130	2.58	3.47	2.0
20031201	2.65	3.21	1.35
20031202	1.7	7.21	1.42
20031203	0.09	6.14	1.12
20031204	0.0	4.74	0.89
20031205	0.2	7.36	0.75
20031206	0.0	4.32	0.66
20031207	0.0	0.08	0.62
20031208	0.0	-2.92	0.57
20031209	0.31	2.91	0.53
20031210	2.72	7.95	0.51
20031211	0.0	2.89	0.51
20031212	1.93	3.01	0.51
20031213	0.64	7.6	0.52
20031214	0.0	3.94	0.47
20031215	0.27	0.72	0.58
20031216	1.72	4.69	0.45
20031217	0.0	7.52	0.45
20031218	0.0	5.72	0.44
20031219	7.59	3.53	0.43
20031220	23.06	2.22	3.15
20031221	0.0	1.64	2.13
20031222	1.34	0.58	1.09
20031223	1.61	6.94	0.96
20031224	7.61	9.45	1.29
20031225	7.18	7.54	2.31
20031226	3.26	5.37	2.76
20031227	0.07	2.19	1.63
20031228	0.0	1.83	1.09
20031229	0.0	-2.7	0.87
20031230	0.3	-5.96	0.74
20031231	21.52	-1.54	0.84
20040101	0.09	3.92	1.25
20040102	3.2	1.16	1.04
20040103	0.06	4.3	1.75
20040104	1.74	3.47	1.7
20040105	2.75	6.92	2.27
20040106	1.09	6.37	1.61
20040107	1.86	6.62	1.34
20040108	12.65	7.15	2.46
20040109	0.59	4.93	2.05
20040110	11.41	6.57	1.65
20040111	13.76	4.24	4.13
20040112	13.89	3.48	3.72
20040113	0.13	2.29	3.53
20040114	0.02	2.57	2.43
20040115	10.94	2.1	2.15
20040116	0.6	2.02	2.57
20040117	0.0	0.61	1.7
20040118	0.72	3.32	1.44
20040119	2.09	9.26	1.33
20040120	0.36	8.25	1.3
20040121	0.82	6.37	1.71
20040122	0.11	7.1	1.14
20040123	3.73	6.38	1.2
20040124	0.01	3.53	1.19
20040125	0.89	2.33	1.06
20040126	0.0	0.7	0.98
20040127	0.0	-0.64	0.94
20040128	2.37	-1.14	0.87
20040129	1.47	1.8	0.83
20040130	3.57	3.49	1.09
20040131	9.79	0.76	1.25
20040201	10.42	2.69	3.68
20040202	10.9	7.41	4.79
20040203	2.95	10.52	4.69
20040204	5.23	8.71	3.13
20040205	12.04	8.93	3.69
20040206	0.81	6.21	3.61
20040207	2.96	2.62	2.54
20040208	0.17	1.02	2.01
20040209	1.16	0.97	1.82
20040210	0.0	7.99	1.75
20040211	0.11	8.11	1.62
20040212	0.25	5.1	1.54
20040213	1.38	5.59	1.49
20040214	0.04	4.64	1.43
20040215	0.0	3.6	1.38
20040216	1.73	4.13	1.34
20040217	0.0	3.89	1.29
20040218	0.0	1.24	1.26
20040219	0.0	0.8	1.22
20040220	0.23	1.17	1.2
20040221	0.0	1.18	1.19
20040222	0.0	0.63	1.14
20040223	0.0	2.03	1.12
20040224	0.0	2.37	1.11
20040225	0.0	-1.04	1.09
20040226	0.0	-0.49	1.08
20040227	0.0	-0.2	1.07
20040228	0.0	-0.46	1.03
20040229	0.0	-0.79	1.01
20040301	0.0	-0.12	0.99
20040302	0.01	1.47	0.99
20040303	5.8	4.48	1.09
20040304	3.24	4.62	1.03
20040305	0.02	4.57	0.83
20040306	1.35	3.9	0.79
20040307	0.0	3.95	0.77
20040308	0.0	2.22	0.76
20040309	0.16	0.94	0.74
20040310	1.34	1.84	0.75
20040311	0.05	2.23	0.93
20040312	0.0	2.77	0.74
20040313	1.29	3.94	0.73
20040314	9.38	6.33	0.87
20040315	5.34	8.43	1.17
20040316	0.39	9.93	1.14
20040317	0.11	7.92	0.99
20040318	11.97	5.97	1.03
20040319	9.1	3.7	2.31
20040320	7.75	4.84	3.26
20040321	0.12	4.25	1.8
20040322	0.35	4.35	1.33
20040323	0.0	3.79	1.11
20040324	0.36	4.36	1.03
20040325	2.72	5.16	0.96
20040326	0.06	6.83	1.03
20040327	0.57	7.97	0.89
20040328	0.0	8.03	0.84
20040329	0.0	7.13	0.79
20040330	0.0	7.53	0.78
20040331	0.01	6.52	0.78
20040401	5.11	7.12	0.8
20040402	5.45	8.21	0.81
20040403	11.43	7.27	1.53
20040404	0.92	5.77	1.24
20040405	2.18	4.9	1.05
20040406	2.05	5.21	1.08
20040407	0.0	5.21	0.97
20040408	1.58	5.35	0.9
20040409	1.29	8.89	0.86
20040410	0.42	6.81	0.82
20040411	0.12	8.36	0.79
20040412	0.35	8.2	0.77
20040413	0.87	8.19	0.76
20040414	0.04	9.74	0.75
20040415	6.05	7.29	0.8
20040416	1.05	6.12	0.76
20040417	8.82	4.6	0.85
20040418	9.59	5.87	1.39
20040419	0.34	6.57	1.67
20040420	7.33	7.98	1.29
20040421	0.34	10.03	1.4
20040422	0.3	9.04	1.06
20040423	0.05	9.18	0.95
20040424	0.0	12.08	0.89
20040425	0.0	11.11	0.84
20040426	4.32	9.79	0.83
20040427	3.29	8.67	0.85
20040428	4.03	8.31	0.84
20040429	2.29	6.83	0.81
20040430	0.16	8.02	0.79
20040501	0.0	10.2	0.75
20040502	0.02	9.21	0.75
20040503	11.67	7.51	0.86
20040504	5.81	6.51	1.27
20040505	0.57	6.74	1.04
20040506	0.26	8.34	0.88
20040507	0.36	9.4	0.8
20040508	2.15	10.91	0.78
20040509	0.24	12.13	0.74
20040510	1.17	12.05	0.73
20040511	1.17	10.23	0.71
20040512	0.02	10.4	0.7
20040513	0.0	10.93	0.68
20040514	0.0	12.55	0.68
20040515	0.0	13.88	0.67
20040516	0.0	14.04	0.66
20040517	0.0	11.33	0.65
20040518	0.0	10.71	0.64
20040519	0.0	11.36	0.63
20040520	5.38	8.72	0.63
20040521	3.95	6.99	0.61
20040522	0.0	9.05	0.53
20040523	0.0	10.29	0.57
20040524	0.0	10.64	0.56
20040525	0.0	9.06	0.56
20040526	0.0	8.3	0.56
20040527	0.0	9.77	0.56
20040528	0.84	11.38	0.57
20040529	1.15	12.67	0.57
20040530	0.0	12.48	0.56
20040531	0.16	12.43	0.55
20040601	8.36	11.7	0.61
20040602	3.45	12.65	0.54
20040603	0.4	13.1	0.55
20040604	0.0	12.83	0.53
20040605	0.44	14.4	0.51
20040606	0.0	15.08	0.49
20040607	0.0	13.51	0.43
20040608	0.39	13.67	0.38
20040609	3.13	15.06	0.44
20040610	12.37	14.46	0.56
20040611	0.11	12.75	0.37
20040612	0.0	13.84	0.35
20040613	0.0	14.6	0.38
20040614	0.0	16.1	0.41
20040615	0.0	14.37	0.42
20040616	0.28	12.15	0.34
20040617	9.62	11.9	0.36
20040618	7.82	9.07	0.4
20040619	1.09	7.83	0.39
20040620	2.45	9.53	0.38
20040621	0.27	10.26	0.35
20040622	7.56	11.95	0.38
20040623	41.05	11.49	1.15
20040624	5.32	10.01	1.89
20040625	0.0	11.76	0.83
20040626	11.16	11.04	0.86
20040627	1.45	13.45	0.73
20040628	0.08	12.16	0.62
20040629	6.82	13.06	0.58
20040630	2.15	13.29	0.68
20040701	0.33	11.97	0.57
20040702	5.12	11.62	0.58
20040703	8.51	12.06	0.88
20040704	14.83	11.52	1.04
20040705	0.62	11.75	0.91
20040706	0.18	11.97	0.68
20040707	0.0	11.49	0.61
20040708	0.52	10.25	0.53
20040709	1.97	10.86	0.5
20040710	0.0	11.11	0.48
20040711	0.0	11.82	0.45
20040712	0.13	12.23	0.38
20040713	1.06	12.5	0.37
20040714	0.0	14.5	0.38
20040715	1.35	12.82	0.41
20040716	0.2	13.41	0.41
20040717	0.38	12.54	0.42
20040718	0.0	13.04	0.41
20040719	1.1	13.35	0.41
20040720	4.74	14.25	0.43
20040721	0.0	16.04	0.36
20040722	0.0	14.84	0.32
20040723	0.78	13.7	0.32
20040724	1.94	12.22	0.34
20040725	0.0	13.52	0.29
20040726	0.0	12.88	0.26
20040727	0.0	15.7	0.28
20040728	1.6	16.01	0.27
20040729	3.34	16.95	0.34
20040730	0.06	15.8	0.32
20040731	0.0	15.4	0.31
20040801	0.0	15.2	0.31
20040802	0.0	15.87	0.29
20040803	11.69	16.9	0.31
20040804	4.86	15.97	0.42
20040805	5.5	16.43	0.35
20040806	0.01	17.31	0.42
20040807	0.0	16.46	0.38
20040808	1.06	18.16	0.38
20040809	55.48	17.74	2.1
20040810	25.38	17.21	5.1
20040811	5.98	16.62	4.94
20040812	1.1	16.15	2.1
20040813	0.09	15.87	1.36
20040814	0.01	14.82	1.04
20040815	1.0	16.01	0.89
20040816	4.62	14.66	0.91
20040817	2.48	14.49	0.82
20040818	30.75	15.11	3.42
20040819	3.5	14.21	2.38
20040820	0.08	12.46	1.47
20040821	0.02	10.63	1.08
20040822	0.51	11.07	0.93
20040823	20.62	13.55	0.94
20040824	10.54	14.1	3.12
20040825	0.0	13.73	2.11
20040826	12.61	11.72	2.71
20040827	0.0	13.24	2.59
20040828	1.3	12.27	1.47
20040829	2.57	12.52	1.31
20040830	0.06	12.67	1.06
20040831	0.0	11.17	0.92
20040901	0.49	11.85	0.84
20040902	0.0	13.94	0.79
20040903	1.31	15.0	0.73
20040904	0.67	17.38	0.7
20040905	9.5	16.03	0.72
20040906	0.17	13.19	0.83
20040907	0.0	12.45	0.73
20040908	0.0	12.21	0.71
20040909	0.0	12.61	0.7
20040910	6.54	13.27	0.73
20040911	1.23	13.72	0.75
20040912	8.54	12.72	0.96
20040913	1.65	10.62	1.13
20040914	0.9	10.66	0.88
20040915	1.2	9.57	0.77
20040916	7.44	12.37	1.21
20040917	8.04	12.71	1.29
20040918	0.99	12.05	1.75
20040919	9.25	11.01	2.1
20040920	0.59	11.49	2.04
20040921	0.0	10.25	1.29
20040922	0.03	10.19	1.06
20040923	0.01	10.07	0.93
20040924	0.47	9.09	0.84
20040925	0.21	11.8	0.81
20040926	0.17	13.27	0.79
20040927	1.06	11.69	0.75
20040928	0.82	11.99	0.73
20040929	2.22	9.97	0.71
20040930	2.65	11.75	0.73
20041001	5.3	10.02	0.75
20041002	4.51	9.6	0.93
20041003	17.34	9.89	1.61
20041004	3.95	9.14	3.62
20041005	6.23	9.71	2.0
20041006	0.3	9.04	1.83
20041007	0.29	9.23	1.24
20041008	0.0	7.26	1.03
20041009	0.78	6.52	0.92
20041010	1.87	7.72	0.87
20041011	0.04	8.05	0.83
20041012	4.94	8.51	0.81
20041013	6.55	10.07	1.18
20041014	13.5	8.3	2.28
20041015	18.54	8.86	4.54
20041016	1.35	8.36	4.03
20041017	0.0	8.33	2.06
20041018	1.91	7.09	1.59
20041019	5.4	6.51	1.8
20041020	22.65	4.65	2.69
20041021	0.54	7.68	5.84
20041022	0.0	8.16	2.17
20041023	4.1	6.64	1.66
20041024	25.2	8.56	6.57
20041025	1.51	8.21	3.43
20041026	0.02	5.31	2.27
20041027	6.49	7.55	2.05
20041028	14.02	9.9	2.81
20041029	11.48	9.68	7.43
20041030	0.1	9.2	3.4
20041031	0.0	8.13	2.36
20041101	0.1	7.08	1.92
20041102	0.87	7.04	1.7
20041103	0.72	8.8	1.62
20041104	0.0	7.11	1.46
20041105	2.31	7.52	1.36
20041106	3.52	10.3	1.38
20041107	0.1	10.43	1.37
20041108	0.06	8.04	1.28
20041109	0.0	6.93	1.24
20041110	0.21	5.81	1.24
20041111	0.83	9.57	1.24
20041112	0.27	6.95	1.24
20041113	0.0	3.54	1.24
20041114	0.78	8.3	1.24
20041115	4.49	8.56	1.24
20041116	6.43	6.65	1.24
20041117	0.78	7.86	1.24
20041118	0.0	2.06	1.24
20041119	0.0	-0.26	1.24
20041120	1.18	-1.81	1.24
20041121	5.65	2.13	1.24
20041122	2.48	9.4	1.24
20041123	1.42	7.02	1.24
20041124	0.0	9.91	1.24
20041125	0.24	9.49	1.24
20041126	0.0	7.37	1.24
20041127	6.84	5.51	1.24
20041128	0.0	3.48	1.32
20041129	0.0	2.4	1.19
20041130	0.09	5.24	1.11
20041201	0.0	2.32	1.05
20041202	0.49	0.38	1.0
20041203	0.16	6.55	0.99
20041204	0.82	9.15	0.97
20041205	1.52	7.29	0.97
20041206	0.84	8.76	1.15
20041207	0.0	4.64	1.08
20041208	0.76	6.79	1.04
20041209	0.0	7.33	1.03
20041210	0.56	6.3	1.01
20041211	0.32	4.36	0.99
20041212	0.04	6.7	0.96
20041213	4.95	6.13	0.94
20041214	7.66	9.67	2.06
20041215	6.73	5.87	1.95
20041216	4.83	5.94	3.06
20041217	0.1	2.26	1.8
20041218	0.0	0.69	1.39
20041219	0.0	-2.52	1.19
20041220	0.0	1.09	1.09
20041221	6.16	2.38	1.29
20041222	6.54	9.08	1.65
20041223	5.68	7.9	2.27
20041224	6.25	2.27	2.17
20041225	0.0	0.14	1.6
20041226	0.62	0.8	1.31
20041227	9.02	5.12	3.32
20041228	1.48	1.89	2.16
20041229	17.21	6.17	2.72
20041230	3.72	8.6	4.68
20041231	3.37	3.03	2.66
20050101	13.12	5.24	4.54
20050102	2.03	2.33	2.76
20050103	3.9	7.19	3.15
20050104	6.49	6.42	3.36
20050105	11.66	5.14	5.73
20050106	18.18	7.14	5.78
20050107	34.6	8.78	11.95
20050108	15.15	3.97	10.87
20050109	32.71	6.61	15.37
20050110	0.2	8.19	7.19
20050111	12.92	6.95	4.31
20050112	3.3	3.6	4.94
20050113	0.1	2.2	3.51
20050114	0.71	2.82	3.08
20050115	0.44	8.69	2.84
20050116	1.98	7.63	2.68
20050117	7.55	4.33	2.93
20050118	1.46	1.05	2.87
20050119	0.45	4.28	2.96
20050120	0.34	5.23	2.55
20050121	0.0	2.2	2.2
20050122	0.0	-1.03	2.0
20050123	0.0	0.96	1.91
20050124	0.24	1.62	1.83
20050125	0.0	4.08	1.76
20050126	0.0	5.64	1.72
20050127	0.0	4.88	1.68
20050128	0.0	5.15	1.61
20050129	0.0	4.63	1.55
20050130	0.0	6.03	1.5
20050131	0.0	8.86	1.46
20050201	0.0	7.21	1.42
20050202	0.0	6.43	1.33
20050203	0.44	6.52	1.29
20050204	5.98	6.8	1.33
20050205	0.42	3.96	1.29
20050206	0.0	3.11	1.24
20050207	1.48	3.5	1.24
20050208	4.55	5.3	1.39
20050209	9.73	6.96	3.94
20050210	0.38	3.97	2.44
20050211	17.99	2.95	3.29
20050212	0.38	3.41	3.75
20050213	0.8	2.13	2.23
20050214	0.0	3.03	1.87
20050215	0.0	1.49	1.65
20050216	0.01	3.02	1.54
20050217	1.0	4.74	1.45
20050218	0.4	5.0	1.39
20050219	0.0	0.71	1.31
20050220	0.0	0.52	1.26
20050221	4.48	0.66	1.24
20050222	5.19	0.48	1.24
20050223	3.8	-0.55	1.25
20050224	1.12	0.78	1.22
20050225	0.0	1.85	1.53
20050226	0.04	2.46	1.55
20050227	0.0	2.65	1.42
20050228	21.82	2.65	1.41
20050301	1.0	1.82	1.77
