date	precipitation	temperature	discharge_spec
20050714	0.0	19.48	1.58
20050715	0.0	16.92	1.58
20050716	0.0	15.67	1.52
20050717	0.0	18.99	1.42
20050718	0.57	16.36	1.55
20050719	1.82	14.68	1.41
20050720	0.02	15.52	1.55
20050721	0.0	15.41	1.6
20050722	0.0	14.9	1.49
20050723	0.0	15.38	1.51
20050724	14.65	13.73	4.61
20050725	0.01	12.61	2.69
20050726	0.0	14.32	1.55
20050727	4.25	13.67	1.57
20050728	11.22	13.53	3.06
20050729	0.02	15.19	2.59
20050730	0.15	14.2	1.67
20050731	0.0	13.7	1.59
20050801	0.03	14.72	1.55
20050802	1.8	16.02	1.53
20050803	0.41	15.39	1.6
20050804	3.93	14.79	1.68
20050805	0.0	14.76	2.06
20050806	0.0	13.77	1.66
20050807	0.0	13.44	1.54
20050808	0.0	14.47	1.57
20050809	1.22	15.69	1.59
20050810	0.61	17.15	1.68
20050811	0.81	16.43	1.65
20050812	3.59	14.76	1.7
20050813	6.55	14.13	2.5
20050814	0.0	14.77	1.77
20050815	0.0	15.0	1.57
20050816	0.0	17.59	1.49
20050817	0.0	17.98	1.49
20050818	0.0	17.32	1.51
20050819	0.0	15.2	1.43
20050820	0.0	15.13	1.42
20050821	8.96	16.1	1.88
20050822	0.0	15.49	3.07
20050823	4.98	14.19	1.49
20050824	7.01	14.62	2.74
20050825	4.49	11.9	2.21
20050826	4.06	12.4	2.45
20050827	0.03	14.78	1.6
20050828	2.14	16.2	1.46
20050829	1.79	16.73	2.01
20050830	0.02	17.11	1.63
20050831	4.17	18.81	2.21
20050901	0.11	16.09	1.79
20050902	0.0	13.93	1.53
20050903	0.0	15.41	1.46
20050904	0.45	18.8	1.43
20050905	0.16	17.85	1.51
20050906	0.0	16.91	1.49
20050907	0.34	16.61	1.59
20050908	13.86	17.07	3.51
20050909	4.02	15.57	2.01
20050910	2.91	15.24	2.26
20050911	0.0	14.11	1.67
20050912	0.0	14.82	1.51
20050913	2.37	15.83	1.47
20050914	2.59	16.0	1.72
20050915	4.26	12.77	2.63
20050916	0.0	9.23	1.59
20050917	0.6	9.6	1.54
20050918	0.0	13.59	1.49
20050919	0.45	14.06	1.4
20050920	0.01	14.61	1.37
20050921	0.0	13.75	1.41
20050922	4.17	15.49	1.37
20050923	0.77	13.02	2.23
20050924	2.39	9.29	1.41
20050925	0.0	13.23	1.78
20050926	2.16	13.13	1.84
20050927	4.72	13.02	2.07
20050928	12.68	10.25	5.07
20050929	15.71	10.57	5.84
20050930	9.62	14.52	4.67
20051001	2.08	10.95	3.68
20051002	0.02	10.5	1.83
20051003	0.0	11.62	1.53
20051004	0.0	11.33	1.43
20051005	0.0	10.81	1.39
20051006	0.06	11.95	1.35
20051007	1.25	13.69	1.34
20051008	5.32	11.99	2.45
20051009	0.0	9.64	1.55
20051010	0.0	14.19	1.37
20051011	4.85	15.25	1.91
20051012	9.53	14.38	3.73
20051013	0.0	10.69	1.91
20051014	0.0	9.77	1.66
20051015	0.0	13.52	1.45
20051016	0.0	12.83	1.4
20051017	0.0	13.11	1.39
20051018	10.73	10.56	2.84
20051019	0.95	10.63	2.29
20051020	1.88	10.33	1.74
20051021	6.6	10.63	3.29
20051022	3.0	10.21	1.86
20051023	24.09	9.16	6.78
20051024	18.58	13.22	14.7
20051025	15.24	12.28	12.79
20051026	7.56	13.42	6.91
20051027	0.38	15.9	3.15
20051028	1.95	14.23	3.02
20051029	0.36	13.52	2.23
20051030	2.35	14.95	2.25
20051031	7.41	11.6	2.89
20051101	7.12	9.48	4.4
20051102	2.4	12.98	3.45
20051103	14.29	12.93	7.06
20051104	5.05	8.93	5.84
20051105	7.5	8.75	3.41
20051106	2.85	11.33	6.54
20051107	10.44	9.32	4.84
20051108	16.36	9.92	13.5
20051109	2.44	6.84	4.67
20051110	5.6	11.72	4.56
20051111	3.5	11.16	3.84
20051112	1.39	6.77	2.8
20051113	0.0	4.86	2.17
20051114	1.95	6.52	2.06
20051115	0.44	8.62	2.01
20051116	0.02	3.77	1.73
20051117	0.0	0.74	1.63
20051118	0.07	-0.28	1.6
20051119	0.03	-0.48	1.47
20051120	0.09	0.68	1.48
20051121	0.08	0.79	1.48
20051122	0.0	1.01	1.42
20051123	1.45	1.43	1.39
20051124	1.97	4.77	1.95
20051125	0.36	0.98	1.49
20051126	0.54	3.58	1.46
20051127	0.17	2.85	1.49
20051128	1.35	1.34	1.58
20051129	1.06	0.59	1.39
20051130	2.48	2.67	1.94
20051201	5.05	6.98	2.31
20051202	3.01	6.49	1.98
20051203	9.08	6.22	3.56
20051204	12.14	5.8	6.97
20051205	4.28	5.37	5.11
20051206	0.0	4.34	2.76
20051207	1.79	2.1	2.17
20051208	0.06	3.92	1.84
20051209	3.38	3.77	2.02
20051210	0.0	8.24	1.91
20051211	0.28	7.27	1.65
20051212	0.0	4.16	1.54
20051213	0.09	3.25	1.51
20051214	0.0	6.53	1.45
20051215	1.92	8.68	1.59
20051216	0.0	6.8	1.65
20051217	0.0	0.39	1.49
20051218	2.96	1.14	1.77
20051219	0.03	4.79	1.45
20051220	2.63	5.65	1.78
20051221	1.71	7.57	1.76
20051222	0.58	7.66	1.61
20051223	3.79	8.33	2.51
20051224	0.03	5.61	1.85
20051225	0.17	2.4	1.68
20051226	0.46	2.65	1.63
20051227	0.07	0.39	1.52
20051228	0.0	-1.88	1.47
20051229	5.32	-3.66	1.47
20051230	7.26	2.41	4.94
20051231	5.73	5.26	4.34
20060101	0.0	4.98	2.68
20060102	1.79	3.79	2.04
20060103	0.07	6.17	2.1
20060104	0.02	3.01	1.7
20060105	0.0	1.68	1.76
20060106	0.43	1.3	1.6
20060107	0.28	1.48	1.59
20060108	0.19	1.26	1.54
20060109	2.54	3.08	1.49
20060110	7.03	7.85	3.02
20060111	0.0	6.82	2.56
20060112	0.0	4.21	1.78
20060113	1.76	6.68	1.6
20060114	0.0	5.94	1.82
20060115	0.34	4.81	1.6
20060116	8.7	6.06	2.51
20060117	3.53	5.91	3.29
20060118	2.89	8.47	3.02
20060119	5.96	9.56	2.86
20060120	0.71	6.9	4.11
20060121	0.0	5.23	2.15
20060122	0.0	1.93	1.91
20060123	0.01	0.98	1.79
20060124	0.0	0.89	1.68
20060125	0.0	3.06	1.6
20060126	0.01	2.14	1.54
20060127	0.34	2.74	1.6
20060128	0.0	1.91	1.53
20060129	0.0	0.36	1.45
20060130	0.01	0.92	1.41
20060131	0.0	0.18	1.43
20060201	0.0	-0.69	1.41
20060202	0.0	-0.25	1.37
20060203	0.0	1.69	1.37
20060204	0.07	3.88	1.42
20060205	0.27	4.48	1.51
20060206	0.0	6.08	1.51
20060207	7.46	7.68	2.8
20060208	0.0	4.87	1.95
20060209	0.0	1.68	1.61
20060210	0.0	0.37	1.54
20060211	8.04	1.89	1.76
20060212	4.72	7.14	4.36
20060213	3.61	8.22	2.37
20060214	11.74	7.21	6.07
20060215	0.19	7.13	3.92
20060216	3.11	5.05	2.5
20060217	0.0	4.94	2.2
20060218	0.0	2.12	1.77
20060219	0.06	2.27	1.63
20060220	0.73	3.89	1.6
20060221	1.64	2.89	1.84
20060222	0.89	2.33	1.65
20060223	9.9	2.57	3.35
20060224	0.13	2.17	3.25
20060225	0.34	3.44	1.94
20060226	0.06	3.41	1.73
20060227	4.74	3.54	2.46
20060228	0.0	0.98	1.92
20060301	0.0	-0.12	1.68
20060302	0.0	-0.96	1.59
20060303	2.74	-2.22	1.74
20060304	1.13	-0.38	1.83
20060305	0.84	2.16	1.72
20060306	2.11	1.96	1.57
20060307	13.24	2.91	4.61
20060308	9.02	8.01	8.07
20060309	7.94	6.41	4.25
20060310	3.79	4.5	4.53
20060311	0.0	2.25	2.64
20060312	3.53	-0.38	2.63
20060313	7.42	1.4	3.78
20060314	14.1	3.22	7.33
20060315	0.02	3.43	5.78
20060316	0.84	1.44	3.04
20060317	0.13	1.98	2.39
20060318	0.01	2.74	2.08
20060319	0.12	4.42	1.92
20060320	0.29	3.53	1.8
20060321	0.0	2.07	1.71
20060322	0.0	1.06	1.67
20060323	1.03	2.7	1.63
20060324	9.25	5.97	3.15
20060325	8.69	9.76	5.27
20060326	4.27	11.81	3.94
20060327	22.43	10.73	11.65
20060328	4.95	7.69	7.48
20060329	8.68	6.75	5.9
20060330	4.64	10.03	5.34
20060331	10.36	9.67	4.47
20060401	2.05	8.55	5.33
20060402	10.36	7.38	6.98
20060403	0.39	5.73	3.72
20060404	0.0	3.07	2.65
20060405	0.03	3.69	2.34
20060406	4.56	6.12	3.0
20060407	8.09	5.94	4.0
20060408	4.57	4.4	4.35
20060409	1.47	3.65	3.24
20060410	3.01	3.34	2.46
20060411	4.99	6.45	4.43
20060412	0.55	8.0	2.59
20060413	0.0	9.46	2.2
20060414	0.4	8.43	2.19
20060415	0.21	9.12	2.09
20060416	0.43	9.61	1.91
20060417	2.59	8.53	2.02
20060418	12.74	8.33	3.37
20060419	0.29	8.37	4.51
20060420	6.03	8.85	3.98
20060421	0.16	9.51	2.82
20060422	0.38	9.45	2.25
20060423	0.0	9.52	2.26
20060424	1.49	8.89	2.2
20060425	0.21	11.5	2.15
20060426	0.01	10.33	1.97
20060427	0.0	10.06	1.88
20060428	0.0	9.42	1.85
20060429	0.0	8.53	1.82
20060430	7.52	7.23	2.52
20060501	1.18	8.05	2.57
20060502	0.19	9.07	2.03
20060503	0.1	12.52	1.86
20060504	0.01	15.7	1.76
20060505	0.0	13.42	1.77
20060506	0.58	11.48	1.76
20060507	3.82	11.07	2.78
20060508	0.04	12.24	1.8
20060509	0.0	12.59	1.71
20060510	0.0	13.33	1.68
20060511	0.01	14.17	1.8
20060512	7.39	13.83	1.89
20060513	1.53	9.51	2.7
20060514	1.42	10.04	1.9
20060515	7.49	11.81	3.43
20060516	2.04	13.19	1.96
20060517	8.91	13.29	3.45
20060518	9.73	12.87	2.93
20060519	19.78	11.6	7.09
20060520	4.57	10.45	7.53
20060521	14.98	9.64	4.51
20060522	7.32	8.66	9.01
20060523	6.79	8.04	3.43
20060524	0.53	8.61	3.42
20060525	8.8	10.14	2.55
20060526	2.41	12.12	4.62
20060527	0.26	12.94	2.47
20060528	0.82	11.53	2.06
20060529	2.75	8.76	2.46
20060530	0.0	8.45	1.86
20060531	0.3	9.31	1.8
20060601	0.06	11.85	1.7
20060602	0.0	13.58	1.8
20060603	0.0	14.36	1.7
20060604	0.0	14.54	1.65
20060605	0.0	13.64	1.59
20060606	0.0	15.92	1.63
20060607	0.0	17.25	1.77
20060608	0.0	17.09	1.92
20060609	0.0	18.72	2.23
20060610	0.0	19.57	2.17
20060611	3.17	19.44	2.15
20060612	0.19	18.42	2.52
20060613	2.02	14.4	2.1
20060614	0.0	13.66	2.56
20060615	0.0	14.65	2.14
20060616	0.04	16.35	1.83
20060617	0.0	18.59	1.65
20060618	3.56	15.65	2.0
20060619	1.52	14.97	1.9
20060620	6.27	14.19	2.92
20060621	6.5	12.34	3.38
20060622	2.03	12.57	2.1
20060623	0.01	13.64	1.85
20060624	0.18	14.47	1.72
20060625	0.0	14.78	1.68
20060626	2.63	12.63	1.88
20060627	0.01	13.0	1.8
20060628	0.14	15.26	1.73
20060629	0.0	16.95	1.74
20060630	0.0	17.73	1.74
20060701	0.0	19.57	1.71
20060702	34.63	20.52	13.62
20060703	0.0	20.24	2.35
20060704	0.0	19.24	1.59
20060705	0.04	19.12	1.49
20060706	0.0	19.36	1.51
20060707	0.0	16.49	1.4
20060708	2.85	14.72	1.59
20060709	0.46	15.7	1.41
20060710	0.0	16.23	1.29
20060711	0.0	15.92	1.24
20060712	0.11	16.05	1.24
20060713	0.0	15.53	1.23
20060714	0.0	15.19	1.23
20060715	0.0	16.15	1.22
20060716	0.0	18.14	1.24
20060717	0.0	21.12	1.25
20060718	0.0	22.43	1.29
20060719	5.22	22.76	1.55
20060720	0.08	20.14	1.91
20060721	0.0	20.66	1.4
20060722	0.04	19.73	1.37
20060723	0.0	18.66	1.39
20060724	0.0	19.39	1.37
20060725	0.0	21.87	1.4
20060726	0.0	21.23	1.39
20060727	0.0	19.92	1.34
20060728	0.0	19.2	1.21
20060729	2.85	19.03	1.45
20060730	0.23	17.96	1.27
20060731	9.23	16.19	2.23
20060801	4.31	15.12	2.33
20060802	5.52	14.48	2.58
20060803	0.05	15.9	1.43
20060804	0.43	15.98	1.31
20060805	0.0	18.45	1.25
20060806	0.57	19.9	1.29
20060807	0.0	16.17	1.23
20060808	2.74	15.47	1.48
20060809	0.0	15.07	1.34
20060810	0.0	14.37	1.25
20060811	0.01	13.91	1.23
20060812	2.55	14.2	1.36
20060813	4.58	13.71	2.1
20060814	0.09	15.18	1.35
20060815	0.93	13.73	1.45
20060816	7.04	15.27	2.87
20060817	10.41	15.11	3.75
20060818	7.49	14.07	3.9
20060819	10.73	14.9	4.19
20060820	4.21	15.5	2.26
20060821	0.65	15.13	2.26
20060822	0.7	14.95	1.58
20060823	7.47	15.74	2.49
20060824	0.0	14.66	1.67
20060825	2.58	13.27	1.61
20060826	2.29	14.98	1.76
20060827	8.32	14.82	2.5
20060828	8.25	13.47	3.36
20060829	8.65	13.15	6.29
20060830	15.12	13.38	2.78
20060831	10.99	16.91	7.8
20060901	2.97	16.74	3.11
20060902	17.49	14.92	7.61
20060903	3.73	16.69	3.31
20060904	8.66	15.61	2.4
20060905	0.05	18.06	2.47
20060906	1.69	17.44	1.77
20060907	0.0	13.3	1.22
20060908	0.0	12.42	1.06
20060909	0.0	13.57	1.0
20060910	0.0	15.24	1.0
20060911	0.21	17.58	0.98
20060912	0.02	17.74	1.0
20060913	19.38	18.15	1.47
20060914	13.86	15.58	10.36
20060915	0.0	14.59	1.85
20060916	0.0	14.63	1.25
20060917	0.0	15.72	1.09
20060918	3.88	15.35	1.04
20060919	0.08	13.79	1.31
20060920	0.0	16.04	0.96
20060921	0.0	20.26	0.91
20060922	4.62	15.29	1.82
20060923	0.0	15.52	1.09
20060924	4.03	16.3	1.55
20060925	0.01	14.72	1.02
20060926	0.0	14.58	0.96
20060927	1.4	14.82	1.1
20060928	4.15	15.44	1.98
20060929	1.51	13.51	1.95
20060930	7.65	12.96	3.0
20061001	20.19	13.71	6.57
20061002	1.96	12.86	4.9
20061003	2.09	11.39	2.27
20061004	3.41	10.62	1.84
20061005	19.51	12.07	8.68
20061006	3.58	14.1	4.0
20061007	0.03	11.8	2.56
20061008	2.81	12.8	1.97
20061009	0.68	13.03	2.03
20061010	0.68	12.11	1.73
20061011	8.66	14.4	3.97
20061012	0.0	11.84	2.19
20061013	0.0	11.48	1.82
20061014	0.0	12.22	1.73
20061015	0.0	12.26	1.67
20061016	0.73	11.86	1.65
20061017	2.45	12.59	1.84
20061018	6.41	12.59	1.83
20061019	0.62	13.6	2.96
20061020	1.89	12.28	1.98
20061021	3.63	12.19	1.96
20061022	4.92	10.84	2.65
20061023	0.0	9.56	2.39
20061024	0.04	9.25	1.79
20061025	27.84	9.33	11.14
20061026	0.52	12.57	4.35
20061027	3.86	9.16	3.35
20061028	0.92	13.6	2.31
20061029	0.97	11.46	2.0
20061030	4.18	13.21	1.94
20061031	0.77	9.43	2.2
20061101	0.0	4.23	1.55
20061102	0.19	2.38	1.52
20061103	0.0	2.71	1.36
20061104	0.1	6.61	1.35
20061105	0.0	9.12	1.37
20061106	0.0	7.58	1.35
20061107	5.19	7.31	1.34
20061108	3.5	9.72	3.17
20061109	0.0	5.83	1.51
20061110	9.19	6.51	3.6
20061111	5.73	8.62	4.1
20061112	7.41	8.54	3.6
20061113	0.37	11.19	2.89
20061114	6.49	9.47	2.38
20061115	0.24	11.13	3.05
20061116	0.02	8.37	1.92
20061117	0.17	5.79	1.63
20061118	0.08	4.45	1.51
20061119	8.03	5.11	2.55
20061120	6.61	8.22	2.51
20061121	6.95	5.8	4.61
20061122	11.29	5.99	5.94
20061123	1.56	8.46	4.29
20061124	18.87	8.0	7.52
20061125	2.13	8.5	6.58
20061126	0.65	8.15	2.69
20061127	3.01	10.88	2.21
20061128	0.03	9.27	2.29
20061129	0.12	8.94	1.77
20061130	1.47	9.54	1.88
20061201	1.05	9.85	1.71
20061202	6.46	7.97	1.9
20061203	0.1	8.32	2.53
20061204	23.39	8.98	7.0
20061205	10.92	9.56	7.25
20061206	12.56	7.06	11.83
20061207	8.77	7.87	7.97
20061208	0.47	5.85	4.61
20061209	1.47	4.08	3.06
20061210	22.71	6.61	6.93
20061211	0.04	8.13	9.85
20061212	5.86	7.09	5.32
20061213	1.01	10.02	3.3
20061214	9.71	11.21	3.63
20061215	12.71	7.07	9.19
20061216	6.77	4.49	6.26
20061217	0.1	4.51	5.2
20061218	0.0	3.66	3.08
20061219	0.0	2.13	2.5
20061220	0.0	0.95	2.31
20061221	0.0	1.5	2.08
20061222	0.0	1.97	1.96
20061223	0.0	2.36	1.88
20061224	0.0	1.6	1.83
20061225	0.0	2.93	1.74
20061226	0.0	2.43	1.68
20061227	7.12	3.14	2.99
20061228	1.4	6.16	2.38
20061229	15.26	8.48	6.06
20061230	5.13	8.21	6.36
20061231	3.81	8.08	3.36
20070101	7.91	5.65	5.15
20070102	1.7	5.93	3.68
20070103	4.33	9.09	3.42
20070104	0.11	8.44	3.11
20070105	0.64	7.88	2.61
20070106	7.93	5.94	3.42
20070107	9.1	9.03	6.51
20070108	11.61	7.87	9.08
20070109	6.89	10.45	6.52
20070110	12.35	6.17	6.11
20070111	1.12	8.31	6.9
20070112	0.93	9.97	3.43
20070113	3.92	9.03	3.72
20070114	0.0	6.07	2.69
20070115	4.29	7.92	2.92
20070116	10.58	5.94	4.41
20070117	25.4	6.44	11.77
20070118	1.12	7.4	11.19
20070119	7.66	9.32	5.19
20070120	8.83	7.5	5.34
20070121	13.9	3.89	11.83
20070122	0.68	2.24	4.68
20070123	0.49	0.2	3.25
20070124	0.6	2.12	2.9
20070125	1.52	0.97	2.57
20070126	0.0	5.1	2.56
20070127	0.0	5.9	2.31
20070128	0.1	7.43	2.21
20070129	0.06	7.31	2.06
20070130	0.0	5.01	1.98
20070131	1.23	7.8	2.1
20070201	0.03	8.64	1.97
20070202	0.0	6.75	1.9
20070203	0.01	2.4	1.85
20070204	0.01	1.5	1.83
20070205	0.07	1.03	1.7
20070206	0.0	-1.43	1.65
20070207	0.0	-1.76	1.76
20070208	0.0	-0.91	1.74
20070209	3.32	-0.25	1.8
20070210	9.35	2.87	2.72
20070211	6.51	6.21	3.64
20070212	2.24	6.4	3.67
20070213	6.18	6.23	3.75
20070214	0.0	5.92	2.72
20070215	2.97	6.87	2.09
20070216	7.39	6.5	4.72
20070217	0.0	5.78	2.69
20070218	0.0	4.65	2.08
20070219	7.14	6.7	3.5
20070220	1.91	8.32	3.05
20070221	11.04	7.01	4.17
20070222	4.49	8.13	6.27
20070223	2.37	8.09	3.62
20070224	3.84	7.73	3.57
20070225	0.58	7.09	2.99
20070226	7.96	5.97	2.49
20070227	0.76	7.14	4.68
20070228	7.12	7.85	4.33
20070301	0.2	5.71	2.89
20070302	7.18	4.97	3.06
20070303	0.09	6.37	3.78
20070304	12.45	6.11	5.78
20070305	4.54	6.84	3.75
20070306	1.78	8.54	3.66
20070307	0.03	6.85	2.55
20070308	4.1	6.97	2.95
20070309	0.0	6.94	2.32
20070310	0.0	8.36	2.13
20070311	0.09	8.75	2.06
20070312	0.03	8.63	2.01
20070313	0.13	6.62	1.95
20070314	0.0	7.2	1.9
20070315	0.85	7.3	1.94
20070316	1.59	5.99	1.98
20070317	7.7	9.61	3.17
20070318	5.71	4.39	3.01
20070319	0.78	2.97	2.59
20070320	0.01	2.08	2.06
20070321	5.36	1.74	2.37
20070322	0.0	5.26	2.44
20070323	0.01	5.81	2.02
20070324	0.0	4.89	1.94
20070325	0.0	7.69	1.91
20070326	0.0	7.62	1.89
20070327	0.0	6.84	1.9
20070328	3.02	6.54	2.03
20070329	3.36	5.89	2.59
20070330	0.0	7.07	2.03
20070331	0.0	7.69	1.94
20070401	0.0	7.23	1.85
20070402	0.0	7.35	1.82
20070403	0.0	5.93	1.8
20070404	0.0	6.79	1.79
20070405	0.0	8.94	1.77
20070406	0.0	8.34	1.73
20070407	0.0	8.41	1.67
20070408	0.4	9.5	1.66
20070409	0.49	10.34	1.74
20070410	0.0	11.13	1.7
20070411	0.08	10.76	1.72
20070412	0.0	10.34	1.67
20070413	0.0	9.54	1.64
20070414	0.0	13.35	1.6
20070415	0.0	13.77	1.59
20070416	0.0	11.88	1.58
20070417	0.0	9.21	1.57
20070418	0.0	8.49	1.54
20070419	0.0	9.51	1.54
20070420	0.0	9.24	1.54
20070421	0.0	11.99	1.52
20070422	2.91	12.38	1.92
20070423	7.75	13.44	2.43
20070424	3.09	14.11	2.32
20070425	0.0	12.81	1.66
20070426	0.05	10.33	1.43
20070427	0.0	10.47	1.4
20070428	0.0	11.15	1.37
20070429	0.0	10.54	1.39
20070430	0.0	11.04	1.33
20070501	0.0	11.47	1.33
20070502	0.0	10.56	1.3
20070503	0.0	9.83	1.3
20070504	0.0	8.72	1.29
20070505	0.09	10.47	1.3
20070506	2.22	11.94	1.58
20070507	6.25	11.31	1.47
20070508	1.95	11.02	2.21
20070509	5.77	10.58	2.23
20070510	8.99	10.87	1.77
20070511	11.41	9.72	5.22
20070512	3.21	10.9	3.07
20070513	14.26	10.11	4.41
20070514	0.38	9.52	2.34
20070515	1.48	10.3	1.73
20070516	15.68	10.04	4.47
20070517	0.01	13.76	3.0
20070518	0.21	13.18	1.7
20070519	5.31	11.12	1.92
20070520	0.0	10.63	1.45
20070521	0.0	11.05	1.34
20070522	0.0	12.2	1.29
20070523	0.36	14.61	1.28
20070524	0.28	15.53	1.31
20070525	0.0	12.03	1.31
20070526	5.49	9.29	1.65
20070527	0.84	7.95	1.63
20070528	4.02	7.71	2.22
20070529	0.2	8.58	1.46
20070530	0.19	9.48	1.35
20070531	1.29	12.56	1.39
20070601	0.0	14.09	1.3
20070602	0.0	15.82	1.28
20070603	0.11	15.93	1.31
20070604	0.0	14.47	1.28
20070605	0.0	13.24	1.42
20070606	0.0	12.34	1.28
20070607	0.0	12.43	1.3
20070608	0.0	15.58	1.35
20070609	0.0	16.96	1.3
20070610	0.12	16.87	1.36
20070611	1.14	17.57	1.36
20070612	0.92	15.88	1.41
20070613	25.84	14.32	7.79
20070614	26.09	12.39	6.67
20070615	4.33	12.28	5.56
20070616	1.06	13.15	2.17
20070617	0.76	14.04	2.0
20070618	3.85	14.24	2.0
20070619	2.38	15.53	1.71
20070620	0.0	15.96	1.65
20070621	2.11	15.14	1.85
20070622	0.57	14.46	1.57
20070623	4.34	14.24	1.72
20070624	26.03	13.12	3.84
20070625	14.13	12.05	14.46
20070626	2.31	11.02	2.88
20070627	1.8	11.76	2.51
20070628	11.36	11.76	3.48
20070629	1.75	13.47	3.11
20070630	12.27	14.25	5.77
20070701	14.96	15.31	7.42
20070702	12.5	14.77	9.86
20070703	17.28	13.73	11.28
20070704	13.41	14.19	11.1
20070705	15.3	14.17	7.44
20070706	4.28	14.06	7.22
20070707	0.2	14.46	4.55
20070708	7.27	13.66	3.33
20070709	1.11	13.32	2.49
20070710	0.8	13.55	2.12
20070711	0.58	14.39	2.01
20070712	4.84	15.97	2.56
20070713	21.0	14.88	12.43
20070714	0.07	16.25	4.06
20070715	6.07	14.51	3.69
20070716	1.12	16.69	2.63
20070717	3.67	15.24	3.39
20070718	1.43	15.28	2.4
20070719	0.0	15.23	1.96
20070720	8.75	13.28	2.44
20070721	4.49	11.57	3.38
20070722	1.8	13.41	2.47
20070723	0.07	14.0	2.0
20070724	5.14	14.91	1.98
20070725	2.3	14.93	2.86
20070726	10.51	14.5	6.18
20070727	1.0	15.18	2.93
20070728	0.45	14.49	2.19
20070729	0.0	13.03	1.86
20070730	0.0	13.29	1.78
20070731	0.0	14.68	1.71
20070801	0.0	15.11	1.66
20070802	0.0	14.67	1.64
20070803	0.0	16.36	1.63
20070804	0.08	18.19	1.6
20070805	1.76	19.11	1.61
20070806	0.35	15.4	1.8
20070807	0.0	13.16	1.63
20070808	0.0	13.21	1.6
20070809	0.0	14.05	1.65
20070810	0.0	15.04	1.68
20070811	2.34	16.69	1.78
20070812	4.14	15.03	2.25
20070813	6.15	14.34	2.52
20070814	12.44	15.37	4.55
20070815	3.3	14.79	2.4
20070816	5.03	12.69	2.32
20070817	2.83	13.35	2.0
20070818	12.11	14.42	3.81
20070819	1.91	13.57	3.49
20070820	0.03	12.26	2.17
20070821	0.0	14.36	1.82
20070822	0.0	15.52	1.72
20070823	0.0	15.39	1.68
20070824	0.0	15.96	1.71
20070825	0.0	17.0	1.65
20070826	0.0	14.59	1.63
20070827	0.0	13.2	1.67
20070828	0.0	13.4	1.63
20070829	0.72	13.07	1.61
20070830	0.18	15.4	2.06
20070831	0.76	15.54	1.96
20070901	1.58	15.38	1.64
20070902	7.51	15.38	2.93
20070903	0.0	12.74	1.76
20070904	1.35	12.56	1.65
20070905	0.0	16.87	1.8
20070906	0.0	17.06	1.65
20070907	0.0	15.72	1.63
20070908	0.0	14.65	1.59
20070909	0.16	14.48	1.57
20070910	0.0	14.79	1.53
20070911	0.0	13.01	1.46
20070912	0.0	15.3	1.45
20070913	2.52	14.98	1.48
20070914	0.0	13.8	1.73
20070915	0.0	12.13	1.45
20070916	3.05	14.41	1.9
20070917	0.41	9.99	1.95
20070918	1.69	8.48	1.76
20070919	13.54	13.56	4.11
20070920	6.84	14.48	2.71
20070921	8.54	13.35	5.77
20070922	0.0	13.76	1.86
20070923	15.8	15.26	3.42
20070924	22.16	12.54	11.02
20070925	0.05	11.13	4.56
20070926	0.07	7.7	2.32
20070927	0.17	7.96	1.84
20070928	0.6	10.78	1.86
20070929	0.1	11.42	1.65
20070930	0.0	9.65	1.52
20071001	0.05	10.54	1.49
20071002	0.26	11.06	1.42
20071003	5.2	12.62	2.35
20071004	0.09	11.05	1.57
20071005	0.0	9.65	1.49
20071006	0.0	10.92	1.45
20071007	1.41	11.36	1.52
20071008	17.46	11.0	3.55
20071009	1.22	11.8	5.39
20071010	0.0	11.75	1.98
20071011	1.27	12.4	1.78
20071012	0.38	15.16	1.65
20071013	0.46	14.51	1.59
20071014	0.02	12.99	1.54
20071015	1.94	12.74	1.68
20071016	1.79	11.2	1.71
20071017	0.03	8.6	1.52
20071018	0.0	6.29	1.47
20071019	0.0	7.1	1.42
20071020	0.0	7.03	1.4
20071021	0.0	7.17	1.4
20071022	0.0	7.29	1.41
20071023	0.07	6.52	1.39
20071024	0.05	6.13	1.4
20071025	0.0	8.89	1.4
20071026	0.86	9.32	1.42
20071027	8.79	12.44	1.4
20071028	7.14	12.87	3.79
20071029	2.42	8.26	2.5
20071030	0.04	9.57	1.72
20071031	0.0	12.28	1.49
20071101	0.0	12.88	1.47
20071102	0.02	12.27	1.46
20071103	0.04	10.46	1.41
20071104	0.0	6.78	1.4
20071105	2.18	8.83	1.6
20071106	0.85	8.15	1.39
20071107	2.82	11.12	1.8
20071108	5.0	9.28	2.49
20071109	0.96	6.9	1.64
20071110	4.02	10.97	1.89
20071111	0.0	7.51	1.86
20071112	2.56	1.92	1.64
20071113	0.36	7.03	1.78
20071114	0.04	5.2	1.53
20071115	0.12	2.64	1.45
20071116	0.06	3.79	1.42
20071117	15.39	6.51	2.53
20071118	3.52	3.84	4.88
20071119	0.2	5.2	2.23
20071120	2.16	6.55	1.82
20071121	1.28	7.54	1.96
20071122	0.6	5.74	1.7
20071123	0.14	1.27	1.52
20071124	5.65	4.89	3.02
20071125	0.12	6.98	1.92
20071126	0.52	5.82	1.68
20071127	0.79	7.55	1.59
20071128	10.46	8.81	4.1
20071129	2.14	6.66	3.01
20071130	9.17	9.9	6.23
20071201	11.27	6.53	4.25
20071202	13.9	7.06	12.79
20071203	3.92	5.83	4.86
20071204	1.04	9.04	3.05
20071205	6.9	10.98	3.43
20071206	21.02	10.45	8.78
20071207	4.57	6.61	6.63
20071208	19.72	5.05	11.81
20071209	1.41	5.47	5.22
20071210	0.0	3.69	3.11
20071211	0.01	1.38	2.29
20071212	0.0	2.16	2.09
20071213	0.1	1.36	1.9
20071214	0.04	0.23	1.76
20071215	0.0	0.08	1.71
20071216	0.07	-0.28	1.61
20071217	0.0	0.6	1.57
20071218	0.06	3.09	1.53
20071219	0.0	2.33	1.55
20071220	0.02	-0.09	1.49
20071221	0.06	-0.86	1.42
20071222	3.69	1.55	1.82
20071223	0.0	1.57	1.45
20071224	6.74	6.39	2.35
20071225	1.65	3.97	1.89
20071226	0.12	6.09	1.61
20071227	10.51	10.02	4.66
20071228	7.56	9.9	4.8
20071229	3.92	5.44	4.36
20071230	0.26	5.47	4.25
20071231	2.03	6.45	2.41
20080101	0.22	7.02	2.13
20080102	0.0	3.71	2.1
20080103	4.42	0.4	1.77
20080104	5.07	3.22	2.27
20080105	0.23	5.25	2.25
20080106	8.1	4.37	2.2
20080107	8.42	5.26	6.3
20080108	6.34	6.06	5.48
20080109	26.5	4.31	14.22
20080110	5.02	7.11	9.91
20080111	0.89	2.61	3.82
20080112	5.61	3.29	4.07
20080113	2.38	8.58	3.29
20080114	13.93	6.77	3.96
20080115	26.23	6.58	19.0
20080116	3.8	3.89	9.18
20080117	10.66	5.48	8.51
20080118	17.36	9.29	11.36
20080119	20.18	8.87	14.7
20080120	22.5	9.62	13.98
20080121	12.23	7.19	21.87
20080122	2.28	3.51	5.93
20080123	9.57	10.23	7.56
20080124	0.26	6.58	5.22
20080125	0.0	8.37	3.62
20080126	0.0	8.76	2.87
20080127	0.0	8.25	2.51
20080128	0.0	6.24	2.43
20080129	0.98	7.77	2.25
20080130	10.15	4.48	2.47
20080131	2.63	4.93	5.76
20080201	0.65	3.14	4.0
20080202	2.51	2.27	3.04
20080203	2.52	5.23	2.69
20080204	6.66	4.6	3.15
20080205	5.64	7.06	4.74
20080206	0.27	5.33	3.12
20080207	0.11	8.22	2.52
20080208	0.0	8.33	2.29
20080209	0.0	6.94	2.09
20080210	0.0	4.31	1.97
20080211	0.06	3.95	1.98
20080212	0.07	4.67	1.84
20080213	0.0	4.06	1.73
20080214	0.0	3.32	1.83
20080215	0.0	3.21	1.73
20080216	0.0	-0.09	1.67
20080217	0.01	-1.0	1.64
20080218	0.06	-0.3	1.65
20080219	0.07	-1.04	1.64
20080220	3.2	0.89	1.64
20080221	8.55	8.08	2.61
20080222	0.64	9.59	3.42
20080223	0.0	8.38	2.04
20080224	1.41	7.53	2.23
20080225	15.28	5.27	5.84
20080226	0.0	7.91	3.79
20080227	0.0	6.19	2.32
20080228	0.0	5.22	1.98
20080229	16.55	7.05	6.61
20080301	8.68	8.1	6.63
20080302	3.0	8.0	4.11
20080303	2.21	3.16	3.66
20080304	1.24	2.81	2.81
20080305	0.19	3.89	2.35
20080306	1.98	8.52	2.27
20080307	0.62	6.59	2.44
20080308	6.09	7.57	4.0
20080309	2.13	5.07	2.56
20080310	6.86	4.87	3.91
20080311	7.68	6.48	3.32
20080312	1.27	5.91	5.04
20080313	4.06	6.21	3.39
20080314	0.03	6.68	2.69
20080315	0.91	7.89	2.53
20080316	0.14	6.02	2.26
20080317	0.0	3.96	2.08
20080318	0.0	3.67	2.08
20080319	0.0	3.85	1.91
20080320	6.74	6.84	3.39
20080321	0.05	4.39	2.35
20080322	1.56	2.48	2.01
20080323	6.84	2.21	3.72
20080324	0.13	2.14	2.33
20080325	1.32	2.83	2.14
20080326	2.22	4.5	2.39
20080327	7.95	4.98	2.86
20080328	7.51	5.98	6.24
20080329	13.17	6.63	9.56
20080330	0.03	7.61	4.16
20080331	4.04	7.59	3.09
20080401	0.3	9.31	2.63
20080402	0.0	9.38	2.21
20080403	0.0	10.62	2.08
20080404	3.45	9.53	2.19
20080405	2.64	4.72	2.61
20080406	2.6	1.37	2.35
20080407	6.88	3.2	3.07
20080408	1.31	3.49	3.21
20080409	5.93	4.75	3.91
20080410	2.49	5.61	2.92
20080411	13.88	4.9	4.97
20080412	15.36	5.49	9.28
20080413	0.53	5.33	6.51
20080414	0.66	4.96	3.23
20080415	0.75	4.02	2.84
20080416	0.85	4.22	2.47
20080417	0.23	4.69	2.53
20080418	0.02	6.02	2.26
20080419	0.0	6.36	2.14
20080420	0.54	6.78	2.08
20080421	0.0	8.36	2.06
20080422	1.15	9.29	2.01
20080423	4.67	9.68	2.08
20080424	1.91	9.05	2.86
20080425	1.06	10.21	2.28
20080426	3.71	12.42	2.03
20080427	4.4	11.26	3.29
20080428	4.67	8.48	3.32
20080429	4.67	7.78	2.95
20080430	2.42	7.69	3.06
20080501	0.09	8.74	2.37
20080502	0.0	9.51	2.12
20080503	0.87	12.78	2.01
20080504	6.5	14.25	3.01
20080505	0.03	13.66	2.29
20080506	0.0	14.39	2.13
20080507	0.0	15.22	2.06
20080508	0.0	15.53	2.12
20080509	0.02	15.46	2.12
20080510	0.2	16.51	2.08
20080511	0.04	16.55	2.06
20080512	0.0	14.34	2.02
20080513	0.0	11.93	2.02
20080514	0.0	10.79	1.96
20080515	0.0	10.26	1.9
20080516	0.94	9.98	1.9
20080517	0.63	9.63	1.88
20080518	0.0	8.72	1.78
20080519	0.0	8.36	1.72
20080520	0.0	9.27	1.67
20080521	0.0	10.77	1.65
20080522	0.02	12.55	1.61
20080523	0.0	12.95	1.65
20080524	0.0	11.88	1.55
20080525	0.0	11.5	1.52
20080526	5.72	11.51	1.52
20080527	9.87	10.77	2.89
20080528	2.66	12.4	3.43
20080529	2.11	14.34	1.74
20080530	0.0	14.13	1.76
20080531	0.0	15.16	1.65
20080601	5.93	12.82	2.71
20080602	4.79	14.52	1.63
20080603	1.38	13.4	2.57
20080604	0.0	13.62	1.58
20080605	0.01	13.93	1.48
20080606	0.11	12.89	1.48
20080607	0.01	13.39	1.45
20080608	0.0	15.73	1.42
20080609	0.0	16.9	1.42
20080610	0.0	15.19	1.41
20080611	0.15	13.12	1.4
20080612	0.0	11.22	1.42
20080613	0.08	10.7	1.54
20080614	0.04	11.47	1.49
20080615	0.0	10.89	1.48
20080616	0.0	11.61	1.49
20080617	9.94	12.28	1.71
20080618	15.17	13.2	6.74
20080619	0.19	13.49	2.21
20080620	0.08	13.05	1.6
20080621	7.11	11.62	2.38
20080622	1.41	14.43	1.97
20080623	0.0	13.07	1.65
20080624	0.19	13.68	1.61
20080625	0.8	14.88	1.67
20080626	44.33	13.04	18.28
20080627	1.69	13.98	3.73
20080628	1.76	15.62	2.22
20080629	3.05	14.24	2.61
20080630	0.0	14.77	1.79
20080701	8.53	17.6	3.05
20080702	0.4	14.7	1.95
20080703	0.73	14.02	1.95
20080704	3.24	14.76	1.6
20080705	6.76	14.55	2.94
20080706	11.45	13.86	4.84
20080707	7.25	13.32	4.12
20080708	0.05	13.11	2.1
20080709	18.92	13.97	8.2
20080710	8.42	14.8	3.67
20080711	6.71	12.88	4.05
20080712	0.3	12.2	2.72
20080713	0.0	14.13	2.03
20080714	0.57	15.99	1.86
20080715	0.17	17.54	1.79
20080716	8.37	13.97	1.89
20080717	5.83	13.51	4.3
20080718	12.15	14.86	6.75
20080719	0.96	14.19	4.27
20080720	0.0	12.54	2.38
20080721	0.01	13.63	1.94
20080722	0.0	16.51	1.85
20080723	0.0	18.5	1.84
20080724	0.0	18.07	1.76
20080725	2.54	18.77	1.88
20080726	0.0	18.27	1.67
20080727	0.36	18.88	1.52
20080728	10.71	19.37	2.51
20080729	2.08	17.84	2.83
20080730	0.47	18.01	1.97
20080731	7.03	18.38	2.56
20080801	3.36	16.62	2.19
20080802	2.94	16.35	2.65
20080803	1.3	15.7	1.92
20080804	0.29	15.43	1.82
20080805	4.81	15.2	2.29
20080806	3.12	17.9	2.0
20080807	1.17	16.19	2.04
20080808	0.0	14.48	1.68
20080809	16.47	14.46	4.94
20080810	4.44	15.91	4.11
20080811	12.66	15.08	3.12
20080812	13.95	13.63	12.67
20080813	5.61	13.4	4.94
20080814	0.0	13.74	3.47
20080815	0.27	14.25	2.32
20080816	20.8	14.73	8.64
20080817	2.61	14.43	4.3
20080818	10.65	14.74	4.18
20080819	2.84	15.4	5.37
20080820	7.13	15.08	4.11
20080821	2.83	15.22	4.48
20080822	0.0	13.12	3.15
20080823	6.26	13.93	2.99
20080824	0.84	15.26	2.81
20080825	0.19	16.03	2.08
20080826	0.04	16.13	1.95
20080827	0.49	16.34	1.9
20080828	1.13	17.27	1.91
20080829	0.02	18.14	1.85
20080830	0.0	18.56	1.77
20080831	2.4	15.43	2.1
20080901	6.6	13.91	2.65
20080902	8.72	12.52	4.43
20080903	11.02	11.72	6.15
20080904	9.75	11.61	4.77
20080905	30.35	11.95	18.04
20080906	4.05	13.71	7.9
20080907	3.81	13.76	5.95
20080908	3.41	13.62	3.54
20080909	1.67	13.33	3.72
20080910	2.41	14.64	2.75
20080911	0.04	15.38	2.78
20080912	4.4	13.27	3.11
20080913	0.08	14.21	2.63
20080914	0.07	12.85	2.22
20080915	0.13	12.73	2.01
20080916	1.01	11.79	1.97
20080917	0.0	12.07	1.88
20080918	0.0	12.43	1.91
20080919	0.0	13.78	1.86
20080920	0.0	13.74	1.79
20080921	0.0	12.7	1.82
20080922	0.0	12.44	1.72
20080923	0.08	10.79	1.74
20080924	0.13	12.54	1.72
20080925	0.08	12.89	1.73
20080926	0.0	11.54	1.73
20080927	0.02	11.44	1.73
20080928	0.78	10.22	1.73
20080929	19.05	10.68	3.18
20080930	30.13	11.43	16.13
20081001	14.51	9.86	10.68
20081002	3.74	7.7	5.47
20081003	0.57	6.51	3.0
20081004	36.72	9.05	17.57
20081005	0.08	8.26	8.39
20081006	1.1	8.39	3.56
20081007	6.97	13.36	4.79
20081008	0.0	10.49	3.01
20081009	0.03	10.79	2.38
20081010	0.64	13.68	2.23
20081011	0.66	12.87	2.41
20081012	0.18	12.97	2.06
20081013	1.73	13.17	2.04
20081014	17.97	11.64	7.72
20081015	4.71	10.34	4.48
20081016	1.18	8.54	3.37
20081017	0.02	8.72	2.65
20081018	0.69	10.34	2.31
20081019	2.67	11.5	2.17
20081020	6.13	11.85	2.89
20081021	10.76	7.52	4.03
20081022	0.05	8.26	5.35
20081023	7.09	11.6	4.31
20081024	0.0	9.07	2.84
20081025	38.08	9.82	16.25
20081026	6.92	10.11	12.31
20081027	0.44	5.26	4.88
20081028	0.02	2.16	3.31
20081029	0.35	1.73	2.83
20081030	0.88	3.03	2.84
20081031	0.16	3.55	2.27
20081101	0.89	4.61	2.13
20081102	1.09	6.61	2.23
20081103	0.0	7.73	2.03
20081104	0.02	8.35	1.96
20081105	0.01	8.34	1.94
20081106	4.08	8.16	1.98
20081107	1.96	8.35	2.49
20081108	6.88	9.09	4.18
20081109	9.82	6.12	6.29
20081110	5.82	6.05	3.49
20081111	7.14	7.29	5.77
20081112	0.93	6.86	3.15
20081113	2.73	8.62	3.13
20081114	0.62	11.28	2.64
20081115	0.35	10.57	2.35
20081116	1.16	7.27	2.14
20081117	5.56	5.73	3.33
20081118	0.04	8.52	2.5
20081119	2.38	9.24	2.45
20081120	0.47	9.88	2.39
20081121	0.69	5.87	2.2
20081122	4.98	2.12	2.2
20081123	4.16	2.83	5.08
20081124	0.18	3.81	2.56
20081125	0.38	2.99	2.12
20081126	1.1	8.06	2.21
20081127	3.35	7.11	2.86
20081128	0.06	1.79	2.28
20081129	0.11	-0.61	2.01
20081130	0.02	-0.79	1.91
20081201	0.42	0.11	1.85
20081202	4.48	0.92	2.43
20081203	9.32	0.34	2.44
20081204	17.49	2.96	14.46
20081205	0.79	3.36	6.55
20081206	0.14	2.19	3.13
20081207	0.2	1.31	2.5
20081208	7.14	4.19	4.59
20081209	0.19	2.07	2.76
20081210	0.2	1.79	2.43
20081211	0.52	0.72	2.19
20081212	14.64	2.72	3.84
20081213	6.58	4.77	9.17
20081214	0.0	2.16	3.42
20081215	0.12	1.69	2.61
20081216	3.75	4.98	3.06
20081217	2.72	5.12	3.09
20081218	3.6	8.65	3.5
20081219	14.41	6.01	9.11
20081220	5.89	8.72	5.68
20081221	3.49	10.25	4.36
20081222	0.23	9.46	3.27
20081223	0.0	6.87	2.58
20081224	0.0	5.99	2.31
20081225	0.0	5.22	2.08
20081226	0.0	2.58	1.97
20081227	0.06	0.7	1.95
20081228	0.0	1.86	1.85
20081229	0.0	0.77	1.79
20081230	0.13	-1.6	1.74
20081231	0.0	-3.18	1.73
20090101	0.05	-2.02	1.67
20090102	0.0	0.48	1.71
20090103	0.06	-1.3	1.67
20090104	0.06	-0.78	1.68
20090105	0.8	-0.03	1.66
20090106	0.0	-2.92	1.68
20090107	3.77	1.12	2.02
20090108	0.0	2.3	1.86
20090109	0.0	0.6	1.7
20090110	0.09	0.17	1.65
20090111	5.53	7.05	1.96
20090112	4.86	8.46	4.34
20090113	1.12	4.94	2.63
20090114	0.74	1.75	2.23
20090115	0.64	6.15	1.96
20090116	5.07	6.65	2.15
20090117	4.12	6.69	3.27
20090118	1.13	3.9	2.15
20090119	7.76	2.78	4.21
20090120	3.94	3.02	3.64
20090121	14.04	3.01	5.27
20090122	3.38	5.63	6.72
20090123	1.42	3.1	4.09
20090124	1.89	2.3	2.86
20090125	0.0	5.06	2.47
20090126	0.0	3.91	2.14
20090127	11.96	3.87	5.33
20090128	0.0	4.94	3.88
20090129	0.3	3.62	2.51
20090130	1.25	3.46	2.34
20090131	0.0	3.21	2.13
20090201	0.04	0.58	1.97
20090202	4.08	-0.72	2.33
20090203	0.82	0.11	2.29
20090204	1.08	-0.44	2.31
20090205	0.53	-0.79	2.02
20090206	0.0	-0.44	1.89
20090207	0.07	0.32	1.8
20090208	1.21	-0.96	1.89
20090209	2.65	0.94	2.38
20090210	1.53	1.83	2.21
20090211	0.18	1.24	2.45
20090212	0.97	0.12	2.1
20090213	0.0	2.87	2.04
20090214	0.65	2.47	1.95
20090215	0.01	5.98	1.91
20090216	0.54	7.06	1.85
20090217	0.06	8.26	1.79
20090218	0.0	7.37	1.76
20090219	0.1	6.39	1.73
20090220	0.83	4.77	1.79
20090221	0.35	6.74	1.67
20090222	0.96	7.93	1.67
20090223	0.13	8.11	1.68
20090224	0.0	7.73	1.64
20090225	0.02	7.37	1.61
20090226	7.05	6.79	2.0
20090227	0.3	8.57	2.17
20090228	0.0	6.81	1.74
20090301	0.07	5.97	1.67
20090302	1.3	5.54	1.73
20090303	5.06	5.89	2.43
20090304	0.28	2.06	2.0
20090305	0.3	1.25	1.68
20090306	0.88	3.72	1.67
20090307	3.38	7.7	2.1
20090308	5.65	4.48	2.57
20090309	8.28	5.57	3.7
20090310	0.0	6.02	2.93
20090311	2.43	6.3	2.13
20090312	0.01	8.96	2.22
20090313	1.02	7.25	1.84
20090314	0.0	8.52	1.83
20090315	0.0	8.18	1.67
20090316	0.0	7.88	1.65
20090317	0.0	7.31	1.61
20090318	0.0	7.05	1.67
20090319	0.0	6.38	1.64
20090320	0.0	6.54	1.6
20090321	0.0	6.8	1.55
20090322	0.03	7.92	1.57
20090323	1.64	7.51	1.73
20090324	14.85	5.76	3.07
20090325	7.7	7.84	5.54
20090326	2.02	7.22	4.35
20090327	1.5	5.55	2.5
20090328	0.83	4.56	2.02
20090329	0.05	3.45	1.92
20090330	0.0	7.41	1.77
20090331	0.0	9.42	1.77
20090401	0.0	9.36	1.73
20090402	0.0	8.06	1.7
20090403	1.95	7.17	1.7
20090404	0.01	8.35	1.86
20090405	0.0	7.16	1.67
20090406	3.02	8.55	2.07
20090407	1.61	8.86	1.85
20090408	2.3	8.85	1.9
20090409	0.55	10.48	2.1
20090410	2.77	9.82	2.22
20090411	0.0	8.19	1.79
20090412	0.0	7.73	1.72
20090413	0.0	8.91	1.74
20090414	0.1	9.7	1.71
20090415	0.05	10.09	1.7
20090416	0.0	9.3	1.59
20090417	0.06	8.58	1.52
20090418	0.0	7.55	1.46
20090419	0.0	8.12	1.45
20090420	0.0	9.74	1.43
20090421	0.0	9.44	1.43
20090422	0.0	9.71	1.4
20090423	0.0	11.66	1.36
20090424	0.0	12.53	1.37
20090425	0.0	10.33	1.35
20090426	12.91	9.02	1.72
20090427	4.31	7.29	4.25
20090428	7.73	7.24	3.23
20090429	0.6	9.8	2.03
20090430	2.65	11.1	1.94
20090501	3.28	11.37	1.94
20090502	2.95	10.21	1.6
20090503	1.56	8.83	1.71
20090504	10.85	8.67	2.62
20090505	6.21	11.6	3.76
20090506	3.25	12.01	2.95
20090507	0.69	10.64	2.31
20090508	5.23	9.28	2.61
20090509	0.38	9.33	1.89
20090510	0.01	9.76	1.67
20090511	0.0	8.7	1.57
20090512	0.0	9.21	1.59
20090513	0.03	9.89	1.53
20090514	13.67	10.88	2.03
20090515	5.81	10.16	4.83
20090516	1.71	9.89	2.02
20090517	7.9	9.09	3.55
20090518	3.56	10.72	2.87
20090519	5.25	10.63	4.0
20090520	10.26	11.12	3.39
20090521	1.93	11.18	4.25
20090522	4.53	11.35	3.04
20090523	0.0	13.05	2.15
20090524	0.0	12.75	1.86
20090525	1.67	13.45	1.94
20090526	1.42	11.23	1.76
20090527	4.24	11.97	2.34
20090528	0.01	15.26	1.96
20090529	0.0	16.88	1.74
20090530	0.0	15.28	1.67
20090531	0.0	15.54	1.66
20090601	0.0	16.87	1.58
20090602	0.0	16.69	1.72
20090603	0.0	12.68	1.8
20090604	0.0	10.7	1.7
20090605	18.93	9.36	4.52
20090606	2.6	9.0	3.08
20090607	0.48	9.96	2.02
20090608	0.0	10.76	1.79
20090609	0.0	10.93	1.8
20090610	8.38	11.37	2.72
20090611	0.02	11.29	1.96
20090612	0.0	12.08	1.72
20090613	0.0	15.41	1.65
20090614	2.81	14.79	2.2
20090615	2.59	13.47	2.26
20090616	0.06	14.66	1.92
20090617	14.78	13.38	5.14
20090618	3.16	12.31	2.32
20090619	3.69	12.59	2.1
20090620	1.16	12.87	2.61
20090621	0.36	13.86	1.82
20090622	0.14	16.66	1.68
20090623	0.74	18.17	1.82
20090624	0.0	16.3	1.63
20090625	0.0	16.25	1.53
20090626	0.24	15.95	1.6
20090627	2.53	16.88	2.46
20090628	6.37	18.01	2.57
20090629	0.39	19.66	1.76
20090630	1.03	20.03	1.86
20090701	0.31	22.02	1.63
20090702	0.0	21.76	1.51
20090703	16.55	17.42	6.72
20090704	0.73	17.28	1.94
20090705	0.99	16.94	1.63
20090706	10.06	14.87	2.29
20090707	15.44	14.38	6.0
20090708	0.0	13.96	2.21
20090709	0.23	13.24	1.94
20090710	0.0	13.62	1.64
20090711	16.53	15.69	5.59
20090712	0.29	15.88	2.87
20090713	0.79	15.37	1.94
20090714	4.84	15.2	1.82
20090715	0.31	16.0	2.72
20090716	8.19	15.28	3.21
20090717	17.4	13.74	8.2
20090718	10.92	14.61	4.19
20090719	7.53	13.98	9.23
20090720	0.73	14.52	2.71
20090721	7.67	14.35	3.56
20090722	1.86	15.31	2.63
20090723	5.74	15.53	4.52
20090724	3.04	14.34	3.25
20090725	1.6	15.04	2.06
20090726	6.71	14.11	3.21
20090727	2.43	14.64	2.69
20090728	6.48	14.38	3.79
20090729	15.06	14.3	9.79
20090730	5.01	13.52	8.75
20090731	2.45	14.04	3.3
20090801	3.28	14.54	3.73
20090802	0.01	14.36	2.58
20090803	0.58	15.95	2.1
20090804	0.22	17.69	1.98
20090805	0.02	17.61	1.85
20090806	0.0	15.88	1.78
20090807	0.0	15.84	1.86
20090808	0.0	15.27	1.8
20090809	1.21	16.46	1.74
20090810	0.9	16.37	1.91
20090811	4.89	16.63	1.97
20090812	0.0	16.41	2.26
20090813	0.0	15.09	1.89
20090814	0.0	15.55	1.82
20090815	3.61	17.75	2.19
20090816	0.72	15.52	2.01
20090817	0.01	15.89	1.9
20090818	0.0	16.19	1.82
20090819	0.09	19.17	1.77
20090820	2.55	17.17	1.92
20090821	3.16	13.54	1.84
20090822	0.11	14.69	1.71
20090823	9.06	17.57	2.58
20090824	4.5	15.2	3.36
20090825	6.76	13.77	2.83
20090826	3.35	14.98	3.74
20090827	3.84	15.92	2.61
20090828	7.82	12.81	4.19
20090829	1.31	12.96	2.61
20090830	6.03	14.28	3.17
20090831	6.36	17.94	4.0
20090901	2.3	13.74	3.85
20090902	18.05	13.3	4.7
20090903	9.24	12.79	10.53
20090904	5.94	12.52	6.93
20090905	0.35	12.76	3.27
20090906	3.45	13.57	2.55
20090907	0.74	16.1	2.68
20090908	4.38	17.23	2.71
20090909	0.01	13.07	2.43
20090910	0.0	12.16	2.06
20090911	0.0	12.83	1.91
20090912	0.0	13.69	1.85
20090913	0.0	12.52	1.77
20090914	0.0	12.11	1.76
20090915	0.0	12.89	1.74
20090916	0.0	11.77	1.77
20090917	0.0	11.12	1.73
20090918	0.0	12.65	1.74
20090919	0.0	13.71	1.72
20090920	0.0	12.06	1.71
20090921	1.61	12.93	1.66
20090922	2.41	14.77	2.22
20090923	0.06	12.99	1.76
20090924	0.0	12.02	1.63
20090925	0.0	12.36	1.59
20090926	0.0	12.79	1.57
20090927	0.0	13.43	1.57
20090928	1.24	14.69	1.55
20090929	0.02	14.68	1.61
20090930	5.12	14.62	2.37
20091001	0.23	11.06	1.79
20091002	3.78	11.56	2.13
20091003	0.94	12.29	1.74
20091004	0.44	9.5	1.63
20091005	11.85	8.95	1.96
20091006	15.57	12.75	11.04
20091007	0.09	8.01	2.8
20091008	0.01	7.69	1.92
20091009	0.2	8.43	1.76
20091010	0.65	11.65	1.66
20091011	1.28	11.63	1.97
20091012	0.01	8.59	1.63
20091013	0.01	9.18	1.61
20091014	0.75	12.16	1.64
20091015	0.14	12.16	1.7
20091016	0.0	10.11	1.59
20091017	0.0	7.62	1.57
20091018	0.36	7.98	1.58
20091019	0.0	9.71	1.59
20091020	5.83	8.54	2.2
20091021	0.0	10.9	1.89
20091022	0.04	10.91	1.65
20091023	1.52	11.17	1.61
20091024	5.13	12.68	2.84
20091025	4.49	12.23	2.5
20091026	0.52	11.49	2.29
20091027	0.94	12.54	1.83
20091028	0.0	12.9	1.67
20091029	0.0	11.76	1.66
20091030	3.35	12.34	1.89
20091031	10.51	12.88	2.34
20091101	14.54	10.76	8.93
20091102	8.42	7.99	3.53
20091103	27.42	8.43	13.26
20091104	7.05	7.12	13.62
20091105	9.57	7.5	8.1
20091106	11.04	6.83	6.44
20091107	2.77	5.76	6.36
20091108	0.04	5.86	2.99
20091109	2.84	4.05	2.41
20091110	2.3	5.56	3.3
20091111	0.66	5.88	2.37
20091112	6.02	8.87	3.62
20091113	9.19	8.56	5.72
20091114	6.37	9.56	5.45
20091115	3.57	7.78	2.81
20091116	1.3	8.8	3.6
20091117	26.34	8.81	6.11
20091118	2.06	10.05	14.22
20091119	2.47	12.72	3.63
20091120	0.01	10.64	2.86
20091121	3.93	9.64	3.12
20091122	10.7	8.17	4.92
20091123	6.71	8.68	5.65
20091124	8.63	10.39	7.65
20091125	6.04	7.82	6.2
20091126	2.75	6.05	3.73
20091127	7.29	5.04	4.68
20091128	2.9	3.11	5.01
20091129	8.12	4.88	6.85
20091130	0.0	3.15	3.78
20091201	7.39	1.01	4.19
20091202	2.52	5.43	3.61
20091203	2.4	4.79	3.68
20091204	4.7	3.85	3.41
20091205	14.07	7.29	6.85
20091206	0.98	8.25	8.41
20091207	3.41	6.83	3.55
20091208	1.3	6.64	3.14
20091209	3.21	8.31	2.99
20091210	0.0	5.52	2.5
20091211	0.16	1.63	2.39
20091212	0.01	3.38	2.03
20091213	0.11	2.85	1.95
20091214	3.17	3.57	2.41
20091215	0.51	3.83	2.15
20091216	1.73	3.97	2.17
20091217	0.02	1.26	2.04
20091218	0.02	-1.77	1.86
20091219	4.16	-2.03	2.15
20091220	4.92	-1.19	1.98
20091221	0.75	-0.33	2.04
20091222	5.56	-1.09	1.97
20091223	4.1	-1.07	1.98
20091224	1.1	-0.23	2.92
20091225	5.66	0.33	3.76
20091226	3.43	3.27	6.3
20091227	1.9	2.86	7.93
20091228	0.27	-1.02	3.5
20091229	5.72	1.06	3.56
20091230	1.76	2.01	5.22
20091231	0.01	0.73	2.92
20100101	0.01	-1.03	2.31
20100102	3.57	0.38	2.25
20100103	1.07	-2.14	2.13
20100104	2.75	-3.28	2.1
20100105	2.53	-0.8	2.22
20100106	0.77	-1.74	2.09
20100107	0.0	-5.52	1.86
20100108	0.78	-4.97	1.79
20100109	0.01	-2.85	1.77
20100110	10.03	1.13	2.08
20100111	0.69	0.75	2.28
20100112	0.16	0.63	2.14
20100113	0.81	-0.23	2.13
20100114	4.61	0.13	2.13
20100115	10.46	2.55	9.09
20100116	1.29	4.38	9.62
20100117	0.01	4.35	3.78
20100118	1.18	5.44	3.09
20100119	0.02	3.29	2.66
20100120	0.0	2.5	2.44
20100121	13.98	2.45	4.43
20100122	3.85	5.44	7.95
20100123	0.43	3.14	3.14
20100124	2.24	2.74	3.01
20100125	0.04	2.18	2.49
20100126	0.05	1.34	2.15
20100127	0.66	4.5	2.16
20100128	6.33	4.74	2.45
20100129	0.06	2.12	2.88
20100130	0.0	-0.37	2.1
20100131	0.23	-0.04	2.02
20100201	10.3	1.44	2.83
20100202	4.01	3.68	4.3
20100203	3.74	0.05	3.21
20100204	2.73	3.98	2.93
20100205	0.04	4.99	2.86
20100206	0.09	2.53	2.22
20100207	0.38	2.58	2.09
20100208	0.09	1.68	2.03
20100209	0.04	1.83	1.94
20100210	0.1	0.57	1.92
20100211	0.01	0.04	1.82
20100212	0.51	2.63	1.8
20100213	0.0	2.18	1.79
20100214	0.59	2.29	1.76
20100215	15.77	2.97	5.21
20100216	2.54	1.75	5.16
20100217	0.63	0.24	2.74
20100218	3.12	0.69	2.65
20100219	0.87	0.57	2.43
20100220	0.08	0.02	2.07
20100221	2.96	0.06	2.63
20100222	0.12	0.0	2.1
20100223	1.72	0.21	1.85
20100224	0.07	3.73	2.1
20100225	8.71	4.8	2.75
20100226	6.6	3.52	7.87
20100227	0.2	2.79	3.15
20100228	0.0	2.96	2.51
20100301	0.13	2.41	2.08
20100302	0.0	1.76	1.94
20100303	0.0	1.72	1.92
20100304	0.0	1.55	1.79
20100305	0.05	2.73	1.73
20100306	0.0	3.82	1.66
20100307	0.01	-0.27	1.66
20100308	0.0	0.63	1.6
20100309	0.0	3.83	1.6
20100310	0.0	3.31	1.64
20100311	0.32	2.37	1.55
20100312	0.16	5.26	1.64
20100313	0.0	4.93	1.65
20100314	0.0	6.82	1.6
20100315	0.0	6.4	1.53
20100316	0.04	5.71	1.53
20100317	0.0	8.35	1.55
20100318	0.12	10.36	1.58
20100319	8.71	8.98	2.19
20100320	6.02	7.72	4.23
20100321	0.34	6.48	1.98
20100322	5.37	7.73	2.7
20100323	8.9	6.34	4.27
20100324	4.88	9.57	3.64
20100325	8.42	9.95	5.38
20100326	0.36	8.13	3.7
20100327	0.0	7.5	2.33
20100328	0.88	7.01	2.08
20100329	5.81	6.14	3.06
20100330	20.14	6.91	10.31
20100331	3.42	2.88	6.13
20100401	0.65	3.92	3.45
20100402	1.38	4.75	2.65
20100403	0.39	5.53	2.28
20100404	2.68	5.49	2.16
20100405	0.0	8.14	2.41
20100406	1.43	9.62	2.19
20100407	0.01	7.72	1.9
20100408	0.0	8.06	1.76
20100409	0.0	9.61	1.71
20100410	0.0	10.56	1.67
20100411	0.0	8.97	1.65
20100412	0.0	7.41	1.66
20100413	0.0	6.85	1.65
20100414	0.0	7.28	1.64
20100415	0.0	6.13	1.63
20100416	0.0	7.81	1.64
20100417	0.0	8.88	1.64
20100418	2.47	7.89	1.72
20100419	0.0	6.84	1.92
20100420	0.0	6.24	1.61
20100421	0.0	5.22	1.6
20100422	0.0	6.39	1.64
20100423	0.0	8.59	1.63
20100424	1.18	11.49	1.66
20100425	4.21	11.6	2.12
20100426	0.08	11.69	1.61
20100427	0.0	12.14	1.59
20100428	0.28	14.22	1.45
20100429	6.45	11.46	2.56
20100430	4.33	9.5	2.43
20100501	0.26	8.63	1.67
20100502	0.0	6.37	1.54
20100503	0.23	5.84	1.53
20100504	0.0	7.52	1.58
20100505	0.7	10.17	1.59
20100506	0.13	9.29	1.6
20100507	0.0	7.86	1.52
20100508	0.0	7.47	1.48
20100509	0.06	7.61	1.49
20100510	0.23	6.08	1.53
20100511	0.22	5.54	1.51
20100512	0.01	5.55	1.45
20100513	0.01	6.94	1.43
20100514	0.57	8.41	1.51
20100515	0.98	9.53	1.36
20100516	0.03	9.88	1.39
20100517	0.0	10.18	1.37
20100518	0.02	11.25	1.36
20100519	0.0	13.36	1.36
20100520	0.0	16.29	1.35
20100521	0.0	17.29	1.39
20100522	0.0	18.35	1.39
20100523	0.0	18.88	1.4
20100524	0.0	15.7	1.36
20100525	0.0	11.31	1.34
20100526	1.57	9.67	1.41
20100527	2.98	9.1	1.71
20100528	1.89	10.53	1.45
20100529	6.85	10.35	2.35
20100530	0.0	11.36	1.39
20100531	0.26	12.02	1.22
20100601	0.45	11.36	1.33
20100602	0.0	13.87	1.37
20100603	0.0	15.87	1.34
20100604	2.26	16.6	1.57
20100605	2.9	17.26	1.46
20100606	1.19	14.26	1.76
20100607	4.28	13.68	1.39
20100608	1.3	13.28	1.84
20100609	1.44	13.35	1.51
20100610	0.0	12.3	1.41
20100611	0.0	12.9	1.34
20100612	1.5	13.23	1.3
20100613	5.86	12.58	1.3
20100614	0.0	12.07	1.3
20100615	0.01	11.98	1.45
20100616	0.0	13.96	1.37
20100617	0.0	15.2	1.35
20100618	0.0	13.75	1.34
20100619	0.0	10.81	1.34
20100620	0.0	12.7	1.36
20100621	0.0	15.9	1.31
20100622	0.0	16.95	1.33
20100623	0.0	16.58	1.33
20100624	0.0	16.58	1.34
20100625	0.0	16.2	1.35
20100626	0.0	18.35	1.36
20100627	0.0	18.48	1.36
20100628	8.51	17.36	2.29
20100629	0.04	17.56	1.88
20100630	0.0	17.57	1.43
20100701	5.99	18.03	1.76
20100702	0.0	17.48	2.17
20100703	0.02	16.23	1.6
20100704	0.59	15.91	1.63
20100705	0.01	14.82	1.64
20100706	0.01	14.99	1.71
20100707	2.92	17.3	2.03
20100708	0.16	16.54	1.67
20100709	0.01	17.92	1.68
20100710	0.75	19.48	1.72
20100711	0.35	16.5	1.76
20100712	0.96	13.94	1.82
20100713	4.54	13.58	2.06
20100714	11.54	16.12	1.9
20100715	5.47	15.62	2.21
20100716	2.32	14.74	2.06
20100717	8.37	13.85	2.27
20100718	2.26	16.19	2.77
20100719	12.26	18.21	2.35
20100720	11.42	17.43	3.66
20100721	3.22	16.24	3.73
20100722	0.15	13.73	1.97
20100723	0.22	14.15	1.52
20100724	0.73	15.15	1.45
20100725	0.42	17.02	1.41
20100726	1.78	17.34	1.45
20100727	0.09	17.44	1.43
20100728	1.04	14.84	1.47
20100729	0.0	14.96	1.33
20100730	7.98	15.2	2.1
20100731	2.48	15.73	1.68
20100801	0.0	15.63	1.48
20100802	0.03	14.94	1.39
20100803	16.73	14.96	3.26
20100804	0.58	14.09	3.85
20100805	0.76	14.0	1.71
20100806	2.33	14.83	1.63
20100807	1.55	15.95	1.71
20100808	0.0	15.38	1.43
20100809	1.49	15.34	1.63
20100810	0.0	14.37	1.47
20100811	2.21	14.32	1.55
20100812	14.1	14.22	3.62
20100813	6.5	13.6	2.56
20100814	0.0	14.61	2.07
20100815	0.0	15.91	1.57
20100816	3.36	15.21	1.85
20100817	0.44	15.51	1.8
20100818	0.56	13.75	1.83
20100819	8.22	14.58	2.4
20100820	2.48	18.07	2.8
20100821	0.17	16.7	2.02
20100822	0.94	15.98	1.8
20100823	11.34	13.55	3.39
20100824	10.25	13.07	6.21
20100825	0.02	12.88	2.09
20100826	0.0	12.85	1.78
20100827	1.7	12.54	1.55
20100828	8.89	13.16	2.27
20100829	0.09	12.76	3.36
20100830	0.01	11.36	1.6
20100831	0.0	11.93	1.73
20100901	0.0	13.34	1.49
20100902	0.0	14.4	1.42
20100903	0.0	14.27	1.4
20100904	0.0	14.37	1.4
20100905	0.0	15.22	1.45
20100906	13.32	15.17	3.41
20100907	2.11	14.01	3.11
20100908	1.05	13.69	1.88
20100909	6.12	14.64	2.32
20100910	15.86	16.24	4.76
20100911	5.48	16.01	6.03
20100912	0.67	13.48	2.61
20100913	23.1	14.87	7.35
20100914	7.77	14.96	11.08
20100915	5.43	12.09	4.52
20100916	0.23	11.94	2.65
20100917	0.0	10.05	2.12
20100918	15.5	10.61	3.06
20100919	11.18	13.65	10.44
20100920	1.4	14.89	4.15
20100921	0.0	14.71	2.57
20100922	6.04	15.0	2.95
20100923	8.1	14.29	6.79
20100924	0.0	9.76	3.06
20100925	0.0	7.88	2.12
20100926	0.02	8.99	1.88
20100927	0.0	11.35	1.82
20100928	2.99	13.28	1.74
20100929	3.36	12.94	3.25
20100930	0.91	10.81	1.92
20101001	17.03	12.28	9.75
20101002	13.04	10.96	3.17
20101003	19.84	11.54	19.96
20101004	0.2	11.76	3.87
20101005	4.78	13.19	2.86
20101006	1.04	12.1	3.05
20101007	0.21	11.78	2.07
20101008	0.0	14.64	1.89
20101009	0.0	13.11	1.77
20101010	0.0	12.73	1.7
20101011	0.0	9.85	1.65
20101012	0.0	8.01	1.63
20101013	0.0	7.39	1.58
20101014	0.0	8.65	1.6
20101015	2.32	9.7	1.82
20101016	0.02	7.83	1.52
20101017	2.35	7.12	1.82
20101018	6.87	10.35	1.94
20101019	2.71	7.09	3.85
20101020	2.35	3.96	1.79
20101021	3.15	7.31	2.1
20101022	4.86	9.53	2.56
20101023	1.52	7.36	3.11
20101024	0.06	4.32	1.91
20101025	4.78	3.43	1.83
20101026	4.98	9.5	4.36
20101027	2.35	12.04	2.47
20101028	0.34	11.26	2.12
20101029	0.22	12.17	1.89
20101030	0.0	9.08	1.73
20101031	0.72	8.56	1.66
20101101	2.73	9.43	2.06
20101102	27.24	11.6	14.22
20101103	7.79	10.62	5.56
20101104	16.19	13.96	13.03
20101105	1.82	10.98	5.59
20101106	0.16	6.24	3.3
20101107	4.77	4.22	2.61
20101108	4.13	4.5	3.41
20101109	0.92	5.29	3.2
20101110	7.02	2.86	2.65
20101111	5.95	7.6	7.28
20101112	5.2	8.57	3.6
20101113	3.29	6.34	4.05
20101114	0.06	3.95	2.75
20101115	1.86	2.84	2.58
20101116	0.01	2.98	2.02
20101117	1.53	5.43	2.29
20101118	2.94	6.18	2.55
20101119	0.07	5.32	2.02
20101120	0.08	4.73	1.82
20101121	0.2	4.08	1.76
20101122	0.56	4.77	1.85
20101123	0.0	3.98	1.72
20101124	0.01	1.2	1.65
20101125	0.0	-0.03	1.61
20101126	0.0	-1.43	1.6
20101127	0.0	-2.58	1.54
20101128	0.0	-4.72	1.51
20101129	1.97	-2.31	1.52
20101130	0.44	-0.79	1.64
20101201	1.77	-2.0	1.58
20101202	0.19	-1.66	1.64
20101203	1.29	-4.23	1.53
20101204	3.91	0.55	2.14
20101205	0.05	-1.92	1.77
20101206	0.0	-5.34	1.59
20101207	0.0	-4.39	1.57
20101208	0.0	-4.04	1.51
20101209	2.09	1.09	2.03
20101210	0.24	5.21	2.7
20101211	0.0	5.31	2.15
20101212	0.15	1.37	1.89
20101213	0.09	1.84	1.83
20101214	0.06	2.43	1.79
20101215	2.25	3.29	1.77
20101216	2.29	2.4	2.81
20101217	4.15	-2.93	1.92
20101218	0.37	-3.96	1.76
20101219	0.0	-7.38	1.61
20101220	0.0	-7.74	1.53
20101221	0.08	-5.68	1.54
20101222	0.0	-2.66	1.52
20101223	0.0	-2.33	1.48
20101224	0.02	-4.07	1.49
20101225	0.0	-5.03	1.45
20101226	1.74	-4.0	1.47
20101227	7.58	1.1	3.56
20101228	2.63	2.27	4.02
20101229	0.44	4.23	3.2
20101230	0.0	4.65	2.5
20101231	0.08	4.45	2.19
20110101	0.13	3.91	2.01
20110102	0.01	0.86	1.85
20110103	0.0	-0.33	1.79
20110104	13.71	2.17	3.23
20110105	2.48	3.65	6.45
20110106	0.17	1.28	2.77
20110107	12.04	0.07	4.22
20110108	1.28	3.49	5.0
20110109	1.41	2.5	2.69
20110110	5.16	3.82	3.85
20110111	10.99	3.89	4.45
20110112	5.65	6.39	7.58
20110113	1.83	9.61	5.21
20110114	4.57	8.41	3.25
20110115	7.56	9.35	7.35
20110116	7.58	9.34	7.97
20110117	0.08	4.8	3.49
20110118	0.0	2.86	2.76
20110119	0.07	2.47	2.65
20110120	0.0	-0.89	2.16
20110121	0.06	-1.56	2.01
20110122	0.03	1.62	1.9
20110123	0.0	4.52	1.86
20110124	0.57	4.87	1.82
20110125	1.48	6.59	2.13
20110126	0.12	4.15	1.82
20110127	0.0	1.13	1.57
20110128	0.0	-0.31	1.9
20110129	0.0	-1.67	1.7
20110130	0.0	-0.0	1.65
20110131	3.28	-0.24	1.76
20110201	0.71	5.29	2.2
20110202	2.83	6.98	2.12
20110203	19.86	5.91	6.88
20110204	15.7	9.78	7.93
20110205	29.44	9.49	22.59
20110206	4.15	9.03	9.8
20110207	1.03	7.39	4.76
20110208	4.64	3.51	3.61
20110209	2.16	7.18	4.1
20110210	1.82	7.17	3.06
20110211	8.42	6.64	4.53
20110212	1.33	6.06	4.19
20110213	13.51	6.1	9.81
20110214	0.44	3.84	4.4
20110215	4.41	3.35	4.09
20110216	0.05	4.34	3.23
20110217	0.0	4.31	2.61
20110218	7.2	3.81	2.56
20110219	1.24	3.04	3.92
20110220	0.43	3.37	2.47
20110221	1.4	2.79	2.68
20110222	3.4	4.94	2.45
20110223	2.84	8.11	3.91
20110224	0.05	8.9	2.53
20110225	12.33	9.76	5.08
20110226	0.92	6.92	4.91
20110227	2.22	4.75	3.39
20110228	0.0	3.67	2.5
20110301	0.0	3.39	2.26
20110302	0.08	1.88	2.1
20110303	0.01	1.45	2.01
20110304	0.0	3.37	2.0
20110305	0.01	3.55	1.88
20110306	0.0	2.71	1.83
20110307	0.0	1.47	1.82
20110308	0.88	3.02	1.84
20110309	2.23	6.17	1.88
20110310	1.23	7.61	2.07
20110311	1.81	5.73	1.95
20110312	5.56	7.49	1.98
20110313	0.31	5.22	2.65
20110314	0.06	3.78	1.82
20110315	0.0	5.96	1.77
20110316	0.06	5.8	1.72
20110317	0.0	5.74	1.68
20110318	0.0	4.3	1.65
20110319	0.0	5.41	1.65
20110320	1.04	7.54	1.76
20110321	0.0	9.67	1.64
20110322	0.0	9.96	1.61
20110323	0.0	9.48	1.63
20110324	0.0	9.01	1.6
20110325	0.0	7.73	1.63
20110326	0.0	6.23	1.59
20110327	0.0	6.44	1.59
20110328	0.0	6.33	1.58
20110329	0.38	7.65	1.6
20110330	6.14	9.04	2.15
20110331	0.37	11.11	2.02
20110401	1.7	12.2	2.26
20110402	0.4	11.5	1.73
20110403	1.78	8.24	2.14
20110404	7.91	7.86	2.8
20110405	2.06	11.66	2.77
20110406	0.84	13.93	1.73
20110407	0.0	11.16	1.59
20110408	0.0	11.41	1.46
20110409	0.0	12.54	1.43
20110410	0.0	11.84	1.49
20110411	2.24	10.06	1.9
20110412	0.0	7.66	1.64
20110413	0.0	7.1	1.82
20110414	0.0	9.58	1.76
20110415	0.0	10.62	1.79
20110416	0.0	10.76	2.22
20110417	0.0	10.29	2.19
20110418	0.0	11.59	1.67
20110419	0.0	11.98	1.66
20110420	0.0	12.04	1.68
20110421	0.0	13.62	1.76
20110422	0.06	14.7	1.89
20110423	0.0	13.95	2.0
20110424	0.0	11.77	1.84
20110425	0.0	10.96	1.84
20110426	0.0	9.21	1.84
20110427	0.0	9.26	1.88
20110428	0.0	8.53	1.68
20110429	0.0	10.91	1.66
20110430	0.0	11.8	1.63
20110501	0.0	11.7	1.6
20110502	0.0	9.26	1.6
20110503	0.0	8.17	1.58
20110504	0.0	9.04	1.64
20110505	3.48	11.97	1.95
20110506	5.25	14.87	2.23
20110507	11.56	15.34	3.88
20110508	0.69	14.35	2.17
20110509	4.13	12.29	2.31
20110510	0.12	12.47	1.65
20110511	0.68	11.83	1.76
20110512	0.11	10.91	1.61
20110513	11.69	9.61	3.94
20110514	1.75	9.35	2.7
20110515	6.78	10.17	2.68
20110516	5.08	12.44	2.39
20110517	3.17	13.05	2.66
20110518	0.21	12.17	2.1
20110519	0.0	10.38	1.73
20110520	0.6	11.17	1.66
20110521	3.9	12.38	1.84
20110522	1.06	11.36	2.02
20110523	6.96	10.98	2.95
20110524	0.0	10.44	1.68
20110525	1.43	11.76	1.58
20110526	4.88	10.87	2.23
20110527	3.9	10.6	1.63
20110528	3.11	11.78	1.92
20110529	5.63	12.86	2.02
20110530	3.65	10.58	2.68
20110531	0.05	10.43	1.78
20110601	0.0	12.65	1.59
20110602	0.0	15.58	1.4
20110603	0.0	16.72	1.41
20110604	1.19	13.88	1.41
20110605	0.69	11.01	1.52
20110606	0.0	11.49	1.41
20110607	1.94	10.87	1.45
20110608	15.23	11.08	5.64
20110609	0.27	11.04	2.17
20110610	0.73	9.37	1.78
20110611	0.86	9.67	1.64
20110612	14.02	9.83	2.8
20110613	0.02	14.05	2.29
20110614	0.0	14.28	1.68
20110615	8.79	15.15	2.29
20110616	1.54	12.84	2.04
20110617	3.64	11.91	1.86
20110618	0.82	12.46	2.06
20110619	0.03	12.88	1.71
20110620	5.36	13.8	2.02
20110621	4.83	14.64	2.21
20110622	1.81	13.86	2.01
20110623	2.24	12.38	2.13
20110624	8.65	11.7	2.04
20110625	0.62	15.07	3.01
20110626	0.0	19.8	2.0
20110627	0.76	19.53	1.91
20110628	0.36	13.87	1.74
20110629	0.33	12.72	1.74
20110630	0.0	12.31	1.53
20110701	0.0	12.89	1.67
20110702	0.0	14.48	1.63
20110703	0.0	15.91	1.63
20110704	0.0	17.84	1.65
20110705	2.6	16.65	1.89
20110706	5.12	13.99	2.46
20110707	2.22	14.19	1.78
20110708	11.66	13.11	2.44
20110709	0.49	15.09	1.92
20110710	4.11	14.76	2.2
20110711	0.0	15.22	1.7
20110712	0.0	14.17	1.77
20110713	0.0	13.32	1.79
20110714	0.0	14.79	1.76
20110715	5.85	15.99	1.77
20110716	12.49	14.53	3.31
20110717	19.04	13.76	4.85
20110718	6.24	13.76	5.03
20110719	1.12	14.24	2.65
20110720	2.18	13.81	2.44
20110721	0.97	13.87	2.19
20110722	2.85	12.57	2.55
20110723	0.02	12.83	2.1
20110724	0.0	14.09	1.96
20110725	0.13	14.16	1.92
20110726	0.0	14.99	1.88
20110727	0.0	15.77	1.9
20110728	0.0	15.86	1.98
20110729	0.0	14.49	1.79
20110730	0.0	15.14	1.73
20110731	0.38	17.36	1.74
20110801	0.69	18.68	1.76
20110802	1.31	18.05	2.02
20110803	0.72	18.13	1.86
20110804	6.25	16.44	2.84
20110805	0.86	16.2	1.92
20110806	6.03	13.21	2.31
20110807	1.97	13.12	2.86
20110808	1.05	13.76	2.21
20110809	0.57	13.49	1.85
20110810	25.51	14.55	5.16
20110811	1.77	16.11	5.76
20110812	2.87	15.98	2.78
20110813	0.01	16.09	2.52
20110814	1.28	15.12	2.2
20110815	3.96	13.86	2.27
20110816	1.31	14.71	2.59
20110817	0.0	13.03	2.1
20110818	3.46	12.02	2.39
20110819	0.0	14.07	1.98
20110820	2.46	16.01	1.72
20110821	0.0	16.22	1.76
20110822	0.0	14.88	1.58
20110823	0.02	14.54	1.53
20110824	6.78	14.02	1.78
20110825	0.52	13.19	2.57
20110826	3.61	12.27	2.17
20110827	5.28	12.66	2.63
20110828	2.79	12.55	1.91
20110829	2.25	12.02	1.95
20110830	0.2	12.54	2.09
20110831	0.0	12.48	1.67
20110901	0.0	14.04	1.54
20110902	0.06	15.79	1.52
20110903	1.37	16.15	1.53
20110904	5.96	14.55	1.55
20110905	18.36	12.5	5.32
20110906	11.63	13.96	5.8
20110907	14.58	12.97	8.07
20110908	2.52	13.92	6.99
20110909	0.36	16.16	3.15
20110910	0.01	17.64	2.31
20110911	4.97	14.3	2.31
20110912	0.0	15.26	2.43
20110913	1.7	12.88	1.91
20110914	0.74	12.57	1.89
20110915	0.0	11.29	1.73
20110916	5.96	13.05	2.49
20110917	12.57	11.86	5.43
20110918	1.53	10.92	3.06
20110919	4.1	12.85	2.35
20110920	1.61	13.44	3.21
20110921	2.18	11.89	2.34
20110922	0.0	11.98	2.02
20110923	0.01	13.32	1.79
20110924	2.02	13.41	1.77
20110925	1.91	14.39	1.92
20110926	0.02	13.37	1.85
20110927	0.0	14.63	1.66
20110928	0.0	18.14	1.61
20110929	0.0	18.48	1.52
20110930	0.0	19.11	1.57
20111001	0.0	18.83	1.57
20111002	4.8	17.32	2.19
20111003	0.01	17.29	1.68
20111004	0.0	12.66	1.54
20111005	12.59	15.66	2.66
20111006	9.66	9.68	5.13
20111007	1.55	10.48	2.63
20111008	16.18	11.45	6.85
20111009	9.47	15.54	8.32
20111010	13.77	14.79	8.36
20111011	9.32	14.04	6.88
20111012	3.47	12.52	5.64
20111013	0.0	12.37	3.19
20111014	0.0	12.17	2.55
20111015	0.62	9.33	2.25
20111016	0.64	10.66	2.13
20111017	7.65	10.54	2.86
20111018	4.05	7.59	3.08
20111019	0.64	6.1	2.47
20111020	0.32	6.38	2.03
20111021	0.03	10.8	2.0
20111022	0.0	9.62	1.85
20111023	0.0	12.98	1.78
20111024	0.83	12.71	1.8
20111025	0.13	10.99	1.72
20111026	1.46	7.98	1.66
20111027	2.26	9.07	1.9
20111028	0.0	7.9	1.68
20111029	4.28	9.58	1.97
20111030	1.33	12.99	1.76
20111031	6.14	14.03	2.17
20111101	0.21	10.01	2.59
20111102	3.0	10.17	2.01
20111103	2.65	13.44	2.47
20111104	6.5	11.29	3.23
20111105	0.01	8.64	2.33
20111106	0.06	5.65	1.92
20111107	0.13	4.94	1.84
20111108	0.26	9.35	1.77
20111109	0.3	10.32	1.73
20111110	0.13	10.9	1.7
20111111	10.89	9.73	3.79
20111112	0.07	10.28	2.46
20111113	0.0	10.95	1.96
20111114	0.03	7.97	1.82
20111115	0.0	7.76	1.73
20111116	0.05	5.83	1.7
20111117	0.14	8.81	1.61
20111118	0.0	10.93	1.6
20111119	0.0	7.69	1.57
20111120	1.12	6.78	1.6
20111121	1.11	8.28	1.64
20111122	0.0	7.76	1.57
20111123	0.09	8.16	1.55
20111124	3.49	11.13	1.91
20111125	1.33	7.6	1.74
20111126	2.62	10.06	2.01
20111127	0.0	8.7	1.85
20111128	0.01	6.9	1.66
20111129	5.35	9.52	2.56
20111130	2.7	7.44	1.8
20111201	1.44	5.65	1.95
20111202	4.57	4.62	2.45
20111203	13.57	7.54	3.61
20111204	13.2	4.21	7.13
20111205	9.99	2.82	5.78
20111206	7.56	3.54	6.26
20111207	3.6	4.96	4.52
20111208	4.96	6.44	4.56
20111209	3.15	3.0	3.31
20111210	1.98	2.53	2.7
20111211	7.35	5.79	4.65
20111212	6.23	4.71	4.65
20111213	0.0	4.6	3.42
20111214	3.67	3.19	2.84
20111215	3.82	2.77	4.06
20111216	4.16	1.44	3.11
20111217	4.73	1.72	3.82
20111218	4.88	1.26	2.88
20111219	10.03	3.87	8.01
20111220	5.24	5.48	4.88
20111221	0.38	8.74	4.48
20111222	2.57	10.13	2.99
20111223	14.4	7.17	7.43
20111224	9.63	6.2	6.67
20111225	0.37	10.47	4.53
20111226	1.85	10.79	3.11
20111227	2.14	8.58	3.25
20111228	8.44	6.95	3.38
20111229	10.14	5.85	9.4
20111230	15.68	5.52	9.44
20111231	7.8	10.29	7.97
20120101	7.01	7.93	9.0
20120102	10.78	4.0	5.09
20120103	5.15	6.42	7.8
20120104	17.36	6.23	9.66
20120105	0.9	6.86	8.32
20120106	6.69	5.89	5.4
20120107	0.14	7.64	4.96
20120108	2.26	8.08	3.75
20120109	0.78	7.81	3.35
20120110	8.77	7.76	3.02
20120111	4.2	9.45	5.52
20120112	0.03	7.87	5.0
20120113	0.01	2.34	3.32
20120114	0.1	-0.23	2.71
20120115	0.0	-0.02	2.46
20120116	0.07	-0.07	2.34
20120117	2.29	0.61	2.21
20120118	5.17	6.78	3.01
20120119	10.07	5.75	4.04
20120120	7.14	5.98	7.91
20120121	1.26	7.89	4.91
20120122	0.23	6.85	3.49
20120123	4.57	4.54	2.96
20120124	2.93	5.04	4.27
20120125	5.83	8.39	3.87
20120126	3.66	3.92	4.58
20120127	13.38	3.31	7.38
20120128	0.05	1.77	5.03
20120129	0.02	1.46	3.57
20120130	0.1	1.2	2.88
20120131	0.0	0.82	2.45
20120201	0.0	0.22	2.12
20120202	0.0	-1.41	2.0
20120203	0.0	-1.96	1.92
20120204	12.39	-0.94	1.91
20120205	4.16	1.59	2.49
20120206	0.06	2.45	4.0
20120207	0.01	0.11	2.68
20120208	0.0	-1.81	2.31
20120209	6.3	-0.19	3.6
20120210	0.0	0.44	3.42
20120211	0.0	-1.02	2.56
20120212	0.37	3.24	2.35
20120213	0.33	4.99	2.92
20120214	0.0	5.72	2.82
20120215	0.0	7.41	2.53
20120216	3.3	6.96	2.69
20120217	3.64	7.87	2.68
20120218	4.58	5.83	4.51
20120219	0.01	2.29	2.64
20120220	6.78	5.12	3.58
20120221	0.67	8.35	3.25
20120222	9.86	9.61	6.12
20120223	0.18	11.0	4.51
20120224	1.23	8.89	3.21
20120225	0.0	5.86	2.44
20120226	0.23	6.59	2.21
20120227	1.63	8.6	2.26
20120228	0.25	9.65	2.23
20120229	0.05	8.46	2.09
20120301	0.0	7.6	2.09
20120302	0.3	7.32	2.16
20120303	5.48	7.07	2.34
20120304	1.38	3.91	3.55
20120305	0.0	4.3	2.51
20120306	6.54	4.31	2.28
20120307	2.15	6.63	4.25
20120308	0.19	6.63	2.87
20120309	0.7	9.32	2.31
20120310	0.0	9.88	2.12
20120311	0.0	8.88	2.02
20120312	0.0	7.07	1.98
20120313	0.0	6.85	1.94
20120314	0.0	6.32	1.92
20120315	0.0	5.41	1.9
20120316	4.67	8.04	2.08
20120317	7.04	7.0	3.62
20120318	0.02	5.5	2.96
20120319	0.0	6.21	2.15
20120320	0.0	9.35	2.07
20120321	0.0	8.14	2.08
20120322	0.0	8.15	2.06
20120323	0.0	9.39	2.01
20120324	0.0	9.98	2.02
20120325	0.0	10.02	2.0
20120326	0.0	10.41	2.01
20120327	0.0	10.94	2.02
20120328	0.05	11.03	2.0
20120329	0.0	10.79	2.02
20120330	0.0	8.84	2.01
20120331	0.0	7.19	1.97
20120401	0.03	6.3	1.94
20120402	1.75	7.67	1.88
20120403	12.64	5.84	2.43
20120404	0.63	3.21	4.33
20120405	0.0	4.07	2.16
20120406	1.04	6.14	1.86
20120407	0.56	7.68	1.74
20120408	9.77	8.83	2.21
20120409	11.49	7.71	6.48
20120410	3.2	6.34	4.7
20120411	4.38	6.41	3.82
20120412	0.41	6.51	2.39
20120413	0.62	5.55	2.08
20120414	0.0	4.69	1.88
20120415	0.0	3.77	1.76
20120416	6.63	5.28	1.77
20120417	1.14	6.88	2.65
20120418	5.87	5.89	2.43
20120419	1.39	7.17	2.69
20120420	12.96	6.72	5.7
20120421	7.29	6.8	3.86
20120422	5.9	7.39	5.88
20120423	0.64	6.87	3.64
20120424	0.4	6.64	2.64
20120425	7.12	6.43	2.88
20120426	21.57	8.24	9.05
20120427	1.05	6.67	7.34
20120428	1.92	5.98	4.05
20120429	3.69	5.13	3.68
20120430	0.0	10.35	3.04
20120501	0.03	9.34	2.45
20120502	0.0	9.7	2.12
20120503	0.0	7.51	1.95
20120504	0.0	6.61	1.85
20120505	0.0	4.78	1.74
20120506	0.0	5.67	1.67
20120507	11.3	6.97	2.19
20120508	0.0	9.91	3.09
20120509	24.82	9.11	4.42
20120510	3.5	11.5	8.21
20120511	0.0	8.2	5.33
20120512	0.0	8.3	3.78
20120513	2.32	9.26	2.98
20120514	4.46	9.08	2.64
20120515	2.35	6.88	2.39
20120516	0.27	7.35	1.9
20120517	0.04	8.28	1.83
20120518	5.54	9.18	2.65
20120519	0.0	7.98	1.95
20120520	0.05	8.65	1.78
20120521	0.0	10.51	1.66
20120522	0.0	14.25	1.82
20120523	0.0	15.24	1.68
20120524	0.0	16.82	1.63
20120525	0.0	17.64	1.61
20120526	0.0	17.21	1.6
20120527	0.0	16.82	1.58
20120528	0.0	16.84	1.57
20120529	0.0	14.64	1.55
20120530	3.23	14.93	1.59
20120531	4.17	13.44	2.34
20120601	0.05	13.29	1.63
20120602	12.5	11.63	2.19
20120603	4.78	8.44	4.28
20120604	0.1	9.42	1.86
20120605	1.45	10.51	1.71
20120606	5.17	13.04	2.1
20120607	13.39	12.48	3.76
20120608	19.24	11.81	7.28
20120609	2.29	11.93	6.58
20120610	0.73	12.32	3.26
20120611	0.0	10.96	2.22
20120612	0.12	10.63	1.95
20120613	1.61	11.0	1.97
20120614	9.65	11.55	3.25
20120615	10.19	11.86	6.02
20120616	14.93	12.42	9.07
20120617	0.11	11.94	4.09
20120618	0.62	12.4	2.47
20120619	0.0	13.2	1.98
20120620	0.54	13.89	1.85
20120621	22.73	12.58	4.79
20120622	31.44	12.04	28.92
20120623	9.93	12.6	6.92
20120624	0.09	13.09	4.74
20120625	0.0	13.85	2.74
20120626	2.02	14.86	2.32
20120627	1.02	17.22	2.12
20120628	4.67	17.16	3.05
20120629	1.19	15.06	1.97
20120630	6.54	13.74	3.05
20120701	6.02	12.41	3.15
20120702	10.27	14.24	8.77
20120703	6.04	15.49	5.05
20120704	8.87	16.44	5.97
20120705	11.09	16.68	4.8
20120706	15.36	14.73	16.01
20120707	0.0	14.85	4.43
20120708	6.42	14.5	3.48
20120709	6.06	13.75	3.73
20120710	4.87	12.34	6.36
20120711	0.11	12.51	3.07
20120712	0.79	12.7	2.29
20120713	3.27	13.0	2.8
20120714	0.01	12.35	2.08
20120715	0.05	12.75	1.92
20120716	4.84	14.1	2.63
20120717	7.73	15.8	3.75
20120718	3.96	15.65	3.41
20120719	10.53	13.11	5.14
20120720	0.0	12.33	5.35
20120721	0.0	13.51	2.52
20120722	0.0	16.47	2.12
20120723	0.05	18.15	1.95
20120724	0.0	18.67	1.88
20120725	0.0	17.32	1.79
20120726	0.0	17.04	1.74
20120727	2.43	15.17	1.76
20120728	15.15	13.12	6.64
20120729	6.84	12.71	5.34
20120730	2.5	12.41	3.24
20120731	2.94	13.28	2.68
20120801	3.97	16.32	4.04
20120802	0.72	15.09	2.49
20120803	0.06	14.98	2.28
20120804	0.68	15.43	2.19
20120805	9.66	14.02	2.43
20120806	0.19	14.0	2.29
20120807	3.35	14.79	2.26
20120808	0.0	15.97	2.04
20120809	0.0	16.25	1.83
20120810	0.0	17.15	1.71
20120811	0.0	16.39	1.68
20120812	2.0	16.62	1.71
20120813	0.02	17.48	1.67
20120814	0.0	18.03	1.79
20120815	12.76	16.81	5.46
20120816	0.67	16.57	1.97
20120817	3.86	17.67	2.27
20120818	0.0	18.55	1.71
20120819	4.98	16.85	1.67
20120820	0.07	16.23	1.96
20120821	0.8	15.67	1.65
20120822	0.78	14.97	1.59
20120823	9.78	14.51	3.29
20120824	7.72	14.43	4.96
20120825	13.72	14.81	7.99
20120826	0.33	13.8	3.31
20120827	10.15	14.07	5.22
20120828	7.74	14.98	2.98
20120829	11.91	13.54	10.72
20120830	0.0	11.77	3.76
20120831	1.54	10.89	2.27
20120901	0.44	15.13	2.0
20120902	0.0	16.06	1.79
20120903	0.54	15.29	1.66
20120904	0.01	15.31	1.59
20120905	0.0	12.7	1.51
20120906	0.0	13.15	1.4
20120907	0.0	16.33	1.4
20120908	0.0	15.68	1.4
20120909	1.51	15.55	1.49
20120910	16.96	15.31	2.32
20120911	4.18	10.87	3.72
20120912	5.76	10.73	4.4
20120913	1.65	11.35	2.1
20120914	0.15	13.59	1.8
20120915	0.0	12.74	1.59
20120916	8.29	13.54	3.56
20120917	4.17	11.53	2.26
20120918	8.77	10.02	2.87
20120919	4.93	9.65	3.33
20120920	5.13	11.5	3.31
20120921	0.73	9.8	3.39
20120922	0.0	7.56	2.15
20120923	9.1	8.04	2.06
20120924	29.56	9.96	11.95
20120925	27.87	9.62	17.92
20120926	4.57	10.83	10.9
20120927	3.26	10.31	4.68
20120928	2.69	10.98	3.99
20120929	0.35	10.11	3.18
20120930	10.22	12.57	4.43
20121001	4.03	11.78	5.1
20121002	10.16	11.0	6.94
20121003	6.02	9.15	6.24
20121004	9.61	8.72	5.03
20121005	1.85	9.36	6.58
20121006	0.01	8.82	4.45
20121007	0.0	7.38	3.08
20121008	0.0	8.25	2.4
20121009	0.0	7.39	1.89
20121010	0.05	8.56	1.88
20121011	26.25	10.21	11.53
20121012	0.69	9.04	5.43
20121013	1.26	6.37	2.81
20121014	1.56	5.97	2.17
20121015	9.17	7.0	4.19
20121016	5.37	7.89	4.46
20121017	4.42	9.51	4.84
20121018	2.61	10.62	3.69
20121019	0.0	9.72	2.59
20121020	0.02	9.82	2.2
20121021	0.03	8.35	2.07
20121022	0.25	10.24	2.02
20121023	0.01	11.64	1.92
20121024	0.03	11.33	1.89
20121025	0.0	8.7	1.84
20121026	0.0	4.12	1.78
20121027	7.89	3.49	2.21
20121028	5.24	7.07	4.34
20121029	0.74	7.07	2.41
20121030	3.92	6.51	2.65
20121031	7.56	7.35	5.02
20121101	6.19	4.59	4.86
20121102	7.56	5.36	5.93
20121103	0.34	3.54	3.44
20121104	0.05	2.87	2.39
20121105	0.04	3.68	2.02
20121106	2.16	6.42	2.32
20121107	1.68	8.45	2.01
20121108	0.11	8.76	2.03
20121109	7.17	8.22	3.31
20121110	0.44	5.93	2.34
20121111	1.09	5.42	2.13
20121112	4.73	8.16	3.43
20121113	0.05	11.49	2.31
20121114	0.0	10.22	2.04
20121115	0.0	7.51	1.86
20121116	9.96	5.8	3.09
20121117	1.2	6.05	4.12
20121118	1.19	4.03	2.41
20121119	1.58	8.01	2.41
20121120	11.09	10.73	3.21
20121121	1.12	6.8	6.06
20121122	9.61	8.49	5.22
20121123	0.17	5.78	3.54
20121124	17.8	2.91	4.06
20121125	18.79	6.05	10.23
20121126	7.15	5.97	10.73
20121127	0.44	5.62	6.15
20121128	0.0	3.44	3.42
20121129	0.01	0.6	2.59
20121130	2.45	0.08	2.28
20121201	0.02	1.84	2.5
20121202	8.97	0.82	2.69
20121203	7.92	4.19	5.71
20121204	4.75	3.39	6.85
20121205	0.0	0.82	3.54
20121206	17.66	0.99	7.03
20121207	0.01	3.81	6.27
20121208	3.36	3.98	3.63
20121209	0.28	6.31	4.02
20121210	0.0	2.23	2.69
20121211	0.07	-0.53	2.32
20121212	0.0	-1.32	2.16
20121213	0.13	-1.79	2.01
20121214	15.93	2.86	6.19
20121215	0.87	6.46	4.52
20121216	4.71	5.05	3.27
20121217	16.55	5.38	9.44
20121218	0.01	5.25	6.73
20121219	15.83	5.08	4.68
20121220	18.03	5.8	13.26
20121221	5.54	5.83	11.22
20121222	24.47	7.72	14.94
20121223	0.0	8.72	12.43
20121224	7.9	6.09	7.74
20121225	2.63	5.54	6.51
20121226	6.66	6.04	6.29
20121227	4.16	4.79	5.45
20121228	6.18	8.11	4.85
20121229	9.01	7.73	8.22
20121230	10.29	5.88	7.71
20121231	8.64	8.54	9.91
20130101	0.32	4.86	7.43
20130102	3.86	7.58	5.41
20130103	2.48	9.92	4.66
20130104	0.19	8.78	3.85
20130105	0.0	8.81	3.17
20130106	0.0	7.82	2.75
20130107	0.41	8.34	2.49
20130108	4.08	8.77	2.75
20130109	0.04	3.1	2.64
20130110	0.39	1.51	2.34
20130111	0.0	2.82	2.17
20130112	0.0	2.16	2.02
20130113	2.84	0.02	1.96
20130114	3.56	1.57	2.52
20130115	0.03	-0.22	2.32
20130116	0.06	-2.42	2.04
20130117	0.02	-1.01	1.9
20130118	0.4	-0.76	1.79
20130119	0.09	-0.15	1.72
20130120	3.69	0.2	1.68
20130121	2.12	-0.23	1.79
20130122	0.13	-0.4	1.82
20130123	0.02	0.16	1.76
20130124	0.12	0.11	1.66
20130125	7.97	-0.34	1.72
20130126	23.75	3.59	6.23
20130127	1.19	5.69	13.03
20130128	0.73	5.57	5.84
20130129	6.31	9.07	4.91
20130130	6.45	7.29	4.94
20130131	1.12	6.7	4.66
20130201	0.71	4.99	3.44
20130202	0.76	1.92	2.71
20130203	2.91	5.97	2.46
20130204	14.06	6.34	4.24
20130205	11.75	2.71	8.32
20130206	0.02	3.3	6.0
20130207	0.14	1.98	3.26
20130208	2.49	3.07	2.72
20130209	3.37	3.08	2.88
20130210	4.21	2.45	4.02
20130211	0.01	1.42	2.55
20130212	0.21	1.1	2.26
20130213	22.57	0.94	6.46
20130214	0.05	5.41	8.21
20130215	0.0	5.16	3.36
20130216	0.0	4.62	2.58
20130217	0.23	3.95	2.32
20130218	0.01	2.89	2.03
20130219	0.01	2.2	1.95
20130220	0.01	2.18	1.85
20130221	0.0	0.76	1.78
20130222	0.0	0.41	1.73
20130223	0.0	0.61	1.66
20130224	0.0	1.07	1.63
20130225	0.0	2.78	1.63
20130226	0.0	3.06	1.63
20130227	0.0	2.36	1.6
20130228	0.01	2.7	1.58
20130301	0.0	4.72	1.55
20130302	0.0	3.08	1.54
20130303	0.0	3.87	1.54
20130304	0.0	3.16	1.54
20130305	0.0	3.17	1.51
20130306	4.43	4.38	1.51
20130307	1.79	5.99	2.25
20130308	2.04	5.52	1.6
20130309	1.82	3.51	1.89
20130310	0.0	0.86	1.6
20130311	0.09	-1.98	1.51
20130312	0.01	0.31	1.47
20130313	0.0	1.7	1.49
20130314	3.12	1.45	1.59
20130315	12.73	4.75	5.29
20130316	6.38	3.77	4.78
20130317	0.05	2.4	3.0
20130318	0.0	1.93	2.0
20130319	0.0	2.34	1.78
20130320	0.01	1.88	1.65
20130321	0.59	1.6	1.55
20130322	7.18	1.35	1.74
20130323	1.98	0.29	1.94
20130324	0.0	-0.05	1.64
20130325	0.06	0.46	1.6
20130326	0.11	0.23	1.58
20130327	1.01	0.13	1.61
20130328	0.01	0.73	1.57
20130329	0.0	0.75	1.53
20130330	0.0	0.69	1.48
20130331	0.0	0.78	1.45
20130401	0.0	1.54	1.42
20130402	0.0	2.09	1.4
20130403	0.0	2.42	1.41
20130404	0.0	2.65	1.39
20130405	0.0	3.14	1.36
20130406	0.0	3.32	1.36
20130407	0.0	3.76	1.35
20130408	0.0	3.71	1.35
20130409	0.0	4.16	1.35
20130410	0.0	5.29	1.34
20130411	6.56	4.92	2.2
20130412	1.67	6.18	1.83
20130413	3.49	8.08	2.01
20130414	0.12	12.46	1.45
20130415	0.17	11.37	1.41
20130416	0.78	10.48	1.35
20130417	2.97	10.43	1.47
20130418	2.21	8.81	2.21
20130419	0.8	7.28	1.46
20130420	0.0	7.59	1.35
20130421	1.56	7.14	1.49
20130422	0.15	8.59	1.41
20130423	0.08	10.57	1.39
20130424	0.0	10.79	1.39
20130425	1.71	9.26	1.48
20130426	1.88	6.14	1.64
20130427	0.28	5.46	1.39
20130428	1.6	6.92	1.47
20130429	0.01	7.61	1.36
20130430	0.0	7.15	1.36
20130501	0.0	8.0	1.34
20130502	0.0	8.89	1.33
20130503	0.05	10.13	1.34
20130504	0.07	9.99	1.33
20130505	0.0	11.34	1.33
20130506	0.0	11.85	1.35
20130507	0.0	14.1	1.35
20130508	0.0	11.79	1.36
20130509	10.48	8.65	2.83
20130510	2.7	9.78	2.69
20130511	5.07	7.81	2.23
20130512	7.91	9.04	3.25
20130513	2.51	7.69	1.9
20130514	15.55	7.11	4.1
20130515	2.78	6.94	4.9
20130516	1.5	7.95	2.07
20130517	3.86	9.11	2.09
20130518	0.74	9.45	1.83
20130519	1.37	11.57	1.66
20130520	0.8	12.92	1.54
20130521	0.05	10.95	1.48
20130522	0.0	9.94	1.39
20130523	5.49	6.67	2.17
20130524	0.85	7.29	1.61
20130525	0.02	9.41	1.37
20130526	0.0	10.87	1.33
20130527	1.52	9.69	1.35
20130528	3.69	9.59	1.83
20130529	2.19	10.7	1.47
20130530	0.15	12.03	1.45
20130531	0.05	13.3	1.25
20130601	0.0	10.92	1.25
20130602	0.0	11.12	1.21
20130603	0.0	13.05	1.22
20130604	0.0	13.66	1.17
20130605	0.0	12.23	1.24
20130606	0.0	12.72	1.27
20130607	0.0	13.51	1.23
20130608	0.0	13.04	1.23
20130609	0.0	12.67	1.23
20130610	0.18	11.78	1.23
20130611	0.0	12.82	1.23
20130612	2.12	14.49	1.3
20130613	3.92	12.91	1.86
20130614	5.84	12.59	2.16
20130615	5.93	11.66	2.17
20130616	0.0	13.01	1.65
20130617	0.0	14.03	1.29
20130618	0.0	15.31	1.29
20130619	0.07	15.84	1.37
20130620	0.19	14.17	1.36
20130621	6.19	14.96	2.09
20130622	16.8	12.94	4.64
20130623	0.59	12.48	2.9
20130624	0.0	12.02	1.55
20130625	0.0	12.86	1.45
20130626	0.0	13.77	1.41
20130627	10.02	12.34	2.51
20130628	2.67	14.44	2.94
20130629	0.0	13.89	1.66
20130630	0.19	14.89	1.54
20130701	0.31	12.87	1.53
20130702	5.95	12.74	2.25
20130703	0.05	14.67	1.83
20130704	0.0	15.6	1.55
20130705	0.0	15.82	1.48
20130706	0.0	17.14	1.49
20130707	0.0	18.41	1.49
20130708	0.0	18.27	1.43
20130709	0.0	18.96	1.47
20130710	0.0	17.38	1.48
20130711	0.0	16.21	1.43
20130712	0.0	19.02	1.45
20130713	0.0	20.35	1.42
20130714	0.0	17.95	1.46
20130715	0.0	17.47	1.45
20130716	0.0	18.59	1.47
20130717	0.0	19.12	1.45
20130718	0.0	20.47	1.48
20130719	0.0	20.91	1.53
20130720	0.0	18.24	1.48
20130721	0.0	16.83	1.48
20130722	10.97	19.16	2.28
20130723	1.57	19.1	3.37
20130724	1.89	19.13	1.7
20130725	0.11	18.51	1.78
20130726	0.0	18.09	1.49
20130727	43.9	17.68	12.79
20130728	8.14	17.07	7.68
20130729	8.59	16.8	5.69
20130730	0.95	16.35	2.16
20130731	6.33	16.22	3.04
20130801	0.21	20.81	1.8
20130802	2.02	18.96	1.58
20130803	0.18	16.38	1.43
20130804	14.16	16.3	2.47
20130805	2.69	15.69	4.59
20130806	0.08	14.16	1.89
20130807	0.0	14.99	1.58
20130808	2.15	15.97	1.59
20130809	0.02	15.74	1.55
20130810	0.52	14.84	1.35
20130811	0.94	14.75	1.34
20130812	1.99	13.93	1.68
20130813	2.64	13.64	1.73
20130814	4.28	15.82	1.78
20130815	14.77	17.99	3.57
20130816	0.04	16.8	3.18
20130817	11.07	15.69	4.12
20130818	0.85	15.02	2.17
20130819	0.0	14.62	1.71
20130820	0.0	15.84	1.54
20130821	0.01	16.78	1.4
20130822	0.02	17.7	1.36
20130823	11.89	17.63	3.05
20130824	0.06	15.21	2.28
20130825	0.0	15.93	1.52
20130826	0.0	16.87	1.4
20130827	0.0	15.54	1.37
20130828	0.0	15.14	1.37
20130829	0.0	15.93	1.36
20130830	0.0	16.55	1.31
20130831	0.0	12.63	1.28
20130901	0.0	13.16	1.23
20130902	0.0	16.18	1.24
20130903	0.0	16.79	1.28
20130904	0.0	16.67	1.25
20130905	11.66	15.04	2.01
20130906	4.25	11.36	3.41
20130907	0.01	10.8	1.43
20130908	1.48	10.45	1.4
20130909	2.31	10.98	1.4
20130910	0.01	12.05	1.3
20130911	3.49	12.45	1.72
20130912	3.58	14.96	1.88
20130913	1.77	12.23	1.64
20130914	0.42	10.74	1.36
20130915	13.46	10.74	4.02
20130916	11.9	9.31	4.56
20130917	2.31	9.63	3.33
20130918	1.88	10.14	1.97
20130919	5.17	11.56	2.93
20130920	0.0	11.99	1.72
20130921	0.0	14.02	1.49
20130922	0.01	16.13	1.39
20130923	0.0	14.45	1.34
20130924	0.0	14.66	1.33
20130925	0.0	14.26	1.29
20130926	0.01	12.62	1.25
20130927	0.0	13.54	1.18
20130928	0.0	12.61	1.15
20130929	0.0	12.8	1.1
20130930	0.0	12.96	1.09
20131001	13.47	12.73	2.26
20131002	3.78	14.08	2.98
20131003	7.92	15.55	2.99
20131004	1.15	15.45	1.96
20131005	0.08	13.35	1.4
20131006	0.14	13.6	1.27
20131007	1.63	15.37	1.12
20131008	0.1	14.4	1.33
20131009	0.94	10.4	1.29
20131010	0.34	7.67	1.19
20131011	0.15	9.89	1.16
20131012	1.44	10.84	1.39
20131013	1.91	10.16	1.31
20131014	4.98	9.41	2.12
20131015	0.23	9.69	1.39
20131016	9.24	9.41	2.47
20131017	0.25	11.36	1.71
20131018	4.32	11.32	1.72
20131019	4.99	13.04	2.66
20131020	10.09	12.34	2.9
20131021	8.25	13.28	4.48
20131022	16.5	14.67	4.85
20131023	3.16	11.27	5.81
20131024	4.95	10.15	2.23
20131025	9.96	13.29	4.91
20131026	6.2	12.53	3.18
20131027	8.57	10.97	3.68
20131028	11.52	9.16	6.31
20131029	6.05	8.09	5.5
20131030	3.54	8.62	3.17
20131031	0.23	9.76	2.16
20131101	5.32	8.51	2.92
20131102	13.79	7.23	5.44
20131103	2.66	6.61	3.56
20131104	3.44	4.33	2.23
20131105	5.71	5.88	3.25
20131106	3.58	7.76	3.21
20131107	0.0	7.1	2.09
20131108	7.9	6.03	3.0
20131109	10.74	4.24	6.92
20131110	5.68	4.23	2.95
20131111	2.04	9.06	3.79
20131112	0.01	7.98	2.2
20131113	5.91	6.4	2.39
20131114	0.0	6.78	2.33
20131115	0.22	5.78	1.65
20131116	0.5	8.48	1.51
20131117	2.12	8.02	1.48
20131118	1.5	6.5	1.85
20131119	12.5	1.78	2.32
20131120	3.28	4.75	4.85
20131121	0.24	4.75	2.22
20131122	0.0	2.88	1.68
20131123	0.05	2.18	1.52
20131124	0.02	4.48	1.41
20131125	0.0	2.57	1.34
20131126	0.48	4.44	1.35
20131127	0.02	8.34	1.31
20131128	1.13	6.9	1.29
20131129	0.86	7.16	1.47
20131130	0.07	5.13	1.27
20131201	0.0	6.75	1.24
20131202	0.02	6.21	1.21
20131203	1.0	6.95	1.23
20131204	0.11	5.36	1.25
20131205	6.94	5.6	2.06
20131206	5.58	3.81	2.32
20131207	0.9	6.49	2.0
20131208	1.98	8.88	1.79
20131209	0.0	8.89	1.47
20131210	0.01	6.83	1.31
20131211	0.74	5.05	1.27
20131212	13.19	7.93	3.92
20131213	2.94	9.73	3.5
20131214	1.38	7.74	2.07
20131215	7.03	9.13	2.07
20131216	1.47	8.2	3.04
20131217	0.48	4.06	1.74
20131218	7.85	6.9	3.23
20131219	1.4	4.0	2.25
20131220	3.89	6.18	2.22
20131221	6.04	8.7	2.37
20131222	0.12	4.53	2.65
20131223	9.76	6.82	3.5
20131224	1.02	5.39	2.45
20131225	0.09	3.16	1.71
20131226	4.64	2.75	1.88
20131227	0.11	6.81	1.92
20131228	1.46	4.19	1.46
20131229	0.33	4.5	1.41
20131230	2.33	7.28	1.68
20131231	2.67	5.51	1.76
20140101	9.68	6.45	3.84
20140102	2.25	6.67	2.9
20140103	4.14	6.54	3.11
20140104	0.9	4.45	2.03
20140105	8.76	4.81	3.94
20140106	4.59	8.6	3.13
20140107	5.31	7.98	2.25
20140108	7.12	7.12	3.45
20140109	4.15	5.39	3.41
20140110	3.66	5.63	2.38
20140111	0.99	3.48	2.44
20140112	6.66	2.47	3.14
20140113	4.58	4.64	3.17
20140114	10.5	3.71	4.58
20140115	3.48	7.58	4.65
20140116	0.91	5.92	2.94
20140117	1.39	5.42	2.13
20140118	1.92	5.61	1.96
20140119	0.07	4.68	1.82
20140120	0.05	2.76	1.54
20140121	7.03	3.37	2.66
20140122	7.47	5.82	2.35
20140123	2.54	4.34	3.67
20140124	10.52	4.28	5.32
20140125	6.71	6.37	3.75
20140126	8.02	4.19	6.08
20140127	7.93	4.26	4.09
20140128	1.28	4.91	3.97
20140129	0.2	4.45	2.25
20140130	0.53	2.27	1.85
20140131	9.29	3.8	3.87
20140201	1.95	4.67	2.33
20140202	0.01	5.89	1.94
20140203	1.5	5.31	1.7
20140204	0.31	4.51	1.61
20140205	11.02	6.08	3.39
20140206	5.32	5.58	3.78
20140207	2.57	4.35	2.72
20140208	11.49	5.9	3.29
20140209	1.4	5.26	5.05
20140210	2.3	2.76	2.22
20140211	2.65	2.84	2.83
20140212	6.11	3.86	3.41
20140213	0.18	3.81	2.09
20140214	16.12	4.74	3.74
20140215	4.97	5.56	6.69
20140216	0.84	4.37	2.63
20140217	4.1	5.79	2.64
20140218	1.56	6.74	2.14
20140219	2.6	7.37	2.32
20140220	0.94	7.53	2.41
20140221	5.02	4.84	2.81
20140222	0.0	6.75	2.09
20140223	2.23	9.5	1.78
20140224	0.45	7.63	1.96
20140225	1.16	6.77	1.74
20140226	6.49	5.85	1.96
20140227	0.5	5.64	2.57
20140228	0.0	3.12	1.71
20140301	2.66	3.58	1.65
20140302	8.56	6.09	3.53
20140303	0.64	4.4	2.31
20140304	0.5	4.9	1.82
20140305	0.44	6.19	1.65
20140306	7.77	8.89	1.78
20140307	0.25	8.01	3.31
20140308	0.0	7.87	1.77
20140309	0.0	9.63	1.63
20140310	0.01	6.53	1.57
20140311	0.0	5.16	1.47
20140312	0.0	4.77	1.47
20140313	0.0	5.47	1.48
20140314	0.0	6.96	1.47
20140315	0.0	9.41	1.42
20140316	0.0	9.54	1.46
20140317	0.47	8.76	1.4
20140318	5.98	8.51	2.25
20140319	0.0	9.22	1.42
20140320	6.27	7.88	2.29
20140321	3.25	5.8	1.82
20140322	11.96	4.35	3.69
20140323	0.47	4.51	2.26
20140324	5.04	4.16	1.79
20140325	3.43	5.9	3.14
20140326	1.58	4.54	2.0
20140327	11.8	4.35	4.04
20140328	0.04	5.66	3.0
20140329	0.05	8.75	1.83
20140330	0.0	9.78	1.63
20140331	10.46	9.67	3.33
20140401	0.05	9.41	2.62
20140402	1.09	8.88	1.82
20140403	4.74	8.81	2.04
20140404	0.31	9.06	2.45
20140405	7.46	10.64	2.72
20140406	5.02	12.16	3.42
20140407	9.95	9.04	4.59
20140408	0.37	7.69	3.2
20140409	0.0	9.51	1.98
20140410	0.18	9.14	1.77
20140411	0.0	8.18	1.65
20140412	0.89	8.4	1.61
20140413	0.05	8.56	1.48
20140414	0.0	8.76	1.42
20140415	0.0	8.11	1.4
20140416	0.0	9.1	1.37
20140417	0.26	9.28	1.37
20140418	0.0	7.04	1.33
20140419	0.0	6.62	1.3
20140420	0.0	8.56	1.3
20140421	1.11	11.48	1.3
20140422	4.73	10.08	2.06
20140423	2.29	10.96	1.49
20140424	0.17	10.3	1.35
20140425	6.46	8.68	2.33
20140426	0.41	10.33	1.51
20140427	0.03	9.8	1.34
20140428	0.0	11.01	1.33
20140429	0.0	11.55	1.27
20140430	4.33	11.67	1.53
20140501	0.46	9.14	1.41
20140502	0.0	8.27	1.23
20140503	0.0	8.02	1.19
20140504	0.0	10.87	1.19
20140505	7.38	11.31	2.09
20140506	2.71	11.57	1.88
20140507	11.26	10.39	3.76
20140508	13.38	10.98	3.9
20140509	8.61	10.96	4.61
20140510	21.73	10.53	9.37
20140511	2.27	9.87	5.78
20140512	2.32	9.68	3.24
20140513	2.92	10.0	2.75
20140514	0.0	11.01	1.84
20140515	0.0	12.99	1.52
20140516	0.0	14.45	1.41
20140517	0.0	14.6	1.33
20140518	0.0	14.97	1.3
20140519	0.03	15.23	1.25
20140520	0.67	14.15	1.31
20140521	5.81	13.02	1.24
20140522	2.71	10.26	2.14
20140523	3.88	10.02	2.52
20140524	12.66	10.54	3.0
20140525	7.02	11.42	4.09
20140526	0.05	12.26	1.73
20140527	3.94	12.09	1.54
20140528	2.88	11.14	1.89
20140529	0.26	11.22	1.89
20140530	0.0	11.82	1.39
20140531	0.0	13.13	1.3
20140601	1.5	14.0	1.34
20140602	5.17	14.12	2.46
20140603	0.68	13.09	1.65
20140604	5.57	10.81	1.94
20140605	0.25	12.08	1.72
20140606	5.47	13.93	1.41
20140607	4.64	14.09	3.56
20140608	1.23	15.17	1.57
20140609	8.58	15.23	2.81
20140610	0.92	14.82	1.59
20140611	0.0	14.83	1.39
20140612	0.0	15.5	1.34
20140613	0.0	16.08	1.27
20140614	0.43	16.14	1.22
20140615	0.53	14.89	1.43
20140616	0.0	14.29	1.22
20140617	0.0	15.58	1.23
20140618	0.0	17.69	1.21
20140619	0.0	15.49	1.15
20140620	0.0	15.35	1.17
20140621	0.0	15.14	1.14
20140622	0.0	16.04	1.1
20140623	0.0	16.6	1.13
20140624	0.53	14.88	1.17
20140625	0.06	14.61	1.13
20140626	0.3	14.48	1.12
20140627	5.03	12.68	1.24
20140628	2.06	12.11	1.83
20140629	0.0	12.62	1.14
20140630	0.0	14.06	1.13
20140701	0.02	15.36	1.27
20140702	0.0	16.16	1.14
20140703	0.23	16.75	1.18
20140704	18.02	16.24	3.97
20140705	0.0	14.73	2.09
20140706	0.02	13.61	1.28
20140707	0.24	14.07	1.23
20140708	3.53	14.18	1.96
20140709	0.0	15.49	1.24
20140710	0.0	15.82	1.24
20140711	0.0	16.4	1.24
20140712	9.07	17.46	2.45
20140713	0.0	16.28	1.85
20140714	1.33	15.45	1.34
20140715	0.02	15.82	1.24
20140716	0.23	16.23	1.3
20140717	0.48	18.18	1.19
20140718	16.85	18.92	2.56
20140719	9.17	17.93	5.31
20140720	0.0	18.15	1.49
20140721	0.0	17.85	1.29
20140722	0.0	18.57	1.21
20140723	0.0	19.09	1.17
20140724	0.0	19.38	1.15
20140725	0.0	19.41	1.13
20140726	1.14	19.69	1.19
20140727	0.07	16.65	1.15
20140728	0.0	16.65	1.16
20140729	0.12	16.17	1.14
20140730	1.21	16.34	1.15
20140731	0.57	16.83	1.24
20140801	12.73	16.08	4.18
20140802	5.6	15.82	2.2
20140803	0.45	15.33	1.28
20140804	0.0	15.51	1.24
20140805	4.76	15.73	1.25
20140806	2.45	17.35	2.08
20140807	0.05	15.79	1.22
20140808	3.43	15.25	2.12
20140809	5.51	15.53	1.21
20140810	23.96	13.51	8.56
20140811	2.95	14.24	2.77
20140812	7.99	13.73	2.63
20140813	6.44	14.78	2.83
20140814	5.46	13.92	4.4
20140815	0.0	13.82	2.08
20140816	3.0	13.64	1.78
20140817	4.28	13.74	2.31
20140818	1.27	12.98	1.68
20140819	0.15	11.54	1.4
20140820	0.47	11.28	1.31
20140821	9.13	11.78	2.74
20140822	1.37	11.93	1.71
20140823	0.09	11.02	1.4
20140824	0.8	11.79	1.29
20140825	5.2	12.75	1.96
20140826	0.0	13.72	1.65
20140827	0.99	13.46	1.42
20140828	1.12	15.76	1.4
20140829	13.83	14.81	4.61
20140830	3.92	14.58	3.06
20140831	2.11	14.61	1.68
20140901	0.05	14.63	1.73
20140902	0.0	14.02	1.41
20140903	0.0	15.99	1.4
20140904	0.0	16.05	1.3
20140905	0.66	15.38	1.3
20140906	3.97	14.11	1.94
20140907	0.01	12.55	1.29
20140908	0.0	11.78	1.25
20140909	0.0	12.72	1.21
20140910	0.0	13.73	1.19
20140911	0.0	13.65	1.18
20140912	0.0	13.64	1.15
20140913	0.0	14.16	1.13
20140914	0.06	13.77	1.15
20140915	0.0	14.3	1.18
20140916	0.0	15.12	1.16
20140917	0.0	15.24	1.16
20140918	0.01	16.44	1.15
20140919	0.18	15.21	1.15
20140920	0.0	14.28	1.14
20140921	0.0	11.26	1.14
20140922	0.0	11.61	1.13
20140923	8.74	12.69	2.19
20140924	0.0	12.47	1.55
20140925	0.65	13.86	1.22
20140926	0.34	14.59	1.23
20140927	0.0	12.77	1.17
20140928	0.0	15.24	1.17
20140929	1.38	14.45	1.24
20140930	1.74	15.23	1.23
20141001	0.02	13.63	1.23
20141002	0.0	11.23	1.19
20141003	3.67	14.95	1.18
20141004	0.85	10.87	1.61
20141005	10.96	9.51	1.28
20141006	4.88	9.45	3.98
20141007	7.47	7.9	3.54
20141008	4.39	9.36	2.25
20141009	0.58	10.58	1.66
20141010	1.06	10.27	1.37
20141011	0.12	8.83	1.09
20141012	0.1	8.03	1.04
20141013	1.03	9.67	1.07
20141014	0.05	10.02	1.12
20141015	8.56	11.07	2.56
20141016	1.06	12.37	1.54
20141017	3.43	14.14	1.82
20141018	0.0	15.91	1.57
20141019	3.15	14.04	1.74
20141020	9.32	11.67	2.37
20141021	5.46	9.64	3.69
20141022	0.39	9.81	1.85
20141023	4.65	12.72	1.6
20141024	0.06	11.24	2.13
20141025	0.2	10.58	1.42
20141026	0.0	12.64	1.35
20141027	0.01	14.48	1.31
20141028	5.18	12.98	2.08
20141029	2.37	7.46	1.68
20141030	0.0	13.32	1.49
20141031	0.6	15.68	1.49
20141101	2.03	12.63	1.67
20141102	1.02	10.63	1.37
20141103	1.05	7.5	1.47
20141104	0.38	5.14	1.33
20141105	0.02	5.53	1.25
20141106	3.1	6.59	1.25
20141107	11.98	9.25	4.51
20141108	2.74	8.09	2.25
20141109	0.0	6.69	1.48
20141110	2.31	6.96	1.58
20141111	0.67	9.96	1.39
20141112	2.2	9.55	1.6
20141113	2.0	9.59	1.25
20141114	7.38	9.71	3.53
20141115	0.54	7.01	1.55
20141116	4.86	7.42	1.72
20141117	0.87	8.58	2.21
20141118	0.02	8.34	1.46
20141119	0.0	8.36	1.28
20141120	0.05	7.17	1.21
20141121	14.54	6.74	3.9
20141122	1.71	9.49	2.47
20141123	0.01	6.12	1.95
20141124	0.12	4.53	1.49
20141125	3.32	3.6	1.41
20141126	1.58	5.98	1.7
20141127	0.16	6.8	1.63
20141128	0.95	8.75	1.36
20141129	0.82	8.92	1.41
20141130	0.0	8.34	1.31
20141201	0.25	6.65	1.24
20141202	0.0	4.66	1.17
20141203	0.07	2.03	1.16
20141204	0.15	3.13	1.12
20141205	1.03	3.58	1.15
20141206	8.18	3.76	1.34
20141207	13.67	5.92	5.01
20141208	1.8	3.14	3.72
20141209	12.69	5.26	4.89
20141210	10.46	5.18	4.94
20141211	18.47	4.37	7.98
20141212	2.58	3.09	5.2
20141213	1.83	2.11	2.86
20141214	7.08	6.35	3.49
20141215	1.03	4.58	2.61
20141216	14.29	5.06	5.1
20141217	13.71	10.14	8.66
20141218	17.22	11.28	10.22
20141219	4.44	6.5	5.66
20141220	0.62	6.69	3.11
20141221	0.85	8.85	2.52
20141222	10.9	11.32	4.82
20141223	17.44	10.13	8.69
20141224	1.18	5.95	4.1
20141225	1.33	4.37	2.75
20141226	11.32	2.51	5.07
20141227	0.56	1.7	3.11
20141228	0.21	0.54	2.06
20141229	0.04	0.91	1.86
20141230	0.03	2.66	1.68
20141231	0.86	4.73	1.68
20150101	10.74	10.36	3.75
20150102	0.29	6.15	2.46
20150103	2.3	3.4	2.19
20150104	0.17	1.13	1.71
20150105	1.29	6.14	1.71
20150106	2.35	5.86	2.05
20150107	8.22	6.98	3.45
20150108	3.94	6.78	3.23
20150109	13.79	10.0	6.23
20150110	2.45	7.13	3.95
20150111	7.36	5.19	2.69
20150112	4.08	6.94	4.82
20150113	0.41	3.31	2.64
20150114	4.17	2.85	2.58
20150115	2.32	5.4	2.52
20150116	2.11	2.6	2.6
20150117	7.18	2.04	2.95
20150118	1.76	0.68	2.87
20150119	0.56	0.19	2.11
20150120	2.52	-0.23	2.01
20150121	8.09	1.42	3.15
20150122	0.08	1.22	2.37
20150123	6.15	2.81	3.46
20150124	0.22	3.8	2.77
20150125	4.46	6.18	2.62
20150126	0.47	6.14	2.64
20150127	4.76	5.64	2.15
20150128	8.03	4.58	4.09
20150129	7.87	1.47	4.35
20150130	6.64	1.93	4.01
20150131	0.0	2.6	3.15
20150201	0.05	1.51	2.18
20150202	0.0	-0.26	1.85
20150203	0.02	0.14	1.71
20150204	0.0	1.14	1.58
20150205	0.01	2.46	1.58
20150206	0.02	1.42	1.49
20150207	0.0	1.84	1.43
20150208	0.14	2.25	1.41
20150209	0.0	3.95	1.43
20150210	0.0	2.19	1.39
20150211	0.0	2.86	1.36
20150212	0.0	3.46	1.36
20150213	1.46	4.66	1.45
20150214	0.15	5.85	1.31
20150215	6.0	5.46	1.3
20150216	0.23	4.73	2.19
20150217	0.0	4.11	1.39
20150218	0.28	6.83	1.33
20150219	9.01	6.18	2.64
20150220	2.39	3.37	1.99
20150221	1.4	2.74	2.17
20150222	8.45	3.28	3.9
20150223	4.14	3.88	2.68
20150224	1.51	4.42	2.31
20150225	7.1	6.75	1.97
20150226	1.29	6.71	4.03
20150227	1.24	4.11	2.05
20150228	2.33	7.5	2.25
20150301	4.12	4.99	2.15
20150302	1.76	2.94	2.26
20150303	2.05	3.23	1.75
20150304	0.06	4.87	1.78
20150305	0.0	6.14	1.64
20150306	0.0	8.15	1.59
20150307	1.22	9.2	1.54
20150308	3.42	7.01	2.07
20150309	3.55	4.99	2.19
20150310	0.04	5.57	1.66
20150311	4.62	5.42	2.28
20150312	11.78	7.75	1.98
20150313	1.23	4.63	4.79
20150314	0.01	3.59	2.16
20150315	0.18	4.84	1.89
20150316	0.05	4.77	1.74
20150317	0.0	4.53	1.65
20150318	0.07	4.19	1.55
20150319	0.0	4.6	1.54
20150320	0.0	6.99	1.54
20150321	0.0	5.65	1.49
20150322	0.29	4.51	1.48
20150323	0.66	5.87	1.5
20150324	1.8	3.81	1.62
20150325	9.61	3.82	1.93
20150326	0.16	5.7	2.69
20150327	2.62	5.84	1.65
20150328	17.84	9.03	6.03
20150329	5.47	7.33	5.4
20150330	26.15	6.3	9.5
20150331	6.47	6.33	6.44
20150401	7.14	5.71	4.86
20150402	3.74	6.29	3.26
20150403	1.31	7.37	3.27
20150404	0.0	8.13	2.29
20150405	0.16	9.1	2.01
20150406	0.02	8.57	1.84
20150407	0.0	8.91	1.75
20150408	0.0	9.33	1.7
20150409	0.02	10.33	1.64
20150410	2.03	11.08	1.62
20150411	0.11	7.92	1.71
20150412	3.82	6.55	1.91
20150413	0.02	7.84	1.63
20150414	0.0	11.02	1.58
20150415	0.06	9.46	1.57
20150416	0.0	8.1	1.52
20150417	0.0	8.45	1.49
20150418	0.0	7.64	1.46
20150419	0.3	6.61	1.46
20150420	0.0	8.2	1.45
20150421	0.0	9.62	1.42
20150422	0.0	10.35	1.44
20150423	0.0	10.73	1.3
20150424	0.37	10.29	1.55
20150425	3.82	9.06	1.89
20150426	0.0	5.96	1.41
20150427	2.8	4.74	1.57
20150428	6.31	6.12	1.71
20150429	10.32	7.02	2.8
20150430	0.14	6.83	2.22
20150501	0.0	5.76	1.58
20150502	12.77	6.44	2.14
20150503	1.87	10.41	3.65
20150504	7.67	11.29	2.5
20150505	2.05	10.23	2.84
20150506	10.88	8.7	4.46
20150507	0.0	8.51	2.19
20150508	18.33	8.29	6.42
20150509	0.03	9.44	2.76
20150510	0.75	11.65	1.98
20150511	0.14	13.22	1.83
20150512	0.02	10.69	1.7
20150513	0.0	10.01	1.58
20150514	0.0	8.0	1.54
20150515	2.64	9.78	1.65
20150516	0.05	10.59	1.54
20150517	8.89	9.46	1.78
20150518	17.46	8.36	5.18
20150519	4.62	7.7	4.04
20150520	0.33	9.54	2.16
20150521	0.0	10.87	1.77
20150522	0.07	13.18	1.68
20150523	3.06	11.99	1.57
20150524	0.0	11.42	1.88
20150525	0.0	10.7	1.54
20150526	0.0	11.22	1.49
20150527	4.55	9.97	1.98
20150528	6.75	10.02	1.65
20150529	1.65	8.77	2.81
20150530	7.3	9.75	2.09
20150531	1.17	9.83	2.83
20150601	17.55	8.54	5.78
20150602	2.71	11.46	3.58
20150603	0.0	11.56	2.22
20150604	0.0	13.07	1.79
20150605	0.0	13.43	1.65
20150606	0.13	11.09	1.53
20150607	0.0	11.33	1.48
20150608	0.0	9.87	1.45
20150609	0.0	10.21	1.41
20150610	0.0	11.6	1.41
20150611	0.0	13.79	1.39
20150612	3.13	14.67	1.31
20150613	0.34	13.24	1.54
20150614	0.01	10.88	1.27
20150615	0.0	12.06	1.23
20150616	0.02	14.77	1.22
20150617	9.28	15.02	2.63
20150618	0.0	11.97	1.57
20150619	0.14	12.23	1.44
20150620	3.48	14.66	1.71
20150621	2.35	12.96	1.5
20150622	1.51	11.51	1.56
20150623	0.0	13.07	1.3
20150624	0.0	14.46	1.28
20150625	0.0	16.16	1.25
20150626	1.62	15.86	1.49
20150627	0.78	15.87	1.24
20150628	0.01	15.42	1.3
20150629	0.0	16.23	1.26
20150630	0.0	20.67	1.26
20150701	6.9	22.45	2.39
20150702	3.79	16.6	1.77
20150703	2.97	16.85	1.54
20150704	0.0	17.29	1.37
20150705	2.58	14.23	1.58
20150706	6.47	14.36	2.28
20150707	10.05	15.39	3.22
20150708	0.72	13.47	1.83
20150709	0.0	13.21	1.61
20150710	0.09	17.03	1.52
20150711	2.78	16.05	1.46
20150712	0.18	15.86	1.67
20150713	5.88	15.13	2.56
20150714	0.02	15.24	1.65
20150715	0.0	14.06	1.57
20150716	0.0	14.86	1.57
20150717	0.0	15.75	1.5
20150718	6.7	14.68	1.5
20150719	0.0	14.07	2.02
20150720	1.11	15.11	1.41
20150721	0.21	15.53	1.33
20150722	0.4	13.66	1.36
20150723	0.0	13.46	1.31
20150724	0.73	12.11	1.38
20150725	0.02	12.96	1.25
20150726	9.88	11.81	1.97
20150727	13.24	13.38	4.48
20150728	7.37	12.27	3.89
20150729	1.04	12.21	2.21
20150730	0.0	12.04	1.56
20150731	0.08	12.67	1.54
20150801	6.27	13.64	2.57
20150802	0.02	15.69	1.55
20150803	0.01	16.85	1.53
20150804	0.31	14.55	1.5
20150805	0.98	15.18	1.45
20150806	0.67	15.38	1.49
20150807	0.02	13.91	1.42
20150808	0.12	15.77	1.41
20150809	0.21	16.26	1.38
20150810	3.23	16.51	1.91
20150811	0.0	14.05	1.44
20150812	0.0	14.72	1.4
20150813	22.92	15.08	1.92
20150814	13.24	14.21	10.01
20150815	0.0	13.17	1.91
20150816	0.0	12.99	1.49
20150817	0.0	14.32	1.34
20150818	0.76	14.03	1.29
20150819	4.71	15.4	1.75
20150820	2.08	17.04	1.54
20150821	2.04	18.16	1.41
20150822	8.09	17.5	3.97
20150823	4.46	16.94	2.64
20150824	0.0	13.79	1.63
20150825	3.97	13.8	1.4
20150826	0.63	15.22	1.62
20150827	0.0	13.75	1.22
20150828	0.2	14.14	1.17
20150829	0.02	14.91	1.1
20150830	3.76	13.96	1.14
20150831	0.23	12.73	1.37
20150901	5.64	12.41	2.14
20150902	6.42	11.69	2.44
20150903	0.04	11.28	1.41
20150904	2.63	12.15	1.36
20150905	0.0	11.27	1.35
20150906	0.0	11.36	1.15
20150907	0.0	12.21	1.12
20150908	0.0	11.19	1.09
20150909	0.0	12.43	1.07
20150910	0.0	13.95	1.06
20150911	13.37	14.19	1.81
20150912	3.95	12.95	3.07
20150913	0.69	12.13	1.3
20150914	6.26	10.76	1.76
20150915	0.02	11.95	1.52
20150916	0.0	10.63	1.23
20150917	0.0	11.34	1.13
20150918	0.02	12.14	1.11
20150919	0.0	12.06	1.06
20150920	2.8	12.25	1.09
20150921	4.47	12.14	1.8
20150922	0.0	10.83	1.32
20150923	5.28	11.74	1.74
20150924	2.73	11.78	1.66
20150925	0.0	11.18	1.33
20150926	0.0	10.73	1.15
20150927	0.0	10.49	1.12
20150928	0.0	11.33	1.11
20150929	0.0	11.6	1.09
20150930	0.0	11.52	1.14
