pet
0.19125
0.3225
0.2125
0.26625
0.12125000000000001
0.10124999999999999
0.3175
0.3375
0.30125
0.26625
0.385
0.35624999999999996
0.43125
0.33875
0.23625000000000002
0.20125
0.2
0.31375000000000003
0.275
0.3975
0.45999999999999996
0.25625
0.32125000000000004
0.35875
0.25375000000000003
0.35625
0.25125
0.4875
0.42625
0.35374999999999995
0.42125
0.4325
0.505
0.57625
0.42000000000000004
0.35875
0.4875
0.45625
0.51125
0.50875
0.48
0.30375
0.41874999999999996
0.5037499999999999
0.60625
0.50625
0.55625
0.43875
0.45875
0.68875
0.5962500000000001
0.58125
0.72875
0.6425
0.5875
0.745
0.99875
0.675
0.6725
0.69625
0.85
0.8475
0.6725
0.83125
0.9
0.80375
0.74125
0.9412499999999999
0.88375
0.81375
1.04
1.155
1.06125
0.8875
0.93
0.9275
1.115
1.0050000000000001
0.9375
0.9375
1.25
1.21875
0.905
1.0375
1.1675
1.1975
1.2125
0.8987499999999999
1.205
1.4475
1.43625
1.8325
1.7175
1.55
1.79125
1.7175
1.5775
1.7175
1.53
1.755
1.59125
1.75125
1.69
1.6675
1.63625
2.19875
2.405
2.28375
1.6
1.5575
2.0637499999999998
2.10875
1.8825
1.7525
1.74
1.8475
2.11
1.94125
2.05375
1.61375
2.155
2.06125
2.26875
2.42625
2.115
2.3187499999999996
2.4450000000000003
2.4225
2.00875
2.1475
2.5525
2.66125
2.29125
1.91375
2.32
1.9375
1.935
2.2714285714285714
2.287142857142857
2.3542857142857145
2.012857142857143
2.4299999999999997
3.0785714285714287
2.741428571428571
2.6471428571428572
2.52
2.137142857142857
2.5500000000000003
2.924285714285714
2.7528571428571427
3.255714285714286
2.35
2.335714285714286
2.698571428571429
2.16
2.4528571428571433
2.142857142857143
2.5614285714285714
3.02
3.287142857142857
2.817142857142857
2.642857142857143
2.891428571428571
3.0157142857142856
2.6571428571428575
2.8785714285714286
2.75
3.06
3.11
3.3957142857142855
3.4185714285714286
3.4114285714285715
3.0500000000000003
3.0800000000000005
3.141428571428572
3.0357142857142856
3.1357142857142857
2.6257142857142854
3.1757142857142857
3.335714285714286
2.5471428571428576
2.6999999999999997
2.717142857142857
2.795714285714286
3.007142857142857
2.097142857142857
2.512857142857143
2.4199999999999995
2.337142857142857
2.4714285714285715
2.79
3.3814285714285712
2.835714285714286
3.0985714285714283
3.6814285714285715
3.5028571428571427
3.0557142857142856
3.0042857142857144
3.0700000000000003
3.334285714285714
3.271428571428572
2.968571428571429
2.435714285714286
2.312857142857143
3.2314285714285718
2.712857142857143
2.57
2.562857142857143
3.1799999999999997
3.1257142857142854
3.0100000000000002
2.6228571428571428
2.807142857142857
2.7457142857142856
2.8214285714285716
2.9614285714285713
3.2085714285714286
2.525714285714286
2.737142857142857
2.942857142857143
2.7528571428571427
2.751428571428572
2.817142857142857
2.3528571428571428
2.38
2.302857142857143
2.782857142857143
2.585714285714286
2.685714285714286
2.1785714285714284
1.832857142857143
1.987142857142857
2.2399999999999998
1.9542857142857142
1.7414285714285713
1.8814285714285715
2.37
1.6357142857142857
2.2285714285714286
2.0214285714285714
2.16
1.9614285714285715
2.2642857142857147
2.092857142857143
2.005714285714286
2.1271428571428572
2.3685714285714283
1.7642857142857142
2.031428571428571
1.887142857142857
2.0571428571428574
2.0114285714285716
2.0185714285714282
1.4742857142857144
1.8414285714285714
1.9528571428571428
1.72
1.8028571428571427
1.8142857142857143
1.5857142857142856
1.4914285714285713
1.4014285714285715
1.5457142857142858
1.6857142857142855
1.3871428571428572
1.3457142857142856
1.4914285714285713
1.3671428571428572
1.2014285714285715
1.1114285714285714
1.0514285714285714
1.0657142857142856
0.9428571428571428
0.9985714285714286
0.7871428571428571
0.9914285714285714
1.1314285714285715
1.0985714285714285
1.1171428571428572
1.1428571428571428
0.9257142857142856
0.9628571428571429
0.9299999999999999
0.95
0.89
0.6185714285714285
0.5871428571428571
0.8714285714285713
0.75
0.7385714285714285
0.6657142857142857
0.7400000000000001
0.7357142857142858
0.5428571428571429
0.7257142857142858
0.8585714285714285
0.58
0.7157142857142856
0.7699999999999999
0.7414285714285714
0.4614285714285714
0.47428571428571425
0.5857142857142856
0.49571428571428566
0.4928571428571429
0.36
0.5585714285714286
0.3314285714285714
0.31857142857142856
0.3657142857142857
0.4571428571428572
0.5414285714285715
0.4228571428571429
0.31428571428571433
0.42
0.3271428571428571
0.3728571428571429
0.5771428571428572
0.26571428571428574
0.15857142857142859
0.22142857142857145
0.2885714285714286
0.19714285714285715
0.18571428571428572
0.17285714285714285
0.24428571428571427
0.32285714285714284
0.2
0.2857142857142857
0.18142857142857144
0.20714285714285713
0.13285714285714284
0.06285714285714286
0.0842857142857143
0.2671428571428572
0.4185714285714286
0.30142857142857143
0.24428571428571427
0.3628571428571429
0.27142857142857146
0.44571428571428573
0.12
0.14714285714285716
0.1471428571428571
0.08857142857142856
0.11857142857142858
0.22857142857142856
0.3314285714285714
0.3071428571428572
0.3028571428571429
0.25857142857142856
0.19142857142857142
0.11285714285714286
0.12571428571428572
0.23142857142857146
0.20857142857142857
0.07714285714285715
0.21285714285714286
0.24857142857142858
0.16142857142857142
0.1357142857142857
0.33428571428571424
0.20714285714285713
0.17285714285714285
0.16
