temperature
5.885
4.89625
4.37125
5.4475
5.23
5.145
5.36125
5.2562500000000005
5.29875
6.48875
5.92375
4.7825
6.5925
6.035
5.9175
5.335
5.66
5.4175
7.1175
7.82625
6.73875
5.0475
5.376250000000001
4.407500000000001
3.80125
4.80375
5.1175
4.3225
4.47
4.64375
5.1125
5.405
5.79375
5.8925
5.88375
6.293749999999999
5.6275
5.47375
5.8412500000000005
4.7075
5.6325
7.235
7.42125
5.5225
4.49125
4.145
3.79375
3.565
3.9124999999999996
4.1375
4.0675
4.625
5.47625
4.2775
4.2837499999999995
4.0875
4.9625
4.00625
4.0912500000000005
3.7262500000000003
3.46625
3.7825
4.12
4.91375
5.21125
6.5275
6.85
7.155
6.4975000000000005
6.42875
5.62875
4.95875
5.4712499999999995
6.7325
7.8325
7.545000000000001
6.4225
5.4825
6.01625
6.37
6.58625
6.4275
6.43
6.62875
6.82125
7.25
7.1475
7.30375
8.29125
8.817499999999999
9.23625
10.00625
9.30375
8.45125
7.984999999999999
7.7075000000000005
5.87625
5.85
6.126250000000001
7.06125
7.3475
7.86
8.46125
8.90875
9.303749999999999
9.68875
9.475
8.5375
7.70125
7.96125
9.50375
10.0875
10.44125
10.55625
10.96375
10.6
11.02
11.24
10.532499999999999
10.2325
10.8675
10.66375
10.68
11.17375
10.40875
10.875
11.432500000000001
11.26875
11.42375
12.43
12.8125
12.3575
11.872499999999999
10.765
11.4175
12.1225
12.04375
12.385714285714286
12.5
12.9
12.361428571428572
12.45142857142857
12.057142857142855
12.52
13.09
13.285714285714286
13.44
12.737142857142857
12.474285714285713
13.102857142857143
13.43142857142857
13.322857142857144
14.272857142857143
13.891428571428571
13.45142857142857
14.09
13.319999999999999
13.84
14.307142857142859
14.961428571428572
14.984285714285715
14.484285714285715
15.665714285714285
15.010000000000002
15.281428571428572
15.555714285714286
16.31
17.085714285714285
16.505714285714284
16.837142857142858
16.09714285714286
15.35
15.501428571428573
16.13285714285714
16.202857142857145
15.838571428571429
15.411428571428571
15.112857142857141
15.268571428571429
16.07857142857143
15.985714285714284
16.35
16.73
16.447142857142858
16.41857142857143
15.824285714285713
16.13142857142857
15.954285714285714
15.905714285714286
16.06
16.178571428571427
16.36714285714286
15.574285714285713
16.43
16.954285714285714
17.759999999999998
18.10857142857143
17.594285714285714
17.587142857142858
17.80142857142857
17.3
17.169999999999998
17.024285714285714
17.484285714285715
17.675714285714285
17.312857142857144
17.490000000000002
17.919999999999998
18.787142857142857
18.825714285714287
18.354285714285712
17.52857142857143
17.16142857142857
17.027142857142856
17.30142857142857
17.791428571428572
18.457142857142856
18.73857142857143
17.885714285714283
17.107142857142858
17.667142857142856
17.827142857142857
17.669999999999998
17.431428571428572
17.288571428571426
17.124285714285715
17.93
16.954285714285714
17.554285714285715
18.262857142857143
17.255714285714284
16.37
16.572857142857142
16.582857142857144
17.0
17.117142857142856
16.86285714285714
16.29285714285714
16.114285714285714
15.467142857142857
15.468571428571428
15.874285714285715
16.135714285714286
15.724285714285713
15.964285714285714
16.708571428571428
16.259999999999998
16.99142857142857
17.674285714285713
16.14142857142857
15.647142857142857
15.421428571428569
15.594285714285714
15.552857142857144
16.305714285714284
15.501428571428573
15.711428571428572
15.115714285714287
14.285714285714286
13.752857142857144
14.204285714285716
14.56142857142857
14.90857142857143
15.68142857142857
14.12857142857143
13.612857142857141
13.45857142857143
12.864285714285714
12.304285714285713
13.741428571428571
13.891428571428571
13.785714285714286
14.084285714285715
14.372857142857143
13.691428571428572
13.274285714285714
12.31
12.562857142857142
13.637142857142859
12.237142857142857
12.394285714285715
12.457142857142857
13.588571428571429
13.292857142857143
12.94
12.947142857142856
12.707142857142857
12.655714285714286
11.504285714285714
11.101428571428572
10.161428571428571
10.385714285714286
10.722857142857142
11.370000000000001
11.314285714285715
10.491428571428571
10.697142857142856
11.751428571428573
11.795714285714284
10.842857142857143
11.021428571428572
11.344285714285714
11.76142857142857
11.120000000000001
9.575714285714286
10.465714285714284
10.08
8.607142857142858
8.84
9.532857142857143
9.038571428571428
9.382857142857144
7.228571428571429
8.680000000000001
9.531428571428572
8.082857142857142
8.212857142857143
7.274285714285715
7.25
6.501428571428571
7.064285714285715
6.927142857142857
7.372857142857143
6.9799999999999995
6.8757142857142854
7.832857142857143
7.192857142857143
7.372857142857143
7.43
6.671428571428572
6.9399999999999995
7.181428571428571
7.345714285714286
8.024285714285714
8.641428571428571
7.502857142857143
7.188571428571429
7.227142857142858
8.08
7.252857142857144
6.257142857142857
4.808571428571429
4.394285714285714
3.4214285714285713
4.414285714285714
4.784285714285715
6.517142857142857
5.0600000000000005
5.3028571428571425
4.862857142857143
3.7571428571428567
3.39
3.375714285714286
3.0142857142857147
3.652857142857143
3.7485714285714287
5.132857142857143
7.744285714285715
6.618571428571428
4.877142857142857
4.884285714285714
4.97
4.251428571428571
5.22
5.234285714285714
