pet
0.24772727272727274
0.27454545454545454
0.3522727272727273
0.2972727272727273
0.22999999999999998
0.24227272727272728
0.3154545454545455
0.2722727272727273
0.31227272727272726
0.3245454545454546
0.33681818181818185
0.38727272727272727
0.30318181818181816
0.32136363636363635
0.33090909090909093
0.2722727272727273
0.325
0.2827272727272727
0.3440909090909091
0.3113636363636364
0.295
0.3240909090909091
0.27590909090909094
0.3631818181818182
0.34863636363636363
0.36227272727272725
0.36363636363636365
0.40954545454545455
0.32545454545454544
0.38409090909090904
0.3859090909090909
0.4090909090909091
0.4113636363636364
0.4318181818181818
0.4113636363636363
0.39272727272727276
0.4668181818181818
0.4477272727272727
0.4918181818181818
0.4768181818181818
0.4122727272727273
0.41409090909090907
0.4636363636363637
0.4809090909090909
0.46545454545454545
0.5459090909090909
0.5395454545454546
0.4336363636363636
0.49272727272727274
0.5731818181818181
0.6090909090909091
0.5931818181818183
0.6481818181818182
0.6172727272727273
0.5722727272727273
0.6531818181818182
0.6718181818181818
0.6518181818181819
0.6677272727272727
0.6809090909090909
0.7309090909090908
0.6395454545454545
0.7418181818181818
0.7599999999999999
0.7877272727272726
0.7913636363636364
0.8295454545454546
0.825909090909091
0.9454545454545454
0.8904545454545455
0.8863636363636364
0.9
0.8813636363636363
0.890909090909091
0.8563636363636363
0.9604545454545454
1.0095454545454545
1.059090909090909
0.9695454545454545
1.03
0.965
1.0845454545454545
1.0686363636363636
1.0513636363636363
1.1454545454545455
1.1290909090909091
1.1477272727272727
1.2459090909090909
1.1127272727272728
1.2945454545454547
1.3191304347826087
1.3691304347826088
1.2121739130434783
1.2982608695652174
1.3982608695652172
1.4965217391304348
1.3869565217391304
1.431304347826087
1.4034782608695653
1.586521739130435
1.4739130434782608
1.482608695652174
1.48
1.5491304347826087
1.6373913043478259
1.7304347826086954
1.683478260869565
1.6139130434782607
1.7291304347826089
1.7582608695652173
1.7256521739130435
1.5986956521739129
1.8252173913043477
1.7482608695652175
1.6956521739130435
1.7769565217391303
1.8356521739130434
1.8856521739130434
2.046521739130435
1.9678260869565216
2.11
2.121304347826087
2.247826086956522
2.1669565217391304
1.9730434782608697
2.068695652173913
2.1956521739130435
2.194782608695652
2.2265217391304346
2.1395652173913042
2.253913043478261
2.2926086956521736
2.2517391304347827
2.257391304347826
2.1443478260869564
2.066521739130435
2.0582608695652174
2.1939130434782608
2.2143478260869567
2.112173913043478
2.2995652173913044
2.340869565217391
2.516086956521739
2.588695652173913
2.5273913043478258
2.4743478260869565
2.1982608695652175
2.385217391304348
2.3995652173913045
2.6513043478260867
2.776086956521739
2.6021739130434782
2.463913043478261
2.532608695652174
2.3369565217391304
2.561304347826087
2.323478260869565
2.6817391304347824
2.6465217391304345
2.683913043478261
2.652608695652174
2.63304347826087
2.3904347826086956
2.3508695652173914
2.4478260869565216
2.4565217391304346
2.5678260869565217
2.604782608695652
2.529130434782609
2.550869565217391
2.8099999999999996
2.573478260869565
2.59
2.643913043478261
2.5808695652173914
2.526086956521739
2.7778260869565217
2.5786956521739133
2.7517391304347827
2.741739130434783
2.4234782608695653
2.541304347826087
2.4213043478260867
2.4878260869565216
2.4234782608695653
2.606521739130435
2.3778260869565218
2.448695652173913
2.536521739130435
2.7508695652173913
2.526086956521739
2.6617391304347824
2.550869565217391
2.617826086956522
2.6208695652173915
2.627391304347826
2.7504347826086954
2.5669565217391304
2.666086956521739
2.460434782608696
2.4339130434782605
2.413913043478261
2.581304347826087
2.526521739130435
2.54
2.573478260869565
2.396086956521739
2.5430434782608695
2.316521739130435
2.2495652173913046
2.4704347826086956
2.219130434782609
2.148695652173913
2.371304347826087
2.396086956521739
2.185217391304348
2.3617391304347826
2.1665217391304346
2.13
2.2743478260869567
2.2230434782608697
2.001304347826087
2.0213043478260873
2.0078260869565216
1.9739130434782608
1.8878260869565218
2.121304347826087
2.1095652173913044
2.0895652173913044
1.8243478260869566
2.0121739130434784
1.9395652173913043
1.9526086956521738
2.09695652173913
1.8
1.858695652173913
1.7291304347826084
1.8513043478260869
1.8391304347826085
1.79
1.8278260869565217
1.6843478260869567
1.696521739130435
1.6330434782608696
1.627391304347826
1.5269565217391303
1.6843478260869567
1.516086956521739
1.4908695652173913
1.6134782608695653
1.5004347826086957
1.4965217391304348
1.542608695652174
1.3986956521739131
1.4034782608695653
1.4491304347826086
1.3808695652173915
1.3130434782608695
1.3143478260869565
1.268695652173913
1.2147826086956521
1.2121739130434783
1.2169565217391303
1.2604347826086957
1.2386956521739132
1.14
1.15
1.0113043478260868
1.0252173913043479
0.9417391304347826
0.9865217391304348
0.9704347826086956
0.957391304347826
1.0072727272727273
0.884090909090909
0.9404545454545455
0.9963636363636365
0.9209090909090908
0.9381818181818182
0.870909090909091
0.7922727272727272
0.8359090909090909
0.870909090909091
0.7427272727272727
0.6654545454545455
0.5977272727272728
0.6013636363636364
0.6054545454545455
0.605909090909091
0.6668181818181819
0.6963636363636364
0.6304545454545455
0.5931818181818181
0.5790909090909091
0.5513636363636364
0.5340909090909091
0.5840909090909091
0.6718181818181818
0.6286363636363637
0.630909090909091
0.5959090909090908
0.5031818181818182
0.5454545454545454
0.5613636363636364
0.47409090909090906
0.45909090909090905
0.45772727272727276
0.40954545454545455
0.41500000000000004
0.4104545454545454
0.4254545454545454
0.3890909090909091
0.40772727272727277
0.31727272727272726
0.4231818181818182
0.3781818181818182
0.37227272727272726
0.3709090909090909
0.2540909090909091
0.2827272727272727
0.3172727272727273
0.31
0.25772727272727275
0.3118181818181818
0.28363636363636363
0.2240909090909091
0.26818181818181813
0.29363636363636364
0.29409090909090907
0.2786363636363636
0.2872727272727273
0.26636363636363636
0.2740909090909091
0.29409090909090907
0.29045454545454547
0.2504545454545455
0.3140909090909091
0.2609090909090909
0.3090909090909091
0.28818181818181815
0.37454545454545457
0.2859090909090909
0.2968181818181818
0.2981818181818182
0.22136363636363637
0.19863636363636364
0.22090909090909092
0.27636363636363637
0.2631818181818182
0.28500000000000003
0.24363636363636365
0.16545454545454547
0.19090909090909092
0.19636363636363638
0.23590909090909093
0.19318181818181818
0.195
0.33545454545454545
0.24318181818181817
0.21409090909090908
0.21772727272727274
0.20181818181818184
0.22454545454545458
0.20590909090909093
0.2381818181818182
