temperature
3.609565217391304
3.654347826086956
3.458260869565217
3.7347826086956526
4.197391304347826
4.203913043478261
3.2930434782608695
3.7934782608695654
4.078260869565217
3.615217391304348
3.228695652173913
2.6473913043478263
2.227391304347826
2.4143478260869564
3.2691304347826087
3.4208695652173917
2.7743478260869567
2.54
3.233913043478261
3.3404347826086958
3.932608695652174
3.965217391304348
3.8334782608695654
3.9091304347826084
3.6686956521739127
3.342608695652174
3.1639130434782605
3.1595652173913042
3.1908695652173913
2.7230434782608697
2.7143478260869567
2.9765217391304346
3.5656521739130436
3.900434782608696
3.854782608695652
3.973478260869565
4.1869565217391305
4.214782608695652
3.900434782608696
3.4056521739130434
2.9152173913043478
2.5730434782608698
2.8391304347826085
2.6943478260869567
2.1817391304347824
1.8743478260869566
1.9165217391304348
2.4386956521739127
2.510869565217391
2.738695652173913
2.6913043478260867
3.260869565217391
3.603913043478261
3.7747826086956517
3.8099999999999996
3.0273913043478258
3.5273913043478258
3.7221739130434783
3.8821739130434785
4.17304347826087
4.403478260869565
4.3326086956521745
4.224782608695652
4.366521739130435
4.821739130434783
5.1213043478260865
4.97304347826087
4.800869565217392
5.131739130434783
5.366086956521739
5.099565217391304
5.257826086956522
4.969130434782608
5.112608695652174
4.738695652173914
5.191304347826088
5.1921739130434785
5.202608695652174
5.022173913043479
5.150434782608696
5.135217391304348
5.0834782608695654
5.26
5.720869565217391
5.3826086956521735
5.6521739130434785
5.508260869565217
5.55304347826087
6.041304347826086
5.848260869565217
6.4372727272727275
6.030909090909091
5.183181818181819
5.292272727272728
5.524090909090909
5.674545454545455
5.922272727272727
5.698636363636364
5.848181818181818
6.116363636363636
6.577272727272727
7.201818181818182
7.02590909090909
7.144090909090909
7.376363636363636
7.740909090909091
7.2272727272727275
7.201818181818182
7.764545454545455
7.555000000000001
7.748636363636364
8.306818181818182
8.060454545454546
7.579999999999999
7.630454545454546
7.466363636363636
7.542727272727273
7.327727272727273
7.635909090909092
7.845454545454545
8.016363636363637
7.859545454545454
8.381818181818183
8.661818181818182
8.863636363636363
9.085
9.261363636363637
9.738181818181818
9.119545454545454
9.112727272727271
9.804545454545455
9.624545454545455
10.187727272727273
10.276818181818182
10.364545454545455
10.20409090909091
10.348181818181818
10.628181818181817
10.484545454545454
11.260454545454545
11.152727272727272
10.91909090909091
11.252272727272727
11.498636363636363
11.579545454545455
11.452272727272726
11.531363636363636
10.931363636363637
11.226818181818182
11.18
11.399545454545454
11.77681818181818
11.793181818181818
12.087727272727273
11.963181818181818
11.905454545454546
11.785909090909092
11.918181818181818
12.133181818181818
12.363636363636363
12.19909090909091
12.201818181818181
12.491818181818182
12.263636363636364
12.45909090909091
12.538636363636364
13.05909090909091
13.001363636363635
12.68909090909091
13.408636363636363
13.47318181818182
13.355
13.38
13.31
13.125454545454545
13.635454545454547
13.763636363636364
13.612727272727273
13.579545454545455
13.843181818181819
14.114090909090908
14.173181818181819
14.205
14.584545454545456
15.015454545454544
15.489545454545453
15.336818181818183
15.32318181818182
15.655909090909091
15.243636363636364
15.306818181818182
15.431818181818182
15.247272727272728
15.527727272727274
15.110909090909091
15.427727272727275
15.120909090909093
14.764545454545454
14.530909090909091
14.852272727272727
15.269545454545455
15.121363636363638
15.015909090909092
14.938181818181818
14.87909090909091
15.245
15.459545454545456
15.58090909090909
15.613181818181818
15.804545454545455
15.782727272727273
15.200909090909091
14.807272727272727
15.143636363636364
15.431818181818182
14.887272727272727
15.048181818181819
15.015454545454547
14.532727272727271
14.738181818181818
15.19818181818182
14.781363636363636
14.866363636363637
15.12409090909091
15.20909090909091
15.383181818181818
15.63090909090909
14.938181818181818
14.659545454545453
14.562272727272727
14.803636363636365
15.20409090909091
15.102727272727272
15.316818181818183
14.360454545454546
14.716363636363637
14.767272727272728
14.761818181818182
14.305454545454547
14.462272727272728
14.542272727272728
14.27818181818182
13.795
14.19090909090909
13.801363636363636
13.759090909090908
13.466818181818182
13.505
13.276818181818184
13.318181818181818
13.687272727272727
13.332727272727272
13.056363636363637
12.644545454545455
12.817272727272728
12.368181818181819
12.131818181818181
12.325454545454546
12.643636363636364
12.657727272727273
12.4
11.907272727272726
12.094545454545454
12.085
11.756363636363636
12.238181818181818
11.971363636363636
11.524545454545454
11.434545454545455
11.327727272727273
11.713636363636363
11.612727272727273
11.507272727272728
11.26608695652174
11.05695652173913
11.029130434782608
11.18695652173913
10.656521739130435
10.595217391304347
10.57304347826087
10.089130434782609
10.662608695652175
10.550869565217392
9.965217391304348
10.02304347826087
9.457391304347826
9.154782608695653
9.177826086956522
8.904347826086957
8.658260869565218
8.898260869565217
9.326521739130435
8.954347826086956
8.410434782608695
8.35
8.51086956521739
8.709130434782608
8.673478260869565
8.68391304347826
8.515217391304347
8.312608695652173
7.811739130434782
8.267391304347827
8.608695652173912
8.28608695652174
8.306521739130435
7.89304347826087
7.408260869565217
7.013478260869565
6.4656521739130435
7.22304347826087
7.613913043478261
7.179565217391304
7.165217391304348
7.239565217391304
6.331304347826087
5.648695652173914
5.275217391304348
5.6000000000000005
5.540434782608696
5.502173913043478
6.057826086956522
5.709130434782609
4.875217391304347
4.721304347826087
5.1152173913043475
5.651739130434783
5.673043478260871
5.575652173913044
4.953043478260869
4.556956521739131
4.429565217391304
4.007391304347826
4.101304347826087
4.504347826086956
4.820869565217391
5.0208695652173905
5.162173913043478
5.051304347826087
4.738695652173913
4.628260869565217
3.860869565217391
3.609130434782609
3.5273913043478258
3.880434782608696
3.938695652173913
4.0
4.533913043478261
5.060434782608696
4.647826086956522
4.465217391304348
4.152608695652174
4.162173913043478
4.34
4.996956521739131
4.165652173913044
4.666086956521739
4.676086956521739
4.654347826086957
4.693478260869566
4.52695652173913
4.4830434782608695
4.456521739130435
3.7678260869565214
3.5413043478260873
