temperature
3.86
3.91
3.753478260869565
4.017826086956521
4.3273913043478265
4.760869565217392
3.6534782608695653
4.121304347826087
4.498695652173913
4.252173913043478
3.898695652173913
2.948695652173913
2.720869565217391
2.8604347826086953
3.680869565217391
3.8682608695652174
3.3278260869565215
2.826521739130435
3.4804347826086954
3.731304347826087
4.2556521739130435
4.46304347826087
4.648260869565218
4.425217391304348
4.01304347826087
3.8808695652173917
3.6843478260869564
3.823478260869565
3.739130434782609
3.1713043478260867
3.1182608695652174
3.544782608695652
3.8104347826086955
4.15
4.0926086956521734
4.56695652173913
4.945217391304348
4.743913043478261
4.342173913043479
3.8356521739130436
3.179130434782609
3.033913043478261
3.327826086956522
3.0904347826086958
2.4013043478260867
2.253913043478261
2.3069565217391306
2.8556521739130436
3.071739130434783
3.2043478260869565
3.1900000000000004
3.817391304347826
4.2073913043478255
4.322173913043478
4.278695652173913
3.4091304347826084
3.885217391304348
4.07695652173913
4.368260869565217
4.840434782608695
5.06695652173913
5.0691304347826085
4.849130434782609
4.906086956521739
5.1265217391304345
5.689565217391305
5.558260869565218
5.507391304347826
5.891739130434782
6.216521739130434
5.772608695652174
5.887391304347826
5.762608695652173
5.8960869565217395
5.5200000000000005
6.0978260869565215
6.135652173913043
6.306521739130435
6.015652173913042
6.1091304347826085
6.231304347826087
5.915217391304348
6.3
6.7013043478260865
6.235217391304348
6.64695652173913
6.3765217391304345
6.319999999999999
6.603478260869565
6.5291304347826085
7.445909090909091
7.343181818181818
6.316363636363636
6.072727272727272
6.121363636363636
6.239545454545455
6.852727272727273
6.817727272727273
6.746363636363636
7.128636363636364
7.504545454545454
7.9372727272727275
7.782727272727272
7.9327272727272735
8.21
8.522727272727273
7.864545454545455
7.805454545454546
8.530454545454546
8.48090909090909
8.365454545454545
9.315
8.950454545454546
8.306818181818182
8.350909090909092
8.134545454545455
8.308181818181819
8.245909090909091
8.428181818181818
8.728636363636364
9.213181818181818
9.029545454545454
9.306818181818182
9.485
9.741818181818182
10.077272727272726
10.214545454545455
10.871363636363636
10.450454545454546
10.439545454545454
10.788636363636364
10.698636363636364
11.384545454545455
11.247727272727273
11.510454545454547
11.336363636363636
11.469545454545454
11.436363636363636
11.761818181818182
12.376818181818182
12.067727272727273
11.86909090909091
12.287272727272727
12.311818181818182
12.533181818181818
12.647272727272728
12.534090909090908
11.997727272727273
12.203636363636365
12.444999999999999
12.601818181818182
13.028636363636364
13.018636363636364
13.281363636363636
13.042727272727273
12.923636363636364
13.062727272727273
13.100454545454545
13.33090909090909
13.607272727272727
13.348181818181816
13.47409090909091
13.561363636363637
13.698636363636364
14.156818181818181
13.925
14.163181818181819
14.224545454545455
13.684545454545455
14.521818181818183
14.617727272727272
14.569545454545453
14.693181818181818
14.496363636363638
14.581363636363637
14.82409090909091
15.260909090909092
15.073636363636364
14.957727272727272
15.208636363636366
15.495
15.564090909090908
15.649545454545455
15.586363636363636
16.12090909090909
16.97681818181818
16.914545454545454
16.756363636363634
17.01181818181818
16.74772727272727
16.64272727272727
16.754545454545454
16.358636363636364
16.865
16.625454545454545
16.892272727272726
16.348181818181818
16.10363636363636
16.130454545454544
16.205
16.765
16.417727272727273
16.38090909090909
16.378636363636364
16.07318181818182
16.377727272727274
16.852272727272727
16.817272727272726
17.061363636363634
17.191363636363636
17.31409090909091
17.208636363636366
16.644545454545455
16.58409090909091
16.973636363636363
16.66909090909091
16.49
16.41409090909091
16.010454545454547
16.501818181818184
16.78772727272727
16.665
16.375
16.45590909090909
16.609545454545454
17.16409090909091
17.37909090909091
16.652272727272727
16.201363636363638
16.10272727272727
16.331363636363637
16.634090909090908
16.606363636363636
16.573636363636364
15.45590909090909
15.719090909090909
15.797272727272729
16.034545454545455
15.47909090909091
15.775454545454545
15.874545454545455
15.629545454545456
15.02590909090909
15.452727272727275
15.193636363636363
15.014999999999999
14.717272727272727
14.746363636363638
14.409090909090908
14.588636363636363
14.731363636363636
14.707727272727272
14.539545454545454
13.987727272727273
14.15318181818182
13.548636363636364
13.086363636363636
13.610909090909091
13.686818181818182
13.978636363636365
13.69
13.333181818181817
13.238181818181818
13.375
12.992272727272727
13.231363636363636
13.025
12.903636363636364
12.784999999999998
12.80409090909091
12.716363636363637
12.652727272727274
12.739545454545453
12.441304347826087
12.053478260869566
11.993478260869566
12.148695652173913
11.842173913043478
11.474347826086957
11.295217391304348
10.876086956521739
11.668260869565218
11.708695652173914
11.123913043478261
11.050434782608695
10.76086956521739
9.966956521739132
10.24304347826087
9.660434782608695
9.554347826086957
10.007391304347825
10.422173913043478
9.809565217391304
9.330869565217391
9.161739130434782
9.135652173913044
9.551739130434783
9.386521739130433
9.558695652173913
9.585652173913044
9.090434782608694
8.477826086956522
8.868695652173912
9.42086956521739
9.234347826086957
9.154782608695653
8.724347826086957
7.712173913043478
7.528260869565218
7.007826086956522
7.785652173913043
8.381739130434783
7.94
7.716956521739131
7.978695652173912
6.819999999999999
6.291739130434783
5.800434782608695
6.050434782608695
6.151739130434783
6.101739130434782
6.708260869565217
6.393478260869566
5.514347826086956
5.265652173913043
5.574782608695652
6.119130434782609
6.093043478260869
5.959130434782609
5.233478260869566
4.944782608695652
4.6326086956521735
4.208695652173913
4.31391304347826
4.97
5.197391304347827
5.574782608695652
5.6204347826086964
5.667826086956521
5.177826086956522
5.242173913043478
4.571739130434782
4.229130434782609
3.869565217391304
4.2043478260869565
4.224347826086956
4.232608695652174
4.73695652173913
5.2843478260869565
4.950869565217391
5.01304347826087
4.8
4.564347826086957
4.826521739130435
5.556086956521739
4.907826086956521
5.129130434782609
5.156521739130435
5.1286956521739135
4.956086956521739
5.0978260869565215
4.844347826086957
4.899130434782609
3.90695652173913
3.582608695652174
