pet
0.255
0.2631818181818182
0.3868181818181818
0.32136363636363635
0.22818181818181815
0.25
0.30454545454545456
0.2468181818181818
0.325
0.35727272727272724
0.33636363636363636
0.4268181818181818
0.3090909090909091
0.3381818181818182
0.3609090909090909
0.2822727272727273
0.3322727272727273
0.2931818181818182
0.35318181818181815
0.345
0.3431818181818182
0.3527272727272727
0.31681818181818183
0.39454545454545453
0.35863636363636364
0.3759090909090909
0.41500000000000004
0.43818181818181823
0.3759090909090909
0.4190909090909091
0.41818181818181815
0.45363636363636367
0.48272727272727267
0.4713636363636363
0.4881818181818182
0.4522727272727272
0.49500000000000005
0.47590909090909095
0.5736363636363637
0.5472727272727272
0.4722727272727273
0.45681818181818185
0.4840909090909091
0.49863636363636366
0.5181818181818182
0.605909090909091
0.5940909090909091
0.4727272727272727
0.5077272727272727
0.6118181818181818
0.6409090909090909
0.6686363636363637
0.7013636363636363
0.7109090909090909
0.6740909090909091
0.7109090909090909
0.7309090909090908
0.7172727272727273
0.7522727272727273
0.7440909090909091
0.83
0.6886363636363636
0.8177272727272726
0.8554545454545455
0.9072727272727273
0.9054545454545455
0.9304545454545454
0.9436363636363637
1.0159090909090909
1.0104545454545455
1.0036363636363637
1.0368181818181819
0.9690909090909091
0.9927272727272727
0.9668181818181818
1.0686363636363636
1.1122727272727273
1.1927272727272726
1.0618181818181818
1.155
1.0654545454545454
1.163181818181818
1.0618181818181818
1.0963636363636364
1.1863636363636365
1.2013636363636364
1.2127272727272727
1.3186363636363636
1.2090909090909092
1.3609090909090908
1.412608695652174
1.4447826086956523
1.2482608695652175
1.3699999999999999
1.5808695652173912
1.5630434782608698
1.457391304347826
1.5260869565217392
1.478695652173913
1.7173913043478262
1.554782608695652
1.577391304347826
1.5430434782608697
1.6330434782608696
1.677391304347826
1.7869565217391306
1.7373913043478262
1.6191304347826088
1.6769565217391305
1.788695652173913
1.8121739130434782
1.6317391304347826
1.8582608695652174
1.8243478260869566
1.7082608695652173
1.8121739130434782
1.855217391304348
1.8147826086956522
2.0669565217391304
1.931304347826087
2.0056521739130435
2.115217391304348
2.2517391304347827
2.196086956521739
2.0256521739130435
2.194782608695652
2.199130434782609
2.2286956521739127
2.2143478260869567
2.2269565217391305
2.2491304347826087
2.163478260869565
2.1447826086956523
2.2908695652173914
2.106521739130435
2.1256521739130436
2.1256521739130436
2.3856521739130434
2.2543478260869567
2.1917391304347826
2.3908695652173915
2.496521739130435
2.680869565217391
2.7569565217391303
2.6443478260869564
2.6204347826086956
2.3108695652173914
2.4804347826086954
2.4243478260869566
2.583913043478261
2.789130434782609
2.5934782608695652
2.4678260869565216
2.632608695652174
2.3269565217391306
2.51
2.4173913043478263
2.6395652173913042
2.6256521739130436
2.6052173913043477
2.6682608695652177
2.6865217391304346
2.490869565217391
2.3756521739130436
2.5656521739130436
2.4721739130434783
2.577391304347826
2.660869565217391
2.6417391304347824
2.6447826086956523
2.917391304347826
2.7069565217391305
2.54
2.6447826086956523
2.5673913043478263
2.4704347826086956
2.8017391304347825
2.641304347826087
2.8752173913043477
2.7830434782608697
2.431304347826087
2.6030434782608696
2.55
2.6004347826086955
2.522608695652174
2.5834782608695654
2.40304347826087
2.5643478260869563
2.5882608695652176
2.8091304347826087
2.4930434782608693
2.675217391304348
2.546521739130435
2.6791304347826084
2.6917391304347826
2.7969565217391303
2.811304347826087
2.6530434782608694
2.6556521739130434
2.41
2.477826086956522
2.5708695652173916
2.738695652173913
2.5934782608695652
2.6556521739130434
2.482173913043478
2.5347826086956524
2.692608695652174
2.3965217391304345
2.372608695652174
2.491739130434783
2.3382608695652176
2.258695652173913
2.3708695652173915
2.5786956521739133
2.4143478260869564
2.3908695652173915
2.2643478260869565
2.1447826086956523
2.2691304347826087
2.2604347826086957
1.972608695652174
1.9856521739130435
2.067391304347826
2.1717391304347826
1.9408695652173913
2.307391304347826
2.223913043478261
2.236086956521739
1.9052173913043478
2.126086956521739
2.1291304347826085
2.1217391304347823
2.186086956521739
1.8734782608695653
1.932173913043478
1.8334782608695652
1.9547826086956521
1.9152173913043478
1.916086956521739
2.095217391304348
1.8347826086956522
1.733913043478261
1.7369565217391305
1.8095652173913042
1.6082608695652174
1.772608695652174
1.6691304347826088
1.5543478260869565
1.6565217391304348
1.5947826086956522
1.5569565217391306
1.591304347826087
1.4565217391304348
1.4821739130434783
1.4617391304347824
1.5126086956521738
1.3991304347826088
1.3430434782608696
1.3247826086956522
1.2656521739130435
1.277391304347826
1.258695652173913
1.297826086956522
1.357391304347826
1.2252173913043478
1.1195652173913044
1.0969565217391304
1.1356521739130436
0.9839130434782608
1.0434782608695652
0.9930434782608696
1.0217391304347827
1.0345454545454547
0.9068181818181817
1.0418181818181818
1.04
1.0445454545454547
1.011818181818182
0.9795454545454546
0.8650000000000001
0.8836363636363637
0.9445454545454546
0.8136363636363636
0.7172727272727273
0.6268181818181818
0.6045454545454546
0.5795454545454546
0.6204545454545455
0.6713636363636364
0.7113636363636364
0.6722727272727272
0.6354545454545455
0.5586363636363637
0.5290909090909092
0.5277272727272727
0.5927272727272728
0.6840909090909091
0.6622727272727272
0.6463636363636364
0.605909090909091
0.5231818181818182
0.5463636363636364
0.5409090909090909
0.5345454545454545
0.4831818181818182
0.49227272727272725
0.41727272727272724
0.39545454545454545
0.4209090909090909
0.41363636363636364
0.37545454545454543
0.4122727272727273
0.3022727272727273
0.38272727272727275
0.3618181818181818
0.3709090909090909
0.3845454545454546
0.2863636363636364
0.30863636363636365
0.32545454545454544
0.34590909090909094
0.25272727272727274
0.3109090909090909
0.29363636363636364
0.2168181818181818
0.2813636363636363
0.2931818181818182
0.2863636363636364
0.28363636363636363
0.28454545454545455
0.23363636363636361
0.2631818181818182
0.30000000000000004
0.27590909090909094
0.2127272727272727
0.2931818181818182
0.2540909090909091
0.33090909090909093
0.32954545454545453
0.3195454545454546
0.2786363636363636
0.28818181818181815
0.31545454545454543
0.22045454545454543
0.2040909090909091
0.21772727272727274
0.31772727272727275
0.32636363636363636
0.2913636363636364
0.32
0.1740909090909091
0.19318181818181818
0.23045454545454547
0.2722727272727273
0.20954545454545456
0.2113636363636364
0.3336363636363636
0.2722727272727273
0.2127272727272727
0.20727272727272725
0.20954545454545456
0.18045454545454545
0.20863636363636362
0.23772727272727276
