temperature
3.144347826086957
2.9778260869565223
2.318695652173913
2.536086956521739
2.893913043478261
3.103913043478261
2.68
2.994347826086957
3.0860869565217395
2.9434782608695653
2.8052173913043474
2.2969565217391303
1.8769565217391304
2.3286956521739133
2.72
2.829130434782609
2.1456521739130436
1.7804347826086957
2.6113043478260867
2.6821739130434783
3.1900000000000004
3.349565217391304
2.7630434782608693
2.924782608695652
2.6017391304347823
2.2304347826086954
2.2286956521739127
2.035217391304348
2.678695652173913
2.5417391304347827
2.1052173913043477
2.074782608695652
3.0808695652173914
3.324347826086956
3.396086956521739
3.523913043478261
3.829565217391304
3.573478260869565
3.1708695652173917
2.651304347826087
2.4200000000000004
1.9278260869565216
2.008260869565217
2.106521739130435
1.7721739130434784
1.3130434782608695
1.345217391304348
1.9095652173913045
2.187826086956522
2.3091304347826087
2.5217391304347827
2.856086956521739
3.285217391304348
3.32695652173913
3.5130434782608693
2.9782608695652173
3.247391304347826
3.1595652173913042
3.11695652173913
3.3786956521739127
3.6682608695652177
3.782173913043478
3.859565217391304
4.234782608695652
4.728260869565218
4.934782608695652
4.966521739130435
4.56
4.771739130434782
4.794347826086956
4.884782608695652
4.68608695652174
4.2760869565217385
4.241304347826087
4.122608695652174
4.663043478260869
4.636521739130435
4.2669565217391305
4.29
4.4595652173913045
4.360434782608696
4.353478260869565
4.585652173913044
5.110869565217391
4.712173913043478
4.806521739130434
4.791739130434783
5.004347826086956
5.4421739130434785
5.285217391304348
5.672272727272727
5.286818181818182
4.382272727272727
4.617272727272727
4.905454545454545
5.0190909090909095
4.956818181818182
4.832272727272727
4.991363636363636
5.535909090909091
6.043636363636364
6.614545454545455
6.105
6.3568181818181815
6.844090909090909
6.791818181818181
6.580909090909091
6.844090909090909
7.240454545454545
7.047727272727273
7.25
7.237272727272727
6.81
6.617272727272728
6.654545454545455
6.733636363636363
6.532727272727272
6.537727272727272
7.072727272727272
7.219090909090909
7.170909090909091
6.915454545454545
7.458181818181819
7.698636363636364
7.736363636363635
7.906363636363636
8.273636363636363
8.985909090909091
8.461818181818181
8.466363636363637
8.948636363636364
8.524090909090908
9.31318181818182
8.922727272727274
9.19818181818182
9.164090909090909
9.022727272727273
9.622272727272728
9.437727272727273
10.046818181818182
9.981818181818182
9.851818181818182
10.045
10.401363636363635
10.64090909090909
10.683636363636364
10.520454545454545
10.18590909090909
10.282727272727273
10.335
10.536818181818182
11.106363636363637
11.145
11.241818181818182
11.115
11.291818181818181
11.251818181818182
11.426363636363636
11.334545454545456
11.417272727272728
11.377727272727272
11.326363636363636
11.650454545454545
11.523181818181818
11.944545454545453
11.744545454545454
12.06
12.296363636363635
12.148181818181818
12.791363636363638
12.793181818181818
12.256818181818181
12.386818181818182
12.353181818181817
12.524545454545455
13.101818181818182
13.089545454545457
12.916363636363634
12.825454545454544
12.93
13.338181818181818
13.67181818181818
13.844090909090909
13.828636363636365
14.098636363636365
14.236363636363636
14.369545454545454
14.620454545454544
14.710454545454546
14.260454545454547
14.266818181818183
14.701818181818181
14.346363636363636
14.461818181818181
14.392727272727273
14.537272727272727
14.366363636363637
13.916818181818183
13.87
14.181363636363637
14.702272727272726
14.135909090909092
13.993181818181819
13.965909090909092
13.97181818181818
14.457727272727272
14.682272727272727
15.071363636363635
15.170454545454545
15.283181818181818
14.727272727272727
14.469545454545454
14.315454545454545
14.763181818181819
14.725
14.254545454545452
14.464090909090908
14.565454545454545
14.08
14.14409090909091
14.287272727272727
14.059545454545455
14.207727272727272
14.396818181818183
14.65181818181818
14.759999999999998
15.005454545454546
14.429545454545455
13.90409090909091
13.887272727272727
13.925
14.351363636363637
14.27590909090909
14.02727272727273
13.622272727272728
14.115909090909092
14.021363636363638
13.844090909090909
13.555
13.706818181818182
14.04090909090909
13.385000000000002
12.914090909090909
13.578636363636365
13.00590909090909
13.12409090909091
12.947272727272725
12.739545454545453
12.492272727272727
12.48
12.881818181818181
12.544545454545455
12.237727272727273
11.867272727272727
11.788636363636364
11.775454545454545
11.616363636363637
11.671363636363635
11.985000000000001
12.480454545454545
12.044545454545455
11.303636363636365
11.753636363636362
11.557727272727274
11.104090909090909
11.614545454545455
11.090454545454547
10.487727272727273
10.384545454545455
10.426363636363636
10.897272727272728
11.153636363636364
10.882272727272728
10.798260869565217
10.757391304347825
10.526521739130436
10.599565217391303
10.321304347826086
9.980869565217391
9.739565217391304
9.499130434782609
10.09695652173913
9.646521739130435
9.36608695652174
9.226521739130435
8.678695652173914
8.46782608695652
8.52304347826087
8.462173913043477
8.077391304347826
8.23608695652174
8.166956521739131
7.927826086956522
7.526521739130436
7.721739130434782
7.977391304347826
8.204782608695652
8.108695652173912
8.03695652173913
7.84
7.554347826086956
7.311304347826087
7.57
7.5804347826086955
7.1234782608695655
7.283478260869566
7.164347826086956
6.748695652173913
6.274782608695652
5.829130434782608
6.288695652173913
6.530434782608695
6.3160869565217395
6.302608695652174
6.331304347826087
5.457826086956522
4.987826086956522
4.506086956521739
4.949565217391305
4.755217391304348
4.5373913043478264
4.913913043478261
4.636956521739131
3.9813043478260868
4.025652173913044
4.593913043478261
5.035217391304348
4.995652173913043
4.862608695652174
4.426086956521739
3.8782608695652177
3.738695652173913
3.5156521739130433
3.3230434782608698
3.707391304347826
4.163043478260869
4.403043478260869
4.509130434782608
4.512608695652174
4.086086956521739
3.298695652173913
3.0578260869565215
3.0126086956521743
3.0199999999999996
3.248695652173913
3.387391304347826
3.3413043478260867
3.928260869565217
4.1286956521739135
3.8578260869565217
3.5221739130434786
3.258695652173913
3.5495652173913044
3.5482608695652176
4.1921739130434785
3.5904347826086958
3.930869565217391
3.9156521739130437
4.033478260869565
3.928695652173913
3.6
3.8730434782608696
3.5565217391304347
3.0204347826086955
2.9726086956521742
