pet
0.30521739130434783
0.31913043478260866
0.44130434782608696
0.4026086956521739
0.3
0.3247826086956522
0.35043478260869565
0.2752173913043478
0.23304347826086957
0.3908695652173913
0.47043478260869565
0.44652173913043475
0.3443478260869565
0.3747826086956522
0.2643478260869565
0.2826086956521739
0.33043478260869563
0.3691304347826087
0.3530434782608695
0.28782608695652173
0.3847826086956522
0.3991304347826087
0.32173913043478264
0.5234782608695652
0.3843478260869565
0.36869565217391304
0.3730434782608696
0.40217391304347827
0.34782608695652173
0.3895652173913044
0.4847826086956522
0.3726086956521739
0.44565217391304346
0.28304347826086956
0.40217391304347827
0.45652173913043476
0.43782608695652175
0.5839130434782609
0.5113043478260869
0.42608695652173917
0.5043478260869565
0.45086956521739124
0.4491304347826087
0.5878260869565217
0.5630434782608696
0.5004347826086957
0.5304347826086956
0.4069565217391304
0.5147826086956522
0.5660869565217391
0.43652173913043474
0.5026086956521739
0.5465217391304348
0.5621739130434783
0.6056521739130435
0.5991304347826086
0.5665217391304348
0.6808695652173913
0.731304347826087
0.6639130434782609
0.7273913043478261
0.7991304347826087
0.7526086956521738
0.672608695652174
0.6995652173913044
0.6943478260869566
0.6708695652173913
0.82
0.6452173913043479
0.7578260869565218
0.8713043478260869
0.7978260869565217
0.8243478260869566
0.8486956521739131
0.8960869565217391
1.0121739130434784
0.8769565217391305
0.8926086956521739
0.9469565217391305
0.9821739130434782
1.1378260869565218
1.0582608695652174
1.0765217391304347
1.2460869565217392
1.1291304347826085
1.1895652173913043
1.2643478260869565
1.173913043478261
1.2156521739130435
1.0973913043478263
1.0454545454545454
1.0836363636363637
1.2927272727272727
1.3681818181818182
1.354090909090909
1.4772727272727273
1.475
1.3086363636363636
1.5286363636363638
1.3936363636363636
1.4081818181818182
1.4386363636363635
1.6118181818181818
1.8545454545454545
1.7677272727272728
1.8031818181818182
1.7977272727272728
1.585
1.617727272727273
1.7727272727272727
1.7495454545454547
1.8368181818181817
1.920909090909091
2.125
1.94
2.0263636363636364
2.2463636363636366
1.970909090909091
1.8636363636363635
1.7699999999999998
1.9868181818181818
2.0777272727272726
2.1077272727272724
2.181363636363636
2.17
2.1931818181818183
2.106818181818182
2.159090909090909
2.064090909090909
1.9331818181818183
2.1886363636363635
2.1995454545454547
2.2795454545454543
2.6281818181818184
2.48
2.5568181818181817
2.4872727272727273
2.53
2.6545454545454543
2.5904545454545453
2.4572727272727275
2.5595454545454546
2.4277272727272727
2.752727272727273
2.3486363636363636
2.5536363636363637
2.6763636363636363
2.6713636363636364
2.424545454545455
2.5254545454545454
2.6654545454545455
2.576363636363636
2.4213636363636364
2.598181818181818
2.7745454545454544
2.3613636363636363
2.414090909090909
2.4831818181818184
2.428181818181818
2.520909090909091
2.4963636363636366
2.3781818181818184
2.6081818181818184
2.6377272727272727
2.67
2.869545454545454
2.729090909090909
2.618181818181818
2.4695454545454543
2.71
3.0336363636363632
2.705
2.8886363636363637
2.561818181818182
2.507727272727273
2.4913636363636367
2.608636363636364
2.6154545454545453
2.567727272727273
2.6645454545454546
2.669545454545455
2.651818181818182
2.800909090909091
3.24
2.799545454545455
2.886818181818182
3.123181818181818
2.933636363636364
2.630909090909091
2.603181818181818
2.377272727272727
2.595
2.620909090909091
2.568636363636364
2.365
2.5954545454545457
2.6677272727272725
2.6631818181818185
2.599090909090909
2.4663636363636363
2.588636363636364
2.5745454545454547
2.495
2.538181818181818
2.46
2.6777272727272727
2.6163636363636367
2.6218181818181816
2.555454545454545
2.708181818181818
2.480909090909091
2.1904545454545454
2.493181818181818
2.3845454545454547
2.4154545454545455
2.299090909090909
2.235909090909091
2.1286363636363634
2.104090909090909
2.14
2.110909090909091
2.305454545454545
2.0645454545454545
2.2322727272727274
2.147727272727273
1.927727272727273
2.1577272727272727
2.3713636363636366
2.347272727272727
2.0731818181818182
2.007727272727273
2.2095454545454545
1.9945454545454546
2.0749999999999997
1.93
2.09
1.8781818181818182
2.048636363636364
2.0472727272727274
1.883181818181818
1.8095454545454546
1.9154545454545455
1.7777272727272726
1.6713636363636366
1.710909090909091
1.765
1.6759090909090908
1.7300000000000002
1.7331818181818184
1.5545454545454547
1.6472727272727274
1.6227272727272728
1.5509090909090908
1.5554545454545454
1.4945454545454546
1.5254545454545456
1.3845454545454545
1.34
1.2536363636363637
1.295
1.2631818181818182
1.3727272727272728
1.3263636363636364
1.1922727272727274
1.2522727272727272
1.0918181818181818
1.2281818181818183
1.0713636363636363
0.954090909090909
0.9254545454545454
0.9768181818181817
1.0972727272727274
0.965
1.1134782608695653
0.9552173913043478
0.9921739130434782
0.9769565217391304
0.9243478260869565
0.982608695652174
1.0204347826086957
0.9982608695652174
0.7247826086956523
0.77
0.8643478260869565
0.8121739130434783
0.7126086956521739
0.7834782608695652
0.5647826086956522
0.7291304347826086
0.8739130434782609
0.661304347826087
0.7195652173913044
0.6952173913043478
0.6791304347826087
0.672608695652174
0.6317391304347826
0.5860869565217391
0.55
0.5134782608695653
0.5278260869565218
0.5252173913043479
0.6304347826086957
0.42260869565217396
0.46695652173913044
0.43086956521739134
0.42869565217391303
0.5334782608695652
0.5208695652173914
0.4991304347826087
0.5082608695652173
0.40304347826086956
0.4873913043478261
0.5730434782608695
0.4556521739130435
0.43956521739130433
0.4717391304347826
0.5995652173913044
0.3934782608695652
0.4743478260869565
0.3421739130434783
0.43913043478260866
0.3839130434782609
0.45173913043478264
0.4091304347826087
0.34
0.5073913043478261
0.25956521739130434
0.4643478260869565
0.33956521739130435
0.3530434782608696
0.27217391304347827
0.3595652173913043
0.3595652173913043
0.1791304347826087
0.2473913043478261
0.26217391304347826
0.2965217391304348
0.3647826086956522
0.20130434782608694
0.3308695652173913
0.30869565217391304
0.2765217391304348
0.2778260869565217
0.2856521739130435
0.3960869565217391
0.31434782608695655
0.3226086956521739
0.26956521739130435
0.2456521739130435
0.30347826086956525
0.3865217391304348
0.42173913043478267
0.33217391304347826
0.2891304347826087
0.2408695652173913
0.27695652173913043
0.29391304347826086
0.22739130434782606
0.2821739130434783
0.18869565217391304
0.3173913043478261
0.24
0.2747826086956522
0.3926086956521739
0.24304347826086956
