pet
0.4505882352941177
0.28941176470588237
0.39941176470588236
0.25823529411764706
0.21411764705882352
0.25823529411764706
0.23529411764705882
0.36
0.3770588235294118
0.2882352941176471
0.3552941176470588
0.4429411764705882
0.3635294117647059
0.4688235294117647
0.3417647058823529
0.39999999999999997
0.4847058823529412
0.3464705882352941
0.4123529411764706
0.31
0.361764705882353
0.4747058823529412
0.38588235294117645
0.3470588235294118
0.29352941176470587
0.3370588235294118
0.35705882352941176
0.3311764705882353
0.27117647058823524
0.39
0.3411764705882353
0.45722222222222225
0.4811111111111111
0.5327777777777778
0.5305555555555556
0.5572222222222222
0.6011111111111112
0.5177777777777778
0.5511111111111111
0.5527777777777777
0.43944444444444447
0.4633333333333333
0.49
0.5911111111111111
0.5855555555555556
0.5572222222222222
0.5905555555555555
0.5411111111111111
0.5561111111111111
0.635
0.625
0.6811111111111111
0.7016666666666667
0.745
0.6211111111111111
0.5811111111111111
0.6005555555555556
0.6116666666666667
0.7833333333333333
0.6705555555555556
0.7227777777777777
0.7277777777777777
0.9422222222222223
0.7794444444444444
0.8794444444444445
0.9183333333333334
0.7766666666666667
0.8633333333333333
0.8544444444444443
0.9266666666666666
0.8938888888888888
0.9988888888888889
0.9127777777777778
1.03
0.9122222222222223
0.963888888888889
1.1588888888888889
1.1327777777777779
1.0650000000000002
1.0483333333333333
0.991111111111111
0.9916666666666667
1.136111111111111
1.1916666666666667
1.1838888888888888
1.1772222222222224
1.3072222222222223
1.3433333333333333
1.1416666666666666
1.103888888888889
1.153888888888889
1.4
1.2000000000000002
1.1694444444444445
1.231111111111111
1.1377777777777778
1.0688888888888888
1.165
1.276111111111111
1.546111111111111
1.3022222222222224
1.4844444444444445
1.4333333333333333
1.5894444444444444
1.74
1.5455555555555556
1.6794444444444445
1.517777777777778
1.5550000000000002
1.8022222222222222
1.5727777777777776
1.4166666666666667
1.7683333333333335
1.745
1.7983333333333331
1.7438888888888888
1.8105555555555557
1.8800000000000001
1.9283333333333335
1.848888888888889
2.29
2.018888888888889
1.9083333333333334
1.973888888888889
1.8311111111111111
2.0616666666666665
1.9027777777777777
2.1133333333333333
1.9355555555555557
1.9622222222222223
2.108888888888889
1.9761111111111112
2.0716666666666668
2.337222222222222
2.367777777777778
2.4027777777777777
2.018333333333333
2.0944444444444446
2.2055555555555557
2.056111111111111
2.197777777777778
2.335
2.476111111111111
2.5433333333333334
2.473888888888889
2.631111111111111
2.2805555555555554
2.5122222222222224
2.26
2.6005555555555557
2.0005555555555556
2.4394444444444447
2.0841176470588234
2.5029411764705882
2.421764705882353
2.466470588235294
2.1694117647058824
2.5470588235294116
2.584705882352941
2.5429411764705883
2.3741176470588234
2.167058823529412
2.385294117647059
2.577058823529412
2.9623529411764706
2.8764705882352946
2.7811764705882354
2.3629411764705885
2.5358823529411763
2.679411764705882
2.6294117647058823
2.4305882352941177
2.564117647058824
2.5358823529411763
2.481176470588235
2.4123529411764704
2.6047058823529414
2.7170588235294115
2.7041176470588235
2.905294117647059
2.381176470588235
2.3658823529411763
2.301176470588235
2.3341176470588234
2.7088235294117644
2.5923529411764705
2.955294117647059
2.5494117647058827
2.7535294117647062
2.7194117647058826
2.4370588235294117
2.6047058823529414
2.4958823529411767
2.635294117647059
2.5041176470588233
2.341764705882353
2.4735294117647055
2.5123529411764705
2.5711764705882354
2.6611764705882353
2.6694117647058824
2.9805882352941175
2.401764705882353
2.3676470588235294
2.254705882352941
2.695294117647059
2.5682352941176467
2.6494117647058824
2.328235294117647
2.527058823529412
2.5070588235294116
2.3464705882352943
2.5894117647058823
2.4435294117647057
2.316470588235294
2.521176470588235
2.421176470588235
2.0870588235294116
2.0952941176470588
2.2294117647058824
2.0988235294117645
2.38
2.171176470588235
2.294705882352941
2.093529411764706
2.2364705882352944
2.0629411764705883
2.2905882352941176
2.1229411764705883
1.9494117647058824
1.8794117647058823
2.02
2.2529411764705882
1.910588235294118
1.7029411764705882
1.8123529411764705
1.6929411764705884
1.8900000000000001
1.8552941176470588
1.8352941176470587
1.708235294117647
1.8035294117647058
1.7341176470588235
1.8241176470588234
1.4776470588235295
1.4364705882352942
1.75
1.7229411764705882
1.576470588235294
1.281764705882353
1.4805882352941178
1.3258823529411765
1.4523529411764704
1.4317647058823528
1.3411764705882354
1.4405882352941177
1.4541176470588235
1.421764705882353
1.326470588235294
1.448235294117647
1.3623529411764705
1.4635294117647057
1.288235294117647
1.316470588235294
1.1317647058823528
1.0823529411764705
1.035294117647059
1.0305882352941176
0.9364705882352942
1.0594117647058825
0.8964705882352941
1.0588235294117647
0.9635294117647059
1.0088235294117647
0.8970588235294118
0.8741176470588234
0.9064705882352941
0.9288235294117646
0.7952941176470588
0.8964705882352941
0.87
0.6735294117647059
0.8829411764705882
0.8823529411764706
0.7123529411764705
0.6711764705882353
0.7035294117647058
0.5711764705882354
0.6305882352941177
0.7658823529411765
0.6164705882352941
0.8123529411764706
0.5664705882352942
0.5723529411764706
0.556470588235294
0.41764705882352937
0.5588235294117647
0.5682352941176471
0.5205882352941176
0.49117647058823527
0.4370588235294117
0.49294117647058816
0.42411764705882354
0.46294117647058824
0.4876470588235294
0.5876470588235294
0.37882352941176467
0.43823529411764706
0.34352941176470586
0.4058823529411764
0.3070588235294118
0.2564705882352941
0.25941176470588234
0.33529411764705885
0.39294117647058824
0.37058823529411766
0.32823529411764707
0.38
0.40588235294117647
0.35294117647058826
0.42176470588235293
0.3629411764705882
0.41
0.4764705882352941
0.29352941176470587
0.30000000000000004
0.29764705882352943
0.3447058823529412
0.3288235294117647
0.2511764705882353
0.20352941176470588
0.23588235294117646
0.31000000000000005
0.26235294117647057
0.22823529411764706
0.37176470588235294
0.27588235294117647
0.3664705882352941
0.27941176470588236
0.2811764705882353
0.30176470588235293
0.23647058823529415
0.20470588235294118
0.23176470588235293
0.14529411764705882
0.3
0.25529411764705884
0.1847058823529412
0.25470588235294117
0.2605882352941176
0.2576470588235294
0.3158823529411765
0.37
0.2735294117647059
0.2376470588235294
0.21058823529411766
0.2988235294117647
0.22294117647058823
0.34352941176470586
0.2664705882352941
0.22352941176470587
0.23588235294117646
0.1811764705882353
0.2752941176470588
0.27941176470588236
