temperature
3.639411764705882
3.597058823529412
2.7070588235294117
2.518823529411765
2.848235294117647
2.686470588235294
2.570588235294118
2.3723529411764703
3.2423529411764704
3.0
2.837058823529412
3.3629411764705885
3.2323529411764707
3.815294117647059
3.7376470588235295
3.644705882352941
3.467058823529412
3.1205882352941177
3.4241176470588237
3.5405882352941176
3.656470588235294
3.527647058823529
2.7376470588235295
2.9499999999999997
1.9923529411764709
1.953529411764706
2.0905882352941174
2.2723529411764707
3.114705882352941
3.361764705882353
2.7958823529411765
3.283333333333333
3.6355555555555554
3.7872222222222223
4.165555555555556
4.703888888888889
5.271111111111111
3.4705555555555554
3.2227777777777775
3.2350000000000003
2.9955555555555557
2.776666666666667
3.1944444444444446
3.4044444444444446
3.323888888888889
3.0616666666666665
2.7094444444444448
2.9027777777777777
3.1783333333333332
3.1072222222222226
3.356111111111111
2.967222222222222
3.868333333333333
4.1338888888888885
3.8533333333333335
3.1672222222222226
2.9444444444444446
3.552777777777778
3.4022222222222225
3.236111111111111
3.253888888888889
3.4394444444444443
4.180555555555555
4.663333333333333
5.283888888888889
5.7555555555555555
5.184444444444445
5.077222222222222
5.637222222222222
5.1722222222222225
5.475555555555555
5.567777777777778
5.368888888888889
4.664444444444445
4.7683333333333335
5.295
4.91611111111111
4.491666666666666
4.640555555555555
4.555555555555555
4.892222222222222
4.741666666666667
4.898888888888888
5.428888888888888
5.292777777777777
5.161666666666666
5.247777777777778
5.245
6.295
6.348888888888889
6.123333333333333
5.821111111111112
4.637777777777778
4.96
5.707777777777777
5.754444444444444
5.924444444444444
5.358888888888888
5.891111111111111
6.687777777777778
6.527777777777778
6.2988888888888885
5.783888888888889
6.021111111111111
6.584444444444444
6.813888888888889
6.675000000000001
6.245
6.392222222222222
6.961666666666667
7.064444444444444
6.795
6.903333333333332
7.266111111111111
7.035
7.176666666666667
7.6738888888888885
7.833333333333333
8.135555555555555
8.851666666666667
8.417222222222222
8.087777777777779
7.870555555555555
8.367777777777778
7.942222222222223
7.856666666666666
8.627222222222223
8.745555555555555
8.01
8.043333333333333
8.173333333333334
8.077222222222222
8.845
9.086666666666666
9.348888888888888
8.963333333333333
8.946111111111112
9.29
9.133333333333333
9.163333333333334
9.744444444444445
9.803888888888888
10.117222222222223
10.403333333333332
10.52111111111111
10.265555555555556
9.831111111111111
9.919444444444444
10.628333333333334
11.285
11.184444444444445
11.337777777777779
11.000588235294117
11.20705882352941
10.96235294117647
10.765882352941176
10.81
11.266470588235293
11.492941176470588
11.794117647058824
11.564705882352941
11.382352941176471
11.286470588235295
11.800588235294118
12.187058823529412
11.951176470588235
11.931176470588236
12.567058823529411
12.378823529411765
12.745882352941177
13.025882352941176
12.25294117647059
12.25
11.720588235294118
12.24470588235294
12.762941176470589
12.931764705882353
13.139411764705883
13.17705882352941
12.82
12.888235294117647
12.919411764705883
12.710588235294118
13.133529411764707
14.027058823529412
13.90764705882353
14.344705882352942
14.636470588235294
14.55235294117647
14.104705882352942
13.701176470588235
14.73294117647059
14.544117647058824
14.117058823529412
14.552941176470588
14.27764705882353
13.99470588235294
13.949411764705882
14.104705882352942
14.558823529411764
15.338235294117647
14.897058823529411
14.181176470588234
14.540000000000001
14.390588235294118
15.009411764705883
14.942941176470589
15.247647058823528
15.11176470588235
15.260000000000002
14.360588235294117
14.553529411764705
14.488823529411764
14.810588235294118
14.622352941176471
14.372941176470588
14.265882352941176
14.094705882352942
14.55235294117647
14.308235294117647
14.35764705882353
14.115294117647059
14.284117647058823
14.487058823529411
14.124117647058824
14.371176470588235
14.283529411764706
14.445882352941176
13.944117647058825
14.111176470588235
14.686470588235295
14.862941176470587
14.72764705882353
13.872941176470588
13.57
13.794705882352941
13.558823529411764
13.24470588235294
13.348823529411765
13.243529411764705
13.748823529411764
13.41764705882353
12.871176470588235
13.282941176470588
12.168235294117649
13.240588235294117
12.766470588235293
12.26705882352941
11.198823529411765
11.35764705882353
12.023529411764706
11.988823529411764
12.078235294117647
11.97235294117647
11.665882352941177
11.15235294117647
11.281176470588235
11.594117647058823
11.411764705882353
11.935882352941176
11.566470588235294
11.359411764705882
11.710588235294118
11.594705882352942
10.963529411764705
11.139411764705883
10.636470588235294
10.107647058823531
10.014705882352942
10.323529411764707
10.467058823529412
11.34235294117647
10.865294117647059
10.890588235294118
10.51
10.376470588235295
10.648235294117647
10.27470588235294
10.092941176470589
9.754117647058823
9.715882352941176
9.815882352941177
9.278823529411765
9.045882352941177
8.843529411764706
8.604705882352942
9.31
8.815882352941177
8.81235294117647
8.675882352941176
8.616470588235293
8.20470588235294
7.876470588235295
7.7299999999999995
7.403529411764706
7.571176470588235
7.401764705882353
7.482352941176471
7.831176470588235
7.280588235294117
7.1641176470588235
6.632941176470588
6.750588235294118
7.174705882352941
7.468823529411765
7.0070588235294125
6.9547058823529415
6.759411764705882
6.5070588235294125
6.332941176470588
6.718823529411765
6.3094117647058825
6.233529411764706
6.37
6.259411764705882
6.088823529411765
5.894117647058824
5.616470588235295
5.937647058823529
6.260588235294118
5.485294117647059
5.36529411764706
4.995294117647059
4.461176470588235
4.486470588235294
4.236470588235294
4.785882352941177
4.683529411764706
4.723529411764706
4.868823529411764
4.582352941176471
4.781176470588235
4.2170588235294115
3.994705882352941
4.4535294117647055
5.021764705882354
5.7823529411764705
4.5452941176470585
4.385294117647058
4.138823529411765
2.7458823529411767
2.966470588235294
3.3452941176470588
3.371176470588235
3.5247058823529414
3.2811764705882354
3.1811764705882353
3.1223529411764703
3.7588235294117647
3.5941176470588236
3.665294117647059
3.454705882352941
3.544705882352941
2.908823529411765
3.4023529411764706
2.8023529411764705
3.1999999999999997
3.625294117647059
3.603529411764706
2.907058823529412
2.091764705882353
2.6305882352941174
2.4776470588235293
2.8058823529411767
3.2211764705882353
