pet
0.35347826086956524
0.3091304347826087
0.4543478260869565
0.4856521739130435
0.3430434782608696
0.40043478260869564
0.41826086956521735
0.2808695652173913
0.23826086956521741
0.3934782608695652
0.5391304347826087
0.4869565217391304
0.44956521739130434
0.3891304347826087
0.29130434782608694
0.3647826086956522
0.3726086956521739
0.3960869565217391
0.401304347826087
0.30782608695652175
0.41434782608695647
0.4739130434782609
0.3134782608695652
0.6026086956521739
0.4730434782608695
0.42565217391304344
0.3852173913043478
0.523913043478261
0.4156521739130435
0.4691304347826087
0.5456521739130435
0.4056521739130435
0.5308695652173914
0.27391304347826084
0.47000000000000003
0.5508695652173913
0.4921739130434783
0.6291304347826088
0.5830434782608696
0.49521739130434783
0.5256521739130434
0.5039130434782608
0.5069565217391304
0.658695652173913
0.6460869565217391
0.5678260869565218
0.6578260869565218
0.4682608695652174
0.6104347826086957
0.6134782608695651
0.4752173913043478
0.6260869565217392
0.5865217391304348
0.6413043478260869
0.6908695652173913
0.6943478260869566
0.6504347826086957
0.8256521739130435
0.7991304347826087
0.7621739130434783
0.812608695652174
0.8886956521739131
0.85
0.7552173913043478
0.7208695652173912
0.811304347826087
0.7056521739130435
0.9043478260869565
0.7347826086956523
0.9013043478260869
0.8895652173913043
0.8904347826086957
0.9252173913043479
0.93
0.9739130434782608
1.1356521739130436
0.9647826086956522
0.9204347826086957
0.9469565217391305
1.0121739130434784
1.2691304347826087
1.1343478260869566
1.0969565217391304
1.3530434782608696
1.2078260869565218
1.2473913043478262
1.3304347826086955
1.2243478260869565
1.2491304347826087
1.2356521739130435
1.0472727272727271
1.1854545454545453
1.3936363636363636
1.413181818181818
1.3677272727272727
1.5845454545454545
1.5613636363636365
1.4704545454545455
1.6572727272727272
1.4777272727272726
1.5568181818181819
1.4627272727272727
1.6663636363636363
1.99
1.8572727272727272
1.9154545454545455
1.9131818181818183
1.6600000000000001
1.8163636363636364
1.997272727272727
1.9090909090909092
1.9995454545454543
2.045909090909091
2.2886363636363636
1.9922727272727272
2.063181818181818
2.3436363636363637
2.102272727272727
2.0327272727272727
1.7640909090909092
2.0559090909090907
2.1722727272727274
2.179090909090909
2.1763636363636363
2.1245454545454545
2.2381818181818183
2.233636363636364
2.269090909090909
2.187272727272727
2.010909090909091
2.223181818181818
2.211818181818182
2.3413636363636363
2.608636363636364
2.5481818181818183
2.4686363636363637
2.5222727272727274
2.6681818181818184
2.599090909090909
2.700454545454545
2.522727272727273
2.617272727272727
2.5536363636363637
2.88
2.484090909090909
2.6777272727272727
2.8068181818181817
2.764090909090909
2.390909090909091
2.555454545454545
2.7672727272727276
2.544545454545455
2.479090909090909
2.6672727272727275
2.701363636363636
2.405
2.5854545454545454
2.4786363636363635
2.400909090909091
2.6186363636363637
2.5527272727272727
2.5218181818181815
2.8013636363636363
2.807272727272727
2.6981818181818182
3.0068181818181823
2.9513636363636366
2.7104545454545454
2.6236363636363635
2.8581818181818184
3.11
2.8177272727272724
2.9886363636363638
2.515
2.601363636363636
2.562272727272727
2.760909090909091
2.6395454545454546
2.631818181818182
2.6686363636363635
2.7936363636363635
2.8499999999999996
2.9845454545454544
3.4068181818181817
2.8322727272727275
2.971818181818182
3.130909090909091
2.943636363636364
2.7586363636363633
2.655
2.4436363636363634
2.519090909090909
2.5913636363636363
2.639090909090909
2.432272727272727
2.765
2.7618181818181817
2.7672727272727276
2.713636363636364
2.5113636363636362
2.7331818181818184
2.733636363636364
2.605
2.6936363636363634
2.584090909090909
2.837727272727273
2.736818181818182
2.692272727272727
2.8831818181818183
2.8459090909090907
2.6313636363636363
2.3477272727272727
2.695
2.4813636363636364
2.574090909090909
2.4831818181818184
2.273636363636364
2.2849999999999997
2.3163636363636364
2.355909090909091
2.229545454545455
2.4518181818181817
2.166363636363636
2.3318181818181816
2.1418181818181816
2.01
2.3536363636363635
2.536818181818182
2.3945454545454545
2.194545454545455
2.1386363636363637
2.3954545454545455
2.1495454545454544
2.1113636363636363
1.9813636363636362
2.122272727272727
1.9831818181818184
2.1836363636363636
2.2381818181818183
2.0295454545454543
2.026818181818182
2.055
1.8731818181818183
1.6677272727272727
1.689090909090909
1.9549999999999998
1.805
1.8840909090909093
1.8218181818181818
1.7627272727272727
1.7540909090909091
1.7172727272727273
1.6831818181818183
1.6913636363636364
1.5554545454545454
1.5904545454545456
1.4795454545454545
1.4454545454545455
1.3127272727272727
1.4018181818181819
1.2945454545454547
1.4381818181818182
1.420909090909091
1.3072727272727274
1.3990909090909092
1.1481818181818182
1.2172727272727273
1.1531818181818183
1.1059090909090907
1.04
1.080909090909091
1.163181818181818
1.0772727272727272
1.18
0.968695652173913
1.05
1.0569565217391304
1.0039130434782608
1.0508695652173914
1.0482608695652174
1.057391304347826
0.8126086956521739
0.7630434782608696
0.9413043478260869
0.8665217391304347
0.8065217391304348
0.8373913043478262
0.6747826086956522
0.8891304347826087
0.9404347826086956
0.7052173913043478
0.7752173913043477
0.801304347826087
0.7704347826086956
0.6513043478260869
0.6339130434782608
0.691304347826087
0.6304347826086957
0.64
0.5947826086956521
0.56
0.6439130434782608
0.5221739130434783
0.47130434782608693
0.4426086956521739
0.4782608695652174
0.5982608695652174
0.5878260869565217
0.5660869565217391
0.5769565217391304
0.45521739130434785
0.518695652173913
0.6260869565217392
0.47347826086956524
0.44173913043478263
0.5578260869565217
0.6126086956521739
0.4995652173913044
0.518695652173913
0.3769565217391304
0.5147826086956522
0.4721739130434782
0.4613043478260869
0.5034782608695653
0.43478260869565216
0.5599999999999999
0.32130434782608697
0.4678260869565217
0.3647826086956522
0.43434782608695655
0.35000000000000003
0.44652173913043475
0.38565217391304346
0.17565217391304347
0.3178260869565217
0.28652173913043477
0.3508695652173913
0.3817391304347826
0.26130434782608697
0.3552173913043478
0.30869565217391304
0.38565217391304346
0.3639130434782609
0.388695652173913
0.4739130434782609
0.41304347826086957
0.4295652173913044
0.3465217391304348
0.2734782608695652
0.3517391304347826
0.41739130434782606
0.47000000000000003
0.3591304347826087
0.30347826086956525
0.34782608695652173
0.3539130434782609
0.3739130434782609
0.29391304347826086
0.3582608695652174
0.25608695652173913
0.3878260869565217
0.2821739130434783
0.2817391304347826
0.3565217391304348
0.2808695652173913
