pet
0.24100000000000002
0.319
0.341
0.378
0.256
0.258
0.43
0.44700000000000006
0.277
0.211
0.355
0.414
0.375
0.421
0.335
0.27999999999999997
0.284
0.24000000000000005
0.34500000000000003
0.35
0.327
0.283
0.301
0.388
0.409
0.34199999999999997
0.281
0.525
0.48600000000000004
0.343
0.43100000000000005
0.39
0.471
0.45499999999999996
0.501
0.578
0.607
0.581
0.624
0.655
0.724
0.538
0.6449999999999999
0.6799999999999999
0.541
0.5780000000000001
0.73
0.553
0.769
0.8210000000000001
0.897
0.767
0.874
0.768
0.596
0.771
0.827
0.892
0.8470000000000001
0.762
0.866
0.6799999999999999
0.7529999999999999
0.8640000000000001
0.849
0.9259999999999999
0.784
0.8859999999999999
0.95
0.998
0.9390000000000001
0.93
1.131
1.036
0.999
0.991
1.09
1.1889999999999998
1.024
1.0790000000000002
1.2109999999999999
1.174
1.026
0.9119999999999999
1.158
1.244
1.4220000000000002
1.241
1.3699999999999999
1.424
1.463
1.473
1.6199999999999999
1.474
1.5299999999999998
1.737
1.688
1.6620000000000001
1.593
1.777
1.609
1.568
1.526
1.454
1.653
1.9060000000000001
1.8969999999999998
1.9949999999999999
1.53
1.6949999999999998
1.8219999999999998
1.985
1.818
1.8809999999999998
1.935
1.7890000000000001
2.16
2.137
2.099
2.1100000000000003
2.2649999999999997
2.292
2.227
2.305
2.1670000000000003
2.1100000000000003
2.311
2.337
2.368
2.146
2.366
2.501
2.246
2.4530000000000003
2.806
2.552
2.5149999999999997
2.504
2.498
2.509
2.336
2.447
2.558
2.489
2.724
2.505
2.286
2.654
3.0460000000000003
3.1
3.2479999999999998
3.2009999999999996
2.464
2.463
2.403
2.714
2.226
3.0620000000000003
3.068
3.179
2.7640000000000002
2.664
2.612
2.824
2.824
2.908
2.9850000000000003
3.0949999999999998
3.245
3.303
3.433
2.927
3.041
2.915
2.964
2.951
3.1
2.654
3.1049999999999995
2.552
2.396
2.213
2.441
2.609
2.58
2.506
2.659
2.795
2.8169999999999997
2.662
3.038
3.22
3.0759999999999996
3.159
3.2640000000000002
3.0919999999999996
3.037
2.8169999999999997
3.117
3.161
3.2630000000000003
3.2340000000000004
2.83
2.973
2.834
2.653
2.702
2.9379999999999997
2.85
2.834
2.847
2.403
2.509
2.959
2.409
2.529
3.128
2.875
2.694
2.821
2.789
2.445
2.471
2.5
2.304
2.681
2.762
2.662
2.572
2.493
2.588
2.674
2.487
2.3600000000000003
2.071
1.92
2.016
2.173
2.248
2.066
2.061
2.0460000000000003
2.096
2.228
1.9829999999999999
1.844
2.268
1.779
1.9899999999999998
2.066
1.9300000000000002
1.932
1.8350000000000002
1.4849999999999999
1.8969999999999998
2.0900000000000003
1.92
1.575
1.8370000000000002
1.8079999999999998
1.384
1.337
1.419
1.557
1.492
1.545
1.487
1.206
1.065
1.046
1.223
1.326
0.967
1.209
1.089
1.179
1.1179999999999999
1.283
1.158
0.9550000000000001
0.961
1.003
0.999
0.9650000000000001
1.049
0.735
0.807
0.721
0.754
0.8880000000000001
0.892
0.818
0.722
0.637
0.716
0.77
0.736
0.8640000000000001
0.861
0.8039999999999999
0.6900000000000001
0.651
0.6789999999999999
0.606
0.476
0.507
0.5389999999999999
0.493
0.585
0.5860000000000001
0.522
0.42699999999999994
0.45600000000000007
0.33999999999999997
0.335
0.329
0.433
0.41899999999999993
0.20600000000000002
0.22800000000000004
0.259
0.333
0.281
0.308
0.275
0.24100000000000002
0.30100000000000005
0.231
0.172
0.322
0.30700000000000005
0.321
0.24100000000000002
0.282
0.311
0.329
0.292
0.34500000000000003
0.265
0.29300000000000004
0.322
0.196
0.27999999999999997
0.23900000000000002
0.223
0.177
0.273
0.35
0.268
0.308
0.213
0.124
0.11499999999999999
0.11200000000000002
0.22599999999999998
0.194
0.202
0.434
0.496
0.39
0.25
0.271
0.118
0.154
0.151
