pet
0.3373913043478261
0.31826086956521743
0.4156521739130435
0.34347826086956523
0.21913043478260869
0.31565217391304345
0.3126086956521739
0.2643478260869565
0.22478260869565217
0.3565217391304348
0.41739130434782606
0.4026086956521739
0.32608695652173914
0.3634782608695652
0.21695652173913044
0.26173913043478264
0.32782608695652177
0.32130434782608697
0.35000000000000003
0.24695652173913044
0.3660869565217391
0.35782608695652174
0.3247826086956522
0.46391304347826084
0.33
0.35695652173913045
0.34652173913043477
0.3269565217391305
0.3134782608695652
0.34347826086956523
0.4504347826086956
0.3830434782608696
0.3917391304347826
0.27695652173913043
0.3817391304347826
0.44217391304347825
0.42
0.5721739130434783
0.4878260869565217
0.4056521739130435
0.4978260869565217
0.43043478260869567
0.41739130434782606
0.5547826086956522
0.5221739130434783
0.4673913043478261
0.4904347826086956
0.3734782608695652
0.45217391304347826
0.5395652173913044
0.44956521739130434
0.4860869565217391
0.5708695652173913
0.5691304347826087
0.5843478260869565
0.5526086956521739
0.5791304347826087
0.6173913043478261
0.6791304347826087
0.6743478260869565
0.7156521739130435
0.8182608695652174
0.7556521739130434
0.7065217391304348
0.7417391304347826
0.697391304347826
0.75
0.8217391304347825
0.6604347826086956
0.741304347826087
0.9060869565217391
0.79
0.8365217391304348
0.8782608695652173
0.8673913043478261
0.9756521739130435
0.9391304347826087
0.93
0.9686956521739131
1.0339130434782609
1.142608695652174
1.128695652173913
1.1300000000000001
1.2591304347826087
1.1534782608695653
1.2182608695652173
1.2578260869565216
1.2447826086956522
1.2334782608695654
1.113913043478261
1.1054545454545455
1.1354545454545455
1.288181818181818
1.3722727272727273
1.3522727272727273
1.4277272727272727
1.445
1.3
1.5177272727272728
1.43
1.440909090909091
1.528181818181818
1.6159090909090907
1.8863636363636365
1.7895454545454543
1.8159090909090911
1.755909090909091
1.6236363636363635
1.6786363636363637
1.7931818181818182
1.7304545454545455
1.8372727272727274
1.9163636363636363
2.022727272727273
1.954090909090909
1.9963636363636363
2.149090909090909
1.9622727272727274
1.8327272727272728
1.810909090909091
2.016363636363636
2.135
2.1563636363636363
2.2395454545454543
2.208181818181818
2.225
2.1563636363636363
2.223181818181818
2.1586363636363637
2.067727272727273
2.2495454545454545
2.255
2.385909090909091
2.7022727272727276
2.590909090909091
2.68
2.539090909090909
2.515909090909091
2.6895454545454545
2.608636363636364
2.4536363636363636
2.6313636363636363
2.403636363636364
2.7077272727272725
2.4886363636363638
2.584090909090909
2.685909090909091
2.680454545454545
2.514090909090909
2.550909090909091
2.6886363636363635
2.6963636363636363
2.5081818181818183
2.669090909090909
2.8286363636363636
2.437272727272727
2.46
2.62
2.602272727272727
2.5731818181818182
2.5954545454545457
2.429090909090909
2.6468181818181815
2.6963636363636363
2.7963636363636364
2.9104545454545456
2.7427272727272727
2.6263636363636365
2.559090909090909
2.7263636363636365
3.0672727272727274
2.7745454545454544
2.9713636363636367
2.6609090909090907
2.6045454545454545
2.5768181818181817
2.700909090909091
2.7186363636363637
2.640909090909091
2.834090909090909
2.805
2.7463636363636366
2.850909090909091
3.3009090909090912
2.9322727272727276
2.9600000000000004
3.2563636363636363
3.084090909090909
2.7604545454545457
2.7540909090909094
2.5218181818181815
2.813181818181818
2.744090909090909
2.7145454545454544
2.5518181818181818
2.6645454545454546
2.769090909090909
2.7586363636363633
2.708636363636364
2.583181818181818
2.6722727272727274
2.648181818181818
2.555454545454545
2.5954545454545457
2.4959090909090906
2.829090909090909
2.6754545454545453
2.701363636363636
2.555
2.819090909090909
2.5304545454545457
2.3045454545454547
2.6063636363636364
2.5377272727272726
2.4881818181818183
2.4436363636363634
2.375
2.2886363636363636
2.126818181818182
2.205454545454545
2.2281818181818185
2.3663636363636367
2.199090909090909
2.3154545454545454
2.262272727272727
2.0504545454545453
2.3213636363636363
2.4909090909090907
2.377727272727273
2.053181818181818
2.0949999999999998
2.315909090909091
2.1218181818181816
2.169090909090909
2.023181818181818
2.1368181818181817
1.950909090909091
2.1
2.1054545454545455
1.9318181818181819
1.839090909090909
1.9318181818181819
1.8095454545454546
1.7395454545454543
1.845909090909091
1.7995454545454543
1.7909090909090908
1.8254545454545457
1.8059090909090907
1.6204545454545454
1.6881818181818182
1.6895454545454547
1.6213636363636363
1.575
1.5672727272727272
1.5586363636363636
1.4368181818181818
1.3513636363636363
1.3527272727272726
1.305
1.2954545454545454
1.375909090909091
1.3677272727272727
1.21
1.2540909090909091
1.1245454545454545
1.2395454545454545
1.0563636363636364
0.9622727272727274
0.9622727272727274
0.9868181818181818
1.0540909090909092
0.9536363636363636
1.1
0.9965217391304348
0.966086956521739
0.9352173913043479
0.8995652173913044
0.9608695652173914
0.9843478260869566
0.9578260869565218
0.7256521739130435
0.7791304347826088
0.8604347826086957
0.7573913043478262
0.681304347826087
0.7230434782608696
0.5430434782608696
0.6395652173913043
0.7956521739130435
0.6782608695652174
0.6934782608695652
0.6430434782608695
0.6408695652173914
0.6743478260869565
0.62
0.5795652173913044
0.5421739130434783
0.45956521739130435
0.4947826086956522
0.4904347826086956
0.5843478260869565
0.4073913043478261
0.44826086956521743
0.4069565217391304
0.3713043478260869
0.4826086956521739
0.4773913043478261
0.4621739130434782
0.4556521739130435
0.3482608695652174
0.41391304347826086
0.5517391304347826
0.45521739130434785
0.41956521739130437
0.42608695652173917
0.5543478260869565
0.3373913043478261
0.4543478260869565
0.2852173913043478
0.41521739130434776
0.3282608695652174
0.4191304347826087
0.33260869565217394
0.27956521739130435
0.46391304347826084
0.23565217391304347
0.4543478260869565
0.3726086956521739
0.2995652173913043
0.2504347826086956
0.2778260869565217
0.30913043478260865
0.17217391304347826
0.21347826086956523
0.2465217391304348
0.27434782608695657
0.3034782608695652
0.1860869565217391
0.2956521739130435
0.31173913043478263
0.20304347826086958
0.2343478260869565
0.23391304347826086
0.3160869565217391
0.3060869565217391
0.27260869565217394
0.2308695652173913
0.2343478260869565
0.26608695652173914
0.3417391304347826
0.3491304347826087
0.2760869565217391
0.2917391304347826
0.20782608695652174
0.22173913043478263
0.2817391304347826
0.21130434782608698
0.2639130434782609
0.18695652173913044
0.28608695652173916
0.24391304347826087
0.26652173913043475
0.37173913043478257
0.21869565217391304
