temperature
5.256666666666667
4.526190476190476
4.293333333333333
4.356190476190476
5.04047619047619
4.978571428571429
5.067142857142857
5.388571428571429
4.916190476190477
5.06047619047619
5.096666666666667
5.456666666666667
5.985714285714286
5.009047619047619
5.8500000000000005
5.2542857142857144
5.274285714285715
5.296190476190477
5.788571428571428
5.187619047619047
4.832857142857143
4.5738095238095235
4.539047619047619
4.1119047619047615
4.236190476190476
4.012857142857143
3.79
4.24952380952381
4.494761904761905
4.043333333333333
4.188571428571429
4.224285714285714
4.116190476190476
4.218571428571429
5.558571428571429
5.483809523809524
5.4090476190476195
4.659523809523809
4.404761904761905
4.185714285714286
4.878095238095238
5.342380952380952
5.8776190476190475
5.102380952380953
4.596666666666667
5.00047619047619
5.201904761904761
4.9904761904761905
5.048095238095238
4.888571428571429
4.532380952380953
5.020952380952381
5.109047619047619
5.509047619047619
5.970952380952381
5.751904761904761
5.673809523809524
5.394761904761905
5.234761904761904
5.307619047619047
4.7890476190476186
4.706666666666667
4.827142857142857
4.813809523809524
5.511428571428572
6.325714285714286
6.520952380952381
6.61047619047619
6.416666666666667
6.408571428571429
6.259523809523809
5.876190476190476
5.929047619047619
7.058095238095238
7.409523809523809
7.522380952380952
6.957142857142857
6.125238095238095
6.308571428571428
6.483809523809524
6.797142857142857
6.8638095238095245
7.053333333333334
7.206190476190477
7.14047619047619
6.982857142857142
6.953333333333334
7.5042857142857144
7.934285714285714
8.44095238095238
8.665238095238095
8.971428571428572
8.555238095238096
8.214761904761904
7.9314285714285715
8.55952380952381
7.405714285714287
7.447142857142857
7.823333333333333
8.58
8.192857142857143
7.929047619047618
7.91952380952381
8.520476190476192
8.74095238095238
8.704761904761906
8.945714285714287
8.600476190476192
8.019047619047619
8.587142857142858
9.59
10.336190476190476
10.456666666666667
10.657142857142857
10.953809523809523
10.388095238095238
10.43
10.529523809523809
10.335714285714285
10.383809523809523
10.791428571428572
10.859545454545454
10.816818181818181
10.513636363636364
10.851818181818182
11.155909090909091
11.456363636363635
11.404545454545454
11.448636363636364
11.944545454545453
11.917272727272728
11.50909090909091
11.421363636363637
11.428181818181818
11.574545454545454
12.043181818181818
11.735909090909091
11.72090909090909
12.02409090909091
12.35
12.162272727272727
12.231363636363636
12.662272727272727
12.905454545454546
13.034545454545453
12.892727272727273
12.67727272727273
12.735909090909091
12.865909090909092
13.298636363636364
13.656818181818181
13.677727272727275
14.386363636363637
13.895
13.471363636363636
13.842727272727274
14.053636363636365
14.372272727272728
14.127272727272727
14.27727272727273
14.254090909090907
14.085909090909091
14.356818181818182
14.47909090909091
14.805909090909092
14.62
15.120909090909093
15.505454545454546
15.640454545454544
15.758636363636363
15.682727272727272
15.218636363636364
15.010909090909092
15.332727272727272
15.575
15.659999999999998
15.826818181818181
16.056818181818183
16.173636363636362
16.50409090909091
16.209545454545456
16.477272727272727
16.46909090909091
16.474545454545453
16.509545454545453
16.151818181818182
16.225454545454543
16.259545454545453
16.197727272727274
16.563636363636363
16.672272727272727
16.825
16.57318181818182
16.515454545454546
16.96318181818182
17.293181818181818
17.349999999999998
16.923181818181817
17.133636363636363
17.703181818181818
17.565454545454546
17.457272727272727
17.169545454545457
17.50318181818182
17.852272727272727
17.805454545454545
17.63181818181818
18.06863636363636
18.095
18.03
17.622272727272726
17.61818181818182
18.060454545454544
17.792272727272728
17.757272727272728
17.62909090909091
18.056818181818183
18.13590909090909
17.93409090909091
17.605
17.73909090909091
17.700909090909093
17.99772727272727
17.490454545454543
17.112272727272728
16.888636363636365
17.356363636363636
17.023636363636363
17.067272727272726
17.37727272727273
17.431818181818183
17.253636363636364
17.12181818181818
17.137727272727272
17.002727272727274
16.331363636363637
16.426363636363636
16.736363636363635
16.008636363636363
15.371363636363638
15.38
15.621818181818183
15.93909090909091
15.414090909090909
15.647272727272728
15.954545454545455
15.878636363636362
15.884999999999998
15.927272727272726
15.546363636363635
15.388636363636364
15.278636363636364
15.352272727272727
15.58090909090909
15.39590909090909
14.23
14.114545454545453
13.907727272727271
13.952272727272726
13.473636363636365
13.981818181818182
14.32318181818182
14.290454545454544
14.19590909090909
13.975909090909092
13.855
13.72181818181818
13.227727272727272
13.434545454545455
13.858636363636363
13.879545454545456
13.832272727272727
14.133181818181818
14.293809523809525
13.317619047619049
12.89095238095238
12.214761904761904
11.798095238095238
12.484285714285715
11.674761904761905
12.69857142857143
13.006666666666666
12.842857142857142
12.502380952380953
11.874285714285715
11.83047619047619
11.591904761904763
11.488571428571428
11.386190476190475
11.321904761904761
10.208571428571428
10.720476190476191
10.427142857142858
11.271904761904763
11.298095238095238
11.207142857142857
11.280952380952382
11.195238095238095
11.139047619047618
11.124761904761906
10.555238095238096
10.32
10.615714285714287
10.515714285714287
9.82095238095238
9.537142857142857
9.83
8.907142857142858
8.997142857142856
8.888571428571428
8.765714285714287
9.108571428571429
8.293809523809523
8.34
8.92
8.642857142857142
8.442380952380953
7.826190476190476
7.5285714285714285
7.066190476190475
7.0423809523809515
7.215238095238096
7.0980952380952385
7.041904761904762
6.862857142857143
7.21
6.720952380952381
6.951904761904762
7.01095238095238
7.167142857142856
7.166666666666667
7.23904761904762
7.11047619047619
6.593809523809524
6.476190476190476
6.048095238095239
5.755714285714286
5.82952380952381
5.615238095238095
5.293333333333333
5.455238095238095
5.458095238095238
5.233809523809524
4.813809523809524
5.369047619047619
5.445238095238095
5.537142857142857
4.787142857142857
4.677619047619048
4.398571428571429
3.9595238095238097
4.4090476190476195
4.0219047619047625
3.566190476190476
4.819047619047619
4.993809523809524
5.663333333333334
6.329047619047619
5.404285714285714
4.791428571428572
4.621904761904762
4.064761904761904
3.8633333333333333
4.498571428571428
4.689047619047619
