temperature
4.035454545454545
4.165
4.13909090909091
4.425000000000001
4.760454545454546
4.727727272727273
3.4663636363636368
3.774090909090909
4.112272727272727
3.7886363636363636
3.6345454545454543
2.9477272727272723
2.477272727272727
2.515909090909091
3.494545454545454
3.5795454545454546
2.909090909090909
2.4881818181818183
3.286818181818182
3.6486363636363635
4.321363636363636
4.421363636363636
4.365
4.2295454545454545
4.031818181818182
3.7245454545454546
3.5600000000000005
3.675
3.7709090909090905
3.5572727272727276
3.459090909090909
3.816818181818182
3.7986363636363634
4.069090909090909
4.065454545454545
4.461363636363636
4.735454545454545
4.630909090909091
4.197272727272727
3.636818181818182
3.092727272727273
2.8390909090909093
3.019545454545455
2.701363636363636
1.9122727272727273
1.8745454545454547
2.090909090909091
2.705909090909091
2.8527272727272726
2.9959090909090906
2.8227272727272723
3.305909090909091
3.8
4.04
4.04090909090909
3.2040909090909087
3.8686363636363637
4.27590909090909
4.502727272727273
4.802272727272728
5.002727272727273
5.2295454545454545
5.071818181818181
5.373636363636364
5.498636363636364
6.119545454545454
5.819999999999999
5.446363636363636
5.881363636363636
6.040909090909091
5.694999999999999
5.871363636363636
5.911818181818182
5.869999999999999
5.183636363636364
5.649545454545454
5.674090909090909
5.802727272727273
5.448181818181818
5.656818181818182
5.868636363636364
5.935454545454546
6.02
6.484545454545454
5.933636363636364
6.297727272727273
6.225454545454546
6.257727272727272
6.595
6.390909090909091
7.088181818181818
6.660000000000001
5.734761904761904
5.714285714285714
5.945714285714286
6.07
6.506666666666666
6.490476190476191
6.618095238095238
6.897142857142858
7.331428571428572
7.907142857142857
7.548571428571429
7.687619047619047
7.949523809523809
8.476190476190476
8.002380952380953
7.715714285714286
8.436666666666667
8.42095238095238
8.273809523809524
8.95
8.788095238095238
8.285238095238096
8.39809523809524
8.361428571428572
8.522857142857143
8.278571428571428
8.636190476190476
8.82095238095238
9.187142857142858
8.68047619047619
9.022857142857143
9.134285714285713
9.269047619047619
9.627142857142857
9.82904761904762
10.483809523809523
10.097142857142856
10.039523809523809
10.661904761904761
10.457142857142857
11.054761904761905
11.087619047619048
11.177619047619046
11.228095238095237
11.49952380952381
11.49047619047619
11.497619047619047
12.097619047619046
11.925238095238095
11.713333333333333
12.19095238095238
12.482380952380952
12.508095238095239
12.494761904761905
12.42
11.870000000000001
12.173333333333332
12.152380952380952
12.312380952380952
12.844285714285714
12.78
13.106666666666667
12.940000000000001
13.049047619047618
13.064285714285713
13.032857142857143
13.38952380952381
13.78761904761905
13.566666666666666
13.58
13.553809523809523
13.600952380952382
13.89
13.77142857142857
14.15952380952381
14.207619047619048
13.703809523809522
14.430476190476192
14.514761904761905
14.561428571428573
14.445238095238096
14.22857142857143
14.221904761904764
14.574761904761905
15.03095238095238
14.924761904761905
14.88
15.244761904761905
15.449047619047619
15.346666666666666
15.281904761904762
15.49904761904762
16.07904761904762
16.587619047619047
16.407619047619047
16.38047619047619
16.648095238095237
16.17047619047619
16.065714285714286
16.20285714285714
15.904285714285715
16.58238095238095
16.301904761904762
16.458571428571428
16.182380952380953
15.792857142857141
15.594761904761905
15.738571428571428
16.275714285714287
15.826666666666668
15.917619047619047
15.979999999999999
15.63904761904762
15.850476190476192
16.306666666666665
16.510952380952382
16.827142857142857
16.969047619047622
16.88142857142857
16.565238095238094
16.08238095238095
16.25
16.642380952380954
16.105714285714285
16.120476190476193
15.97
15.561904761904762
15.996190476190478
16.28857142857143
16.10142857142857
16.16952380952381
16.293333333333333
16.181428571428572
16.64
17.00095238095238
16.25857142857143
15.831904761904761
15.654285714285715
16.03333333333333
16.514761904761905
16.203333333333333
16.133333333333333
14.868571428571428
15.209047619047618
15.357619047619048
15.485714285714286
15.019523809523811
15.304285714285713
15.266190476190475
15.400476190476192
14.55904761904762
15.014761904761905
14.776666666666667
14.539047619047619
14.097142857142858
14.218095238095238
14.071428571428571
14.236666666666668
14.537142857142856
14.465238095238094
14.326190476190478
13.757619047619048
13.823333333333334
13.344761904761905
12.882857142857144
13.136666666666667
13.472857142857142
13.626190476190475
13.37
13.054285714285713
12.966190476190476
13.076190476190478
12.562380952380952
12.766666666666667
12.55857142857143
12.496666666666666
12.203809523809525
12.34047619047619
12.540952380952382
12.298095238095238
12.109523809523811
11.856190476190475
11.516818181818183
11.562272727272727
11.685
11.396363636363636
11.379999999999999
11.274090909090908
10.729090909090909
11.47409090909091
11.398636363636363
10.470454545454546
10.503181818181817
10.223181818181818
9.602272727272727
9.731363636363637
9.087272727272728
8.864545454545455
9.352727272727272
9.635454545454545
9.482727272727272
8.900454545454545
8.610454545454546
8.63090909090909
8.970454545454546
8.941363636363636
9.241818181818182
9.249090909090908
8.743181818181817
8.086363636363636
8.464545454545455
8.911363636363637
8.698636363636364
8.55909090909091
8.211363636363636
7.543181818181818
7.381818181818182
6.949090909090909
7.822727272727272
8.376363636363637
7.867727272727273
7.758181818181819
7.8131818181818184
6.725
6.135454545454545
5.785
5.9372727272727275
5.788636363636363
5.6445454545454545
6.294090909090909
6.21409090909091
5.163181818181818
4.833181818181818
5.276818181818182
5.695
5.697727272727272
5.652727272727272
4.876363636363636
4.409545454545455
4.1022727272727275
3.983181818181818
4.221818181818182
4.927272727272728
5.251363636363636
5.627272727272727
5.645
5.447727272727272
5.005454545454546
5.215909090909091
4.533636363636363
4.208181818181818
3.757727272727273
3.9045454545454548
3.9227272727272724
3.9959090909090906
4.553636363636364
5.082272727272727
4.635454545454546
4.787727272727273
4.522272727272727
4.385
4.427272727272728
5.204999999999999
4.653636363636363
5.009545454545454
5.17
4.997272727272727
4.867272727272727
4.977727272727273
5.037272727272728
5.21
4.1899999999999995
3.896818181818182
