temperature
4.760454545454546
4.142727272727273
4.001363636363636
3.9868181818181814
4.867272727272727
4.467272727272728
4.635909090909091
4.918636363636364
4.570909090909091
4.967727272727273
5.004090909090909
5.5645454545454545
5.777727272727272
4.806363636363636
5.608636363636363
4.887727272727273
4.815454545454545
4.903636363636363
5.365909090909091
4.876818181818182
4.427272727272728
4.298636363636363
4.195454545454545
4.0
4.288181818181818
3.9095454545454547
3.877272727272727
4.088181818181818
4.259545454545454
3.9845454545454544
3.946818181818182
4.126818181818182
3.8468181818181817
4.001363636363636
5.263636363636364
5.213181818181818
5.029545454545455
4.489545454545454
4.017272727272727
3.9904545454545453
4.523181818181818
5.112727272727273
5.570909090909091
4.830909090909091
4.036363636363636
4.545
4.658636363636363
4.59
4.650454545454545
4.549090909090909
4.090454545454545
4.445
4.706818181818182
5.108181818181818
5.403636363636363
5.336818181818182
5.342727272727273
5.237272727272727
4.989090909090909
4.849545454545455
4.408636363636363
4.423181818181818
4.4354545454545455
4.548636363636364
5.27590909090909
6.209090909090909
6.379090909090909
6.3536363636363635
6.26409090909091
6.047272727272727
5.8122727272727275
5.475909090909091
5.712272727272727
6.764545454545455
6.807272727272727
7.053636363636364
6.496818181818182
5.844090909090909
5.880000000000001
6.257272727272727
6.582727272727272
6.794090909090909
6.943181818181818
7.229090909090909
6.883636363636364
6.5231818181818175
6.765454545454546
7.311818181818182
7.659090909090909
7.9818181818181815
8.09
8.12782608695652
7.732173913043479
7.560869565217391
7.471739130434782
8.181304347826087
7.015217391304348
7.067391304347827
7.456521739130435
7.92608695652174
7.640434782608695
7.429130434782609
7.473478260869566
7.968260869565218
8.149565217391304
8.27695652173913
8.469130434782608
8.10086956521739
7.675217391304348
8.238260869565217
9.142173913043479
9.729565217391304
10.135217391304348
10.17086956521739
10.315217391304348
9.992608695652173
10.13391304347826
10.214782608695652
10.019565217391303
10.185217391304347
10.418260869565218
10.46782608695652
10.398260869565217
10.14
10.391304347826088
10.495652173913044
10.788260869565217
10.774782608695652
10.841304347826087
11.30695652173913
11.590434782608694
11.14608695652174
10.890869565217391
10.951304347826087
11.139565217391304
11.461304347826088
11.218695652173915
11.211304347826088
11.487826086956522
11.609130434782609
11.630434782608695
11.750869565217391
12.334782608695651
12.572608695652175
12.422173913043478
12.212608695652174
12.169565217391304
12.14521739130435
12.373913043478263
12.881304347826086
13.180434782608694
13.297391304347824
13.935217391304347
13.54391304347826
13.115652173913045
13.34
13.684347826086958
13.80695652173913
13.709999999999999
14.021739130434783
13.931304347826087
13.694782608695652
13.63
13.769565217391303
14.13
14.07521739130435
14.584782608695651
14.981304347826086
15.024347826086956
15.139999999999999
14.92478260869565
14.354782608695654
14.39608695652174
14.675217391304349
14.757391304347827
15.071739130434782
15.249130434782609
15.450434782608696
15.542173913043477
15.888695652173913
15.758260869565218
15.97086956521739
15.85695652173913
15.946521739130434
15.876956521739132
15.447826086956523
15.446956521739128
15.609130434782609
15.614782608695652
15.841739130434783
16.076521739130435
15.946956521739128
15.886521739130433
15.787391304347826
16.269565217391303
16.504347826086956
16.571739130434782
16.15
16.441739130434783
16.98
16.761304347826087
16.425652173913043
16.28695652173913
16.757391304347827
16.874782608695654
16.906086956521737
16.84
17.177391304347825
17.235652173913046
17.085217391304347
16.760434782608694
16.666086956521738
17.071304347826086
16.94217391304348
16.95695652173913
16.75913043478261
17.178695652173914
17.047391304347826
16.942608695652176
16.723478260869566
16.94173913043478
16.743478260869566
17.097826086956523
16.58913043478261
16.054347826086957
16.092608695652174
16.503478260869564
16.19391304347826
16.22086956521739
16.29826086956522
16.493913043478262
16.54869565217391
16.274782608695652
16.326521739130435
16.01608695652174
15.308260869565219
15.387826086956522
15.738260869565218
15.087391304347825
14.628695652173912
14.645652173913044
14.992173913043478
15.065652173913042
14.701304347826087
14.879130434782608
15.245652173913042
14.957391304347825
14.92304347826087
14.963478260869566
14.752173913043478
14.585652173913042
14.51608695652174
14.62782608695652
14.8
14.374347826086957
13.69391304347826
13.364782608695652
13.082608695652173
13.10695652173913
12.85086956521739
13.272608695652172
13.698260869565217
13.749130434782609
13.59913043478261
13.260434782608696
13.038260869565217
12.874782608695652
12.444347826086958
12.617391304347825
12.867391304347825
13.11608695652174
13.113913043478261
13.394347826086957
13.471363636363636
12.547727272727274
12.236363636363636
11.515
11.262272727272729
11.790454545454544
11.17
12.137272727272727
12.216363636363637
12.063181818181818
11.899090909090908
11.35
11.081818181818182
10.840454545454547
10.760454545454545
10.623636363636363
10.332272727272727
9.626363636363637
9.862272727272726
9.475
10.361363636363636
10.382272727272728
10.354090909090909
10.524545454545454
10.337727272727273
10.423181818181819
10.458636363636364
9.881818181818183
9.637727272727274
10.06590909090909
9.901363636363637
9.102727272727272
8.838636363636363
9.115454545454545
8.488181818181818
8.809545454545455
8.411818181818182
8.190454545454545
8.648181818181818
7.761363636363637
7.930454545454546
8.36
8.02590909090909
8.05181818181818
7.369545454545454
7.006363636363636
6.621363636363637
6.669545454545454
6.765000000000001
6.371363636363636
6.369090909090909
6.163181818181818
6.188181818181818
5.829999999999999
6.379090909090909
6.368181818181818
6.578636363636363
6.533181818181817
6.384545454545455
6.3077272727272735
6.057272727272727
5.905454545454545
5.733636363636363
5.6013636363636365
5.727727272727273
5.401818181818182
5.168181818181818
5.125454545454546
5.147272727272727
4.966363636363636
4.785
4.898181818181818
5.150454545454545
5.254545454545454
4.478181818181818
4.2704545454545455
4.319090909090909
3.9013636363636364
4.274090909090909
4.049545454545455
3.252727272727273
4.428181818181819
4.489090909090908
5.151363636363636
5.6000000000000005
4.621818181818182
4.075
4.0622727272727275
3.6627272727272726
3.677727272727273
4.283181818181818
4.347727272727273
