pet
0.31130434782608696
0.3760869565217391
0.45608695652173914
0.3873913043478261
0.2778260869565217
0.3008695652173913
0.3243478260869565
0.30173913043478257
0.2643478260869565
0.3869565217391305
0.4869565217391304
0.45826086956521733
0.35434782608695653
0.3960869565217391
0.27956521739130435
0.2669565217391304
0.31999999999999995
0.3634782608695652
0.3765217391304348
0.32
0.3852173913043478
0.3847826086956522
0.3373913043478261
0.49086956521739133
0.3717391304347826
0.3421739130434783
0.3756521739130435
0.3530434782608695
0.3456521739130435
0.3682608695652174
0.4665217391304348
0.371304347826087
0.43434782608695655
0.3208695652173913
0.4004347826086957
0.45
0.43782608695652175
0.5604347826086957
0.4991304347826087
0.4121739130434783
0.5117391304347826
0.46217391304347827
0.4443478260869565
0.552608695652174
0.5460869565217391
0.48782608695652174
0.48782608695652174
0.4026086956521739
0.48217391304347823
0.5330434782608695
0.44739130434782604
0.4908695652173913
0.5765217391304348
0.5439130434782609
0.5791304347826087
0.5782608695652174
0.5360869565217391
0.6286956521739131
0.7204347826086956
0.6191304347826087
0.7013043478260869
0.758695652173913
0.7430434782608696
0.6447826086956522
0.7039130434782609
0.6821739130434782
0.6669565217391304
0.7856521739130435
0.6565217391304348
0.73
0.8843478260869565
0.7921739130434782
0.7795652173913044
0.8256521739130435
0.8643478260869565
0.9517391304347826
0.8795652173913043
0.8865217391304349
0.9630434782608696
0.988695652173913
1.072608695652174
1.0282608695652173
1.1117391304347826
1.1517391304347826
1.0978260869565217
1.1669565217391304
1.23
1.1682608695652175
1.19
1.047391304347826
1.0522727272727272
1.0777272727272729
1.2745454545454544
1.3322727272727273
1.3281818181818181
1.3977272727272727
1.4254545454545455
1.3063636363636364
1.4459090909090908
1.3490909090909091
1.3181818181818181
1.4081818181818182
1.552727272727273
1.7454545454545454
1.6868181818181818
1.7118181818181817
1.7372727272727273
1.5286363636363638
1.5372727272727273
1.6745454545454548
1.6736363636363636
1.689090909090909
1.8618181818181818
1.9968181818181818
1.8972727272727274
2.013181818181818
2.1563636363636363
1.87
1.7636363636363634
1.760909090909091
1.9704545454545455
1.9986363636363635
2.0454545454545454
2.1386363636363637
2.15
2.127727272727273
2.0072727272727273
2.0731818181818182
1.9763636363636365
1.915
2.155
2.1313636363636363
2.26
2.5522727272727272
2.419545454545455
2.5445454545454544
2.415909090909091
2.3845454545454547
2.6113636363636363
2.507727272727273
2.3895454545454546
2.481818181818182
2.328181818181818
2.6377272727272727
2.350909090909091
2.4909090909090907
2.596818181818182
2.597272727272727
2.4263636363636363
2.505
2.5300000000000002
2.5522727272727272
2.3663636363636367
2.562727272727273
2.749090909090909
2.315909090909091
2.3572727272727274
2.4395454545454545
2.42
2.4472727272727273
2.442727272727273
2.255909090909091
2.5063636363636363
2.489090909090909
2.639090909090909
2.7354545454545454
2.58
2.5477272727272724
2.408181818181818
2.638181818181818
2.916818181818182
2.6122727272727273
2.777727272727273
2.4986363636363635
2.4595454545454545
2.442727272727273
2.51
2.565909090909091
2.5336363636363637
2.643636363636364
2.5836363636363635
2.4681818181818183
2.7154545454545453
3.016818181818182
2.7254545454545456
2.835909090909091
3.068636363636364
2.872272727272727
2.558181818181818
2.567727272727273
2.3222727272727273
2.596818181818182
2.599090909090909
2.4440909090909093
2.4068181818181817
2.4099999999999997
2.6136363636363638
2.5459090909090913
2.5104545454545457
2.428181818181818
2.561818181818182
2.533181818181818
2.36
2.416818181818182
2.369090909090909
2.5386363636363636
2.505909090909091
2.527727272727273
2.346818181818182
2.58
2.391363636363636
2.103181818181818
2.3740909090909095
2.291818181818182
2.314090909090909
2.1995454545454547
2.205909090909091
2.061818181818182
2.025
2.046818181818182
2.0386363636363636
2.184090909090909
2.0177272727272726
2.1609090909090907
2.0736363636363637
1.8886363636363634
2.039090909090909
2.270909090909091
2.2813636363636363
2.026818181818182
1.9218181818181819
2.069090909090909
1.9595454545454545
2.0427272727272725
1.8818181818181818
2.0318181818181817
1.825909090909091
1.969090909090909
1.9163636363636365
1.795909090909091
1.7077272727272728
1.8068181818181819
1.7149999999999999
1.7086363636363635
1.710909090909091
1.674090909090909
1.5909090909090908
1.6613636363636362
1.6854545454545453
1.424090909090909
1.5840909090909092
1.5431818181818182
1.492727272727273
1.494090909090909
1.4713636363636362
1.4827272727272727
1.36
1.3086363636363636
1.2304545454545455
1.261818181818182
1.2913636363636363
1.3572727272727272
1.27
1.1672727272727272
1.160909090909091
1.0954545454545455
1.220909090909091
1.0668181818181817
0.9172727272727272
0.8990909090909092
0.9409090909090909
1.0636363636363637
0.9463636363636364
1.0982608695652174
0.9578260869565218
0.9873913043478261
0.9343478260869564
0.9217391304347826
0.9617391304347827
1.0143478260869565
0.9639130434782608
0.711304347826087
0.8099999999999999
0.8569565217391305
0.7847826086956522
0.7030434782608697
0.7626086956521739
0.55
0.6778260869565217
0.8434782608695651
0.6773913043478261
0.7152173913043478
0.6891304347826087
0.68
0.6969565217391305
0.672608695652174
0.5417391304347826
0.5473913043478261
0.5056521739130434
0.5439130434782609
0.5126086956521739
0.6556521739130435
0.43043478260869567
0.5221739130434783
0.46260869565217394
0.4869565217391304
0.5126086956521739
0.5230434782608696
0.5156521739130434
0.528695652173913
0.3882608695652174
0.4895652173913043
0.5852173913043478
0.46695652173913044
0.4956521739130435
0.4808695652173913
0.6026086956521739
0.3839130434782609
0.4608695652173913
0.34043478260869564
0.43086956521739134
0.3665217391304348
0.4730434782608696
0.3952173913043478
0.29695652173913045
0.4904347826086957
0.2652173913043478
0.48869565217391303
0.35130434782608694
0.35130434782608694
0.27043478260869563
0.35782608695652174
0.3852173913043478
0.23086956521739133
0.2604347826086957
0.2539130434782609
0.2960869565217391
0.3843478260869565
0.22434782608695653
0.35043478260869565
0.3408695652173913
0.2308695652173913
0.2608695652173913
0.26956521739130435
0.3665217391304348
0.2995652173913043
0.32956521739130434
0.27043478260869563
0.2591304347826087
0.3269565217391305
0.392608695652174
0.40739130434782606
0.3317391304347826
0.3021739130434783
0.22391304347826088
0.26217391304347826
0.29434782608695653
0.25
0.3073913043478261
0.1791304347826087
0.31521739130434784
0.2839130434782609
0.28043478260869564
0.4221739130434783
0.2591304347826087
