temperature
3.501304347826087
3.5908695652173916
3.1982608695652175
3.4095652173913042
3.9143478260869564
3.753913043478261
3.0982608695652174
3.4669565217391303
3.652608695652174
3.247826086956522
2.969130434782609
2.4217391304347826
2.0604347826086955
2.4969565217391305
3.005652173913043
3.1247826086956523
2.4134782608695655
2.3617391304347826
2.955217391304348
3.1495652173913045
3.6656521739130437
3.5852173913043477
3.3791304347826085
3.4843478260869567
3.3378260869565217
2.964782608695652
2.824347826086956
2.756086956521739
2.8791304347826085
2.418695652173913
2.37
2.58
3.321739130434783
3.5817391304347823
3.5439130434782613
3.5230434782608695
3.7034782608695656
3.654347826086956
3.363913043478261
2.9726086956521742
2.588695652173913
2.1713043478260867
2.4439130434782608
2.3182608695652176
1.927391304347826
1.6004347826086958
1.6352173913043477
2.0252173913043476
2.1430434782608696
2.3469565217391306
2.347826086956522
2.8382608695652176
3.1852173913043482
3.3773913043478263
3.3395652173913044
2.7704347826086955
3.12
3.3660869565217393
3.3895652173913042
3.57695652173913
3.864782608695652
3.667826086956522
3.630434782608696
3.813478260869565
4.456521739130435
4.589565217391304
4.422173913043478
4.210434782608695
4.474347826086956
4.642608695652174
4.5373913043478264
4.627391304347825
4.240434782608696
4.328260869565217
4.074782608695652
4.42
4.425217391304348
4.254347826086956
4.150869565217391
4.268260869565218
4.281739130434783
4.366521739130435
4.529565217391304
4.923478260869565
4.696086956521739
4.876956521739131
4.763913043478261
4.81695652173913
5.372173913043478
5.301304347826087
5.579090909090909
5.141363636363637
4.448636363636364
4.675909090909091
5.0
5.109545454545454
5.237272727272727
4.942727272727272
5.13909090909091
5.446363636363636
5.778636363636363
6.3968181818181815
6.253636363636363
6.382272727272727
6.547727272727273
6.90090909090909
6.517272727272727
6.486363636363635
6.943181818181818
6.696363636363636
7.0672727272727265
7.315454545454545
7.207727272727272
6.902727272727273
6.963636363636363
6.822272727272727
6.868636363636364
6.622727272727272
6.909090909090909
7.082272727272727
7.130000000000001
7.129999999999999
7.493181818181818
7.823181818181817
7.972727272727273
8.15409090909091
8.217272727272727
8.606818181818182
7.947727272727272
8.067727272727273
8.81
8.72
9.196363636363635
9.348181818181818
9.315454545454545
9.192272727272726
9.378636363636362
9.747272727272728
9.58090909090909
10.209545454545454
10.123181818181818
9.91909090909091
10.231363636363637
10.568181818181818
10.589545454545455
10.443181818181818
10.537727272727272
10.096363636363636
10.302727272727273
10.291363636363636
10.424545454545454
10.724545454545455
10.761363636363637
11.056363636363637
11.094545454545456
10.86
10.696818181818182
10.907272727272728
11.084090909090909
11.393636363636363
11.125454545454545
11.155454545454546
11.450909090909091
11.084545454545456
11.19909090909091
11.465909090909092
11.929545454545455
11.826363636363636
11.739090909090908
12.329545454545455
12.45909090909091
12.241818181818182
12.247272727272728
12.289545454545454
11.922272727272729
12.44090909090909
12.501363636363635
12.378636363636362
12.344090909090909
12.614090909090908
12.978636363636362
12.922272727272729
12.887727272727274
13.493636363636364
13.818636363636363
14.255454545454546
14.07181818181818
14.20409090909091
14.411818181818182
13.983181818181817
13.97272727272727
14.22181818181818
14.185454545454546
14.258636363636363
13.910454545454543
13.988636363636363
13.866818181818182
13.475909090909092
13.342727272727274
13.686363636363637
14.084545454545456
14.006818181818181
13.882272727272728
13.746363636363638
13.754545454545456
14.146363636363638
14.30409090909091
14.402727272727274
14.357272727272727
14.557272727272727
14.393181818181818
13.73090909090909
13.493181818181819
13.957272727272727
14.11909090909091
13.646818181818183
13.846363636363636
13.731363636363636
13.478636363636362
13.511363636363637
13.997727272727273
13.43909090909091
13.66590909090909
13.92681818181818
13.941363636363635
13.962727272727273
14.242727272727272
13.70318181818182
13.406363636363636
13.413636363636364
13.668636363636363
13.958181818181817
14.009999999999998
14.231363636363636
13.518636363636364
13.766818181818183
13.812272727272727
13.695454545454545
13.353636363636365
13.361818181818181
13.551363636363636
13.20590909090909
12.867272727272727
13.19681818181818
12.862727272727273
12.827727272727271
12.599545454545455
12.52090909090909
12.366818181818182
12.329545454545455
12.810909090909092
12.297272727272729
11.948636363636364
11.710909090909091
11.783181818181818
11.387272727272729
11.33
11.545454545454545
11.745
11.743181818181819
11.51590909090909
10.970454545454546
11.27
11.174545454545454
10.921363636363635
11.424090909090909
11.120909090909091
10.645909090909091
10.409545454545453
10.368636363636364
10.928636363636365
10.897272727272728
10.623636363636363
10.564347826086957
10.355217391304349
10.379130434782608
10.52695652173913
10.006086956521738
9.999565217391305
10.000869565217391
9.595652173913043
10.017826086956521
9.79782608695652
9.205652173913043
9.336521739130434
8.741739130434782
8.675652173913043
8.55304347826087
8.47913043478261
8.105217391304347
8.331304347826087
8.53608695652174
8.318260869565217
7.843478260869565
7.84695652173913
8.056086956521739
8.175652173913043
8.16304347826087
8.237391304347826
7.892608695652174
7.861739130434782
7.515217391304348
7.842173913043479
8.02695652173913
7.5782608695652165
7.729565217391304
7.311304347826087
7.083043478260869
6.549130434782609
6.167826086956523
6.860434782608695
7.068695652173914
6.7495652173913046
6.812173913043479
6.7556521739130435
5.963913043478262
5.31391304347826
5.078260869565217
5.312608695652174
5.1673913043478255
5.1378260869565215
5.6204347826086964
5.197826086956522
4.4460869565217385
4.417826086956522
4.857826086956522
5.306521739130434
5.329130434782608
5.187391304347826
4.647391304347826
4.293913043478261
4.220434782608696
3.8704347826086956
4.048260869565217
4.284782608695652
4.475652173913043
4.668260869565217
4.791304347826087
4.69391304347826
4.452608695652174
4.199565217391305
3.5847826086956522
3.2930434782608695
3.369130434782609
3.6660869565217387
3.8682608695652174
3.9778260869565214
4.348260869565218
4.760434782608696
4.4656521739130435
4.078695652173913
3.8282608695652174
3.9969565217391305
4.069565217391304
4.56695652173913
3.758260869565217
4.259130434782608
4.340434782608695
4.386086956521739
4.490869565217392
4.107391304347826
4.103478260869565
3.9669565217391303
3.573913043478261
3.5147826086956524
