temperature
3.592608695652174
3.6686956521739127
3.359565217391304
3.606086956521739
3.7269565217391305
4.3621739130434785
3.251304347826087
3.707826086956522
4.140434782608696
4.164782608695652
3.7747826086956526
2.867826086956522
2.800869565217391
2.9421739130434785
3.4417391304347826
3.6795652173913043
3.107391304347826
2.435217391304348
3.0895652173913044
3.3147826086956527
3.8704347826086956
4.17304347826087
4.3191304347826085
4.052173913043478
3.59
3.5852173913043477
3.252608695652174
3.388260869565217
3.4356521739130432
3.096086956521739
3.0173913043478264
3.243478260869565
3.385652173913044
3.72
3.781304347826087
4.329130434782608
4.725217391304348
4.44
4.066521739130435
3.606521739130435
2.965652173913043
2.784347826086957
3.0939130434782607
2.7430434782608697
2.115217391304348
1.98
2.0643478260869563
2.6
2.8839130434782607
2.9586956521739127
2.949130434782609
3.5573913043478256
4.01304347826087
4.112608695652174
4.119130434782608
3.4134782608695655
3.7769565217391308
3.7804347826086957
4.024782608695652
4.571739130434783
4.810434782608696
4.899130434782609
4.68304347826087
4.909130434782608
5.026521739130435
5.554782608695652
5.608260869565218
5.541739130434783
5.8713043478260865
6.265652173913044
5.828695652173913
5.81391304347826
5.671739130434782
5.703913043478261
5.390434782608696
6.100434782608696
6.247391304347826
6.312173913043479
6.062608695652174
6.187391304347826
6.165652173913044
5.826521739130435
6.328695652173913
6.663913043478261
6.208695652173914
6.639130434782608
6.193043478260869
6.168260869565217
6.371739130434783
6.401739130434783
7.576363636363637
7.489090909090908
6.326363636363637
5.948181818181817
5.957727272727272
6.133636363636364
6.791363636363636
6.666818181818181
6.58590909090909
7.155
7.479545454545455
7.875454545454545
7.53590909090909
7.703636363636363
8.107272727272727
8.312727272727273
7.678181818181818
7.721363636363637
8.409090909090908
8.444090909090908
8.237272727272726
9.131363636363636
8.604090909090909
7.916363636363636
8.020909090909091
7.932272727272727
7.92409090909091
8.094090909090909
8.363636363636363
8.775
9.185454545454546
9.013636363636364
9.235454545454546
9.224545454545455
9.571818181818182
9.927727272727273
10.103636363636364
11.032727272727273
10.650454545454545
10.572727272727272
10.585
10.639090909090909
11.486363636363636
11.046818181818182
11.496363636363638
11.44090909090909
11.292727272727273
11.209090909090909
11.768636363636364
12.299090909090909
12.021818181818183
11.807272727272727
12.194090909090908
12.10590909090909
12.308181818181817
12.559545454545455
12.311818181818182
12.006818181818181
12.159545454545453
12.388636363636364
12.691818181818183
13.264090909090909
13.149090909090908
13.284545454545453
13.168181818181818
13.090454545454547
13.288636363636364
13.282727272727271
13.435454545454546
13.562727272727273
13.435454545454546
13.534090909090908
13.58090909090909
13.984090909090908
14.418636363636363
13.945454545454545
14.041818181818183
14.262272727272727
13.710909090909091
14.485909090909091
14.578636363636365
14.490454545454547
14.610454545454546
14.442727272727273
14.639090909090909
14.943181818181818
15.34590909090909
15.106363636363637
15.07090909090909
15.262727272727272
15.609090909090908
15.775
15.95318181818182
15.447272727272725
15.893636363636364
16.87681818181818
16.975454545454543
16.896818181818183
17.17818181818182
16.878636363636364
16.653181818181817
16.947272727272725
16.23318181818182
16.74318181818182
16.90772727272727
17.03090909090909
16.42818181818182
16.363636363636363
16.337727272727275
16.288636363636364
16.974545454545453
16.42590909090909
16.449545454545454
16.542272727272728
16.098181818181818
16.38818181818182
16.953181818181818
16.941363636363636
17.26772727272727
17.48909090909091
17.62
17.642272727272726
17.072272727272725
16.899090909090912
17.15590909090909
17.177272727272726
16.828636363636363
16.810454545454544
16.319090909090907
16.907272727272726
17.048636363636362
17.018181818181816
16.754545454545454
16.723181818181818
16.948636363636364
17.75590909090909
17.943181818181817
17.14090909090909
16.50227272727273
16.495
16.717272727272725
16.92
16.927272727272726
16.650909090909092
15.62590909090909
15.757727272727273
15.911363636363637
16.135
15.478636363636362
15.964545454545457
16.298636363636362
15.994545454545454
15.14318181818182
15.773181818181818
15.538181818181817
15.410454545454543
15.060454545454546
15.014545454545454
14.671363636363635
14.805
14.98090909090909
14.966363636363637
14.94090909090909
14.296818181818184
14.380454545454546
13.741818181818182
13.325
13.840454545454547
13.877272727272727
14.367727272727274
14.035909090909092
13.57
13.510454545454547
13.681363636363637
13.388181818181819
13.461818181818183
13.114545454545453
12.95590909090909
13.017272727272728
13.022727272727273
12.896818181818183
12.994545454545454
13.053636363636365
12.66
12.286521739130434
12.138260869565217
12.286521739130436
12.158695652173913
11.744782608695653
11.359565217391303
11.047391304347826
11.802173913043477
11.88
11.328695652173913
11.159130434782607
11.118695652173912
10.028260869565218
10.320869565217391
9.772608695652174
9.707826086956521
10.134347826086957
10.481739130434784
9.788260869565217
9.164347826086956
9.292173913043479
9.213478260869564
9.75608695652174
9.430434782608696
9.508695652173913
9.666956521739131
9.139565217391304
8.624782608695652
8.737826086956522
9.28695652173913
9.089130434782609
8.94608695652174
8.716521739130433
7.5465217391304344
7.469130434782608
6.932173913043478
7.561739130434783
8.152173913043478
7.763478260869565
7.501304347826087
7.867391304347826
6.577826086956521
6.147391304347827
5.600869565217391
5.852173913043478
6.035217391304348
5.9073913043478266
6.411304347826087
6.21304347826087
5.353478260869565
5.01304347826087
5.460434782608695
6.007826086956522
5.898260869565218
5.819565217391304
5.114347826086957
4.80304347826087
4.397826086956522
3.9613043478260868
4.030869565217392
4.737391304347827
4.9134782608695655
5.374782608695653
5.435652173913043
5.6
4.897826086956522
4.7843478260869565
4.431304347826087
4.174347826086956
3.71304347826087
3.9008695652173913
3.971304347826087
3.957391304347826
4.368260869565217
4.7965217391304344
4.638695652173913
4.586086956521739
4.547391304347826
4.352608695652174
4.641739130434783
5.363043478260869
4.7617391304347825
4.8539130434782605
4.854347826086957
4.970434782608695
4.56
4.813478260869565
4.6869565217391305
4.670434782608695
3.5152173913043483
3.242608695652174
